478966,
479173,
479482,
479760,
480059,
480349,
480719,
481176,
481646,
481996,
482283,
482620,
482848,
483151,
483457,
483808,
484082,
484341,
484630,
484869,
485161,
485495,
485791,
486081,
486440,
486771,
487043,
487360,
487652,
487950,
488182,
488367,
488639,
488841,
489320,
489714,
490099,
490458,
490780,
491099,
491396,
491686,
492016,
492349,
492630,
492909,
493232,
493648,
494046,
494465,
494861,
495219,
495598,
495945,
496253,
496612,
496927,
497339,
497699,
498077,
498455,
498834,
499260,
499682,
500196,
500743,
501373,
501897,
502606,
503310,
503965,
504668,
505336,
505989,
506679,
507255,
507833,
508469,
509044,
509784,
510375,
510982,
511649,
512247,
512843,
513467,
514128,
514716,
515328,
516055,
516663,
517338,
517974,
518619,
519229,
519835,
520446,
521115,
521741,
522370,
522996,
523565,
524317,
524973,
525675,
526471,
527164,
527863,
528506,
529214,
529882,
530639,
531314,
532099,
532862,
533695,
534383,
535092,
535868,
536486,
537270,
538018,
538679,
539362,
540072,
540949,
541728,
542442,
543244,
544048,
544842,
545602,
546442,
547308,
548081,
549007,
549851,
550670,
551371,
552219,
552984,
553733,
554491,
555255,
556130,
557063,
557820,
558697,
559584,
560468,
561445,
562345,
563343,
564187,
565066,
566109,
567056,
567948,
568800,
569667,
570547,
571534,
572433,
573269,
574164,
575102,
576098,
577133,
578100,
578973,
579957,
580993,
583072,
585633,
588206,
590692,
593480,
596146,
598603,
601314,
603833,
606404,
608993,
611403,
614202,
616840,
619747,
622438,
625123,
627936,
630528,
633475,
636232,
639104,
641801,
644753,
647807,
651247,
654430,
657727,
661014,
664121,
667381,
670620,
673761,
677277,
680766,
683914,
687411,
690677,
694053,
697386,
700705,
704265,
707762,
711148,
714824,
718411,
721901,
725465,
729307,
733022,
737005,
740882,
744992,
748989,
752855,
756846,
760609,
764359,
768294,
771938,
775850,
779736,
783723,
787556,
791625,
795723,
799976,
803839,
807708,
811769,
815524,
819488,
823635,
827798,
832154,
836373,
841028,
845310,
849685,
853911,
858223,
862610,
866975,
871147,
875457,
879946,
884333,
888903,
893518,
897972,
902425,
906896,
911489,
916037,
920421,
924858,
929310,
933940,
938565,
943394,
948320,
953327,
958421,
963488,
968322,
973152,
978287,
983178,
988079,
993126,
998216,
1.00329e+06,
1.00836e+06,
1.01358e+06,
1.01878e+06,
1.02402e+06,
1.02921e+06,
1.03442e+06,
1.03955e+06,
1.04465e+06,
1.04982e+06,
1.05508e+06,
1.06055e+06,
1.06585e+06,
1.07132e+06,
1.07684e+06,
1.08252e+06,
1.08823e+06,
1.09381e+06,
1.0995e+06,
1.10531e+06,
1.11086e+06,
1.11654e+06,
1.12225e+06,
1.12815e+06,
1.13367e+06,
1.13955e+06,
1.14514e+06,
1.15093e+06,
1.15656e+06,
1.16239e+06,
1.168e+06,
1.17408e+06,
1.18004e+06,
1.18591e+06,
1.19192e+06,
1.19794e+06,
1.20396e+06,
1.20997e+06,
1.2161e+06,
1.22223e+06,
1.22844e+06,
1.23453e+06,
1.24064e+06,
1.24683e+06,
1.25307e+06,
1.25925e+06,
1.26575e+06,
1.27228e+06,
1.27872e+06,
1.28511e+06,
1.29148e+06,
1.29778e+06,
1.30438e+06,
1.31106e+06,
1.31748e+06,
1.32385e+06,
1.33048e+06,
1.33709e+06,
1.34347e+06,
1.35015e+06,
1.35692e+06,
1.36361e+06,
1.3702e+06,
1.37694e+06,
1.38392e+06,
1.39065e+06,
1.39771e+06,
1.40468e+06,
1.41149e+06,
1.41859e+06,
1.42576e+06,
1.4329e+06,
1.44006e+06,
1.4473e+06,
1.45446e+06,
1.46155e+06,
1.4688e+06,
1.4764e+06,
1.48347e+06,
1.49099e+06,
1.49871e+06,
1.50593e+06,
1.51323e+06,
1.52068e+06,
1.52818e+06,
1.53551e+06,
1.54304e+06,
1.55049e+06,
1.55801e+06,
1.5659e+06,
1.57364e+06,
1.5815e+06,
1.5894e+06,
1.59721e+06,
1.60516e+06,
1.61338e+06,
1.62137e+06,
1.62949e+06,
1.63746e+06,
1.64548e+06,
1.65365e+06,
1.66176e+06,
1.67009e+06,
1.67824e+06,
1.68646e+06,
1.69461e+06,
1.70304e+06,
1.71165e+06,
1.72016e+06,
1.72868e+06,
1.73723e+06,
1.74616e+06,
1.75523e+06,
1.76394e+06,
1.77263e+06,
1.78153e+06,
1.79011e+06,
1.79879e+06,
1.80742e+06,
1.81647e+06,
1.82537e+06,
1.83484e+06,
1.84417e+06,
1.85365e+06,
1.86321e+06,
1.87267e+06,
1.88218e+06,
1.89186e+06,
1.90153e+06,
1.91111e+06,
1.92093e+06,
1.93054e+06,
1.9402e+06,
1.95011e+06,
1.96029e+06,
1.97047e+06,
1.98065e+06,
1.99074e+06,
2.00063e+06,
2.01094e+06,
2.02163e+06,
2.03238e+06,
2.04267e+06,
2.05321e+06,
2.06387e+06,
2.07442e+06,
2.08507e+06,
2.09536e+06,
2.10623e+06,
2.11676e+06,
2.12774e+06,
2.13867e+06,
2.14992e+06,
2.16133e+06,
2.17303e+06,
2.18475e+06,
2.19621e+06,
2.20769e+06,
2.21939e+06,
2.23121e+06,
2.24297e+06,
2.25475e+06,
2.26679e+06,
2.27878e+06,
2.291e+06,
2.3034e+06,
2.31537e+06,
2.32748e+06,
2.34001e+06,
2.35256e+06,
2.36502e+06,
2.37714e+06,
2.38981e+06,
2.40224e+06,
2.41497e+06,
2.42765e+06,
2.44033e+06,
2.45334e+06,
2.46659e+06,
2.47979e+06,
2.4934e+06,
2.50728e+06,
2.5208e+06,
2.53479e+06,
2.54886e+06,
2.56258e+06,
2.5763e+06,
2.59001e+06,
2.60409e+06,
2.61825e+06,
2.63281e+06,
2.64766e+06,
2.6622e+06,
2.67684e+06,
2.69172e+06,
2.70716e+06,
2.72239e+06,
2.73757e+06,
2.75254e+06,
2.76789e+06,
2.78339e+06,
2.79864e+06,
2.81416e+06,
2.82997e+06,
2.84611e+06,
2.86218e+06,
2.87818e+06,
2.89444e+06,
2.91112e+06,
2.92807e+06,
2.94509e+06,
2.96182e+06,
2.97905e+06,
2.99649e+06,
3.01396e+06,
3.03173e+06,
3.0491e+06,
3.06687e+06,
3.08518e+06,
3.10342e+06,
3.12166e+06,
3.14035e+06,
3.15866e+06,
3.17742e+06,
3.1961e+06,
3.21496e+06,
3.23391e+06,
3.25389e+06,
3.27331e+06,
3.2932e+06,
3.31289e+06,
3.33293e+06,
3.35301e+06,
3.37366e+06,
3.39426e+06,
3.41458e+06,
3.43551e+06,
3.45704e+06,
3.47919e+06,
3.50149e+06,
3.52407e+06,
3.54659e+06,
3.56894e+06,
3.59155e+06,
3.61442e+06,
3.63798e+06,
3.66089e+06,
3.68359e+06,
3.70737e+06,
3.73173e+06,
3.75603e+06,
3.78072e+06,
3.80617e+06,
3.83123e+06,
3.8566e+06,
3.88222e+06,
3.90697e+06,
3.93316e+06,
3.95904e+06,
3.9862e+06,
4.01354e+06,
4.04097e+06,
4.06874e+06,
4.09677e+06,
4.1248e+06,
4.15417e+06,
4.18298e+06,
4.21289e+06,
4.24453e+06,
4.27603e+06,
4.30836e+06,
4.34062e+06,
4.37314e+06,
4.40642e+06,
4.4398e+06,
4.47347e+06,
4.50758e+06,
4.54253e+06,
4.57856e+06,
4.61506e+06,
4.65184e+06,
4.68957e+06,
4.72735e+06,
4.76527e+06,
4.80387e+06,
4.84309e+06,
4.88246e+06,
4.92357e+06,
4.96444e+06,
5.0067e+06,
5.04968e+06,
5.09355e+06,
5.13827e+06,
5.18313e+06,
5.22932e+06,
5.27563e+06,
5.32303e+06,
5.37087e+06,
5.42034e+06,
5.47093e+06,
5.52279e+06,
5.57584e+06,
5.62946e+06,
5.6851e+06,
5.74148e+06,
5.79949e+06,
5.85918e+06,
5.91953e+06,
5.98293e+06,
6.04853e+06,
6.11673e+06,
6.18701e+06,
6.25902e+06,
6.33335e+06,
6.41036e+06,
6.49073e+06,
6.57655e+06,
6.67904e+06,
6.79486e+06,
6.90087e+06,
7.00483e+06,
7.10693e+06,
7.20841e+06,
7.31042e+06,
7.41289e+06,
7.51518e+06,
7.62078e+06,
7.72802e+06,
7.83972e+06,
7.95126e+06,
8.06437e+06,
8.17758e+06,
8.29354e+06,
8.4101e+06,
8.52872e+06,
8.65002e+06,
8.78436e+06,
8.92241e+06,
9.06496e+06,
9.20979e+06,
9.35374e+06,
9.50209e+06,
9.65459e+06,
9.80934e+06,
9.96811e+06,
1.01325e+07,
1.03022e+07,
1.04808e+07,
1.06681e+07,
1.08596e+07,
1.10584e+07,
1.12699e+07,
1.15032e+07,
1.17228e+07,
1.19401e+07,
1.21604e+07,
1.23874e+07,
1.26281e+07,
1.28886e+07,
1.31658e+07,
1.34399e+07,
1.36895e+07,
1.39236e+07,
1.41493e+07,
1.43717e+07,
1.4592e+07,
1.48111e+07,
1.5028e+07,
1.52467e+07,
1.54636e+07,
1.56771e+07,
1.58896e+07,
1.60968e+07,
1.63046e+07,
1.65091e+07,
1.67102e+07,
1.69097e+07,
1.71104e+07,
1.73128e+07,
1.75158e+07,
1.77226e+07,
1.79297e+07,
1.81175e+07,
1.82946e+07,
1.84563e+07,
1.86144e+07,
1.87733e+07,
1.89346e+07,
1.91013e+07,
1.92657e+07,
1.94294e+07,
1.95954e+07,
1.97594e+07,
1.99219e+07,
2.00822e+07,
2.02416e+07,
2.04018e+07,
2.05608e+07,
2.0721e+07,
2.08785e+07,
2.10373e+07,
2.11992e+07,
2.13613e+07,
2.15261e+07,
2.16903e+07,
2.18507e+07,
2.20109e+07,
2.21736e+07,
2.23397e+07,
2.25017e+07,
2.26609e+07,
2.28222e+07,
2.29877e+07,
2.31504e+07,
2.33114e+07,
2.34695e+07,
2.36244e+07,
2.3783e+07,
2.39461e+07,
2.4107e+07,
2.42739e+07,
2.44386e+07,
2.46002e+07,
2.47595e+07,
2.49114e+07,
2.50557e+07,
2.51973e+07,
2.53409e+07,
2.54922e+07,
2.56429e+07,
2.57895e+07,
2.59357e+07,
2.60841e+07,
2.62324e+07,
2.63811e+07,
2.65293e+07,
2.66783e+07,
2.68307e+07,
2.69811e+07,
2.71272e+07,
2.72728e+07,
2.74185e+07,
2.75649e+07,
2.77118e+07,
2.78616e+07,
2.80135e+07,
2.81694e+07,
2.83226e+07,
2.84756e+07,
2.86248e+07,
2.87736e+07,
2.89205e+07,
2.90676e+07,
2.92166e+07,
2.93701e+07,
2.95267e+07,
2.96799e+07,
2.98355e+07,
2.99887e+07,
3.01392e+07,
3.02885e+07,
3.04378e+07,
3.05865e+07,
3.07366e+07,
3.08885e+07,
3.10389e+07,
3.11912e+07,
3.13487e+07,
3.15127e+07,
3.16699e+07,
3.18251e+07,
3.19813e+07,
3.21445e+07,
3.23028e+07,
3.24591e+07,
3.26137e+07,
3.27697e+07,
3.29313e+07,
3.30982e+07,
3.32602e+07,
3.34201e+07,
3.35834e+07,
3.37451e+07,
3.39033e+07,
3.40583e+07,
3.42133e+07,
3.43699e+07,
3.45324e+07,
3.47031e+07,
3.48699e+07,
3.50367e+07,
3.52047e+07,
3.53632e+07,
3.55215e+07,
3.56776e+07,
3.58333e+07,
3.59898e+07,
3.61513e+07,
3.63202e+07,
3.64902e+07,
3.66657e+07,
3.68405e+07,
3.70092e+07,
3.7169e+07,
3.73229e+07,
3.74748e+07,
3.76235e+07,
3.77751e+07,
3.79308e+07,
3.80867e+07,
3.82411e+07,
3.83917e+07,
3.85397e+07,
3.86839e+07,
3.88267e+07,
3.89697e+07,
3.91104e+07,
478966,
479177,
479451,
479742,
480047,
480332,
480668,
481063,
481543,
481878,
482189,
482497,
482746,
483009,
483315,
483629,
483906,
484158,
484438,
484666,
484933,
485262,
485594,
485897,
486226,
486534,
486825,
487125,
487375,
487561,
487835,
488057,
488270,
488552,
488934,
489277,
489650,
489962,
490294,
490585,
490988,
491306,
491613,
491912,
492195,
492474,
492840,
493204,
493550,
493933,
494268,
494603,
494997,
495379,
495694,
496089,
496292,
496614,
496991,
497328,
497722,
498061,
498457,
498843,
499324,
499772,
500355,
500867,
501708,
502380,
503046,
503727,
504355,
504982,
505608,
506215,
506848,
507503,
508128,
508833,
509398,
509977,
510592,
511256,
511916,
512546,
513128,
513752,
514316,
515020,
515559,
516212,
516908,
517594,
518193,
518782,
519419,
519961,
520571,
521251,
521791,
522437,
523016,
523639,
524317,
525027,
525719,
526257,
527052,
527736,
528542,
529239,
529923,
530759,
531469,
532184,
532936,
533686,
534404,
535098,
535725,
536508,
537255,
538043,
538621,
539323,
540091,
540841,
541597,
542338,
543078,
543806,
544644,
545540,
546314,
547076,
547874,
548671,
549413,
550159,
550879,
551645,
552455,
553266,
554081,
554876,
555721,
556536,
557349,
558247,
559099,
559888,
560788,
561705,
562494,
563439,
564248,
565118,
566036,
566968,
567803,
568662,
569629,
570517,
571368,
572230,
573113,
574051,
574953,
575806,
576783,
577789,
579813,
582281,
585111,
587379,
590198,
592624,
595052,
597708,
600424,
602908,
605410,
608003,
610836,
613744,
616411,
619040,
621699,
624149,
626990,
629731,
632571,
635304,
638156,
640995,
644228,
647757,
651073,
654184,
657544,
660418,
663506,
666711,
669870,
673288,
676855,
680291,
683592,
686760,
690039,
693171,
696561,
699785,
703331,
706826,
710355,
713830,
717372,
720926,
724770,
728630,
732386,
736164,
740258,
743902,
747897,
751748,
755556,
759229,
762970,
766768,
770487,
774423,
778137,
782118,
786166,
789846,
793712,
797778,
801849,
805768,
809757,
813737,
817883,
822067,
826376,
830664,
835213,
839449,
843728,
847968,
852131,
856367,
860620,
864838,
869410,
873870,
878304,
882578,
887267,
891726,
896229,
900636,
905247,
909607,
914009,
918309,
922864,
927251,
932125,
936758,
941667,
946574,
951648,
956479,
961653,
966477,
971396,
976462,
981232,
985944,
991167,
996417,
1.0015e+06,
1.00654e+06,
1.01165e+06,
1.01703e+06,
1.02222e+06,
1.02743e+06,
1.0326e+06,
1.03782e+06,
1.04308e+06,
1.04833e+06,
1.05361e+06,
1.05883e+06,
1.06421e+06,
1.06965e+06,
1.07537e+06,
1.08086e+06,
1.08648e+06,
1.09217e+06,
1.09777e+06,
1.10339e+06,
1.1091e+06,
1.11468e+06,
1.12032e+06,
1.12598e+06,
1.13174e+06,
1.13751e+06,
1.14308e+06,
1.14877e+06,
1.15451e+06,
1.16032e+06,
1.16616e+06,
1.17203e+06,
1.17796e+06,
1.1839e+06,
1.19013e+06,
1.19608e+06,
1.20181e+06,
1.20769e+06,
1.21376e+06,
1.21977e+06,
1.22615e+06,
1.23219e+06,
1.23833e+06,
1.24429e+06,
1.25061e+06,
1.257e+06,
1.26321e+06,
1.26984e+06,
1.27619e+06,
1.28267e+06,
1.28898e+06,
1.29547e+06,
1.30217e+06,
1.30865e+06,
1.31509e+06,
1.32132e+06,
1.32782e+06,
1.33438e+06,
1.34105e+06,
1.34766e+06,
1.35434e+06,
1.36112e+06,
1.36797e+06,
1.37477e+06,
1.38159e+06,
1.38847e+06,
1.39528e+06,
1.40232e+06,
1.40923e+06,
1.41618e+06,
1.42301e+06,
1.43031e+06,
1.43722e+06,
1.44417e+06,
1.45142e+06,
1.45855e+06,
1.46582e+06,
1.47329e+06,
1.48098e+06,
1.48838e+06,
1.49595e+06,
1.50326e+06,
1.5107e+06,
1.51823e+06,
1.52576e+06,
1.53324e+06,
1.54078e+06,
1.5483e+06,
1.55556e+06,
1.56319e+06,
1.57098e+06,
1.57857e+06,
1.5862e+06,
1.59404e+06,
1.60193e+06,
1.61e+06,
1.61833e+06,
1.62659e+06,
1.63489e+06,
1.64307e+06,
1.65152e+06,
1.65951e+06,
1.66763e+06,
1.67582e+06,
1.68404e+06,
1.69213e+06,
1.70061e+06,
1.70925e+06,
1.71775e+06,
1.72635e+06,
1.73498e+06,
1.74367e+06,
1.75228e+06,
1.76098e+06,
1.76964e+06,
1.77827e+06,
1.78703e+06,
1.79608e+06,
1.80485e+06,
1.81398e+06,
1.8228e+06,
1.832e+06,
1.8411e+06,
1.85072e+06,
1.86033e+06,
1.86988e+06,
1.87996e+06,
1.88922e+06,
1.89893e+06,
1.90891e+06,
1.91852e+06,
1.92818e+06,
1.93802e+06,
1.94803e+06,
1.95795e+06,
1.96797e+06,
1.97821e+06,
1.98801e+06,
1.99831e+06,
2.00865e+06,
2.0192e+06,
2.02958e+06,
2.03989e+06,
2.05019e+06,
2.06089e+06,
2.07149e+06,
2.08234e+06,
2.09311e+06,
2.10375e+06,
2.11474e+06,
2.12555e+06,
2.13692e+06,
2.1485e+06,
2.16007e+06,
2.1713e+06,
2.1826e+06,
2.19423e+06,
2.20572e+06,
2.21715e+06,
2.22895e+06,
2.2405e+06,
2.25229e+06,
2.26431e+06,
2.27637e+06,
2.28885e+06,
2.30097e+06,
2.31339e+06,
2.32567e+06,
2.33825e+06,
2.35063e+06,
2.36323e+06,
2.37559e+06,
2.38809e+06,
2.40096e+06,
2.41368e+06,
2.42614e+06,
2.43895e+06,
2.45156e+06,
2.46503e+06,
2.47847e+06,
2.49207e+06,
2.50575e+06,
2.51952e+06,
2.53349e+06,
2.54739e+06,
2.56125e+06,
2.57522e+06,
2.58959e+06,
2.60368e+06,
2.61792e+06,
2.63236e+06,
2.64723e+06,
2.66177e+06,
2.67627e+06,
2.6916e+06,
2.70634e+06,
2.72121e+06,
2.73616e+06,
2.75144e+06,
2.76705e+06,
2.78239e+06,
2.79807e+06,
2.81418e+06,
2.82996e+06,
2.84589e+06,
2.86183e+06,
2.87801e+06,
2.89472e+06,
2.91164e+06,
2.92823e+06,
2.94538e+06,
2.96248e+06,
2.98023e+06,
2.99699e+06,
3.01513e+06,
3.03246e+06,
3.05021e+06,
3.06817e+06,
3.08658e+06,
3.10459e+06,
3.12342e+06,
3.14208e+06,
3.16079e+06,
3.1793e+06,
3.19812e+06,
3.21733e+06,
3.23637e+06,
3.25586e+06,
3.27536e+06,
3.29541e+06,
3.31516e+06,
3.33574e+06,
3.35639e+06,
3.37693e+06,
3.39757e+06,
3.41853e+06,
3.44e+06,
3.46149e+06,
3.48319e+06,
3.50513e+06,
3.52721e+06,
3.55019e+06,
3.57252e+06,
3.59561e+06,
3.61879e+06,
3.64236e+06,
3.66624e+06,
3.69059e+06,
3.71496e+06,
3.73908e+06,
3.76352e+06,
3.78789e+06,
3.81297e+06,
3.8385e+06,
3.86391e+06,
3.8898e+06,
3.91529e+06,
3.94145e+06,
3.96882e+06,
3.99583e+06,
4.02342e+06,
4.05054e+06,
4.07871e+06,
4.10721e+06,
4.13642e+06,
4.16624e+06,
4.19564e+06,
4.22662e+06,
4.2586e+06,
4.2905e+06,
4.32266e+06,
4.35523e+06,
4.38807e+06,
4.42177e+06,
4.45625e+06,
4.4914e+06,
4.526e+06,
4.56128e+06,
4.5976e+06,
4.63406e+06,
4.67126e+06,
4.70916e+06,
4.74754e+06,
4.7866e+06,
4.82636e+06,
4.86607e+06,
4.9064e+06,
4.94772e+06,
4.98971e+06,
5.03192e+06,
5.07486e+06,
5.1203e+06,
5.1658e+06,
5.21152e+06,
5.25867e+06,
5.30523e+06,
5.3532e+06,
5.40243e+06,
5.45332e+06,
5.50561e+06,
5.55925e+06,
5.61354e+06,
5.66946e+06,
5.72749e+06,
5.78523e+06,
5.84388e+06,
5.90426e+06,
5.96783e+06,
6.0325e+06,
6.09835e+06,
6.16697e+06,
6.2374e+06,
6.31085e+06,
6.38808e+06,
6.47017e+06,
6.55891e+06,
6.6622e+06,
6.77963e+06,
6.88685e+06,
6.99047e+06,
7.09276e+06,
7.19467e+06,
7.29765e+06,
7.40046e+06,
7.50425e+06,
7.60894e+06,
7.7177e+06,
7.83077e+06,
7.94223e+06,
8.0554e+06,
8.17007e+06,
8.2864e+06,
8.40483e+06,
8.5253e+06,
8.64696e+06,
8.78082e+06,
8.9212e+06,
9.06463e+06,
9.21047e+06,
9.35805e+06,
9.50677e+06,
9.65989e+06,
9.81758e+06,
9.98181e+06,
1.01498e+07,
1.03227e+07,
1.05042e+07,
1.06969e+07,
1.08967e+07,
1.11059e+07,
1.13288e+07,
1.15754e+07,
1.18243e+07,
1.20706e+07,
1.22949e+07,
1.25119e+07,
1.27277e+07,
1.29453e+07,
1.31653e+07,
1.33814e+07,
1.35955e+07,
1.38114e+07,
1.40305e+07,
1.42623e+07,
1.45021e+07,
1.47488e+07,
1.49754e+07,
1.51972e+07,
1.54099e+07,
1.56215e+07,
1.58302e+07,
1.60382e+07,
1.62444e+07,
1.64331e+07,
1.66235e+07,
1.68107e+07,
1.69988e+07,
1.71843e+07,
1.73676e+07,
1.75501e+07,
1.77336e+07,
1.79126e+07,
1.80925e+07,
1.82717e+07,
1.84544e+07,
1.86373e+07,
1.88212e+07,
1.90064e+07,
1.91856e+07,
1.93615e+07,
1.95346e+07,
1.97067e+07,
1.987e+07,
2.00288e+07,
2.01896e+07,
2.0357e+07,
2.05228e+07,
2.06901e+07,
2.08519e+07,
2.10097e+07,
2.11664e+07,
2.13229e+07,
2.14819e+07,
2.16437e+07,
2.18042e+07,
2.19653e+07,
2.21306e+07,
2.22976e+07,
2.24632e+07,
2.26246e+07,
2.27851e+07,
2.29464e+07,
2.31045e+07,
2.32603e+07,
2.34104e+07,
2.35579e+07,
2.37121e+07,
2.387e+07,
2.40278e+07,
2.41892e+07,
2.43442e+07,
2.4495e+07,
2.46458e+07,
2.47959e+07,
2.49451e+07,
2.50934e+07,
2.52464e+07,
2.54092e+07,
2.55697e+07,
2.57263e+07,
2.58826e+07,
2.6036e+07,
2.61887e+07,
2.63325e+07,
2.64756e+07,
2.66222e+07,
2.67757e+07,
2.69316e+07,
2.70822e+07,
2.72307e+07,
2.73797e+07,
2.75277e+07,
2.7674e+07,
2.78206e+07,
2.79689e+07,
2.81212e+07,
2.8273e+07,
2.84275e+07,
2.85842e+07,
2.87369e+07,
2.88883e+07,
2.90391e+07,
2.91893e+07,
2.93383e+07,
2.94874e+07,
2.96346e+07,
2.9782e+07,
2.99334e+07,
3.00849e+07,
3.02377e+07,
3.03873e+07,
3.05379e+07,
3.06923e+07,
3.08435e+07,
3.09914e+07,
3.11396e+07,
3.12936e+07,
3.14529e+07,
3.16097e+07,
3.17695e+07,
3.19309e+07,
3.20951e+07,
3.22568e+07,
3.24152e+07,
3.25711e+07,
3.27252e+07,
3.28821e+07,
3.30466e+07,
3.32067e+07,
3.33675e+07,
3.35352e+07,
3.37007e+07,
3.38597e+07,
3.40173e+07,
3.41739e+07,
3.43304e+07,
3.449e+07,
3.46549e+07,
3.48183e+07,
3.49824e+07,
3.515e+07,
3.53144e+07,
3.54735e+07,
3.56309e+07,
3.57895e+07,
3.59526e+07,
3.61164e+07,
3.62826e+07,
3.64447e+07,
3.66094e+07,
3.67672e+07,
3.69248e+07,
3.70798e+07,
3.72328e+07,
3.73851e+07,
3.75378e+07,
3.76986e+07,
3.78572e+07,
3.80152e+07,
3.8169e+07,
3.83183e+07,
3.84637e+07,
3.86095e+07,
3.87544e+07,
3.88977e+07,
3.90418e+07,
478966,
479164,
479428,
479707,
480022,
480261,
480525,
480926,
481374,
481742,
482058,
482317,
482626,
482867,
483155,
483442,
483678,
483996,
484296,
484474,
484714,
484951,
485321,
485661,
485971,
486224,
486526,
486810,
487042,
487209,
487466,
487749,
487987,
488203,
488542,
488887,
489223,
489581,
489851,
490171,
490528,
490822,
491169,
491494,
491735,
492046,
492323,
492654,
493019,
493360,
493639,
493994,
494380,
494760,
495151,
495429,
495783,
496092,
496357,
496680,
497021,
497401,
497758,
498171,
498523,
498991,
499447,
499922,
500712,
501463,
502134,
502684,
503373,
504004,
504662,
505304,
505945,
506523,
507135,
507835,
508409,
509029,
509651,
510279,
510927,
511522,
512052,
512644,
513234,
513843,
514418,
515036,
515617,
516232,
516958,
517651,
518299,
518878,
519486,
520148,
520744,
521379,
521959,
522685,
523309,
523937,
524522,
525169,
525880,
526603,
527304,
527961,
528670,
529379,
530098,
530861,
531580,
532306,
532965,
533662,
534324,
535020,
535708,
536378,
537116,
537847,
538509,
539168,
539854,
540627,
541308,
542005,
542766,
543544,
544339,
545137,
545788,
546550,
547321,
548036,
548798,
549500,
550340,
551191,
552009,
552860,
553782,
554588,
555394,
556157,
556885,
557595,
558404,
559196,
560018,
560861,
561787,
562684,
563515,
564422,
565310,
566090,
566979,
567896,
568810,
569623,
570523,
571438,
572342,
573131,
574059,
575076,
576590,
579086,
581604,
584168,
586717,
589336,
591680,
593985,
596750,
599504,
601950,
604503,
607274,
610030,
612818,
615495,
617940,
620593,
623215,
626148,
628885,
631721,
634532,
637445,
640532,
643859,
647142,
650373,
653500,
656504,
659741,
662816,
666067,
669335,
672649,
676057,
679348,
682842,
686061,
689055,
692220,
695286,
698814,
702236,
705901,
709378,
712835,
716129,
719793,
723586,
727190,
730848,
734725,
738574,
742287,
746193,
749933,
753774,
757547,
761184,
764843,
768631,
772334,
776259,
780011,
784159,
787934,
791835,
795612,
799654,
803674,
807638,
811592,
815666,
819823,
824109,
828501,
832901,
837055,
841233,
845599,
849883,
854233,
858455,
862742,
867259,
871608,
875780,
880201,
884702,
889312,
893756,
898389,
902754,
907076,
911449,
915909,
920320,
924961,
929712,
934634,
939466,
944396,
949337,
954424,
959378,
964230,
969059,
973949,
978993,
983986,
988965,
993906,
998996,
1.00412e+06,
1.00915e+06,
1.01431e+06,
1.01947e+06,
1.02481e+06,
1.02992e+06,
1.03505e+06,
1.04023e+06,
1.04537e+06,
1.05082e+06,
1.0564e+06,
1.06205e+06,
1.06754e+06,
1.07296e+06,
1.07864e+06,
1.08414e+06,
1.0897e+06,
1.09523e+06,
1.10086e+06,
1.10641e+06,
1.11222e+06,
1.11777e+06,
1.12376e+06,
1.12952e+06,
1.13513e+06,
1.14067e+06,
1.14632e+06,
1.15199e+06,
1.15807e+06,
1.16402e+06,
1.16986e+06,
1.17571e+06,
1.18169e+06,
1.18757e+06,
1.1935e+06,
1.19937e+06,
1.20512e+06,
1.21107e+06,
1.21725e+06,
1.22343e+06,
1.22946e+06,
1.23559e+06,
1.24189e+06,
1.24792e+06,
1.25435e+06,
1.26076e+06,
1.2671e+06,
1.27354e+06,
1.27993e+06,
1.28633e+06,
1.29294e+06,
1.29916e+06,
1.30539e+06,
1.31161e+06,
1.31811e+06,
1.32489e+06,
1.3314e+06,
1.33802e+06,
1.3447e+06,
1.35139e+06,
1.35812e+06,
1.36468e+06,
1.3713e+06,
1.37804e+06,
1.38483e+06,
1.39184e+06,
1.39892e+06,
1.40597e+06,
1.41295e+06,
1.41994e+06,
1.42699e+06,
1.43408e+06,
1.44105e+06,
1.44836e+06,
1.45555e+06,
1.46272e+06,
1.46986e+06,
1.47727e+06,
1.48451e+06,
1.4919e+06,
1.49939e+06,
1.50714e+06,
1.51445e+06,
1.52195e+06,
1.52942e+06,
1.53692e+06,
1.54433e+06,
1.55194e+06,
1.55958e+06,
1.56724e+06,
1.57494e+06,
1.58274e+06,
1.59036e+06,
1.59804e+06,
1.606e+06,
1.61402e+06,
1.62201e+06,
1.63025e+06,
1.6385e+06,
1.64687e+06,
1.65504e+06,
1.66354e+06,
1.67189e+06,
1.6802e+06,
1.68846e+06,
1.69661e+06,
1.705e+06,
1.71343e+06,
1.72185e+06,
1.73039e+06,
1.7391e+06,
1.74796e+06,
1.75664e+06,
1.76518e+06,
1.7739e+06,
1.78288e+06,
1.79178e+06,
1.80071e+06,
1.81014e+06,
1.81906e+06,
1.82778e+06,
1.83703e+06,
1.84649e+06,
1.85583e+06,
1.8654e+06,
1.87501e+06,
1.88463e+06,
1.89431e+06,
1.90423e+06,
1.91437e+06,
1.92415e+06,
1.93406e+06,
1.9438e+06,
1.95382e+06,
1.96396e+06,
1.97424e+06,
1.98411e+06,
1.99431e+06,
2.00435e+06,
2.01454e+06,
2.02519e+06,
2.03596e+06,
2.04607e+06,
2.05665e+06,
2.06747e+06,
2.07817e+06,
2.08906e+06,
2.09985e+06,
2.11092e+06,
2.12188e+06,
2.13315e+06,
2.14428e+06,
2.15549e+06,
2.16647e+06,
2.17776e+06,
2.18946e+06,
2.20139e+06,
2.21304e+06,
2.22509e+06,
2.23699e+06,
2.24892e+06,
2.26077e+06,
2.27301e+06,
2.285e+06,
2.29683e+06,
2.30896e+06,
2.321e+06,
2.33312e+06,
2.3457e+06,
2.35808e+06,
2.37115e+06,
2.3842e+06,
2.39698e+06,
2.40971e+06,
2.42259e+06,
2.43568e+06,
2.44845e+06,
2.46151e+06,
2.47504e+06,
2.48856e+06,
2.50184e+06,
2.51575e+06,
2.5297e+06,
2.54327e+06,
2.55773e+06,
2.57205e+06,
2.58642e+06,
2.60082e+06,
2.61503e+06,
2.62952e+06,
2.6439e+06,
2.65848e+06,
2.67273e+06,
2.68755e+06,
2.7024e+06,
2.71755e+06,
2.73295e+06,
2.74875e+06,
2.76444e+06,
2.77973e+06,
2.79545e+06,
2.81118e+06,
2.82699e+06,
2.84292e+06,
2.85876e+06,
2.875e+06,
2.89138e+06,
2.90852e+06,
2.92549e+06,
2.94266e+06,
2.9604e+06,
2.97808e+06,
2.99553e+06,
3.01337e+06,
3.031e+06,
3.04868e+06,
3.06642e+06,
3.08459e+06,
3.10287e+06,
3.12111e+06,
3.14025e+06,
3.15925e+06,
3.17852e+06,
3.19788e+06,
3.21698e+06,
3.23655e+06,
3.25581e+06,
3.27558e+06,
3.29531e+06,
3.31541e+06,
3.33528e+06,
3.3557e+06,
3.37645e+06,
3.39732e+06,
3.41882e+06,
3.44022e+06,
3.46202e+06,
3.48368e+06,
3.50562e+06,
3.52796e+06,
3.55099e+06,
3.57372e+06,
3.59707e+06,
3.62042e+06,
3.6438e+06,
3.66794e+06,
3.69233e+06,
3.71641e+06,
3.74118e+06,
3.76618e+06,
3.79119e+06,
3.81679e+06,
3.84188e+06,
3.86802e+06,
3.89398e+06,
3.92071e+06,
3.94781e+06,
3.97518e+06,
4.00275e+06,
4.03059e+06,
4.05849e+06,
4.08704e+06,
4.11634e+06,
4.14537e+06,
4.1748e+06,
4.20515e+06,
4.23663e+06,
4.2689e+06,
4.30155e+06,
4.33432e+06,
4.3676e+06,
4.40188e+06,
4.4358e+06,
4.47036e+06,
4.50513e+06,
4.54056e+06,
4.57681e+06,
4.6145e+06,
4.65186e+06,
4.6893e+06,
4.72744e+06,
4.7661e+06,
4.80507e+06,
4.844e+06,
4.88459e+06,
4.92572e+06,
4.96829e+06,
5.01148e+06,
5.05513e+06,
5.09943e+06,
5.14497e+06,
5.19084e+06,
5.2375e+06,
5.28557e+06,
5.33522e+06,
5.38712e+06,
5.43793e+06,
5.49008e+06,
5.54255e+06,
5.5967e+06,
5.65162e+06,
5.70773e+06,
5.76552e+06,
5.82464e+06,
5.88494e+06,
5.94799e+06,
6.01307e+06,
6.07947e+06,
6.14799e+06,
6.21822e+06,
6.292e+06,
6.37001e+06,
6.45309e+06,
6.54154e+06,
6.64555e+06,
6.76326e+06,
6.87221e+06,
6.97812e+06,
7.08206e+06,
7.18683e+06,
7.29087e+06,
7.39613e+06,
7.50185e+06,
7.60855e+06,
7.72044e+06,
7.83527e+06,
7.95082e+06,
8.06851e+06,
8.18506e+06,
8.30487e+06,
8.42725e+06,
8.55123e+06,
8.67749e+06,
8.81546e+06,
8.96053e+06,
9.11056e+06,
9.26205e+06,
9.41648e+06,
9.57426e+06,
9.73787e+06,
9.90912e+06,
1.00868e+07,
1.02724e+07,
1.04694e+07,
1.06941e+07,
1.09298e+07,
1.11452e+07,
1.13595e+07,
1.15811e+07,
1.18099e+07,
1.20189e+07,
1.22223e+07,
1.24253e+07,
1.2625e+07,
1.28265e+07,
1.30342e+07,
1.32376e+07,
1.34343e+07,
1.36329e+07,
1.38286e+07,
1.40222e+07,
1.4203e+07,
1.43788e+07,
1.45634e+07,
1.47499e+07,
1.49422e+07,
1.51338e+07,
1.53233e+07,
1.55153e+07,
1.5719e+07,
1.59363e+07,
1.61435e+07,
1.63375e+07,
1.6528e+07,
1.6713e+07,
1.69024e+07,
1.70911e+07,
1.72777e+07,
1.74609e+07,
1.76409e+07,
1.78202e+07,
1.80007e+07,
1.81792e+07,
1.83567e+07,
1.85368e+07,
1.87217e+07,
1.89036e+07,
1.90822e+07,
1.92569e+07,
1.94288e+07,
1.96033e+07,
1.97778e+07,
1.99547e+07,
2.01335e+07,
2.03103e+07,
2.04892e+07,
2.0665e+07,
2.0843e+07,
2.10175e+07,
2.11893e+07,
2.13599e+07,
2.15333e+07,
2.1696e+07,
2.18466e+07,
2.19978e+07,
2.21527e+07,
2.23062e+07,
2.24591e+07,
2.26145e+07,
2.27698e+07,
2.29213e+07,
2.30717e+07,
2.32184e+07,
2.33653e+07,
2.35174e+07,
2.36731e+07,
2.38255e+07,
2.3984e+07,
2.41409e+07,
2.42933e+07,
2.44441e+07,
2.45931e+07,
2.47419e+07,
2.48919e+07,
2.5046e+07,
2.52087e+07,
2.53695e+07,
2.55249e+07,
2.56805e+07,
2.58377e+07,
2.59898e+07,
2.61408e+07,
2.62918e+07,
2.64446e+07,
2.6606e+07,
2.6768e+07,
2.69271e+07,
2.70851e+07,
2.72411e+07,
2.74009e+07,
2.75593e+07,
2.77152e+07,
2.7867e+07,
2.80198e+07,
2.81694e+07,
2.83212e+07,
2.84722e+07,
2.86228e+07,
2.87725e+07,
2.89239e+07,
2.90787e+07,
2.92309e+07,
2.93802e+07,
2.95257e+07,
2.96724e+07,
2.98197e+07,
2.9967e+07,
3.01147e+07,
3.02628e+07,
3.04123e+07,
3.05642e+07,
3.07153e+07,
3.08628e+07,
3.10116e+07,
3.11647e+07,
3.1323e+07,
3.14774e+07,
3.16326e+07,
3.17922e+07,
3.19595e+07,
3.21246e+07,
3.22869e+07,
3.2444e+07,
3.25998e+07,
3.27603e+07,
3.29236e+07,
3.30841e+07,
3.32434e+07,
3.34057e+07,
3.35694e+07,
3.37294e+07,
3.38889e+07,
3.40487e+07,
3.42056e+07,
3.43655e+07,
3.45312e+07,
3.46946e+07,
3.48595e+07,
3.50289e+07,
3.51938e+07,
3.53533e+07,
3.55094e+07,
3.56652e+07,
3.58182e+07,
3.59733e+07,
3.61331e+07,
3.62896e+07,
3.64494e+07,
3.66039e+07,
3.6756e+07,
3.69055e+07,
3.70547e+07,
3.72045e+07,
3.73548e+07,
3.75067e+07,
3.7661e+07,
3.78171e+07,
3.79714e+07,
3.81227e+07,
3.82745e+07,
3.8428e+07,
3.85777e+07,
3.8728e+07,
3.88792e+07,
478966,
479146,
479409,
479670,
480003,
480232,
480438,
480791,
481205,
481602,
481982,
482187,
482472,
482682,
482986,
483227,
483498,
483824,
484069,
484297,
484517,
484776,
485040,
485397,
485648,
485906,
486198,
486436,
486657,
486869,
487040,
487309,
487553,
487808,
488133,
488423,
488704,
488964,
489343,
489675,
490037,
490313,
490612,
490917,
491207,
491532,
491867,
492175,
492425,
492672,
492993,
493361,
493726,
494061,
494482,
494832,
495121,
495417,
495707,
496057,
496380,
496693,
497075,
497506,
497901,
498240,
498697,
499156,
499669,
500325,
500979,
501631,
502325,
502917,
503616,
504181,
504814,
505432,
506065,
506781,
507357,
507933,
508490,
509147,
509792,
510464,
511001,
511548,
512195,
512779,
513411,
514023,
514601,
515269,
515954,
516543,
517143,
517735,
518370,
518976,
519622,
520180,
520785,
521416,
522144,
522736,
523291,
523958,
524630,
525328,
525935,
526632,
527335,
528056,
528725,
529431,
530093,
530784,
531367,
532038,
532765,
533501,
534128,
534810,
535540,
536211,
536877,
537594,
538224,
538945,
539640,
540413,
541252,
541974,
542655,
543352,
544116,
544925,
545719,
546398,
547110,
547934,
548620,
549482,
550258,
550991,
551757,
552581,
553298,
554124,
554928,
555789,
556533,
557249,
558064,
558969,
559813,
560629,
561429,
562116,
562940,
563844,
564731,
565540,
566429,
567227,
568133,
568982,
569870,
570772,
571669,
572652,
573624,
575976,
578494,
580891,
583513,
586131,
588634,
590906,
593451,
596066,
598573,
601042,
603582,
606333,
609080,
611659,
614261,
616794,
619444,
622401,
625373,
628171,
630992,
633754,
636742,
639973,
643011,
646214,
649438,
652672,
655769,
658863,
662022,
665218,
668400,
671728,
675083,
678225,
681491,
684713,
687871,
691096,
694501,
697801,
701143,
704522,
707773,
711192,
714500,
718162,
721942,
725702,
729412,
733040,
736602,
740417,
744072,
747730,
751518,
755169,
758890,
762790,
766496,
770128,
773995,
777808,
781662,
785602,
789471,
793259,
796989,
801093,
805038,
809149,
813369,
817696,
822019,
826086,
830323,
834634,
838755,
843086,
847334,
851803,
856062,
860249,
864382,
868813,
873106,
877505,
882006,
886452,
890816,
895374,
899977,
904581,
909141,
913862,
918409,
923081,
927864,
932429,
937241,
942072,
946814,
951715,
956665,
961685,
966671,
971544,
976577,
981437,
986293,
991474,
996433,
1.00133e+06,
1.00638e+06,
1.01154e+06,
1.01682e+06,
1.02208e+06,
1.02727e+06,
1.03276e+06,
1.03804e+06,
1.04313e+06,
1.04836e+06,
1.05355e+06,
1.05909e+06,
1.06456e+06,
1.07003e+06,
1.07577e+06,
1.08128e+06,
1.08686e+06,
1.09254e+06,
1.0982e+06,
1.10388e+06,
1.10958e+06,
1.11521e+06,
1.12085e+06,
1.12669e+06,
1.13232e+06,
1.13816e+06,
1.14401e+06,
1.14966e+06,
1.15547e+06,
1.16126e+06,
1.16701e+06,
1.17267e+06,
1.17836e+06,
1.18411e+06,
1.1899e+06,
1.19585e+06,
1.20193e+06,
1.20809e+06,
1.2143e+06,
1.22045e+06,
1.22662e+06,
1.23294e+06,
1.23914e+06,
1.24556e+06,
1.25192e+06,
1.25802e+06,
1.26423e+06,
1.27048e+06,
1.27682e+06,
1.28312e+06,
1.28965e+06,
1.2961e+06,
1.3024e+06,
1.30856e+06,
1.3153e+06,
1.32195e+06,
1.32853e+06,
1.33524e+06,
1.34149e+06,
1.34792e+06,
1.35454e+06,
1.3612e+06,
1.36788e+06,
1.37447e+06,
1.38119e+06,
1.38807e+06,
1.39519e+06,
1.40231e+06,
1.40932e+06,
1.41656e+06,
1.42354e+06,
1.43075e+06,
1.43789e+06,
1.44486e+06,
1.45169e+06,
1.45887e+06,
1.46587e+06,
1.47322e+06,
1.48052e+06,
1.48773e+06,
1.49502e+06,
1.50244e+06,
1.51006e+06,
1.51752e+06,
1.52516e+06,
1.53266e+06,
1.54046e+06,
1.54816e+06,
1.55589e+06,
1.56344e+06,
1.571e+06,
1.57863e+06,
1.58611e+06,
1.59401e+06,
1.60184e+06,
1.60975e+06,
1.61764e+06,
1.62576e+06,
1.63392e+06,
1.6425e+06,
1.65069e+06,
1.65889e+06,
1.667e+06,
1.67525e+06,
1.68394e+06,
1.69216e+06,
1.70044e+06,
1.70888e+06,
1.71705e+06,
1.72556e+06,
1.7345e+06,
1.74304e+06,
1.75183e+06,
1.76047e+06,
1.76939e+06,
1.77821e+06,
1.78746e+06,
1.79628e+06,
1.80528e+06,
1.814e+06,
1.82283e+06,
1.83177e+06,
1.84123e+06,
1.85058e+06,
1.86018e+06,
1.86972e+06,
1.87922e+06,
1.88895e+06,
1.89877e+06,
1.90862e+06,
1.91869e+06,
1.92874e+06,
1.9386e+06,
1.94858e+06,
1.95878e+06,
1.96879e+06,
1.9788e+06,
1.98908e+06,
1.99958e+06,
2.00954e+06,
2.02027e+06,
2.03067e+06,
2.0411e+06,
2.0518e+06,
2.06249e+06,
2.07319e+06,
2.08395e+06,
2.09469e+06,
2.10555e+06,
2.1165e+06,
2.12769e+06,
2.1391e+06,
2.15024e+06,
2.16142e+06,
2.17298e+06,
2.18446e+06,
2.19602e+06,
2.2078e+06,
2.21977e+06,
2.23156e+06,
2.24341e+06,
2.25541e+06,
2.26731e+06,
2.27939e+06,
2.29132e+06,
2.30358e+06,
2.31573e+06,
2.32812e+06,
2.34039e+06,
2.35289e+06,
2.36556e+06,
2.37799e+06,
2.39073e+06,
2.40348e+06,
2.41679e+06,
2.4297e+06,
2.44293e+06,
2.45631e+06,
2.46986e+06,
2.48365e+06,
2.49744e+06,
2.51117e+06,
2.52465e+06,
2.53847e+06,
2.55247e+06,
2.56628e+06,
2.58054e+06,
2.59506e+06,
2.60926e+06,
2.62403e+06,
2.63861e+06,
2.65324e+06,
2.668e+06,
2.68339e+06,
2.69815e+06,
2.71327e+06,
2.72835e+06,
2.74353e+06,
2.75848e+06,
2.77401e+06,
2.78987e+06,
2.80604e+06,
2.82196e+06,
2.83809e+06,
2.85402e+06,
2.87027e+06,
2.88735e+06,
2.90421e+06,
2.92108e+06,
2.93788e+06,
2.95522e+06,
2.9726e+06,
2.98997e+06,
3.00763e+06,
3.02587e+06,
3.04423e+06,
3.06255e+06,
3.08138e+06,
3.09999e+06,
3.11842e+06,
3.13698e+06,
3.15577e+06,
3.1745e+06,
3.19375e+06,
3.2128e+06,
3.23193e+06,
3.25192e+06,
3.27177e+06,
3.29189e+06,
3.31216e+06,
3.33256e+06,
3.35303e+06,
3.37359e+06,
3.39432e+06,
3.41589e+06,
3.43684e+06,
3.45878e+06,
3.48108e+06,
3.50373e+06,
3.52664e+06,
3.54941e+06,
3.57224e+06,
3.59535e+06,
3.61872e+06,
3.64283e+06,
3.66692e+06,
3.69109e+06,
3.71539e+06,
3.74049e+06,
3.76543e+06,
3.79085e+06,
3.81666e+06,
3.84279e+06,
3.86862e+06,
3.89515e+06,
3.92211e+06,
3.94941e+06,
3.97707e+06,
4.00471e+06,
4.03307e+06,
4.06121e+06,
4.09041e+06,
4.11999e+06,
4.14957e+06,
4.18081e+06,
4.21241e+06,
4.24468e+06,
4.27761e+06,
4.31056e+06,
4.34355e+06,
4.37728e+06,
4.41193e+06,
4.44677e+06,
4.48155e+06,
4.51739e+06,
4.55374e+06,
4.59028e+06,
4.62743e+06,
4.66472e+06,
4.7029e+06,
4.74165e+06,
4.78132e+06,
4.82194e+06,
4.86276e+06,
4.90467e+06,
4.94645e+06,
4.98973e+06,
5.03371e+06,
5.07905e+06,
5.12553e+06,
5.17214e+06,
5.21962e+06,
5.2679e+06,
5.31647e+06,
5.36657e+06,
5.41785e+06,
5.46997e+06,
5.52199e+06,
5.57608e+06,
5.6311e+06,
5.68755e+06,
5.74591e+06,
5.80537e+06,
5.86607e+06,
5.92843e+06,
5.99356e+06,
6.06024e+06,
6.12916e+06,
6.20168e+06,
6.27786e+06,
6.3565e+06,
6.43894e+06,
6.52764e+06,
6.63294e+06,
6.75493e+06,
6.86575e+06,
6.97312e+06,
7.08181e+06,
7.18811e+06,
7.29668e+06,
7.40475e+06,
7.51352e+06,
7.62547e+06,
7.73938e+06,
7.85982e+06,
7.9814e+06,
8.10348e+06,
8.22672e+06,
8.35181e+06,
8.48128e+06,
8.61436e+06,
8.75119e+06,
8.89974e+06,
9.05767e+06,
9.22277e+06,
9.39112e+06,
9.56764e+06,
9.75753e+06,
9.98042e+06,
1.01844e+07,
1.03759e+07,
1.05663e+07,
1.0754e+07,
1.09442e+07,
1.11384e+07,
1.13357e+07,
1.15386e+07,
1.17595e+07,
1.1976e+07,
1.21816e+07,
1.23773e+07,
1.2563e+07,
1.27265e+07,
1.28935e+07,
1.30627e+07,
1.32301e+07,
1.33956e+07,
1.35609e+07,
1.37274e+07,
1.3901e+07,
1.40698e+07,
1.42372e+07,
1.44082e+07,
1.45784e+07,
1.47468e+07,
1.49159e+07,
1.50841e+07,
1.52515e+07,
1.54229e+07,
1.56024e+07,
1.57809e+07,
1.59574e+07,
1.61335e+07,
1.63143e+07,
1.64971e+07,
1.66823e+07,
1.68787e+07,
1.70807e+07,
1.72848e+07,
1.74732e+07,
1.76618e+07,
1.78415e+07,
1.80217e+07,
1.82035e+07,
1.83873e+07,
1.85676e+07,
1.8744e+07,
1.89211e+07,
1.90963e+07,
1.92726e+07,
1.9449e+07,
1.96225e+07,
1.97966e+07,
1.99639e+07,
2.0131e+07,
2.02918e+07,
2.04525e+07,
2.06133e+07,
2.07769e+07,
2.09438e+07,
2.11166e+07,
2.12828e+07,
2.14434e+07,
2.16056e+07,
2.17726e+07,
2.19355e+07,
2.20972e+07,
2.22608e+07,
2.24256e+07,
2.25892e+07,
2.27538e+07,
2.29216e+07,
2.30828e+07,
2.3245e+07,
2.34024e+07,
2.35549e+07,
2.37093e+07,
2.38604e+07,
2.40099e+07,
2.41592e+07,
2.43112e+07,
2.44649e+07,
2.46223e+07,
2.47786e+07,
2.49421e+07,
2.51023e+07,
2.52573e+07,
2.54101e+07,
2.55621e+07,
2.57141e+07,
2.5867e+07,
2.60222e+07,
2.61856e+07,
2.63539e+07,
2.65171e+07,
2.66731e+07,
2.68278e+07,
2.69824e+07,
2.71366e+07,
2.7291e+07,
2.74435e+07,
2.75995e+07,
2.77616e+07,
2.79235e+07,
2.80856e+07,
2.82434e+07,
2.83984e+07,
2.85524e+07,
2.87069e+07,
2.88608e+07,
2.90181e+07,
2.91745e+07,
2.9329e+07,
2.94816e+07,
2.96322e+07,
2.97815e+07,
2.99287e+07,
3.00739e+07,
3.02187e+07,
3.03654e+07,
3.05109e+07,
3.06566e+07,
3.08062e+07,
3.0963e+07,
3.11265e+07,
3.12825e+07,
3.14364e+07,
3.15929e+07,
3.17535e+07,
3.19097e+07,
3.20623e+07,
3.22139e+07,
3.23675e+07,
3.25273e+07,
3.26954e+07,
3.28579e+07,
3.30208e+07,
3.31895e+07,
3.33561e+07,
3.35161e+07,
3.36734e+07,
3.38289e+07,
3.39867e+07,
3.41535e+07,
3.43251e+07,
3.44906e+07,
3.46542e+07,
3.48175e+07,
3.49746e+07,
3.51304e+07,
3.52825e+07,
3.5431e+07,
3.55792e+07,
3.57326e+07,
3.58911e+07,
3.60475e+07,
3.62068e+07,
3.6359e+07,
3.65082e+07,
3.66581e+07,
3.68069e+07,
3.69554e+07,
3.71034e+07,
3.72547e+07,
3.74126e+07,
3.75722e+07,
3.77293e+07,
3.78763e+07,
3.80207e+07,
3.81637e+07,
3.83068e+07,
3.84502e+07,
3.85953e+07,
478966,
479142,
479391,
479637,
479950,
480161,
480359,
480648,
481038,
481433,
481822,
481999,
482314,
482594,
482801,
483025,
483319,
483633,
483903,
484086,
484323,
484611,
484849,
485051,
485383,
485626,
485875,
486141,
486322,
486533,
486768,
486915,
487125,
487482,
487795,
488010,
488244,
488509,
488776,
489151,
489477,
489730,
490016,
490328,
490637,
490966,
491308,
491500,
491763,
492057,
492434,
492717,
493084,
493388,
493750,
494201,
494435,
494743,
495122,
495442,
495708,
495990,
496348,
496635,
496993,
497425,
497803,
498177,
498621,
499244,
499823,
500357,
501081,
501831,
502462,
503120,
503815,
504507,
505131,
505742,
506423,
507099,
507680,
508289,
508861,
509528,
510086,
510759,
511380,
511891,
512516,
513070,
513697,
514374,
515021,
515642,
516203,
516775,
517374,
517936,
518600,
519168,
519825,
520431,
521014,
521684,
522325,
523001,
523636,
524326,
525071,
525692,
526370,
526980,
527639,
528356,
529036,
529698,
530341,
530958,
531633,
532271,
532893,
533617,
534310,
534942,
535643,
536365,
537020,
537724,
538415,
539154,
539935,
540658,
541386,
542022,
542753,
543444,
544103,
544839,
545613,
546384,
547155,
547897,
548583,
549312,
550033,
550750,
551518,
552268,
552943,
553727,
554534,
555359,
556210,
557046,
557938,
558796,
559532,
560322,
561150,
562066,
562892,
563687,
564534,
565367,
566205,
567091,
567848,
568689,
569537,
570429,
571361,
572715,
575335,
577798,
580380,
583035,
585485,
587863,
590251,
592709,
595318,
597821,
600513,
603065,
605781,
608242,
610795,
613291,
616173,
618852,
621741,
624626,
627501,
630253,
633026,
636011,
639284,
642223,
645384,
648606,
651669,
654695,
657896,
661150,
664440,
667543,
670671,
673871,
677157,
680273,
683742,
686982,
690248,
693559,
696870,
699952,
703228,
706467,
709623,
713125,
716764,
720278,
723943,
727464,
731113,
734771,
738418,
741872,
745819,
749550,
753102,
756750,
760623,
764384,
768297,
771921,
775864,
779523,
783239,
786949,
790961,
794742,
798561,
802347,
806468,
810688,
814852,
818953,
823305,
827513,
831626,
836010,
840433,
844664,
848919,
853162,
857461,
861783,
866059,
870433,
874764,
879095,
883433,
887609,
892100,
896829,
901426,
906007,
910669,
915210,
919951,
924713,
929517,
934254,
939046,
943752,
948491,
953353,
958159,
963219,
968151,
973109,
978053,
983078,
988115,
993101,
998380,
1.00328e+06,
1.00822e+06,
1.01334e+06,
1.01861e+06,
1.02373e+06,
1.02868e+06,
1.03385e+06,
1.03932e+06,
1.04475e+06,
1.05017e+06,
1.05551e+06,
1.06102e+06,
1.06641e+06,
1.07184e+06,
1.07735e+06,
1.08305e+06,
1.08883e+06,
1.09429e+06,
1.09988e+06,
1.10538e+06,
1.1112e+06,
1.11706e+06,
1.1229e+06,
1.12858e+06,
1.1341e+06,
1.13946e+06,
1.14546e+06,
1.15114e+06,
1.15688e+06,
1.16248e+06,
1.16823e+06,
1.17404e+06,
1.17984e+06,
1.1856e+06,
1.19145e+06,
1.19734e+06,
1.20338e+06,
1.20964e+06,
1.21601e+06,
1.22242e+06,
1.22876e+06,
1.23493e+06,
1.24117e+06,
1.24733e+06,
1.25346e+06,
1.25983e+06,
1.26585e+06,
1.27203e+06,
1.2783e+06,
1.28467e+06,
1.29093e+06,
1.29751e+06,
1.30424e+06,
1.31065e+06,
1.31714e+06,
1.32376e+06,
1.33036e+06,
1.3368e+06,
1.34329e+06,
1.34977e+06,
1.35621e+06,
1.36263e+06,
1.36937e+06,
1.3761e+06,
1.38299e+06,
1.3898e+06,
1.3968e+06,
1.40383e+06,
1.41091e+06,
1.41803e+06,
1.42511e+06,
1.43238e+06,
1.43946e+06,
1.44657e+06,
1.45354e+06,
1.46068e+06,
1.46778e+06,
1.47473e+06,
1.4822e+06,
1.48965e+06,
1.49714e+06,
1.50452e+06,
1.51176e+06,
1.5193e+06,
1.52678e+06,
1.53448e+06,
1.54203e+06,
1.54938e+06,
1.55699e+06,
1.56469e+06,
1.57206e+06,
1.57989e+06,
1.58776e+06,
1.59581e+06,
1.60399e+06,
1.61191e+06,
1.6197e+06,
1.62802e+06,
1.63612e+06,
1.64433e+06,
1.65246e+06,
1.66076e+06,
1.66906e+06,
1.67752e+06,
1.68567e+06,
1.69396e+06,
1.70254e+06,
1.71123e+06,
1.71946e+06,
1.72799e+06,
1.73648e+06,
1.7448e+06,
1.75348e+06,
1.76218e+06,
1.77082e+06,
1.77946e+06,
1.78858e+06,
1.79781e+06,
1.80684e+06,
1.8159e+06,
1.82509e+06,
1.83424e+06,
1.84372e+06,
1.85356e+06,
1.86329e+06,
1.87287e+06,
1.88247e+06,
1.89211e+06,
1.90173e+06,
1.9117e+06,
1.92123e+06,
1.93099e+06,
1.94096e+06,
1.9511e+06,
1.96159e+06,
1.97162e+06,
1.98196e+06,
1.99221e+06,
2.00259e+06,
2.01297e+06,
2.02359e+06,
2.03397e+06,
2.04467e+06,
2.05539e+06,
2.06586e+06,
2.07661e+06,
2.08728e+06,
2.09833e+06,
2.10973e+06,
2.121e+06,
2.13247e+06,
2.14364e+06,
2.15529e+06,
2.16661e+06,
2.17767e+06,
2.18916e+06,
2.20056e+06,
2.21247e+06,
2.22389e+06,
2.23547e+06,
2.24742e+06,
2.25931e+06,
2.27124e+06,
2.28358e+06,
2.29608e+06,
2.30864e+06,
2.32095e+06,
2.33334e+06,
2.34579e+06,
2.35838e+06,
2.37066e+06,
2.38321e+06,
2.3959e+06,
2.40889e+06,
2.42183e+06,
2.4349e+06,
2.44817e+06,
2.46193e+06,
2.47607e+06,
2.48952e+06,
2.50336e+06,
2.51748e+06,
2.53102e+06,
2.54538e+06,
2.55972e+06,
2.57392e+06,
2.58811e+06,
2.60242e+06,
2.61708e+06,
2.63185e+06,
2.64648e+06,
2.66128e+06,
2.67623e+06,
2.69135e+06,
2.70642e+06,
2.72178e+06,
2.73675e+06,
2.75218e+06,
2.76773e+06,
2.78368e+06,
2.79954e+06,
2.81589e+06,
2.83183e+06,
2.84798e+06,
2.86341e+06,
2.88039e+06,
2.89758e+06,
2.91484e+06,
2.93213e+06,
2.94974e+06,
2.96712e+06,
2.98509e+06,
3.00291e+06,
3.02077e+06,
3.03909e+06,
3.05684e+06,
3.07464e+06,
3.09289e+06,
3.11218e+06,
3.13087e+06,
3.15026e+06,
3.1695e+06,
3.18866e+06,
3.20846e+06,
3.22807e+06,
3.24717e+06,
3.2673e+06,
3.28726e+06,
3.30756e+06,
3.32801e+06,
3.34866e+06,
3.36975e+06,
3.3913e+06,
3.41312e+06,
3.43501e+06,
3.4569e+06,
3.47892e+06,
3.50133e+06,
3.52405e+06,
3.54659e+06,
3.56962e+06,
3.59281e+06,
3.61708e+06,
3.64132e+06,
3.66587e+06,
3.69066e+06,
3.71557e+06,
3.74078e+06,
3.76627e+06,
3.79218e+06,
3.81757e+06,
3.84376e+06,
3.87027e+06,
3.89727e+06,
3.92454e+06,
3.95177e+06,
3.98034e+06,
4.00832e+06,
4.03724e+06,
4.06678e+06,
4.09588e+06,
4.12548e+06,
4.15688e+06,
4.18815e+06,
4.22039e+06,
4.25326e+06,
4.28665e+06,
4.32034e+06,
4.35457e+06,
4.38859e+06,
4.42257e+06,
4.45744e+06,
4.49329e+06,
4.52944e+06,
4.56634e+06,
4.60355e+06,
4.64217e+06,
4.68139e+06,
4.72032e+06,
4.7596e+06,
4.79986e+06,
4.84135e+06,
4.88384e+06,
4.92716e+06,
4.97137e+06,
5.01471e+06,
5.05919e+06,
5.10467e+06,
5.15138e+06,
5.19924e+06,
5.24725e+06,
5.29593e+06,
5.34496e+06,
5.39492e+06,
5.44688e+06,
5.50015e+06,
5.55467e+06,
5.61017e+06,
5.66683e+06,
5.72396e+06,
5.78331e+06,
5.84552e+06,
5.90917e+06,
5.97523e+06,
6.04224e+06,
6.11252e+06,
6.18568e+06,
6.26228e+06,
6.34264e+06,
6.42731e+06,
6.51804e+06,
6.62567e+06,
6.75063e+06,
6.86651e+06,
6.9798e+06,
7.09125e+06,
7.20293e+06,
7.31509e+06,
7.4295e+06,
7.54442e+06,
7.66277e+06,
7.78451e+06,
7.91252e+06,
8.04308e+06,
8.17535e+06,
8.30959e+06,
8.44889e+06,
8.59427e+06,
8.74532e+06,
8.90401e+06,
9.0825e+06,
9.30032e+06,
9.50811e+06,
9.69483e+06,
9.87663e+06,
1.00552e+07,
1.02315e+07,
1.0406e+07,
1.05828e+07,
1.07608e+07,
1.09401e+07,
1.11267e+07,
1.12979e+07,
1.14638e+07,
1.16363e+07,
1.18283e+07,
1.20018e+07,
1.21671e+07,
1.23295e+07,
1.24905e+07,
1.26522e+07,
1.28172e+07,
1.29931e+07,
1.3159e+07,
1.33176e+07,
1.34738e+07,
1.36288e+07,
1.37832e+07,
1.39378e+07,
1.40979e+07,
1.42577e+07,
1.44205e+07,
1.45892e+07,
1.4754e+07,
1.49153e+07,
1.50768e+07,
1.52342e+07,
1.53946e+07,
1.55526e+07,
1.57115e+07,
1.58704e+07,
1.60353e+07,
1.62048e+07,
1.63763e+07,
1.6547e+07,
1.67146e+07,
1.68814e+07,
1.705e+07,
1.72161e+07,
1.73843e+07,
1.75541e+07,
1.7732e+07,
1.79192e+07,
1.81108e+07,
1.82983e+07,
1.8483e+07,
1.86532e+07,
1.88205e+07,
1.89877e+07,
1.91537e+07,
1.93204e+07,
1.94835e+07,
1.96484e+07,
1.98135e+07,
1.9978e+07,
2.01407e+07,
2.03021e+07,
2.04631e+07,
2.06255e+07,
2.07841e+07,
2.09435e+07,
2.11066e+07,
2.12724e+07,
2.14354e+07,
2.15998e+07,
2.17653e+07,
2.19324e+07,
2.20941e+07,
2.22544e+07,
2.24122e+07,
2.25678e+07,
2.27289e+07,
2.2896e+07,
2.30637e+07,
2.32389e+07,
2.34046e+07,
2.3567e+07,
2.37289e+07,
2.38926e+07,
2.40554e+07,
2.42168e+07,
2.43811e+07,
2.45568e+07,
2.47292e+07,
2.49027e+07,
2.50751e+07,
2.52371e+07,
2.53917e+07,
2.55446e+07,
2.56984e+07,
2.58547e+07,
2.60163e+07,
2.61755e+07,
2.63311e+07,
2.64861e+07,
2.66457e+07,
2.68018e+07,
2.69566e+07,
2.71123e+07,
2.72713e+07,
2.74301e+07,
2.75861e+07,
2.77447e+07,
2.78989e+07,
2.80524e+07,
2.82101e+07,
2.83662e+07,
2.85197e+07,
2.86775e+07,
2.88319e+07,
2.89834e+07,
2.91374e+07,
2.92934e+07,
2.94443e+07,
2.95958e+07,
2.97491e+07,
2.99032e+07,
3.00546e+07,
3.02042e+07,
3.03525e+07,
3.05019e+07,
3.0658e+07,
3.08218e+07,
3.09831e+07,
3.11394e+07,
3.12972e+07,
3.14629e+07,
3.16206e+07,
3.17738e+07,
3.19248e+07,
3.20751e+07,
3.22305e+07,
3.23917e+07,
3.25525e+07,
3.27144e+07,
3.28826e+07,
3.30496e+07,
3.3216e+07,
3.33774e+07,
3.35329e+07,
3.36855e+07,
3.38429e+07,
3.40055e+07,
3.41647e+07,
3.43283e+07,
3.44929e+07,
3.46518e+07,
3.48084e+07,
3.49607e+07,
3.51104e+07,
3.52592e+07,
3.54116e+07,
3.55688e+07,
3.5725e+07,
3.58845e+07,
3.60397e+07,
3.61938e+07,
3.63486e+07,
3.65003e+07,
3.66469e+07,
3.67901e+07,
3.69361e+07,
3.70871e+07,
3.72392e+07,
3.73859e+07,
3.75298e+07,
3.76711e+07,
3.78129e+07,
3.79579e+07,
3.80977e+07,
3.82368e+07,
478966,
479128,
479356,
479604,
479876,
480118,
480304,
480532,
480859,
481272,
481651,
481879,
482144,
482404,
482595,
482848,
483112,
483438,
483662,
483880,
484048,
484302,
484558,
484721,
485016,
485331,
485533,
485788,
485991,
486165,
486385,
486619,
486820,
487112,
487390,
487617,
487837,
488048,
488340,
488679,
488974,
489234,
489539,
489842,
490164,
490484,
490741,
491066,
491297,
491584,
491940,
492203,
492568,
492842,
493193,
493544,
493844,
494182,
494511,
494803,
495074,
495398,
495661,
496059,
496436,
496880,
497189,
497618,
498022,
498593,
499163,
499774,
500370,
500988,
501605,
502215,
503053,
503787,
504481,
505178,
505842,
506406,
506918,
507647,
508234,
508924,
509485,
510140,
510750,
511281,
511928,
512573,
513092,
513731,
514419,
514944,
515597,
516136,
516728,
517261,
517897,
518569,
519091,
519684,
520261,
520841,
521575,
522256,
522935,
523458,
524228,
524869,
525489,
526068,
526719,
527425,
528159,
528812,
529439,
530104,
530729,
531326,
532014,
532644,
533328,
534031,
534687,
535366,
536118,
536775,
537428,
538153,
538903,
539537,
540205,
540870,
541646,
542367,
543009,
543653,
544313,
545001,
545788,
546532,
547260,
547882,
548618,
549437,
550201,
550872,
551625,
552349,
553102,
553830,
554658,
555531,
556262,
557029,
557797,
558622,
559456,
560326,
561171,
562056,
562858,
563766,
564604,
565489,
566351,
567074,
567864,
568684,
569669,
570638,
572232,
574732,
577099,
579558,
581940,
584387,
586756,
589246,
591655,
594294,
596911,
599577,
602253,
604742,
607210,
609947,
612671,
615688,
618390,
621037,
623952,
626830,
629734,
632386,
635407,
638457,
641518,
644608,
647706,
650982,
654149,
657278,
660369,
663515,
666661,
669686,
672854,
676074,
679284,
682321,
685601,
688681,
692057,
695136,
698292,
701395,
704798,
708044,
711376,
714958,
718549,
722016,
725356,
728949,
732649,
736030,
739544,
743001,
746769,
750428,
754223,
758207,
761859,
765676,
769295,
772834,
776568,
780243,
784001,
787887,
791812,
795696,
799558,
803400,
807620,
811640,
815804,
819955,
824134,
828277,
832414,
836586,
840856,
845112,
849580,
853995,
858407,
862546,
866876,
871204,
875268,
879643,
884071,
888580,
893013,
897822,
902515,
907078,
911645,
916243,
921098,
925746,
930418,
935116,
939851,
944738,
949507,
954353,
959174,
964113,
969211,
974308,
979422,
984194,
989028,
993807,
998788,
1.00385e+06,
1.00889e+06,
1.01427e+06,
1.01925e+06,
1.02455e+06,
1.02969e+06,
1.03499e+06,
1.04014e+06,
1.04545e+06,
1.05086e+06,
1.05637e+06,
1.06193e+06,
1.06733e+06,
1.07293e+06,
1.07846e+06,
1.08383e+06,
1.08941e+06,
1.09501e+06,
1.10044e+06,
1.10609e+06,
1.11163e+06,
1.11727e+06,
1.12289e+06,
1.1287e+06,
1.13424e+06,
1.14021e+06,
1.146e+06,
1.15162e+06,
1.15713e+06,
1.1631e+06,
1.16889e+06,
1.17485e+06,
1.18051e+06,
1.18639e+06,
1.19213e+06,
1.19809e+06,
1.20396e+06,
1.21005e+06,
1.21617e+06,
1.22223e+06,
1.2285e+06,
1.23476e+06,
1.24099e+06,
1.24701e+06,
1.25298e+06,
1.25946e+06,
1.26575e+06,
1.2721e+06,
1.27837e+06,
1.28495e+06,
1.29116e+06,
1.29755e+06,
1.30396e+06,
1.31061e+06,
1.31712e+06,
1.32348e+06,
1.33007e+06,
1.33651e+06,
1.34305e+06,
1.34954e+06,
1.35608e+06,
1.36251e+06,
1.3692e+06,
1.37605e+06,
1.38315e+06,
1.3901e+06,
1.39709e+06,
1.40387e+06,
1.41071e+06,
1.41765e+06,
1.42476e+06,
1.43204e+06,
1.43905e+06,
1.44632e+06,
1.45363e+06,
1.46076e+06,
1.46818e+06,
1.47581e+06,
1.48314e+06,
1.49064e+06,
1.49783e+06,
1.50506e+06,
1.51213e+06,
1.51947e+06,
1.52686e+06,
1.53438e+06,
1.54208e+06,
1.54966e+06,
1.55719e+06,
1.56464e+06,
1.57231e+06,
1.57996e+06,
1.58826e+06,
1.59653e+06,
1.6045e+06,
1.61243e+06,
1.62044e+06,
1.62838e+06,
1.63647e+06,
1.64454e+06,
1.65267e+06,
1.66084e+06,
1.66907e+06,
1.67773e+06,
1.6862e+06,
1.69487e+06,
1.70324e+06,
1.71173e+06,
1.71992e+06,
1.72827e+06,
1.73701e+06,
1.74546e+06,
1.75419e+06,
1.76279e+06,
1.77151e+06,
1.78029e+06,
1.78908e+06,
1.79777e+06,
1.80674e+06,
1.81598e+06,
1.82554e+06,
1.83494e+06,
1.84444e+06,
1.85405e+06,
1.86376e+06,
1.87318e+06,
1.88277e+06,
1.89249e+06,
1.90227e+06,
1.91212e+06,
1.92196e+06,
1.93215e+06,
1.94245e+06,
1.9523e+06,
1.96279e+06,
1.97311e+06,
1.98343e+06,
1.99366e+06,
2.00387e+06,
2.01443e+06,
2.02495e+06,
2.03521e+06,
2.04594e+06,
2.05675e+06,
2.06749e+06,
2.07815e+06,
2.08906e+06,
2.09987e+06,
2.11069e+06,
2.1223e+06,
2.13339e+06,
2.14496e+06,
2.15643e+06,
2.16804e+06,
2.17974e+06,
2.19148e+06,
2.2032e+06,
2.21489e+06,
2.22694e+06,
2.23878e+06,
2.25066e+06,
2.26227e+06,
2.27454e+06,
2.28645e+06,
2.29844e+06,
2.31062e+06,
2.32315e+06,
2.33571e+06,
2.34827e+06,
2.36119e+06,
2.37404e+06,
2.38701e+06,
2.39962e+06,
2.41284e+06,
2.4258e+06,
2.43894e+06,
2.45238e+06,
2.46591e+06,
2.47911e+06,
2.49281e+06,
2.50692e+06,
2.52101e+06,
2.53547e+06,
2.54972e+06,
2.56442e+06,
2.57896e+06,
2.59358e+06,
2.60788e+06,
2.62237e+06,
2.6372e+06,
2.65191e+06,
2.66683e+06,
2.68212e+06,
2.69701e+06,
2.71259e+06,
2.72825e+06,
2.74376e+06,
2.75965e+06,
2.77545e+06,
2.79083e+06,
2.80711e+06,
2.82318e+06,
2.83957e+06,
2.85602e+06,
2.87255e+06,
2.88944e+06,
2.90641e+06,
2.92365e+06,
2.94129e+06,
2.95863e+06,
2.97656e+06,
2.99453e+06,
3.01245e+06,
3.03053e+06,
3.04895e+06,
3.06741e+06,
3.08646e+06,
3.10495e+06,
3.12374e+06,
3.14293e+06,
3.16196e+06,
3.18131e+06,
3.20086e+06,
3.22114e+06,
3.24072e+06,
3.26115e+06,
3.28133e+06,
3.30173e+06,
3.3222e+06,
3.34293e+06,
3.36364e+06,
3.38481e+06,
3.40597e+06,
3.42794e+06,
3.45033e+06,
3.47319e+06,
3.49601e+06,
3.51911e+06,
3.5423e+06,
3.56543e+06,
3.58916e+06,
3.6132e+06,
3.63738e+06,
3.66193e+06,
3.68687e+06,
3.71189e+06,
3.73737e+06,
3.76341e+06,
3.78936e+06,
3.81588e+06,
3.8429e+06,
3.86982e+06,
3.89739e+06,
3.92497e+06,
3.95323e+06,
3.98147e+06,
4.01031e+06,
4.03893e+06,
4.06794e+06,
4.098e+06,
4.12908e+06,
4.16087e+06,
4.19284e+06,
4.22564e+06,
4.25843e+06,
4.29158e+06,
4.3251e+06,
4.35959e+06,
4.39337e+06,
4.42881e+06,
4.46503e+06,
4.50131e+06,
4.53891e+06,
4.57714e+06,
4.61598e+06,
4.65515e+06,
4.69482e+06,
4.73455e+06,
4.77468e+06,
4.81548e+06,
4.85689e+06,
4.89911e+06,
4.94241e+06,
4.98614e+06,
5.03083e+06,
5.07615e+06,
5.12185e+06,
5.16826e+06,
5.21555e+06,
5.26442e+06,
5.3141e+06,
5.36518e+06,
5.41786e+06,
5.47043e+06,
5.52553e+06,
5.58149e+06,
5.6389e+06,
5.69818e+06,
5.75819e+06,
5.81967e+06,
5.88425e+06,
5.95151e+06,
6.02126e+06,
6.09315e+06,
6.16725e+06,
6.24518e+06,
6.3271e+06,
6.41545e+06,
6.50918e+06,
6.62099e+06,
6.75123e+06,
6.87332e+06,
6.99157e+06,
7.11125e+06,
7.22972e+06,
7.34995e+06,
7.47181e+06,
7.5963e+06,
7.72514e+06,
7.85991e+06,
8.00313e+06,
8.15142e+06,
8.3057e+06,
8.46827e+06,
8.64796e+06,
8.86518e+06,
9.05102e+06,
9.22263e+06,
9.39564e+06,
9.57154e+06,
9.74412e+06,
9.91435e+06,
1.00821e+07,
1.02244e+07,
1.03617e+07,
1.05079e+07,
1.06532e+07,
1.07974e+07,
1.09444e+07,
1.10963e+07,
1.12555e+07,
1.14189e+07,
1.15943e+07,
1.17816e+07,
1.19503e+07,
1.21141e+07,
1.22767e+07,
1.24314e+07,
1.25854e+07,
1.27404e+07,
1.29004e+07,
1.30539e+07,
1.32076e+07,
1.33598e+07,
1.35127e+07,
1.36676e+07,
1.38252e+07,
1.39787e+07,
1.41294e+07,
1.42839e+07,
1.44376e+07,
1.45899e+07,
1.47403e+07,
1.48924e+07,
1.50471e+07,
1.52034e+07,
1.53659e+07,
1.55206e+07,
1.56725e+07,
1.58244e+07,
1.59775e+07,
1.61307e+07,
1.62879e+07,
1.64421e+07,
1.65891e+07,
1.6733e+07,
1.68814e+07,
1.70285e+07,
1.71759e+07,
1.73291e+07,
1.74836e+07,
1.76321e+07,
1.77793e+07,
1.79261e+07,
1.80752e+07,
1.82278e+07,
1.83857e+07,
1.85477e+07,
1.87096e+07,
1.8872e+07,
1.90446e+07,
1.92193e+07,
1.93983e+07,
1.95692e+07,
1.97331e+07,
1.98992e+07,
2.00662e+07,
2.02315e+07,
2.0393e+07,
2.05566e+07,
2.0723e+07,
2.0887e+07,
2.10504e+07,
2.12157e+07,
2.13807e+07,
2.15397e+07,
2.16987e+07,
2.18622e+07,
2.20196e+07,
2.2181e+07,
2.23467e+07,
2.2511e+07,
2.26792e+07,
2.2844e+07,
2.30073e+07,
2.31732e+07,
2.33371e+07,
2.35028e+07,
2.36716e+07,
2.38388e+07,
2.40132e+07,
2.41795e+07,
2.43438e+07,
2.45068e+07,
2.46692e+07,
2.48344e+07,
2.50011e+07,
2.51701e+07,
2.53426e+07,
2.55158e+07,
2.56849e+07,
2.58508e+07,
2.60128e+07,
2.61764e+07,
2.63387e+07,
2.65014e+07,
2.66675e+07,
2.68395e+07,
2.70151e+07,
2.71819e+07,
2.73421e+07,
2.7496e+07,
2.76446e+07,
2.77946e+07,
2.79436e+07,
2.80934e+07,
2.82478e+07,
2.84015e+07,
2.85562e+07,
2.87108e+07,
2.88637e+07,
2.90125e+07,
2.91605e+07,
2.93093e+07,
2.9456e+07,
2.96047e+07,
2.97531e+07,
2.99019e+07,
3.00531e+07,
3.02143e+07,
3.03783e+07,
3.05373e+07,
3.06955e+07,
3.08548e+07,
3.10207e+07,
3.1181e+07,
3.13393e+07,
3.1496e+07,
3.16545e+07,
3.18198e+07,
3.19907e+07,
3.21606e+07,
3.23374e+07,
3.25138e+07,
3.26809e+07,
3.28397e+07,
3.29926e+07,
3.31442e+07,
3.32959e+07,
3.34505e+07,
3.36111e+07,
3.37684e+07,
3.39293e+07,
3.40918e+07,
3.42485e+07,
3.4401e+07,
3.45501e+07,
3.46994e+07,
3.48513e+07,
3.50071e+07,
3.51706e+07,
3.5327e+07,
3.54851e+07,
3.56357e+07,
3.57843e+07,
3.59312e+07,
3.60775e+07,
3.62207e+07,
3.63626e+07,
3.6508e+07,
3.66624e+07,
3.68137e+07,
3.69594e+07,
3.71001e+07,
3.72382e+07,
3.73752e+07,
3.75109e+07,
3.76477e+07,
3.77846e+07,
478966,
479122,
479327,
479547,
479825,
480044,
480208,
480376,
480657,
481074,
481412,
481698,
481985,
482211,
482416,
482659,
482898,
483178,
483413,
483668,
483852,
484034,
484278,
484487,
484693,
485006,
485242,
485454,
485652,
485915,
486097,
486323,
486543,
486798,
486927,
487198,
487468,
487732,
488018,
488264,
488581,
488875,
489208,
489462,
489872,
490096,
490378,
490651,
490991,
491239,
491473,
491762,
492153,
492485,
492754,
493068,
493380,
493710,
493938,
494184,
494515,
494854,
495172,
495635,
496052,
496499,
496870,
497253,
497727,
498216,
498761,
499268,
499875,
500477,
501118,
501772,
502380,
502969,
503788,
504503,
505079,
505721,
506310,
506976,
507597,
508104,
508722,
509363,
509988,
510692,
511276,
511841,
512423,
513111,
513717,
514367,
514897,
515477,
516006,
516541,
517098,
517644,
518250,
518862,
519417,
520061,
520711,
521300,
522000,
522596,
523197,
523777,
524500,
525231,
525927,
526653,
527298,
527878,
528652,
529168,
529735,
530343,
530964,
531658,
532372,
533057,
533709,
534371,
535067,
535683,
536351,
537063,
537647,
538280,
539010,
539705,
540346,
540980,
541679,
542397,
543051,
543800,
544494,
545216,
546023,
546697,
547477,
548229,
548892,
549573,
550303,
551030,
551841,
552552,
553302,
554186,
554998,
555712,
556563,
557219,
557972,
558819,
559591,
560489,
561415,
562228,
563181,
563926,
564823,
565663,
566609,
567492,
568318,
569314,
570259,
571634,
574026,
576404,
578884,
581268,
583775,
586223,
588682,
591020,
593465,
596034,
598635,
601196,
603786,
606275,
608976,
611886,
614638,
617484,
620139,
622846,
625647,
628383,
631307,
634191,
637238,
640344,
643480,
646444,
649456,
652704,
655912,
659029,
662172,
665201,
668252,
671026,
674116,
677194,
680374,
683674,
686723,
689963,
693164,
696314,
699469,
702479,
705727,
709094,
712699,
716056,
719474,
723010,
726493,
729829,
733275,
736786,
740284,
743866,
747506,
751340,
755153,
758757,
762401,
766121,
769695,
773322,
776821,
780632,
784254,
787945,
791941,
795929,
799947,
804191,
808224,
812160,
816287,
820310,
824343,
828575,
832664,
836861,
841156,
845610,
849971,
854247,
858416,
862795,
867121,
871586,
876012,
880304,
884469,
888901,
893285,
897880,
902364,
907165,
911649,
916113,
920871,
925609,
930284,
935248,
940005,
944726,
949585,
954545,
959296,
964571,
969172,
974030,
979064,
984036,
989142,
994028,
999024,
1.00405e+06,
1.00895e+06,
1.01404e+06,
1.01897e+06,
1.02433e+06,
1.02941e+06,
1.03451e+06,
1.0398e+06,
1.04529e+06,
1.05088e+06,
1.05635e+06,
1.06193e+06,
1.06725e+06,
1.07266e+06,
1.07808e+06,
1.08364e+06,
1.08892e+06,
1.09435e+06,
1.09992e+06,
1.10544e+06,
1.11104e+06,
1.11664e+06,
1.12218e+06,
1.1278e+06,
1.13352e+06,
1.1395e+06,
1.145e+06,
1.15093e+06,
1.15686e+06,
1.16262e+06,
1.1683e+06,
1.17412e+06,
1.17989e+06,
1.18575e+06,
1.19134e+06,
1.19723e+06,
1.20327e+06,
1.20909e+06,
1.21538e+06,
1.22129e+06,
1.22731e+06,
1.23356e+06,
1.23969e+06,
1.24587e+06,
1.25197e+06,
1.25839e+06,
1.26479e+06,
1.27121e+06,
1.27765e+06,
1.28405e+06,
1.29029e+06,
1.2965e+06,
1.30278e+06,
1.30906e+06,
1.3153e+06,
1.32164e+06,
1.3281e+06,
1.33467e+06,
1.3414e+06,
1.34833e+06,
1.35501e+06,
1.36157e+06,
1.36839e+06,
1.37513e+06,
1.38213e+06,
1.38901e+06,
1.39564e+06,
1.40244e+06,
1.40949e+06,
1.41644e+06,
1.42355e+06,
1.43072e+06,
1.43796e+06,
1.44512e+06,
1.45241e+06,
1.45945e+06,
1.46709e+06,
1.4744e+06,
1.48164e+06,
1.48898e+06,
1.49634e+06,
1.50378e+06,
1.51122e+06,
1.51847e+06,
1.5259e+06,
1.53329e+06,
1.54073e+06,
1.54822e+06,
1.55581e+06,
1.56338e+06,
1.5712e+06,
1.57918e+06,
1.58706e+06,
1.59501e+06,
1.60306e+06,
1.61093e+06,
1.61879e+06,
1.62663e+06,
1.6344e+06,
1.64264e+06,
1.65081e+06,
1.65903e+06,
1.66727e+06,
1.67565e+06,
1.68415e+06,
1.6927e+06,
1.70084e+06,
1.70958e+06,
1.71784e+06,
1.72657e+06,
1.73515e+06,
1.74387e+06,
1.75278e+06,
1.76159e+06,
1.77033e+06,
1.7791e+06,
1.78806e+06,
1.79694e+06,
1.80579e+06,
1.81472e+06,
1.82405e+06,
1.83337e+06,
1.84294e+06,
1.85269e+06,
1.86227e+06,
1.87193e+06,
1.88166e+06,
1.89157e+06,
1.90143e+06,
1.91148e+06,
1.92155e+06,
1.9316e+06,
1.9419e+06,
1.95169e+06,
1.96161e+06,
1.97165e+06,
1.98188e+06,
1.99225e+06,
2.00278e+06,
2.01352e+06,
2.02445e+06,
2.03514e+06,
2.0458e+06,
2.05676e+06,
2.0677e+06,
2.07836e+06,
2.08928e+06,
2.09999e+06,
2.11085e+06,
2.12215e+06,
2.1335e+06,
2.14458e+06,
2.15609e+06,
2.16764e+06,
2.17963e+06,
2.19129e+06,
2.20331e+06,
2.21545e+06,
2.2275e+06,
2.23958e+06,
2.25134e+06,
2.26317e+06,
2.27543e+06,
2.28758e+06,
2.29988e+06,
2.31197e+06,
2.32427e+06,
2.33736e+06,
2.34991e+06,
2.36264e+06,
2.37584e+06,
2.3888e+06,
2.40178e+06,
2.41484e+06,
2.42819e+06,
2.4412e+06,
2.45469e+06,
2.46852e+06,
2.48261e+06,
2.49653e+06,
2.51031e+06,
2.52452e+06,
2.53886e+06,
2.55302e+06,
2.56752e+06,
2.58196e+06,
2.59645e+06,
2.61139e+06,
2.62614e+06,
2.64129e+06,
2.65636e+06,
2.67159e+06,
2.68678e+06,
2.70192e+06,
2.71713e+06,
2.73276e+06,
2.74848e+06,
2.76409e+06,
2.78013e+06,
2.79591e+06,
2.81247e+06,
2.82904e+06,
2.84557e+06,
2.86267e+06,
2.87966e+06,
2.89686e+06,
2.9139e+06,
2.93105e+06,
2.94869e+06,
2.96632e+06,
2.98434e+06,
3.00248e+06,
3.02079e+06,
3.03931e+06,
3.05774e+06,
3.07649e+06,
3.095e+06,
3.11386e+06,
3.1328e+06,
3.15226e+06,
3.1718e+06,
3.19194e+06,
3.21178e+06,
3.23202e+06,
3.25221e+06,
3.27254e+06,
3.29308e+06,
3.31398e+06,
3.33515e+06,
3.35674e+06,
3.3785e+06,
3.40023e+06,
3.42252e+06,
3.4448e+06,
3.46722e+06,
3.48981e+06,
3.5121e+06,
3.53508e+06,
3.5586e+06,
3.5827e+06,
3.607e+06,
3.63199e+06,
3.65691e+06,
3.68186e+06,
3.70711e+06,
3.7323e+06,
3.75821e+06,
3.78417e+06,
3.81096e+06,
3.83796e+06,
3.86572e+06,
3.89349e+06,
3.92132e+06,
3.94974e+06,
3.97833e+06,
4.00732e+06,
4.03658e+06,
4.06647e+06,
4.09762e+06,
4.1292e+06,
4.16034e+06,
4.19287e+06,
4.22558e+06,
4.25882e+06,
4.29262e+06,
4.32704e+06,
4.36176e+06,
4.39661e+06,
4.43228e+06,
4.46919e+06,
4.50692e+06,
4.54473e+06,
4.58259e+06,
4.62101e+06,
4.65966e+06,
4.69874e+06,
4.73868e+06,
4.77986e+06,
4.82153e+06,
4.86461e+06,
4.90765e+06,
4.9509e+06,
4.99523e+06,
5.03984e+06,
5.08566e+06,
5.13259e+06,
5.18e+06,
5.22869e+06,
5.2792e+06,
5.33099e+06,
5.38408e+06,
5.43814e+06,
5.4931e+06,
5.54905e+06,
5.60647e+06,
5.66577e+06,
5.7269e+06,
5.79075e+06,
5.85677e+06,
5.92486e+06,
5.99549e+06,
6.06907e+06,
6.146e+06,
6.22664e+06,
6.31136e+06,
6.40166e+06,
6.4995e+06,
6.61728e+06,
6.75766e+06,
6.88687e+06,
7.01456e+06,
7.14244e+06,
7.27165e+06,
7.40258e+06,
7.53772e+06,
7.68019e+06,
7.83088e+06,
7.99536e+06,
8.17861e+06,
8.40829e+06,
8.61331e+06,
8.79171e+06,
8.96238e+06,
9.12475e+06,
9.2799e+06,
9.40317e+06,
9.52314e+06,
9.65185e+06,
9.78577e+06,
9.92511e+06,
1.00656e+07,
1.01996e+07,
1.03347e+07,
1.04716e+07,
1.06097e+07,
1.0752e+07,
1.08957e+07,
1.10425e+07,
1.11995e+07,
1.13675e+07,
1.15601e+07,
1.17303e+07,
1.18895e+07,
1.20441e+07,
1.21937e+07,
1.23445e+07,
1.24946e+07,
1.26484e+07,
1.27998e+07,
1.2949e+07,
1.31021e+07,
1.32506e+07,
1.33955e+07,
1.35411e+07,
1.36863e+07,
1.38345e+07,
1.39795e+07,
1.41277e+07,
1.42803e+07,
1.44303e+07,
1.45834e+07,
1.4732e+07,
1.48804e+07,
1.50248e+07,
1.51676e+07,
1.53066e+07,
1.54386e+07,
1.5574e+07,
1.57133e+07,
1.58551e+07,
1.60014e+07,
1.61404e+07,
1.62745e+07,
1.64078e+07,
1.65404e+07,
1.66721e+07,
1.68054e+07,
1.69456e+07,
1.70883e+07,
1.72279e+07,
1.7372e+07,
1.75161e+07,
1.76548e+07,
1.7789e+07,
1.79244e+07,
1.80636e+07,
1.82047e+07,
1.83469e+07,
1.84936e+07,
1.86401e+07,
1.87899e+07,
1.89424e+07,
1.90938e+07,
1.92501e+07,
1.94035e+07,
1.95542e+07,
1.97079e+07,
1.98677e+07,
2.00381e+07,
2.02137e+07,
2.03982e+07,
2.05882e+07,
2.07601e+07,
2.09261e+07,
2.10916e+07,
2.12512e+07,
2.14079e+07,
2.15683e+07,
2.17359e+07,
2.19051e+07,
2.20788e+07,
2.22542e+07,
2.24219e+07,
2.25843e+07,
2.27448e+07,
2.29015e+07,
2.30612e+07,
2.32267e+07,
2.33998e+07,
2.35665e+07,
2.37305e+07,
2.3897e+07,
2.40636e+07,
2.42279e+07,
2.43911e+07,
2.45528e+07,
2.47189e+07,
2.489e+07,
2.50615e+07,
2.52277e+07,
2.5392e+07,
2.55536e+07,
2.57172e+07,
2.58781e+07,
2.6039e+07,
2.62032e+07,
2.63656e+07,
2.6529e+07,
2.66939e+07,
2.6855e+07,
2.70153e+07,
2.71767e+07,
2.73422e+07,
2.7503e+07,
2.76648e+07,
2.78235e+07,
2.79808e+07,
2.81381e+07,
2.82968e+07,
2.84515e+07,
2.86068e+07,
2.87653e+07,
2.89284e+07,
2.90896e+07,
2.92386e+07,
2.93849e+07,
2.95314e+07,
2.96838e+07,
2.9844e+07,
2.99996e+07,
3.01546e+07,
3.03133e+07,
3.04823e+07,
3.06463e+07,
3.08059e+07,
3.09649e+07,
3.11276e+07,
3.13023e+07,
3.14763e+07,
3.16414e+07,
3.18066e+07,
3.19765e+07,
3.21397e+07,
3.22973e+07,
3.24534e+07,
3.26085e+07,
3.2764e+07,
3.2926e+07,
3.30934e+07,
3.32569e+07,
3.3424e+07,
3.35915e+07,
3.37509e+07,
3.39126e+07,
3.40656e+07,
3.42147e+07,
3.4366e+07,
3.45212e+07,
3.46765e+07,
3.48283e+07,
3.49818e+07,
3.5128e+07,
3.52731e+07,
3.5421e+07,
3.55642e+07,
3.57039e+07,
3.58425e+07,
3.59866e+07,
3.61377e+07,
3.62872e+07,
3.64319e+07,
3.6571e+07,
3.67105e+07,
3.68513e+07,
3.69921e+07,
3.71305e+07,
3.72672e+07,
478966,
479115,
479281,
479491,
479805,
479945,
480142,
480296,
480509,
480859,
481190,
481522,
481776,
481996,
482244,
482470,
482727,
482969,
483190,
483381,
483569,
483801,
484017,
484202,
484425,
484690,
484888,
485199,
485360,
485609,
485861,
486085,
486288,
486451,
486642,
486872,
487139,
487479,
487770,
488136,
488415,
488662,
488844,
489203,
489465,
489706,
490026,
490265,
490559,
490847,
491096,
491506,
491801,
492046,
492292,
492665,
492909,
493181,
493498,
493856,
494183,
494549,
494938,
495444,
495911,
496391,
496807,
497217,
497557,
497998,
498484,
499078,
499559,
500163,
500681,
501212,
501765,
502354,
502899,
503512,
504075,
504708,
505442,
506108,
506726,
507340,
507963,
508623,
509247,
509944,
510576,
511200,
511808,
512456,
513091,
513658,
514186,
514692,
515196,
515747,
516340,
516923,
517433,
517995,
518581,
519171,
519757,
520414,
521081,
521676,
522317,
522977,
523610,
524359,
524957,
525682,
526273,
526906,
527579,
528205,
528809,
529426,
530143,
530808,
531425,
532122,
532823,
533501,
534026,
534635,
535349,
536026,
536678,
537370,
538107,
538720,
539314,
540080,
540744,
541369,
541962,
542672,
543273,
544020,
544737,
545528,
546300,
547095,
547850,
548472,
549261,
550020,
550749,
551451,
552193,
553022,
553800,
554677,
555503,
556217,
557014,
557791,
558625,
559403,
560107,
560909,
561724,
562566,
563323,
564151,
564949,
565811,
566622,
567490,
568324,
569199,
570359,
572739,
575085,
577600,
580138,
582497,
584797,
587302,
589838,
592256,
594866,
597529,
600110,
602495,
605065,
607745,
610475,
613352,
616181,
618804,
621510,
624119,
626751,
629545,
632466,
635653,
638662,
641590,
644680,
647611,
650781,
653904,
657029,
660058,
663174,
666055,
668944,
671986,
674950,
678062,
681246,
684401,
687663,
690702,
693821,
696906,
700031,
703028,
706137,
709643,
713308,
716839,
720401,
723642,
727006,
730372,
733687,
737207,
740730,
744212,
747875,
751515,
755178,
758625,
762311,
766005,
769742,
773472,
777193,
780865,
784636,
788434,
792332,
796167,
800016,
804037,
808004,
812098,
816206,
820163,
824246,
828271,
832434,
836397,
840818,
845166,
849376,
853617,
857991,
862408,
866783,
870999,
875413,
879810,
884213,
888587,
892915,
897337,
901629,
906130,
910612,
915307,
920000,
924751,
929597,
934346,
939219,
944262,
948888,
953738,
958480,
963400,
968388,
973089,
977952,
982914,
988164,
993110,
998192,
1.00293e+06,
1.00781e+06,
1.01306e+06,
1.01831e+06,
1.02306e+06,
1.02819e+06,
1.03342e+06,
1.0386e+06,
1.04367e+06,
1.0489e+06,
1.05439e+06,
1.05983e+06,
1.06536e+06,
1.07131e+06,
1.07665e+06,
1.08221e+06,
1.08759e+06,
1.09307e+06,
1.09861e+06,
1.10398e+06,
1.10954e+06,
1.11508e+06,
1.12055e+06,
1.12615e+06,
1.13184e+06,
1.13752e+06,
1.14315e+06,
1.14904e+06,
1.15474e+06,
1.16046e+06,
1.16651e+06,
1.17215e+06,
1.17797e+06,
1.18394e+06,
1.18968e+06,
1.1955e+06,
1.20149e+06,
1.20709e+06,
1.21326e+06,
1.21943e+06,
1.22541e+06,
1.23142e+06,
1.23769e+06,
1.24399e+06,
1.25052e+06,
1.25674e+06,
1.26282e+06,
1.2691e+06,
1.27536e+06,
1.28147e+06,
1.28793e+06,
1.29404e+06,
1.30037e+06,
1.30684e+06,
1.31318e+06,
1.3196e+06,
1.32611e+06,
1.33272e+06,
1.33932e+06,
1.34585e+06,
1.35261e+06,
1.35911e+06,
1.36586e+06,
1.37261e+06,
1.37932e+06,
1.38639e+06,
1.39323e+06,
1.4003e+06,
1.40735e+06,
1.41429e+06,
1.42142e+06,
1.42856e+06,
1.43571e+06,
1.44269e+06,
1.45002e+06,
1.45713e+06,
1.46425e+06,
1.47169e+06,
1.47894e+06,
1.48596e+06,
1.49336e+06,
1.50071e+06,
1.5083e+06,
1.51542e+06,
1.52288e+06,
1.53033e+06,
1.53776e+06,
1.54523e+06,
1.55276e+06,
1.56023e+06,
1.56784e+06,
1.57549e+06,
1.58335e+06,
1.59137e+06,
1.59931e+06,
1.60763e+06,
1.61577e+06,
1.6238e+06,
1.63212e+06,
1.64029e+06,
1.64846e+06,
1.65655e+06,
1.66479e+06,
1.67307e+06,
1.6813e+06,
1.68935e+06,
1.69755e+06,
1.70587e+06,
1.71448e+06,
1.72301e+06,
1.73178e+06,
1.74049e+06,
1.74937e+06,
1.75838e+06,
1.76711e+06,
1.77588e+06,
1.78511e+06,
1.79403e+06,
1.8032e+06,
1.81222e+06,
1.82168e+06,
1.83099e+06,
1.84052e+06,
1.85029e+06,
1.85988e+06,
1.86945e+06,
1.87938e+06,
1.88926e+06,
1.89907e+06,
1.90885e+06,
1.91896e+06,
1.92895e+06,
1.93935e+06,
1.94936e+06,
1.9595e+06,
1.96974e+06,
1.98015e+06,
1.99039e+06,
2.00092e+06,
2.01154e+06,
2.02212e+06,
2.0327e+06,
2.04333e+06,
2.05401e+06,
2.06487e+06,
2.07558e+06,
2.08641e+06,
2.09736e+06,
2.10863e+06,
2.12031e+06,
2.13217e+06,
2.14379e+06,
2.15522e+06,
2.16686e+06,
2.17867e+06,
2.19042e+06,
2.20211e+06,
2.21393e+06,
2.22573e+06,
2.23755e+06,
2.2498e+06,
2.26226e+06,
2.27485e+06,
2.28736e+06,
2.29981e+06,
2.31249e+06,
2.32499e+06,
2.33775e+06,
2.35037e+06,
2.36323e+06,
2.37606e+06,
2.38885e+06,
2.40166e+06,
2.41491e+06,
2.42778e+06,
2.44147e+06,
2.45505e+06,
2.46915e+06,
2.48332e+06,
2.49748e+06,
2.51141e+06,
2.52578e+06,
2.53988e+06,
2.55455e+06,
2.56894e+06,
2.58368e+06,
2.59852e+06,
2.61357e+06,
2.62826e+06,
2.64327e+06,
2.65827e+06,
2.67385e+06,
2.68947e+06,
2.7051e+06,
2.7204e+06,
2.73628e+06,
2.75187e+06,
2.76832e+06,
2.78489e+06,
2.80128e+06,
2.81755e+06,
2.83406e+06,
2.85043e+06,
2.86744e+06,
2.88414e+06,
2.90157e+06,
2.91924e+06,
2.93718e+06,
2.95516e+06,
2.97366e+06,
2.99165e+06,
3.00957e+06,
3.02792e+06,
3.04665e+06,
3.06515e+06,
3.0839e+06,
3.10315e+06,
3.12255e+06,
3.14248e+06,
3.16191e+06,
3.18191e+06,
3.2021e+06,
3.22193e+06,
3.24205e+06,
3.26231e+06,
3.28281e+06,
3.30365e+06,
3.32477e+06,
3.34597e+06,
3.3671e+06,
3.38881e+06,
3.41073e+06,
3.43298e+06,
3.45577e+06,
3.47879e+06,
3.5022e+06,
3.52584e+06,
3.54997e+06,
3.57392e+06,
3.59831e+06,
3.62278e+06,
3.64746e+06,
3.67283e+06,
3.6981e+06,
3.72365e+06,
3.75014e+06,
3.77717e+06,
3.80407e+06,
3.83119e+06,
3.85876e+06,
3.8867e+06,
3.91504e+06,
3.94354e+06,
3.97206e+06,
4.00142e+06,
4.03088e+06,
4.06164e+06,
4.09259e+06,
4.1243e+06,
4.1563e+06,
4.18885e+06,
4.22183e+06,
4.25572e+06,
4.28986e+06,
4.32474e+06,
4.35966e+06,
4.39515e+06,
4.43155e+06,
4.46814e+06,
4.50521e+06,
4.54253e+06,
4.58078e+06,
4.61935e+06,
4.65907e+06,
4.69876e+06,
4.74011e+06,
4.78106e+06,
4.82267e+06,
4.86531e+06,
4.90914e+06,
4.95388e+06,
4.99925e+06,
5.04539e+06,
5.09214e+06,
5.13962e+06,
5.18901e+06,
5.23954e+06,
5.29155e+06,
5.34405e+06,
5.398e+06,
5.45355e+06,
5.5104e+06,
5.56995e+06,
5.63044e+06,
5.69292e+06,
5.75705e+06,
5.82408e+06,
5.89462e+06,
5.96725e+06,
6.04181e+06,
6.12106e+06,
6.20464e+06,
6.29389e+06,
6.38906e+06,
6.4925e+06,
6.61825e+06,
6.76913e+06,
6.90944e+06,
7.04812e+06,
7.19002e+06,
7.33732e+06,
7.49315e+06,
7.65898e+06,
7.84938e+06,
8.10135e+06,
8.30991e+06,
8.49828e+06,
8.67191e+06,
8.79252e+06,
8.90199e+06,
9.01271e+06,
9.124e+06,
9.23572e+06,
9.35185e+06,
9.48253e+06,
9.61657e+06,
9.75177e+06,
9.88487e+06,
1.00161e+07,
1.01398e+07,
1.02663e+07,
1.03966e+07,
1.05312e+07,
1.06729e+07,
1.08262e+07,
1.09845e+07,
1.11467e+07,
1.13198e+07,
1.14993e+07,
1.16577e+07,
1.18038e+07,
1.19464e+07,
1.20887e+07,
1.22336e+07,
1.23852e+07,
1.25418e+07,
1.26926e+07,
1.28377e+07,
1.29797e+07,
1.31205e+07,
1.32617e+07,
1.34006e+07,
1.35422e+07,
1.36815e+07,
1.38247e+07,
1.39739e+07,
1.412e+07,
1.42604e+07,
1.43876e+07,
1.4517e+07,
1.46477e+07,
1.47745e+07,
1.49015e+07,
1.50271e+07,
1.51561e+07,
1.52929e+07,
1.54277e+07,
1.55609e+07,
1.56896e+07,
1.58166e+07,
1.59427e+07,
1.60682e+07,
1.61944e+07,
1.63231e+07,
1.64537e+07,
1.65914e+07,
1.67261e+07,
1.68558e+07,
1.69837e+07,
1.71098e+07,
1.7237e+07,
1.73666e+07,
1.74973e+07,
1.7632e+07,
1.77669e+07,
1.79089e+07,
1.80478e+07,
1.81817e+07,
1.83162e+07,
1.84498e+07,
1.85868e+07,
1.87276e+07,
1.88666e+07,
1.9005e+07,
1.9147e+07,
1.93016e+07,
1.94593e+07,
1.96104e+07,
1.97582e+07,
1.99103e+07,
2.006e+07,
2.02125e+07,
2.03636e+07,
2.05167e+07,
2.06719e+07,
2.08431e+07,
2.10209e+07,
2.11986e+07,
2.13806e+07,
2.15594e+07,
2.1736e+07,
2.18998e+07,
2.20607e+07,
2.22211e+07,
2.23834e+07,
2.25546e+07,
2.27379e+07,
2.29083e+07,
2.30735e+07,
2.32376e+07,
2.34005e+07,
2.35606e+07,
2.37193e+07,
2.38802e+07,
2.40459e+07,
2.42162e+07,
2.43903e+07,
2.45542e+07,
2.47135e+07,
2.48704e+07,
2.5026e+07,
2.51839e+07,
2.53431e+07,
2.55039e+07,
2.56631e+07,
2.58244e+07,
2.5994e+07,
2.6156e+07,
2.63133e+07,
2.64668e+07,
2.66205e+07,
2.67756e+07,
2.6935e+07,
2.70918e+07,
2.72491e+07,
2.74066e+07,
2.75702e+07,
2.77263e+07,
2.78777e+07,
2.80282e+07,
2.818e+07,
2.83316e+07,
2.84832e+07,
2.86348e+07,
2.87913e+07,
2.89547e+07,
2.9129e+07,
2.92975e+07,
2.94619e+07,
2.9628e+07,
2.98045e+07,
2.9976e+07,
3.01522e+07,
3.03236e+07,
3.04917e+07,
3.06625e+07,
3.08416e+07,
3.10179e+07,
3.11908e+07,
3.13657e+07,
3.1526e+07,
3.16816e+07,
3.18358e+07,
3.19901e+07,
3.21435e+07,
3.23006e+07,
3.24686e+07,
3.26373e+07,
3.28025e+07,
3.29641e+07,
3.31188e+07,
3.32708e+07,
3.34207e+07,
3.35698e+07,
3.37173e+07,
3.38685e+07,
3.40288e+07,
3.41919e+07,
3.43508e+07,
3.44994e+07,
3.46468e+07,
3.47914e+07,
3.49361e+07,
3.50805e+07,
3.52227e+07,
3.53703e+07,
3.55272e+07,
3.56888e+07,
3.58402e+07,
3.59842e+07,
3.6125e+07,
3.62602e+07,
3.63952e+07,
3.65301e+07,
3.66652e+07,
478966,
479106,
479251,
479453,
479738,
479888,
480040,
480201,
480330,
480649,
481047,
481327,
481573,
481843,
482038,
482242,
482485,
482743,
482929,
483114,
483319,
483534,
483714,
484007,
484286,
484423,
484660,
484928,
485148,
485343,
485577,
485889,
486157,
486238,
486439,
486683,
486947,
487258,
487495,
487805,
488101,
488369,
488610,
488844,
489074,
489320,
489626,
489872,
490119,
490453,
490779,
491002,
491323,
491605,
491946,
492291,
492711,
492996,
493429,
493796,
494204,
494526,
494928,
495357,
495817,
496252,
496629,
496974,
497281,
497658,
498097,
498592,
499188,
499573,
500130,
500674,
501220,
501873,
502370,
502962,
503446,
503950,
504526,
505120,
505760,
506466,
507180,
507927,
508518,
509184,
509834,
510444,
510981,
511572,
512226,
512787,
513267,
513891,
514414,
514944,
515479,
516072,
516615,
517230,
517857,
518502,
519166,
519769,
520415,
520987,
521554,
522244,
522891,
523565,
524213,
524750,
525363,
526025,
526664,
527212,
527784,
528505,
529088,
529765,
530433,
531171,
531828,
532540,
533113,
533721,
534322,
534901,
535551,
536258,
537033,
537730,
538378,
539103,
539853,
540526,
541152,
541797,
542501,
543245,
543924,
544672,
545443,
546112,
546827,
547501,
548254,
548935,
549633,
550351,
551104,
551836,
552480,
553349,
554119,
554886,
555603,
556447,
557182,
557951,
558710,
559640,
560530,
561317,
562177,
563085,
563851,
564681,
565557,
566371,
567208,
568015,
568805,
569662,
571390,
573855,
576105,
578697,
581038,
583359,
585920,
588559,
590952,
593518,
596014,
598600,
601021,
603595,
606180,
609037,
611717,
614394,
617025,
619550,
622198,
624698,
627519,
630487,
633479,
636566,
639749,
642712,
645766,
648664,
651641,
654583,
657565,
660508,
663598,
666481,
669349,
672238,
675235,
678449,
681626,
684647,
687716,
690707,
693819,
696880,
699889,
703233,
706362,
709863,
713260,
716537,
720124,
723560,
726994,
730417,
733716,
737099,
740748,
744248,
747860,
751202,
754932,
758500,
761834,
765450,
769107,
772972,
776801,
780638,
784486,
788183,
791813,
795505,
799208,
803241,
807299,
811430,
815435,
819595,
823656,
827704,
831873,
835999,
840060,
844256,
848326,
852625,
856906,
861070,
865352,
869824,
874129,
878538,
883177,
887438,
892077,
896253,
900484,
904723,
909188,
913676,
918511,
923315,
928034,
932976,
937821,
942780,
947539,
952455,
957143,
961822,
966513,
971421,
976354,
981202,
986131,
990987,
996203,
1.00135e+06,
1.00629e+06,
1.01118e+06,
1.0162e+06,
1.02117e+06,
1.0261e+06,
1.03122e+06,
1.0361e+06,
1.0414e+06,
1.04684e+06,
1.05232e+06,
1.05754e+06,
1.06279e+06,
1.06847e+06,
1.07406e+06,
1.07955e+06,
1.08509e+06,
1.09085e+06,
1.09622e+06,
1.10185e+06,
1.10736e+06,
1.11304e+06,
1.11871e+06,
1.12404e+06,
1.12969e+06,
1.13538e+06,
1.14104e+06,
1.14669e+06,
1.15223e+06,
1.15776e+06,
1.16357e+06,
1.16939e+06,
1.17525e+06,
1.18117e+06,
1.18708e+06,
1.19291e+06,
1.19883e+06,
1.2047e+06,
1.21092e+06,
1.21693e+06,
1.22315e+06,
1.22938e+06,
1.23536e+06,
1.24158e+06,
1.24765e+06,
1.25373e+06,
1.26012e+06,
1.2663e+06,
1.27256e+06,
1.27882e+06,
1.28526e+06,
1.29144e+06,
1.29772e+06,
1.30404e+06,
1.31033e+06,
1.31686e+06,
1.32317e+06,
1.32969e+06,
1.33616e+06,
1.34278e+06,
1.34895e+06,
1.35554e+06,
1.36203e+06,
1.36864e+06,
1.3757e+06,
1.38281e+06,
1.38985e+06,
1.39685e+06,
1.40395e+06,
1.41106e+06,
1.41802e+06,
1.42527e+06,
1.43268e+06,
1.43991e+06,
1.44696e+06,
1.45395e+06,
1.46111e+06,
1.46824e+06,
1.47538e+06,
1.48245e+06,
1.48991e+06,
1.49731e+06,
1.50467e+06,
1.51205e+06,
1.51947e+06,
1.52705e+06,
1.53432e+06,
1.54173e+06,
1.54916e+06,
1.55674e+06,
1.56449e+06,
1.57201e+06,
1.57972e+06,
1.5873e+06,
1.59492e+06,
1.60326e+06,
1.61124e+06,
1.61935e+06,
1.62751e+06,
1.63609e+06,
1.64449e+06,
1.65259e+06,
1.66065e+06,
1.6688e+06,
1.67718e+06,
1.68567e+06,
1.69423e+06,
1.70265e+06,
1.71104e+06,
1.71993e+06,
1.72843e+06,
1.7371e+06,
1.74573e+06,
1.75458e+06,
1.76343e+06,
1.77212e+06,
1.78113e+06,
1.79002e+06,
1.79888e+06,
1.80781e+06,
1.81726e+06,
1.82683e+06,
1.83648e+06,
1.84613e+06,
1.85564e+06,
1.86534e+06,
1.87505e+06,
1.88499e+06,
1.8949e+06,
1.90483e+06,
1.91466e+06,
1.9247e+06,
1.93497e+06,
1.94537e+06,
1.95571e+06,
1.96614e+06,
1.97667e+06,
1.98723e+06,
1.99781e+06,
2.00822e+06,
2.01879e+06,
2.02931e+06,
2.03971e+06,
2.05032e+06,
2.06133e+06,
2.07233e+06,
2.08336e+06,
2.0945e+06,
2.1055e+06,
2.11732e+06,
2.12895e+06,
2.1406e+06,
2.15206e+06,
2.16379e+06,
2.17533e+06,
2.18701e+06,
2.19891e+06,
2.21095e+06,
2.22297e+06,
2.23541e+06,
2.24781e+06,
2.26022e+06,
2.27229e+06,
2.28486e+06,
2.29759e+06,
2.31067e+06,
2.32339e+06,
2.33623e+06,
2.34917e+06,
2.36209e+06,
2.37517e+06,
2.38837e+06,
2.40193e+06,
2.41499e+06,
2.42795e+06,
2.44137e+06,
2.45503e+06,
2.46883e+06,
2.48286e+06,
2.49689e+06,
2.51121e+06,
2.52586e+06,
2.5403e+06,
2.55492e+06,
2.56942e+06,
2.58477e+06,
2.59965e+06,
2.61469e+06,
2.6295e+06,
2.64456e+06,
2.65999e+06,
2.67518e+06,
2.69047e+06,
2.70613e+06,
2.7224e+06,
2.73854e+06,
2.75486e+06,
2.77131e+06,
2.78769e+06,
2.80375e+06,
2.82042e+06,
2.83727e+06,
2.85389e+06,
2.8708e+06,
2.88801e+06,
2.90531e+06,
2.92303e+06,
2.94061e+06,
2.95786e+06,
2.97573e+06,
2.99369e+06,
3.0123e+06,
3.03079e+06,
3.04936e+06,
3.06833e+06,
3.08749e+06,
3.10681e+06,
3.12619e+06,
3.14543e+06,
3.16532e+06,
3.18506e+06,
3.20515e+06,
3.22554e+06,
3.24583e+06,
3.267e+06,
3.2881e+06,
3.30944e+06,
3.33102e+06,
3.35255e+06,
3.37426e+06,
3.39639e+06,
3.41879e+06,
3.44131e+06,
3.46465e+06,
3.48777e+06,
3.51158e+06,
3.53538e+06,
3.55933e+06,
3.58442e+06,
3.60927e+06,
3.63476e+06,
3.66009e+06,
3.68622e+06,
3.71195e+06,
3.7382e+06,
3.7644e+06,
3.79132e+06,
3.8188e+06,
3.84669e+06,
3.87493e+06,
3.90263e+06,
3.93112e+06,
3.96001e+06,
3.98964e+06,
4.02055e+06,
4.05158e+06,
4.08317e+06,
4.11469e+06,
4.14688e+06,
4.1795e+06,
4.21336e+06,
4.24684e+06,
4.28091e+06,
4.31553e+06,
4.35125e+06,
4.38705e+06,
4.42333e+06,
4.46009e+06,
4.49728e+06,
4.53536e+06,
4.57443e+06,
4.61341e+06,
4.65257e+06,
4.69238e+06,
4.73346e+06,
4.77585e+06,
4.81906e+06,
4.86309e+06,
4.90773e+06,
4.95336e+06,
4.99969e+06,
5.04696e+06,
5.09494e+06,
5.14424e+06,
5.19454e+06,
5.24595e+06,
5.29853e+06,
5.35347e+06,
5.41079e+06,
5.4686e+06,
5.52823e+06,
5.58979e+06,
5.65323e+06,
5.71898e+06,
5.78735e+06,
5.85876e+06,
5.93294e+06,
6.01139e+06,
6.09368e+06,
6.18026e+06,
6.27344e+06,
6.37466e+06,
6.4855e+06,
6.62081e+06,
6.78718e+06,
6.94395e+06,
7.10601e+06,
7.27749e+06,
7.46692e+06,
7.72437e+06,
7.96552e+06,
8.15541e+06,
8.26861e+06,
8.38142e+06,
8.49533e+06,
8.60707e+06,
8.71794e+06,
8.82948e+06,
8.9433e+06,
9.06673e+06,
9.19051e+06,
9.30761e+06,
9.41879e+06,
9.53673e+06,
9.66106e+06,
9.78456e+06,
9.90908e+06,
1.00371e+07,
1.01689e+07,
1.03131e+07,
1.04642e+07,
1.06096e+07,
1.07559e+07,
1.09019e+07,
1.10587e+07,
1.12349e+07,
1.1391e+07,
1.15386e+07,
1.16852e+07,
1.18337e+07,
1.19878e+07,
1.21329e+07,
1.228e+07,
1.24247e+07,
1.25638e+07,
1.2698e+07,
1.28305e+07,
1.2963e+07,
1.30985e+07,
1.32409e+07,
1.33841e+07,
1.35091e+07,
1.36298e+07,
1.37524e+07,
1.38804e+07,
1.40017e+07,
1.41221e+07,
1.42464e+07,
1.43707e+07,
1.44973e+07,
1.46285e+07,
1.47523e+07,
1.4874e+07,
1.49977e+07,
1.51239e+07,
1.52507e+07,
1.53716e+07,
1.54879e+07,
1.56051e+07,
1.57265e+07,
1.58545e+07,
1.59759e+07,
1.60988e+07,
1.62256e+07,
1.63527e+07,
1.6478e+07,
1.66005e+07,
1.67226e+07,
1.68432e+07,
1.69653e+07,
1.70983e+07,
1.72271e+07,
1.73526e+07,
1.74807e+07,
1.76123e+07,
1.77396e+07,
1.78657e+07,
1.79939e+07,
1.81254e+07,
1.82588e+07,
1.8399e+07,
1.85334e+07,
1.86655e+07,
1.88018e+07,
1.89438e+07,
1.90824e+07,
1.92226e+07,
1.93685e+07,
1.95135e+07,
1.96614e+07,
1.98155e+07,
1.99618e+07,
2.01022e+07,
2.02452e+07,
2.03962e+07,
2.05503e+07,
2.07011e+07,
2.08494e+07,
2.09979e+07,
2.11482e+07,
2.13049e+07,
2.1464e+07,
2.16142e+07,
2.17697e+07,
2.19373e+07,
2.20977e+07,
2.22584e+07,
2.24268e+07,
2.26022e+07,
2.2784e+07,
2.29661e+07,
2.31405e+07,
2.33117e+07,
2.34806e+07,
2.36484e+07,
2.38071e+07,
2.39615e+07,
2.41163e+07,
2.4272e+07,
2.44286e+07,
2.45897e+07,
2.47593e+07,
2.49178e+07,
2.50748e+07,
2.52364e+07,
2.53922e+07,
2.55441e+07,
2.56944e+07,
2.58454e+07,
2.60032e+07,
2.61651e+07,
2.63266e+07,
2.64805e+07,
2.66325e+07,
2.67857e+07,
2.69344e+07,
2.70836e+07,
2.72318e+07,
2.73789e+07,
2.75287e+07,
2.76776e+07,
2.78292e+07,
2.79814e+07,
2.81404e+07,
2.83103e+07,
2.84769e+07,
2.86459e+07,
2.88201e+07,
2.90124e+07,
2.91866e+07,
2.93493e+07,
2.95107e+07,
2.96697e+07,
2.98349e+07,
3.00093e+07,
3.01804e+07,
3.03524e+07,
3.05302e+07,
3.06983e+07,
3.08609e+07,
3.10226e+07,
3.1189e+07,
3.13496e+07,
3.15124e+07,
3.16832e+07,
3.18502e+07,
3.20205e+07,
3.21878e+07,
3.2348e+07,
3.2506e+07,
3.26623e+07,
3.28225e+07,
3.29805e+07,
3.31396e+07,
3.33056e+07,
3.34682e+07,
3.36297e+07,
3.37783e+07,
3.39259e+07,
3.40707e+07,
3.42137e+07,
3.43598e+07,
3.45068e+07,
3.4654e+07,
3.48082e+07,
3.49609e+07,
3.51062e+07,
3.52455e+07,
3.5384e+07,
3.55208e+07,
3.56563e+07,
3.57939e+07,
3.59342e+07,
478966,
479095,
479197,
479393,
479661,
479809,
479961,
480097,
480223,
480508,
480804,
481094,
481337,
481626,
481830,
482010,
482288,
482473,
482678,
482892,
483124,
483305,
483542,
483746,
484045,
484225,
484472,
484668,
484890,
485074,
485333,
485608,
485870,
486080,
486261,
486419,
486711,
486953,
487202,
487514,
487706,
488026,
488358,
488558,
488808,
489025,
489304,
489522,
489794,
490073,
490348,
490744,
491134,
491617,
491952,
492304,
492699,
493032,
493404,
493773,
494049,
494404,
494767,
495116,
495569,
495933,
496322,
496658,
497012,
497260,
497642,
498111,
498704,
499156,
499755,
500331,
500814,
501282,
501783,
502265,
502793,
503337,
503839,
504371,
504975,
505535,
506198,
506738,
507400,
508021,
508695,
509307,
509988,
510578,
511210,
511847,
512442,
513012,
513582,
514132,
514782,
515373,
515934,
516531,
517138,
517725,
518341,
518966,
519569,
520203,
520696,
521291,
521927,
522552,
523263,
523908,
524521,
525162,
525711,
526266,
526886,
527541,
528221,
528863,
529500,
530099,
530795,
531557,
532217,
532842,
533486,
534250,
534955,
535646,
536250,
536922,
537658,
538367,
538990,
539669,
540318,
541013,
541729,
542380,
543005,
543762,
544422,
545163,
545806,
546509,
547260,
547901,
548611,
549357,
550042,
550688,
551386,
552151,
552947,
553776,
554459,
555300,
556118,
557039,
557773,
558616,
559387,
560159,
560889,
561722,
562575,
563307,
564152,
564972,
565714,
566540,
567432,
568300,
569186,
570064,
572127,
574557,
577089,
579477,
581728,
584158,
586787,
589363,
591623,
594066,
596618,
599307,
601792,
604336,
606967,
609666,
612576,
615045,
617672,
620223,
622739,
625557,
628433,
631198,
634389,
637339,
640303,
643060,
645904,
648787,
651690,
654631,
657647,
660639,
663563,
666611,
669567,
672628,
675719,
678751,
681648,
684666,
687747,
690794,
693733,
696851,
699970,
703188,
706176,
709360,
712782,
716147,
719516,
723069,
726586,
730106,
733613,
737159,
740493,
743941,
747405,
750853,
754228,
757717,
761280,
764741,
768556,
772146,
775908,
779696,
783684,
787476,
791196,
794907,
798594,
802640,
806630,
810707,
814708,
818788,
822875,
827122,
831240,
835266,
839536,
843359,
847588,
851656,
855790,
860011,
864451,
868635,
873008,
877370,
881808,
886207,
890615,
894710,
898915,
903238,
907582,
912178,
916885,
921881,
926691,
931603,
936517,
941251,
945921,
950702,
955290,
959880,
964606,
969455,
974392,
979217,
984066,
989072,
994049,
998971,
1.00382e+06,
1.00894e+06,
1.01398e+06,
1.01893e+06,
1.02413e+06,
1.029e+06,
1.03393e+06,
1.03897e+06,
1.04409e+06,
1.04938e+06,
1.05461e+06,
1.06007e+06,
1.0655e+06,
1.07088e+06,
1.07622e+06,
1.08197e+06,
1.08771e+06,
1.09321e+06,
1.09867e+06,
1.10435e+06,
1.11e+06,
1.11557e+06,
1.1214e+06,
1.12692e+06,
1.13245e+06,
1.13805e+06,
1.14341e+06,
1.14928e+06,
1.15469e+06,
1.16024e+06,
1.16581e+06,
1.17155e+06,
1.17715e+06,
1.18316e+06,
1.18901e+06,
1.19499e+06,
1.2008e+06,
1.20668e+06,
1.21284e+06,
1.21889e+06,
1.22526e+06,
1.23134e+06,
1.23747e+06,
1.24357e+06,
1.24983e+06,
1.25599e+06,
1.26222e+06,
1.26833e+06,
1.27475e+06,
1.28101e+06,
1.28752e+06,
1.29371e+06,
1.30029e+06,
1.30685e+06,
1.31331e+06,
1.31973e+06,
1.32605e+06,
1.33245e+06,
1.33896e+06,
1.34547e+06,
1.35152e+06,
1.35824e+06,
1.36479e+06,
1.37123e+06,
1.37823e+06,
1.3851e+06,
1.39231e+06,
1.39956e+06,
1.40667e+06,
1.41395e+06,
1.42116e+06,
1.42834e+06,
1.43534e+06,
1.44238e+06,
1.4496e+06,
1.4569e+06,
1.46409e+06,
1.47125e+06,
1.47839e+06,
1.48564e+06,
1.49292e+06,
1.50034e+06,
1.50752e+06,
1.51493e+06,
1.52246e+06,
1.53014e+06,
1.53765e+06,
1.54511e+06,
1.55253e+06,
1.55991e+06,
1.56745e+06,
1.57536e+06,
1.58312e+06,
1.59122e+06,
1.5992e+06,
1.60741e+06,
1.61511e+06,
1.6231e+06,
1.63093e+06,
1.63875e+06,
1.64721e+06,
1.6557e+06,
1.66414e+06,
1.67255e+06,
1.68094e+06,
1.68926e+06,
1.69782e+06,
1.70658e+06,
1.71504e+06,
1.72392e+06,
1.73239e+06,
1.74093e+06,
1.74969e+06,
1.75866e+06,
1.76753e+06,
1.7765e+06,
1.78553e+06,
1.79469e+06,
1.80375e+06,
1.81288e+06,
1.82237e+06,
1.83215e+06,
1.84149e+06,
1.85128e+06,
1.86099e+06,
1.87101e+06,
1.88117e+06,
1.89095e+06,
1.90073e+06,
1.91071e+06,
1.92102e+06,
1.93125e+06,
1.94159e+06,
1.95229e+06,
1.96284e+06,
1.97284e+06,
1.98361e+06,
1.99431e+06,
2.0049e+06,
2.01544e+06,
2.02588e+06,
2.03686e+06,
2.04772e+06,
2.05854e+06,
2.06944e+06,
2.08064e+06,
2.09177e+06,
2.10304e+06,
2.11427e+06,
2.12584e+06,
2.13725e+06,
2.14876e+06,
2.16068e+06,
2.17263e+06,
2.18455e+06,
2.19665e+06,
2.20891e+06,
2.22114e+06,
2.23323e+06,
2.24519e+06,
2.25769e+06,
2.27007e+06,
2.28267e+06,
2.2953e+06,
2.3077e+06,
2.32057e+06,
2.33318e+06,
2.34611e+06,
2.35912e+06,
2.3722e+06,
2.38554e+06,
2.39891e+06,
2.41233e+06,
2.42586e+06,
2.43915e+06,
2.45265e+06,
2.46667e+06,
2.48087e+06,
2.49524e+06,
2.50975e+06,
2.52431e+06,
2.5387e+06,
2.55339e+06,
2.56801e+06,
2.58297e+06,
2.5978e+06,
2.61293e+06,
2.62836e+06,
2.64367e+06,
2.65904e+06,
2.6746e+06,
2.69049e+06,
2.706e+06,
2.72168e+06,
2.73732e+06,
2.75314e+06,
2.76936e+06,
2.78542e+06,
2.80169e+06,
2.81866e+06,
2.83506e+06,
2.85205e+06,
2.86936e+06,
2.88632e+06,
2.90379e+06,
2.92115e+06,
2.93896e+06,
2.95706e+06,
2.975e+06,
2.9937e+06,
3.01231e+06,
3.03095e+06,
3.04993e+06,
3.06874e+06,
3.08765e+06,
3.10748e+06,
3.12693e+06,
3.14696e+06,
3.16696e+06,
3.18752e+06,
3.20777e+06,
3.22795e+06,
3.2489e+06,
3.26953e+06,
3.29093e+06,
3.31232e+06,
3.33381e+06,
3.35555e+06,
3.37802e+06,
3.40032e+06,
3.42329e+06,
3.44626e+06,
3.46977e+06,
3.49365e+06,
3.51758e+06,
3.54214e+06,
3.56678e+06,
3.59184e+06,
3.61683e+06,
3.642e+06,
3.66752e+06,
3.69353e+06,
3.71995e+06,
3.74643e+06,
3.77382e+06,
3.80161e+06,
3.8291e+06,
3.85763e+06,
3.88646e+06,
3.91535e+06,
3.94474e+06,
3.97497e+06,
4.00565e+06,
4.03689e+06,
4.06814e+06,
4.10027e+06,
4.13283e+06,
4.16593e+06,
4.19926e+06,
4.23288e+06,
4.26695e+06,
4.3012e+06,
4.3367e+06,
4.37265e+06,
4.40922e+06,
4.44648e+06,
4.48442e+06,
4.52282e+06,
4.5611e+06,
4.60008e+06,
4.6404e+06,
4.6823e+06,
4.725e+06,
4.76769e+06,
4.81076e+06,
4.8552e+06,
4.9014e+06,
4.94763e+06,
4.99469e+06,
5.04273e+06,
5.09193e+06,
5.14269e+06,
5.19546e+06,
5.24896e+06,
5.30439e+06,
5.36114e+06,
5.4188e+06,
5.47886e+06,
5.54137e+06,
5.60594e+06,
5.67344e+06,
5.74307e+06,
5.81678e+06,
5.89355e+06,
5.97394e+06,
6.05889e+06,
6.15084e+06,
6.24972e+06,
6.35653e+06,
6.47606e+06,
6.62654e+06,
6.819e+06,
7.00756e+06,
7.21803e+06,
7.51947e+06,
7.73332e+06,
7.84995e+06,
7.96354e+06,
8.07291e+06,
8.17963e+06,
8.28959e+06,
8.40475e+06,
8.51732e+06,
8.63258e+06,
8.76314e+06,
8.88456e+06,
8.98612e+06,
9.08832e+06,
9.18994e+06,
9.29407e+06,
9.40999e+06,
9.53761e+06,
9.66565e+06,
9.79912e+06,
9.94726e+06,
1.00919e+07,
1.02249e+07,
1.03535e+07,
1.04847e+07,
1.06225e+07,
1.07728e+07,
1.0953e+07,
1.11162e+07,
1.12706e+07,
1.14315e+07,
1.1587e+07,
1.17303e+07,
1.18612e+07,
1.19914e+07,
1.21243e+07,
1.22568e+07,
1.23928e+07,
1.25213e+07,
1.26402e+07,
1.27695e+07,
1.28992e+07,
1.30263e+07,
1.31445e+07,
1.32543e+07,
1.33644e+07,
1.34776e+07,
1.35965e+07,
1.37163e+07,
1.38401e+07,
1.39756e+07,
1.41076e+07,
1.42287e+07,
1.43456e+07,
1.4457e+07,
1.4565e+07,
1.46774e+07,
1.47965e+07,
1.49134e+07,
1.50301e+07,
1.51516e+07,
1.52773e+07,
1.53969e+07,
1.55134e+07,
1.56269e+07,
1.57431e+07,
1.58572e+07,
1.59744e+07,
1.60905e+07,
1.62098e+07,
1.63346e+07,
1.64645e+07,
1.6586e+07,
1.67067e+07,
1.68237e+07,
1.69398e+07,
1.70594e+07,
1.71821e+07,
1.73031e+07,
1.74266e+07,
1.75556e+07,
1.76932e+07,
1.78202e+07,
1.79423e+07,
1.80643e+07,
1.81885e+07,
1.83203e+07,
1.84617e+07,
1.85964e+07,
1.87355e+07,
1.88819e+07,
1.90336e+07,
1.91708e+07,
1.93039e+07,
1.94347e+07,
1.95638e+07,
1.97001e+07,
1.98456e+07,
1.99939e+07,
2.01339e+07,
2.02742e+07,
2.04185e+07,
2.05552e+07,
2.06881e+07,
2.08201e+07,
2.09552e+07,
2.10994e+07,
2.12557e+07,
2.14066e+07,
2.15609e+07,
2.17193e+07,
2.18773e+07,
2.20245e+07,
2.21692e+07,
2.23145e+07,
2.24639e+07,
2.26174e+07,
2.27746e+07,
2.29267e+07,
2.30805e+07,
2.32377e+07,
2.34027e+07,
2.35612e+07,
2.37223e+07,
2.38914e+07,
2.40575e+07,
2.4222e+07,
2.43861e+07,
2.45447e+07,
2.47036e+07,
2.48651e+07,
2.50317e+07,
2.51905e+07,
2.53498e+07,
2.54996e+07,
2.56445e+07,
2.57911e+07,
2.59391e+07,
2.60865e+07,
2.62317e+07,
2.63792e+07,
2.65299e+07,
2.66814e+07,
2.68286e+07,
2.6975e+07,
2.71242e+07,
2.72811e+07,
2.74518e+07,
2.7622e+07,
2.78032e+07,
2.79834e+07,
2.81636e+07,
2.83282e+07,
2.84861e+07,
2.86427e+07,
2.87994e+07,
2.89608e+07,
2.9129e+07,
2.92949e+07,
2.94651e+07,
2.9644e+07,
2.98199e+07,
2.99869e+07,
3.01445e+07,
3.02986e+07,
3.04524e+07,
3.06114e+07,
3.07793e+07,
3.09445e+07,
3.11154e+07,
3.12825e+07,
3.14473e+07,
3.16076e+07,
3.17604e+07,
3.19109e+07,
3.206e+07,
3.22152e+07,
3.23809e+07,
3.25453e+07,
3.27125e+07,
3.2872e+07,
3.30256e+07,
3.31771e+07,
3.33224e+07,
3.34658e+07,
3.36096e+07,
3.3757e+07,
3.39152e+07,
3.40751e+07,
3.42283e+07,
3.43765e+07,
3.45228e+07,
3.46671e+07,
3.48034e+07,
3.4939e+07,
3.50743e+07,
478966,
479081,
479152,
479346,
479607,
479730,
479887,
480059,
480129,
480281,
480551,
480841,
481075,
481372,
481584,
481819,
482070,
482320,
482518,
482672,
482906,
483174,
483361,
483570,
483846,
484046,
484335,
484471,
484641,
484847,
485093,
485363,
485651,
485882,
486017,
486274,
486470,
486667,
486970,
487218,
487436,
487711,
487999,
488212,
488425,
488704,
488941,
489300,
489647,
489976,
490379,
490758,
491118,
491464,
491880,
492244,
492501,
492793,
493155,
493532,
493880,
494185,
494557,
494907,
495237,
495638,
495935,
496262,
496570,
496881,
497265,
497723,
498218,
498835,
499312,
499778,
500245,
500696,
501155,
501681,
502274,
502777,
503175,
503765,
504240,
504819,
505371,
506005,
506572,
507224,
507804,
508411,
509033,
509645,
510348,
510993,
511586,
512165,
512749,
513345,
513937,
514495,
515115,
515697,
516408,
517062,
517672,
518240,
518768,
519394,
519885,
520391,
520984,
521697,
522418,
523078,
523686,
524387,
524950,
525531,
526207,
526871,
527555,
528198,
528800,
529479,
530212,
530847,
531527,
532112,
532719,
533285,
533992,
534626,
535230,
535955,
536716,
537333,
538001,
538618,
539286,
539926,
540609,
541238,
541949,
542674,
543346,
544014,
544727,
545432,
546070,
546739,
547459,
548149,
548843,
549607,
550310,
551062,
551882,
552640,
553387,
554218,
555069,
555972,
556812,
557619,
558369,
559117,
559870,
560672,
561520,
562280,
563048,
563836,
564570,
565384,
566282,
567166,
567908,
568774,
569624,
570572,
572850,
575274,
577847,
580216,
582438,
584860,
587377,
589792,
592378,
594915,
597496,
600117,
602670,
605186,
607899,
610336,
612916,
615684,
618113,
620778,
623473,
626334,
629156,
631926,
634800,
637608,
640445,
643126,
646131,
649105,
651951,
654905,
657741,
660715,
663646,
666631,
669621,
672701,
675649,
678582,
681484,
684411,
687368,
690498,
693511,
696481,
699624,
702639,
705609,
708893,
712221,
715529,
718824,
722196,
725780,
729250,
732708,
736297,
739611,
743048,
746473,
749908,
753305,
756934,
760469,
764008,
767435,
771317,
774984,
778710,
782282,
785952,
789622,
793313,
797006,
800731,
804523,
808592,
812604,
816712,
820955,
825176,
829284,
833241,
837509,
841337,
845578,
849658,
853737,
857948,
862167,
866367,
870875,
875140,
879397,
883571,
887625,
891995,
896438,
900793,
905334,
909789,
914569,
919303,
923971,
928386,
933168,
937909,
942612,
947514,
952313,
957132,
961758,
966528,
971310,
976215,
980932,
985883,
990631,
995508,
1.00053e+06,
1.00532e+06,
1.01021e+06,
1.01523e+06,
1.02048e+06,
1.02552e+06,
1.03047e+06,
1.03534e+06,
1.04022e+06,
1.04552e+06,
1.05085e+06,
1.05611e+06,
1.06132e+06,
1.06681e+06,
1.0722e+06,
1.07734e+06,
1.08282e+06,
1.08823e+06,
1.09354e+06,
1.09892e+06,
1.10454e+06,
1.11018e+06,
1.11585e+06,
1.1216e+06,
1.12727e+06,
1.1328e+06,
1.13844e+06,
1.14386e+06,
1.14974e+06,
1.15524e+06,
1.16096e+06,
1.1666e+06,
1.17228e+06,
1.17809e+06,
1.18386e+06,
1.18971e+06,
1.19562e+06,
1.20177e+06,
1.20779e+06,
1.21384e+06,
1.21984e+06,
1.22597e+06,
1.23205e+06,
1.23815e+06,
1.24416e+06,
1.25022e+06,
1.25631e+06,
1.2622e+06,
1.2686e+06,
1.27505e+06,
1.28132e+06,
1.28813e+06,
1.29462e+06,
1.30129e+06,
1.30792e+06,
1.31448e+06,
1.32075e+06,
1.3272e+06,
1.33373e+06,
1.34009e+06,
1.34651e+06,
1.35314e+06,
1.35971e+06,
1.36625e+06,
1.37292e+06,
1.38017e+06,
1.38715e+06,
1.39443e+06,
1.40152e+06,
1.40826e+06,
1.41541e+06,
1.42214e+06,
1.42934e+06,
1.43643e+06,
1.44368e+06,
1.45072e+06,
1.45802e+06,
1.46501e+06,
1.4727e+06,
1.48003e+06,
1.48729e+06,
1.49465e+06,
1.50189e+06,
1.509e+06,
1.51641e+06,
1.52376e+06,
1.53093e+06,
1.5385e+06,
1.54604e+06,
1.55363e+06,
1.5617e+06,
1.56914e+06,
1.57696e+06,
1.58499e+06,
1.59293e+06,
1.60104e+06,
1.60903e+06,
1.61697e+06,
1.62512e+06,
1.63331e+06,
1.64162e+06,
1.65003e+06,
1.65853e+06,
1.66681e+06,
1.67522e+06,
1.68356e+06,
1.69194e+06,
1.70087e+06,
1.70956e+06,
1.71806e+06,
1.72687e+06,
1.73578e+06,
1.74461e+06,
1.75343e+06,
1.76219e+06,
1.77096e+06,
1.77964e+06,
1.78841e+06,
1.79738e+06,
1.80668e+06,
1.81594e+06,
1.82525e+06,
1.8348e+06,
1.84466e+06,
1.85435e+06,
1.86428e+06,
1.87427e+06,
1.88439e+06,
1.89427e+06,
1.90439e+06,
1.91473e+06,
1.92516e+06,
1.93524e+06,
1.94559e+06,
1.9558e+06,
1.96633e+06,
1.97656e+06,
1.98678e+06,
1.99753e+06,
2.00779e+06,
2.01867e+06,
2.02953e+06,
2.0408e+06,
2.05194e+06,
2.06296e+06,
2.07424e+06,
2.08543e+06,
2.09638e+06,
2.10776e+06,
2.11903e+06,
2.13038e+06,
2.14186e+06,
2.1538e+06,
2.16566e+06,
2.17787e+06,
2.18992e+06,
2.20184e+06,
2.21393e+06,
2.22621e+06,
2.23873e+06,
2.25126e+06,
2.26379e+06,
2.27653e+06,
2.28886e+06,
2.30217e+06,
2.31481e+06,
2.32763e+06,
2.34044e+06,
2.35318e+06,
2.36633e+06,
2.37936e+06,
2.39253e+06,
2.40552e+06,
2.41875e+06,
2.43221e+06,
2.446e+06,
2.45978e+06,
2.47382e+06,
2.48791e+06,
2.50231e+06,
2.51672e+06,
2.53147e+06,
2.54607e+06,
2.56083e+06,
2.57572e+06,
2.59094e+06,
2.60614e+06,
2.62135e+06,
2.63663e+06,
2.65183e+06,
2.66718e+06,
2.68288e+06,
2.69895e+06,
2.71502e+06,
2.73072e+06,
2.74698e+06,
2.76326e+06,
2.77968e+06,
2.79628e+06,
2.81315e+06,
2.82984e+06,
2.84649e+06,
2.86375e+06,
2.88094e+06,
2.89827e+06,
2.91599e+06,
2.93368e+06,
2.95192e+06,
2.97042e+06,
2.98931e+06,
3.00808e+06,
3.02661e+06,
3.04529e+06,
3.06444e+06,
3.08426e+06,
3.10397e+06,
3.12351e+06,
3.14385e+06,
3.16417e+06,
3.18453e+06,
3.20483e+06,
3.22573e+06,
3.24694e+06,
3.26855e+06,
3.29047e+06,
3.31232e+06,
3.33402e+06,
3.35642e+06,
3.37861e+06,
3.40107e+06,
3.42395e+06,
3.44725e+06,
3.4707e+06,
3.49467e+06,
3.51896e+06,
3.54331e+06,
3.56833e+06,
3.59293e+06,
3.61848e+06,
3.64439e+06,
3.67087e+06,
3.69714e+06,
3.72395e+06,
3.75131e+06,
3.77864e+06,
3.80649e+06,
3.83454e+06,
3.86326e+06,
3.89225e+06,
3.92206e+06,
3.95215e+06,
3.98269e+06,
4.01427e+06,
4.04619e+06,
4.07877e+06,
4.1119e+06,
4.14495e+06,
4.17853e+06,
4.21192e+06,
4.2459e+06,
4.28101e+06,
4.31663e+06,
4.35257e+06,
4.38938e+06,
4.42675e+06,
4.46461e+06,
4.50417e+06,
4.5433e+06,
4.58352e+06,
4.6247e+06,
4.6663e+06,
4.70869e+06,
4.75254e+06,
4.79633e+06,
4.84169e+06,
4.88853e+06,
4.93498e+06,
4.98284e+06,
5.03245e+06,
5.08384e+06,
5.13661e+06,
5.19064e+06,
5.24585e+06,
5.30296e+06,
5.3621e+06,
5.42283e+06,
5.48566e+06,
5.55077e+06,
5.61949e+06,
5.69102e+06,
5.76542e+06,
5.84361e+06,
5.92755e+06,
6.01672e+06,
6.11229e+06,
6.215e+06,
6.32899e+06,
6.46088e+06,
6.63195e+06,
6.8653e+06,
7.15648e+06,
7.39364e+06,
7.51885e+06,
7.63583e+06,
7.74665e+06,
7.8531e+06,
7.95842e+06,
8.06534e+06,
8.17593e+06,
8.29614e+06,
8.42487e+06,
8.54709e+06,
8.64779e+06,
8.74794e+06,
8.84676e+06,
8.94746e+06,
9.04871e+06,
9.15347e+06,
9.26849e+06,
9.405e+06,
9.54988e+06,
9.69844e+06,
9.81916e+06,
9.94138e+06,
1.00668e+07,
1.01961e+07,
1.03318e+07,
1.04785e+07,
1.06538e+07,
1.08308e+07,
1.09969e+07,
1.11657e+07,
1.12991e+07,
1.143e+07,
1.1557e+07,
1.16845e+07,
1.18042e+07,
1.19141e+07,
1.20282e+07,
1.21513e+07,
1.22804e+07,
1.24178e+07,
1.25311e+07,
1.26423e+07,
1.2751e+07,
1.28562e+07,
1.2961e+07,
1.30672e+07,
1.31811e+07,
1.33067e+07,
1.34392e+07,
1.35857e+07,
1.37058e+07,
1.38094e+07,
1.39107e+07,
1.40135e+07,
1.41162e+07,
1.42217e+07,
1.43357e+07,
1.44598e+07,
1.45833e+07,
1.4715e+07,
1.48299e+07,
1.49351e+07,
1.50369e+07,
1.51405e+07,
1.52472e+07,
1.53583e+07,
1.54718e+07,
1.55935e+07,
1.57161e+07,
1.58468e+07,
1.59652e+07,
1.60797e+07,
1.61883e+07,
1.62982e+07,
1.64051e+07,
1.65136e+07,
1.66272e+07,
1.67486e+07,
1.68747e+07,
1.70101e+07,
1.71345e+07,
1.72578e+07,
1.73773e+07,
1.74886e+07,
1.76008e+07,
1.77172e+07,
1.78404e+07,
1.79791e+07,
1.81227e+07,
1.82855e+07,
1.84256e+07,
1.85574e+07,
1.86845e+07,
1.88104e+07,
1.89265e+07,
1.90403e+07,
1.91644e+07,
1.93018e+07,
1.94462e+07,
1.95953e+07,
1.97288e+07,
1.98583e+07,
1.99848e+07,
2.01088e+07,
2.0232e+07,
2.03582e+07,
2.04943e+07,
2.06449e+07,
2.07995e+07,
2.09596e+07,
2.11035e+07,
2.12385e+07,
2.13694e+07,
2.14968e+07,
2.16282e+07,
2.17662e+07,
2.19047e+07,
2.20496e+07,
2.21969e+07,
2.23516e+07,
2.24922e+07,
2.26287e+07,
2.27637e+07,
2.28994e+07,
2.3037e+07,
2.31737e+07,
2.33184e+07,
2.34741e+07,
2.36276e+07,
2.37917e+07,
2.39421e+07,
2.40878e+07,
2.42333e+07,
2.43788e+07,
2.45206e+07,
2.46634e+07,
2.48182e+07,
2.49802e+07,
2.51455e+07,
2.53125e+07,
2.54631e+07,
2.56095e+07,
2.57551e+07,
2.58985e+07,
2.60444e+07,
2.61924e+07,
2.63525e+07,
2.65367e+07,
2.67345e+07,
2.69168e+07,
2.7091e+07,
2.72621e+07,
2.7419e+07,
2.75635e+07,
2.77073e+07,
2.78529e+07,
2.80102e+07,
2.81891e+07,
2.83689e+07,
2.85579e+07,
2.8739e+07,
2.89029e+07,
2.90569e+07,
2.92045e+07,
2.93491e+07,
2.94945e+07,
2.96518e+07,
2.98266e+07,
3.00024e+07,
3.01893e+07,
3.0357e+07,
3.05114e+07,
3.06596e+07,
3.08053e+07,
3.09485e+07,
3.10918e+07,
3.1243e+07,
3.14113e+07,
3.1582e+07,
3.17578e+07,
3.1912e+07,
3.20563e+07,
3.21947e+07,
3.23321e+07,
3.24679e+07,
3.26059e+07,
3.27495e+07,
3.29102e+07,
3.30759e+07,
3.32343e+07,
3.3378e+07,
3.35147e+07,
3.36455e+07,
3.37754e+07,
3.39033e+07,
3.40345e+07,
478966,
479057,
479127,
479344,
479549,
479664,
479808,
479916,
480025,
480124,
480318,
480561,
480858,
481118,
481431,
481667,
481866,
482041,
482316,
482485,
482752,
482927,
483194,
483390,
483654,
483921,
484100,
484318,
484485,
484688,
484875,
485123,
485349,
485629,
485726,
485941,
486117,
486365,
486648,
486943,
487136,
487393,
487646,
487903,
488155,
488489,
488855,
489339,
489739,
490050,
490398,
490691,
491036,
491343,
491646,
491985,
492249,
492583,
492882,
493217,
493571,
493946,
494221,
494585,
494870,
495269,
495618,
495939,
496217,
496667,
496997,
497314,
497724,
498263,
498824,
499283,
499760,
500241,
500648,
501171,
501670,
502169,
502713,
503253,
503846,
504437,
504986,
505560,
506018,
506680,
507137,
507675,
508213,
508849,
509423,
509974,
510520,
511160,
511718,
512389,
512894,
513496,
514243,
514852,
515484,
516065,
516698,
517286,
517838,
518421,
519060,
519640,
520218,
520831,
521421,
522130,
522822,
523516,
524178,
524861,
525497,
526147,
526765,
527410,
527997,
528617,
529228,
529907,
530509,
531074,
531632,
532319,
533024,
533618,
534212,
534936,
535582,
536315,
536948,
537577,
538243,
538993,
539617,
540336,
541143,
541748,
542458,
543181,
543861,
544600,
545385,
546087,
546773,
547520,
548251,
548901,
549593,
550333,
550964,
551655,
552387,
553274,
554077,
554865,
555617,
556415,
557158,
557978,
558799,
559527,
560443,
561297,
562112,
562855,
563717,
564505,
565244,
565973,
566791,
567669,
568461,
569328,
570233,
571283,
573503,
575832,
578270,
580582,
582811,
585179,
587707,
590094,
592657,
595332,
597912,
600388,
603020,
605634,
608030,
610613,
613123,
615726,
618344,
621058,
623790,
626672,
629147,
631549,
634167,
636879,
639811,
642788,
645752,
648870,
651727,
654514,
657301,
660187,
662978,
666026,
668902,
671979,
674940,
677903,
680890,
683784,
686499,
689359,
692372,
695405,
698633,
701702,
704856,
707760,
710922,
714240,
717521,
720763,
724082,
727716,
731059,
734466,
737966,
741581,
745042,
748545,
751990,
755384,
758767,
762279,
765723,
769394,
773120,
776790,
780410,
783843,
787532,
791069,
794589,
798210,
802040,
805973,
810197,
814291,
818286,
822427,
826567,
830558,
834704,
838745,
842695,
846736,
850690,
854988,
859202,
863381,
867616,
871599,
875883,
880164,
884722,
889050,
893453,
897964,
902362,
906675,
911181,
915630,
920032,
924525,
929239,
933865,
938388,
943143,
947884,
952738,
957594,
962394,
967303,
972061,
976780,
981503,
986203,
991040,
995990,
1.00109e+06,
1.00581e+06,
1.01065e+06,
1.01549e+06,
1.02029e+06,
1.02514e+06,
1.03029e+06,
1.03527e+06,
1.04019e+06,
1.04559e+06,
1.05086e+06,
1.05619e+06,
1.06155e+06,
1.0668e+06,
1.07198e+06,
1.07725e+06,
1.0825e+06,
1.08774e+06,
1.0933e+06,
1.09866e+06,
1.10405e+06,
1.10956e+06,
1.11506e+06,
1.12063e+06,
1.12623e+06,
1.13198e+06,
1.13767e+06,
1.1435e+06,
1.14903e+06,
1.15458e+06,
1.16047e+06,
1.16626e+06,
1.17206e+06,
1.17764e+06,
1.18322e+06,
1.18897e+06,
1.1948e+06,
1.20059e+06,
1.20664e+06,
1.21298e+06,
1.2191e+06,
1.22524e+06,
1.23147e+06,
1.23754e+06,
1.24379e+06,
1.25002e+06,
1.25603e+06,
1.2623e+06,
1.26875e+06,
1.27508e+06,
1.28123e+06,
1.28747e+06,
1.29405e+06,
1.3001e+06,
1.30658e+06,
1.31257e+06,
1.31924e+06,
1.32583e+06,
1.33271e+06,
1.33934e+06,
1.34602e+06,
1.35283e+06,
1.35965e+06,
1.36651e+06,
1.37337e+06,
1.38024e+06,
1.38723e+06,
1.39417e+06,
1.40129e+06,
1.40788e+06,
1.41499e+06,
1.4222e+06,
1.42948e+06,
1.43664e+06,
1.44383e+06,
1.45132e+06,
1.45862e+06,
1.46566e+06,
1.47311e+06,
1.4806e+06,
1.48793e+06,
1.49542e+06,
1.50269e+06,
1.50971e+06,
1.51724e+06,
1.52459e+06,
1.53196e+06,
1.5394e+06,
1.54695e+06,
1.5546e+06,
1.5621e+06,
1.56963e+06,
1.57714e+06,
1.58476e+06,
1.59253e+06,
1.60048e+06,
1.60875e+06,
1.61696e+06,
1.62497e+06,
1.63307e+06,
1.64139e+06,
1.64992e+06,
1.65816e+06,
1.66629e+06,
1.67471e+06,
1.68332e+06,
1.69185e+06,
1.7003e+06,
1.7089e+06,
1.71725e+06,
1.7259e+06,
1.73485e+06,
1.74385e+06,
1.75253e+06,
1.7613e+06,
1.77035e+06,
1.77981e+06,
1.78883e+06,
1.79789e+06,
1.80696e+06,
1.81626e+06,
1.82543e+06,
1.83478e+06,
1.84448e+06,
1.85416e+06,
1.86397e+06,
1.87394e+06,
1.88384e+06,
1.89373e+06,
1.90416e+06,
1.91458e+06,
1.92476e+06,
1.93477e+06,
1.9451e+06,
1.95573e+06,
1.96626e+06,
1.97643e+06,
1.9873e+06,
1.99811e+06,
2.00906e+06,
2.01965e+06,
2.03064e+06,
2.04193e+06,
2.05314e+06,
2.06409e+06,
2.07502e+06,
2.08605e+06,
2.09742e+06,
2.10929e+06,
2.12092e+06,
2.13264e+06,
2.14452e+06,
2.15645e+06,
2.16811e+06,
2.17963e+06,
2.19185e+06,
2.20377e+06,
2.21608e+06,
2.22838e+06,
2.24067e+06,
2.25316e+06,
2.26562e+06,
2.27838e+06,
2.29093e+06,
2.30373e+06,
2.31652e+06,
2.32933e+06,
2.34218e+06,
2.35533e+06,
2.36848e+06,
2.3817e+06,
2.39529e+06,
2.40903e+06,
2.42253e+06,
2.43615e+06,
2.45008e+06,
2.46423e+06,
2.47798e+06,
2.49171e+06,
2.50584e+06,
2.52031e+06,
2.53517e+06,
2.55013e+06,
2.56514e+06,
2.5803e+06,
2.59523e+06,
2.61058e+06,
2.62587e+06,
2.64145e+06,
2.65675e+06,
2.67248e+06,
2.68825e+06,
2.70431e+06,
2.72023e+06,
2.73649e+06,
2.75315e+06,
2.76958e+06,
2.78607e+06,
2.8029e+06,
2.81985e+06,
2.83663e+06,
2.85425e+06,
2.87166e+06,
2.88958e+06,
2.90744e+06,
2.92509e+06,
2.94292e+06,
2.96126e+06,
2.98003e+06,
2.99885e+06,
3.01794e+06,
3.03728e+06,
3.05668e+06,
3.07669e+06,
3.09657e+06,
3.1166e+06,
3.13649e+06,
3.15671e+06,
3.17766e+06,
3.19845e+06,
3.21984e+06,
3.24142e+06,
3.26294e+06,
3.28439e+06,
3.30597e+06,
3.32807e+06,
3.3501e+06,
3.37302e+06,
3.39603e+06,
3.41963e+06,
3.4437e+06,
3.46745e+06,
3.49132e+06,
3.51537e+06,
3.53999e+06,
3.56506e+06,
3.59034e+06,
3.61612e+06,
3.64237e+06,
3.66863e+06,
3.69545e+06,
3.72255e+06,
3.74993e+06,
3.77782e+06,
3.80655e+06,
3.83559e+06,
3.86478e+06,
3.89405e+06,
3.92436e+06,
3.95553e+06,
3.98714e+06,
4.01896e+06,
4.0516e+06,
4.08401e+06,
4.11738e+06,
4.15048e+06,
4.18438e+06,
4.21874e+06,
4.25401e+06,
4.28988e+06,
4.32618e+06,
4.36295e+06,
4.40052e+06,
4.43858e+06,
4.4775e+06,
4.51757e+06,
4.55733e+06,
4.59832e+06,
4.64107e+06,
4.68429e+06,
4.72854e+06,
4.7738e+06,
4.81897e+06,
4.86573e+06,
4.91414e+06,
4.96386e+06,
5.01541e+06,
5.06793e+06,
5.12148e+06,
5.17697e+06,
5.23402e+06,
5.29318e+06,
5.35341e+06,
5.4165e+06,
5.48248e+06,
5.55156e+06,
5.62335e+06,
5.69789e+06,
5.77753e+06,
5.86212e+06,
5.95251e+06,
6.04917e+06,
6.15638e+06,
6.2769e+06,
6.41789e+06,
6.6118e+06,
6.97457e+06,
7.13962e+06,
7.26885e+06,
7.38807e+06,
7.5006e+06,
7.60662e+06,
7.71235e+06,
7.81808e+06,
7.92313e+06,
8.03796e+06,
8.17987e+06,
8.28675e+06,
8.38806e+06,
8.488e+06,
8.58696e+06,
8.68582e+06,
8.7856e+06,
8.88864e+06,
8.99354e+06,
9.10986e+06,
9.26888e+06,
9.39623e+06,
9.51667e+06,
9.63806e+06,
9.7628e+06,
9.89002e+06,
1.00241e+07,
1.01671e+07,
1.03332e+07,
1.05139e+07,
1.06992e+07,
1.08452e+07,
1.09781e+07,
1.11046e+07,
1.12104e+07,
1.13164e+07,
1.14264e+07,
1.15348e+07,
1.16446e+07,
1.1763e+07,
1.19082e+07,
1.20262e+07,
1.21315e+07,
1.22366e+07,
1.23443e+07,
1.24473e+07,
1.25509e+07,
1.26554e+07,
1.27643e+07,
1.28832e+07,
1.30325e+07,
1.31554e+07,
1.32617e+07,
1.33654e+07,
1.34675e+07,
1.3568e+07,
1.36689e+07,
1.37711e+07,
1.38773e+07,
1.39928e+07,
1.41318e+07,
1.42533e+07,
1.43557e+07,
1.44575e+07,
1.45571e+07,
1.46569e+07,
1.47595e+07,
1.48648e+07,
1.49713e+07,
1.5086e+07,
1.52245e+07,
1.53536e+07,
1.54574e+07,
1.55608e+07,
1.56646e+07,
1.57706e+07,
1.58738e+07,
1.59763e+07,
1.60817e+07,
1.61962e+07,
1.63358e+07,
1.64705e+07,
1.65855e+07,
1.66949e+07,
1.68057e+07,
1.69115e+07,
1.70183e+07,
1.71263e+07,
1.72396e+07,
1.73682e+07,
1.75356e+07,
1.7697e+07,
1.78359e+07,
1.79531e+07,
1.80634e+07,
1.81719e+07,
1.82812e+07,
1.83902e+07,
1.8505e+07,
1.8632e+07,
1.87898e+07,
1.89423e+07,
1.90723e+07,
1.91946e+07,
1.93065e+07,
1.94189e+07,
1.95336e+07,
1.96494e+07,
1.97721e+07,
1.99116e+07,
2.0084e+07,
2.02414e+07,
2.03716e+07,
2.04961e+07,
2.06183e+07,
2.07356e+07,
2.08528e+07,
2.09742e+07,
2.11023e+07,
2.12357e+07,
2.13941e+07,
2.15455e+07,
2.16779e+07,
2.18065e+07,
2.19329e+07,
2.20587e+07,
2.21825e+07,
2.23066e+07,
2.24308e+07,
2.25646e+07,
2.27257e+07,
2.2883e+07,
2.30206e+07,
2.31528e+07,
2.32831e+07,
2.34158e+07,
2.35475e+07,
2.36716e+07,
2.3795e+07,
2.39242e+07,
2.40676e+07,
2.42095e+07,
2.43415e+07,
2.44728e+07,
2.46056e+07,
2.47391e+07,
2.48753e+07,
2.50135e+07,
2.51584e+07,
2.53212e+07,
2.55346e+07,
2.572e+07,
2.58885e+07,
2.6055e+07,
2.62231e+07,
2.63823e+07,
2.65394e+07,
2.66899e+07,
2.68424e+07,
2.70097e+07,
2.72163e+07,
2.74161e+07,
2.75891e+07,
2.77569e+07,
2.7909e+07,
2.80563e+07,
2.82022e+07,
2.83459e+07,
2.84935e+07,
2.86555e+07,
2.88533e+07,
2.90417e+07,
2.92113e+07,
2.93658e+07,
2.95105e+07,
2.96504e+07,
2.97887e+07,
2.99249e+07,
3.00635e+07,
3.02159e+07,
3.04017e+07,
3.05826e+07,
3.07434e+07,
3.08856e+07,
3.1023e+07,
3.11567e+07,
3.12871e+07,
3.14159e+07,
3.15459e+07,
3.16891e+07,
3.18642e+07,
3.20363e+07,
3.21839e+07,
3.23222e+07,
3.24539e+07,
3.2581e+07,
3.27061e+07,
3.28297e+07,
3.29523e+07,
478966,
479037,
479087,
479297,
479505,
479604,
479712,
479824,
479898,
480028,
480124,
480257,
480580,
480866,
481169,
481439,
481668,
481876,
482118,
482305,
482564,
482782,
482992,
483185,
483436,
483712,
483951,
484119,
484365,
484523,
484614,
484806,
485090,
485320,
485510,
485713,
485788,
486010,
486299,
486542,
486860,
487175,
487452,
487724,
488142,
488443,
488827,
489236,
489605,
489937,
490274,
490590,
490828,
491193,
491509,
491751,
492019,
492367,
492640,
492967,
493281,
493519,
493865,
494159,
494491,
494889,
495263,
495573,
495921,
496343,
496615,
496951,
497339,
497633,
498173,
498666,
499109,
499624,
500093,
500699,
501200,
501761,
502246,
502848,
503367,
503841,
504372,
504894,
505458,
506015,
506533,
507147,
507560,
508081,
508614,
509150,
509658,
510255,
510748,
511304,
511855,
512371,
512985,
513544,
514223,
515002,
515661,
516322,
516966,
517496,
518105,
518731,
519350,
519997,
520582,
521218,
521917,
522589,
523233,
523813,
524467,
525136,
525622,
526362,
527076,
527718,
528411,
529112,
529700,
530352,
530984,
531728,
532359,
532949,
533628,
534228,
534911,
535567,
536142,
536705,
537464,
538122,
538782,
539468,
540239,
540951,
541597,
542315,
542935,
543533,
544327,
545014,
545708,
546435,
547126,
547879,
548644,
549305,
550029,
550877,
551610,
552288,
553061,
553925,
554723,
555444,
556192,
557042,
557809,
558675,
559431,
560315,
561153,
561914,
562677,
563446,
564135,
564943,
565684,
566438,
567349,
568105,
568968,
569824,
570743,
571684,
573256,
575575,
577913,
580145,
582510,
585105,
587548,
590093,
592492,
595115,
597450,
600088,
602648,
605107,
607777,
610413,
613146,
615655,
618283,
620882,
623554,
626234,
628718,
631180,
633653,
636263,
639069,
641877,
645016,
647961,
650874,
653631,
656361,
659092,
661863,
664835,
667992,
670835,
673756,
676823,
679606,
682515,
685255,
687977,
690966,
693956,
697164,
700188,
703330,
706344,
709306,
712570,
715724,
718860,
722234,
725599,
729026,
732441,
735841,
739378,
742812,
746344,
749711,
753130,
756586,
760125,
763737,
767201,
770710,
774305,
777782,
781341,
784808,
788382,
791871,
795304,
799136,
802749,
806788,
810671,
814569,
818737,
822565,
826580,
830728,
834741,
838701,
842922,
846997,
851260,
855355,
859564,
863753,
868011,
872110,
876298,
880384,
884626,
889100,
893715,
898092,
902419,
906962,
911408,
915771,
920242,
924896,
929228,
933689,
938125,
942974,
947786,
952390,
957001,
961901,
966746,
971563,
976399,
981076,
985845,
990692,
995367,
999932,
1.00452e+06,
1.00937e+06,
1.01423e+06,
1.0191e+06,
1.02414e+06,
1.02927e+06,
1.03431e+06,
1.03927e+06,
1.04434e+06,
1.04955e+06,
1.05484e+06,
1.0602e+06,
1.06553e+06,
1.07083e+06,
1.07628e+06,
1.08159e+06,
1.08701e+06,
1.09214e+06,
1.09755e+06,
1.10296e+06,
1.10832e+06,
1.1139e+06,
1.11935e+06,
1.12483e+06,
1.13028e+06,
1.13572e+06,
1.14155e+06,
1.14712e+06,
1.15255e+06,
1.15814e+06,
1.16396e+06,
1.16977e+06,
1.17558e+06,
1.18125e+06,
1.18701e+06,
1.19283e+06,
1.1987e+06,
1.20484e+06,
1.21084e+06,
1.2166e+06,
1.22291e+06,
1.22907e+06,
1.23548e+06,
1.24173e+06,
1.24812e+06,
1.25441e+06,
1.26108e+06,
1.26751e+06,
1.27405e+06,
1.28055e+06,
1.28655e+06,
1.29282e+06,
1.29923e+06,
1.30554e+06,
1.31174e+06,
1.3182e+06,
1.32479e+06,
1.33118e+06,
1.33788e+06,
1.34462e+06,
1.35151e+06,
1.35844e+06,
1.36514e+06,
1.3721e+06,
1.3787e+06,
1.3854e+06,
1.39218e+06,
1.39915e+06,
1.40602e+06,
1.41291e+06,
1.42006e+06,
1.42694e+06,
1.43401e+06,
1.44112e+06,
1.44841e+06,
1.45573e+06,
1.4628e+06,
1.46979e+06,
1.47707e+06,
1.48421e+06,
1.49166e+06,
1.49885e+06,
1.50636e+06,
1.51397e+06,
1.52129e+06,
1.52893e+06,
1.53657e+06,
1.54423e+06,
1.55182e+06,
1.5593e+06,
1.56697e+06,
1.57448e+06,
1.58188e+06,
1.58947e+06,
1.59711e+06,
1.60506e+06,
1.61323e+06,
1.62164e+06,
1.63012e+06,
1.63824e+06,
1.64662e+06,
1.65501e+06,
1.66332e+06,
1.67161e+06,
1.68016e+06,
1.68884e+06,
1.69741e+06,
1.70614e+06,
1.7146e+06,
1.72313e+06,
1.73183e+06,
1.74065e+06,
1.74971e+06,
1.75863e+06,
1.7673e+06,
1.77656e+06,
1.78593e+06,
1.79486e+06,
1.80412e+06,
1.81321e+06,
1.8226e+06,
1.83201e+06,
1.84165e+06,
1.85156e+06,
1.86136e+06,
1.8713e+06,
1.88151e+06,
1.89161e+06,
1.90141e+06,
1.91135e+06,
1.92149e+06,
1.93156e+06,
1.94179e+06,
1.95226e+06,
1.96287e+06,
1.97338e+06,
1.98412e+06,
1.99504e+06,
2.00589e+06,
2.01657e+06,
2.02748e+06,
2.03826e+06,
2.04904e+06,
2.05969e+06,
2.07141e+06,
2.08294e+06,
2.09456e+06,
2.10616e+06,
2.11774e+06,
2.12914e+06,
2.14076e+06,
2.15272e+06,
2.16539e+06,
2.17742e+06,
2.18986e+06,
2.20218e+06,
2.21445e+06,
2.22676e+06,
2.23941e+06,
2.25175e+06,
2.26433e+06,
2.27709e+06,
2.28998e+06,
2.3028e+06,
2.31544e+06,
2.32839e+06,
2.34128e+06,
2.35438e+06,
2.36776e+06,
2.38091e+06,
2.39429e+06,
2.40771e+06,
2.42161e+06,
2.43522e+06,
2.44908e+06,
2.46301e+06,
2.4768e+06,
2.49081e+06,
2.50487e+06,
2.51934e+06,
2.5343e+06,
2.54927e+06,
2.56437e+06,
2.5795e+06,
2.59461e+06,
2.61009e+06,
2.62561e+06,
2.64146e+06,
2.65752e+06,
2.67381e+06,
2.69008e+06,
2.70614e+06,
2.72262e+06,
2.73917e+06,
2.7559e+06,
2.77235e+06,
2.78926e+06,
2.80625e+06,
2.8234e+06,
2.84014e+06,
2.85764e+06,
2.87541e+06,
2.89353e+06,
2.91174e+06,
2.92982e+06,
2.9483e+06,
2.96677e+06,
2.986e+06,
3.00544e+06,
3.02458e+06,
3.04362e+06,
3.06366e+06,
3.08371e+06,
3.10391e+06,
3.12439e+06,
3.14513e+06,
3.16616e+06,
3.18719e+06,
3.20868e+06,
3.22957e+06,
3.25118e+06,
3.27267e+06,
3.29495e+06,
3.31711e+06,
3.3403e+06,
3.36334e+06,
3.38674e+06,
3.40995e+06,
3.43331e+06,
3.45684e+06,
3.48101e+06,
3.50533e+06,
3.53044e+06,
3.55576e+06,
3.58164e+06,
3.60751e+06,
3.63408e+06,
3.66125e+06,
3.68826e+06,
3.71593e+06,
3.74404e+06,
3.77229e+06,
3.80104e+06,
3.83052e+06,
3.85994e+06,
3.88977e+06,
3.92107e+06,
3.95241e+06,
3.98405e+06,
4.01556e+06,
4.04854e+06,
4.0813e+06,
4.11525e+06,
4.14944e+06,
4.18409e+06,
4.21924e+06,
4.25496e+06,
4.29105e+06,
4.32844e+06,
4.36582e+06,
4.40407e+06,
4.44241e+06,
4.48122e+06,
4.52162e+06,
4.56334e+06,
4.60655e+06,
4.65071e+06,
4.69469e+06,
4.73959e+06,
4.78563e+06,
4.83369e+06,
4.88366e+06,
4.93344e+06,
4.98479e+06,
5.0374e+06,
5.09217e+06,
5.14908e+06,
5.20718e+06,
5.2675e+06,
5.33022e+06,
5.39581e+06,
5.46405e+06,
5.53413e+06,
5.60838e+06,
5.68776e+06,
5.77079e+06,
5.85895e+06,
5.95421e+06,
6.05994e+06,
6.17918e+06,
6.32047e+06,
6.54461e+06,
6.83177e+06,
6.97728e+06,
7.10369e+06,
7.22201e+06,
7.33108e+06,
7.437e+06,
7.54267e+06,
7.64648e+06,
7.7521e+06,
7.87141e+06,
7.99801e+06,
8.10111e+06,
8.20239e+06,
8.30106e+06,
8.40011e+06,
8.49896e+06,
8.59919e+06,
8.70181e+06,
8.80792e+06,
8.92973e+06,
9.06787e+06,
9.19096e+06,
9.31175e+06,
9.43591e+06,
9.56231e+06,
9.69401e+06,
9.83417e+06,
9.9953e+06,
1.01725e+07,
1.0336e+07,
1.04968e+07,
1.06066e+07,
1.07131e+07,
1.08169e+07,
1.09232e+07,
1.10333e+07,
1.11403e+07,
1.12468e+07,
1.13561e+07,
1.14739e+07,
1.16035e+07,
1.17102e+07,
1.18171e+07,
1.19261e+07,
1.2029e+07,
1.21313e+07,
1.22326e+07,
1.23331e+07,
1.24391e+07,
1.25614e+07,
1.26972e+07,
1.28084e+07,
1.2913e+07,
1.30136e+07,
1.31141e+07,
1.32133e+07,
1.33112e+07,
1.34112e+07,
1.35179e+07,
1.36411e+07,
1.37686e+07,
1.38728e+07,
1.39738e+07,
1.40734e+07,
1.41698e+07,
1.42673e+07,
1.43683e+07,
1.44742e+07,
1.4582e+07,
1.47034e+07,
1.4835e+07,
1.49391e+07,
1.50395e+07,
1.51375e+07,
1.52367e+07,
1.53407e+07,
1.54428e+07,
1.55452e+07,
1.56525e+07,
1.57774e+07,
1.59139e+07,
1.60193e+07,
1.61231e+07,
1.62322e+07,
1.63383e+07,
1.64441e+07,
1.65502e+07,
1.66592e+07,
1.67759e+07,
1.69214e+07,
1.70925e+07,
1.72128e+07,
1.73287e+07,
1.74401e+07,
1.75488e+07,
1.76555e+07,
1.77631e+07,
1.787e+07,
1.79851e+07,
1.81207e+07,
1.82907e+07,
1.84107e+07,
1.85241e+07,
1.86353e+07,
1.8745e+07,
1.88552e+07,
1.89656e+07,
1.90817e+07,
1.92026e+07,
1.93489e+07,
1.95291e+07,
1.96548e+07,
1.97697e+07,
1.9882e+07,
1.99932e+07,
2.01059e+07,
2.02208e+07,
2.03397e+07,
2.04626e+07,
2.06005e+07,
2.07751e+07,
2.09079e+07,
2.10264e+07,
2.11407e+07,
2.12544e+07,
2.137e+07,
2.1488e+07,
2.16046e+07,
2.17241e+07,
2.18613e+07,
2.20382e+07,
2.21738e+07,
2.23019e+07,
2.24209e+07,
2.2538e+07,
2.26593e+07,
2.27761e+07,
2.28912e+07,
2.30061e+07,
2.31307e+07,
2.32783e+07,
2.34049e+07,
2.35281e+07,
2.36512e+07,
2.37735e+07,
2.3894e+07,
2.40146e+07,
2.41394e+07,
2.42723e+07,
2.44408e+07,
2.46549e+07,
2.48011e+07,
2.49441e+07,
2.50915e+07,
2.52369e+07,
2.53715e+07,
2.55031e+07,
2.56361e+07,
2.57744e+07,
2.59404e+07,
2.61663e+07,
2.63325e+07,
2.64929e+07,
2.66541e+07,
2.68019e+07,
2.69451e+07,
2.7083e+07,
2.72209e+07,
2.73717e+07,
2.75486e+07,
2.77806e+07,
2.7964e+07,
2.81353e+07,
2.82894e+07,
2.84328e+07,
2.85718e+07,
2.87104e+07,
2.88457e+07,
2.89797e+07,
2.91345e+07,
2.93377e+07,
2.95028e+07,
2.96599e+07,
2.97994e+07,
2.99325e+07,
3.00615e+07,
3.01903e+07,
3.03192e+07,
3.04494e+07,
3.05941e+07,
3.07826e+07,
3.09399e+07,
3.10801e+07,
3.12118e+07,
3.13378e+07,
3.14612e+07,
3.15841e+07,
3.17071e+07,
3.18305e+07,
478966,
479017,
479067,
479252,
479459,
479515,
479602,
479725,
479821,
479918,
479944,
480118,
480310,
480569,
480903,
481152,
481493,
481675,
481933,
482100,
482336,
482534,
482786,
483039,
483271,
483483,
483740,
483937,
484086,
484268,
484415,
484545,
484786,
484959,
485277,
485385,
485539,
485710,
485977,
486242,
486555,
487011,
487300,
487624,
487971,
488326,
488659,
488986,
489421,
489752,
490116,
490401,
490662,
490932,
491172,
491428,
491729,
492002,
492335,
492664,
492937,
493291,
493590,
493940,
494320,
494588,
494878,
495195,
495575,
495893,
496224,
496577,
496801,
497212,
497644,
498151,
498618,
499096,
499650,
500090,
500650,
501182,
501755,
502244,
502866,
503321,
503848,
504349,
504893,
505421,
505960,
506449,
506946,
507507,
507959,
508384,
508920,
509412,
509842,
510410,
511070,
511577,
512181,
512781,
513416,
514031,
514607,
515244,
515806,
516410,
517051,
517703,
518378,
519139,
519768,
520494,
521163,
521783,
522437,
523166,
523773,
524318,
524896,
525518,
526126,
526817,
527442,
528148,
528806,
529417,
530004,
530771,
531439,
532032,
532678,
533325,
534044,
534706,
535268,
535992,
536567,
537309,
538016,
538624,
539258,
539979,
540626,
541309,
541917,
542636,
543250,
543931,
544668,
545427,
546123,
546822,
547540,
548284,
549012,
549619,
550399,
551152,
551911,
552711,
553421,
554212,
554944,
555678,
556467,
557225,
557981,
558762,
559597,
560434,
561292,
562036,
562843,
563674,
564351,
565208,
566014,
566741,
567646,
568558,
569457,
570318,
571183,
572131,
573042,
574990,
577179,
579711,
582040,
584602,
587064,
589595,
592091,
594648,
597156,
599510,
602083,
604597,
607352,
610020,
612657,
615161,
617470,
619857,
622685,
625184,
627874,
630293,
632645,
635286,
638071,
640848,
643751,
646559,
649458,
652449,
655267,
657947,
660800,
663719,
666530,
669617,
672542,
675271,
678038,
680833,
683567,
686353,
689333,
692258,
695269,
698237,
701236,
704233,
707214,
710223,
713330,
716668,
719884,
723188,
726636,
729972,
733358,
736705,
740243,
743556,
746828,
750321,
753713,
757446,
760954,
764345,
767838,
771210,
774685,
778023,
781464,
784936,
788636,
792262,
796017,
799638,
803389,
807256,
810997,
814682,
818511,
822362,
826363,
830481,
834507,
838631,
842737,
846949,
851111,
855609,
860007,
864086,
868198,
872210,
876217,
880392,
884496,
888529,
892832,
897211,
901530,
906048,
910475,
914636,
918922,
923574,
928311,
932870,
937343,
941713,
946501,
951072,
955861,
960591,
965415,
970122,
974783,
979651,
984258,
988997,
993676,
998362,
1.00311e+06,
1.00807e+06,
1.01299e+06,
1.01791e+06,
1.02275e+06,
1.02767e+06,
1.03269e+06,
1.03742e+06,
1.04229e+06,
1.04721e+06,
1.05214e+06,
1.05753e+06,
1.06287e+06,
1.0681e+06,
1.07342e+06,
1.07869e+06,
1.08413e+06,
1.08958e+06,
1.0953e+06,
1.10091e+06,
1.10641e+06,
1.1121e+06,
1.11743e+06,
1.12315e+06,
1.12873e+06,
1.13419e+06,
1.1395e+06,
1.14515e+06,
1.15085e+06,
1.15636e+06,
1.16196e+06,
1.16784e+06,
1.17341e+06,
1.17926e+06,
1.1849e+06,
1.19055e+06,
1.19647e+06,
1.20219e+06,
1.20805e+06,
1.21389e+06,
1.21979e+06,
1.22575e+06,
1.23192e+06,
1.23807e+06,
1.24417e+06,
1.25045e+06,
1.25665e+06,
1.26308e+06,
1.26936e+06,
1.27566e+06,
1.28184e+06,
1.28836e+06,
1.29461e+06,
1.30115e+06,
1.30779e+06,
1.3141e+06,
1.32086e+06,
1.32735e+06,
1.3339e+06,
1.34059e+06,
1.34714e+06,
1.35366e+06,
1.36016e+06,
1.36662e+06,
1.37334e+06,
1.3799e+06,
1.38661e+06,
1.39366e+06,
1.40058e+06,
1.40747e+06,
1.41471e+06,
1.42186e+06,
1.42915e+06,
1.43629e+06,
1.44348e+06,
1.45053e+06,
1.4577e+06,
1.46454e+06,
1.47172e+06,
1.47893e+06,
1.48622e+06,
1.49321e+06,
1.5004e+06,
1.50793e+06,
1.51565e+06,
1.52321e+06,
1.53081e+06,
1.53837e+06,
1.54581e+06,
1.55336e+06,
1.56113e+06,
1.56892e+06,
1.57663e+06,
1.58438e+06,
1.59233e+06,
1.60025e+06,
1.60849e+06,
1.61644e+06,
1.62468e+06,
1.63303e+06,
1.64121e+06,
1.64958e+06,
1.65827e+06,
1.66686e+06,
1.67543e+06,
1.68384e+06,
1.6922e+06,
1.701e+06,
1.70966e+06,
1.71851e+06,
1.72746e+06,
1.73621e+06,
1.74483e+06,
1.75363e+06,
1.76243e+06,
1.77136e+06,
1.78042e+06,
1.78959e+06,
1.7986e+06,
1.80808e+06,
1.81746e+06,
1.82714e+06,
1.83652e+06,
1.84598e+06,
1.85571e+06,
1.8655e+06,
1.87542e+06,
1.8852e+06,
1.89525e+06,
1.90563e+06,
1.91587e+06,
1.92608e+06,
1.93653e+06,
1.94698e+06,
1.95747e+06,
1.96793e+06,
1.97841e+06,
1.98895e+06,
1.99926e+06,
2.0097e+06,
2.02073e+06,
2.03168e+06,
2.04306e+06,
2.05421e+06,
2.06559e+06,
2.07663e+06,
2.08761e+06,
2.0987e+06,
2.10988e+06,
2.12145e+06,
2.13353e+06,
2.14582e+06,
2.1579e+06,
2.1703e+06,
2.18269e+06,
2.19543e+06,
2.2074e+06,
2.22008e+06,
2.23266e+06,
2.2454e+06,
2.25834e+06,
2.27106e+06,
2.284e+06,
2.29689e+06,
2.30986e+06,
2.32305e+06,
2.33622e+06,
2.34953e+06,
2.36283e+06,
2.37637e+06,
2.39003e+06,
2.40353e+06,
2.41679e+06,
2.4303e+06,
2.44412e+06,
2.45837e+06,
2.47223e+06,
2.48653e+06,
2.5013e+06,
2.51576e+06,
2.53067e+06,
2.54524e+06,
2.5604e+06,
2.57596e+06,
2.59116e+06,
2.60698e+06,
2.62265e+06,
2.63894e+06,
2.65472e+06,
2.67086e+06,
2.68706e+06,
2.70294e+06,
2.71925e+06,
2.73626e+06,
2.75299e+06,
2.77019e+06,
2.78739e+06,
2.80481e+06,
2.82242e+06,
2.84e+06,
2.85776e+06,
2.87546e+06,
2.8936e+06,
2.91178e+06,
2.93056e+06,
2.94918e+06,
2.96785e+06,
2.98709e+06,
3.00649e+06,
3.02588e+06,
3.04573e+06,
3.06622e+06,
3.08698e+06,
3.10774e+06,
3.1286e+06,
3.14949e+06,
3.1707e+06,
3.19181e+06,
3.21279e+06,
3.23452e+06,
3.25684e+06,
3.27913e+06,
3.30205e+06,
3.32494e+06,
3.34813e+06,
3.37127e+06,
3.39421e+06,
3.41782e+06,
3.44223e+06,
3.4668e+06,
3.49189e+06,
3.51716e+06,
3.54285e+06,
3.56816e+06,
3.59412e+06,
3.62033e+06,
3.64735e+06,
3.67482e+06,
3.70286e+06,
3.73057e+06,
3.7589e+06,
3.78737e+06,
3.8169e+06,
3.84706e+06,
3.87717e+06,
3.90803e+06,
3.93973e+06,
3.971e+06,
4.00385e+06,
4.03693e+06,
4.07086e+06,
4.1051e+06,
4.13914e+06,
4.17391e+06,
4.20934e+06,
4.24563e+06,
4.28255e+06,
4.32067e+06,
4.35879e+06,
4.39777e+06,
4.43774e+06,
4.47875e+06,
4.52047e+06,
4.5626e+06,
4.60605e+06,
4.65022e+06,
4.69479e+06,
4.74218e+06,
4.79003e+06,
4.83904e+06,
4.88893e+06,
4.94079e+06,
4.99454e+06,
5.04984e+06,
5.10696e+06,
5.16549e+06,
5.22624e+06,
5.29009e+06,
5.35592e+06,
5.42389e+06,
5.49555e+06,
5.57179e+06,
5.65179e+06,
5.73492e+06,
5.82497e+06,
5.92407e+06,
6.03432e+06,
6.16239e+06,
6.3857e+06,
6.6287e+06,
6.7743e+06,
6.90202e+06,
7.02033e+06,
7.12981e+06,
7.23547e+06,
7.34e+06,
7.4426e+06,
7.54616e+06,
7.66519e+06,
7.78504e+06,
7.8888e+06,
7.99071e+06,
8.08821e+06,
8.18704e+06,
8.28516e+06,
8.38382e+06,
8.48528e+06,
8.589e+06,
8.71096e+06,
8.83705e+06,
8.95755e+06,
9.08184e+06,
9.20782e+06,
9.33839e+06,
9.47673e+06,
9.63373e+06,
9.81061e+06,
9.94027e+06,
1.00665e+07,
1.01931e+07,
1.03028e+07,
1.04083e+07,
1.0513e+07,
1.0622e+07,
1.07293e+07,
1.08307e+07,
1.09312e+07,
1.10332e+07,
1.11502e+07,
1.1271e+07,
1.13793e+07,
1.14896e+07,
1.15948e+07,
1.16946e+07,
1.17901e+07,
1.18867e+07,
1.19845e+07,
1.20869e+07,
1.22081e+07,
1.23378e+07,
1.24457e+07,
1.25475e+07,
1.26435e+07,
1.27392e+07,
1.28356e+07,
1.29333e+07,
1.30348e+07,
1.31426e+07,
1.32599e+07,
1.33778e+07,
1.34775e+07,
1.35741e+07,
1.36695e+07,
1.37671e+07,
1.38669e+07,
1.39717e+07,
1.40746e+07,
1.41773e+07,
1.42922e+07,
1.44067e+07,
1.45074e+07,
1.4605e+07,
1.47043e+07,
1.4807e+07,
1.49081e+07,
1.50074e+07,
1.51092e+07,
1.52129e+07,
1.53291e+07,
1.54484e+07,
1.55546e+07,
1.56597e+07,
1.57673e+07,
1.58701e+07,
1.59751e+07,
1.60821e+07,
1.61889e+07,
1.63027e+07,
1.64405e+07,
1.65826e+07,
1.67042e+07,
1.68175e+07,
1.69262e+07,
1.70342e+07,
1.71412e+07,
1.72461e+07,
1.73509e+07,
1.74659e+07,
1.76006e+07,
1.77425e+07,
1.78599e+07,
1.79723e+07,
1.80827e+07,
1.81911e+07,
1.82945e+07,
1.84e+07,
1.85122e+07,
1.86397e+07,
1.87862e+07,
1.89305e+07,
1.90493e+07,
1.91629e+07,
1.92727e+07,
1.93791e+07,
1.94875e+07,
1.95982e+07,
1.97197e+07,
1.98454e+07,
1.99942e+07,
2.01347e+07,
2.02534e+07,
2.0366e+07,
2.04744e+07,
2.05836e+07,
2.06952e+07,
2.08128e+07,
2.0929e+07,
2.10505e+07,
2.1208e+07,
2.13502e+07,
2.14696e+07,
2.15821e+07,
2.16938e+07,
2.18076e+07,
2.19264e+07,
2.20391e+07,
2.21514e+07,
2.22659e+07,
2.23998e+07,
2.2531e+07,
2.26436e+07,
2.27539e+07,
2.28669e+07,
2.29836e+07,
2.30998e+07,
2.32176e+07,
2.33392e+07,
2.34731e+07,
2.36469e+07,
2.38217e+07,
2.39595e+07,
2.40938e+07,
2.42349e+07,
2.43705e+07,
2.44998e+07,
2.46269e+07,
2.4754e+07,
2.48825e+07,
2.50636e+07,
2.52565e+07,
2.54101e+07,
2.55537e+07,
2.56954e+07,
2.58262e+07,
2.59525e+07,
2.60792e+07,
2.62057e+07,
2.63403e+07,
2.65179e+07,
2.67055e+07,
2.68588e+07,
2.7013e+07,
2.71488e+07,
2.72773e+07,
2.74034e+07,
2.75305e+07,
2.76584e+07,
2.77911e+07,
2.79594e+07,
2.81452e+07,
2.83007e+07,
2.84505e+07,
2.85924e+07,
2.87306e+07,
2.88671e+07,
2.90048e+07,
2.91422e+07,
2.92767e+07,
2.94395e+07,
2.96216e+07,
2.97758e+07,
2.9915e+07,
3.00478e+07,
3.01744e+07,
3.02972e+07,
3.04175e+07,
3.05389e+07,
3.06628e+07,
478966,
478985,
479041,
479209,
479416,
479466,
479529,
479645,
479735,
479787,
479822,
479984,
480129,
480327,
480612,
480870,
481212,
481440,
481707,
481847,
482133,
482323,
482576,
482854,
483107,
483307,
483546,
483736,
483854,
484048,
484100,
484261,
484442,
484714,
484924,
485106,
485323,
485532,
485830,
486271,
486540,
486859,
487162,
487409,
487794,
488176,
488561,
488822,
489205,
489505,
489835,
490183,
490383,
490661,
490953,
491204,
491523,
491782,
492114,
492432,
492783,
493039,
493352,
493604,
493958,
494228,
494537,
494870,
495283,
495570,
496048,
496368,
496670,
496985,
497340,
497636,
498114,
498647,
499170,
499548,
500111,
500690,
501201,
501679,
502224,
502696,
503238,
503789,
504262,
504785,
505260,
505794,
506353,
506826,
507336,
507881,
508327,
508924,
509473,
509965,
510556,
511185,
511718,
512331,
512925,
513488,
514064,
514585,
515137,
515757,
516360,
516942,
517515,
518080,
518763,
519361,
520031,
520631,
521231,
521825,
522497,
523208,
523865,
524558,
525288,
525996,
526630,
527300,
527958,
528592,
529256,
529962,
530563,
531188,
531862,
532497,
533120,
533721,
534330,
534880,
535531,
536110,
536649,
537313,
538011,
538718,
539339,
540004,
540726,
541423,
542031,
542804,
543463,
544171,
544833,
545555,
546367,
547163,
547859,
548587,
549260,
550001,
550658,
551348,
552054,
552763,
553558,
554330,
555062,
555863,
556565,
557361,
558185,
558991,
559803,
560698,
561431,
562256,
563076,
563851,
564607,
565467,
566341,
567174,
568077,
568890,
569768,
570579,
571398,
572361,
573271,
574310,
576357,
578798,
581231,
583511,
586086,
588627,
591069,
593421,
596033,
598590,
601246,
603632,
606187,
608841,
611581,
614004,
616299,
618602,
621227,
623804,
626388,
629011,
631525,
634167,
636552,
639083,
641984,
644932,
647684,
650448,
653340,
656165,
659132,
661941,
664694,
667586,
670258,
673139,
676048,
679066,
681984,
684808,
687719,
690687,
693706,
696712,
699412,
702192,
705081,
708180,
711005,
714078,
717156,
720483,
723800,
727259,
730524,
733970,
737251,
740561,
744064,
747524,
750715,
754248,
757569,
761016,
764373,
767733,
771227,
774615,
778188,
781675,
785116,
788529,
792113,
795804,
799446,
803086,
806918,
810777,
814913,
818954,
822858,
826868,
830415,
834176,
838065,
842213,
846247,
850237,
854396,
858408,
862624,
866765,
870995,
875215,
879250,
883589,
887675,
891732,
895991,
900204,
904328,
908545,
912839,
917091,
921615,
926057,
930622,
935182,
939895,
944486,
949282,
954007,
958704,
963316,
968029,
972593,
977159,
981919,
986836,
991789,
996882,
1.00171e+06,
1.00671e+06,
1.01163e+06,
1.01633e+06,
1.02102e+06,
1.02586e+06,
1.03079e+06,
1.03534e+06,
1.04041e+06,
1.04531e+06,
1.0501e+06,
1.05503e+06,
1.06019e+06,
1.0652e+06,
1.07036e+06,
1.07574e+06,
1.08119e+06,
1.08668e+06,
1.09186e+06,
1.09736e+06,
1.10279e+06,
1.10797e+06,
1.11335e+06,
1.11874e+06,
1.12405e+06,
1.12956e+06,
1.1352e+06,
1.14042e+06,
1.146e+06,
1.15141e+06,
1.15701e+06,
1.16231e+06,
1.16805e+06,
1.17369e+06,
1.17921e+06,
1.18492e+06,
1.19073e+06,
1.19644e+06,
1.20228e+06,
1.20816e+06,
1.2142e+06,
1.2204e+06,
1.22608e+06,
1.23205e+06,
1.23795e+06,
1.24418e+06,
1.2504e+06,
1.25606e+06,
1.26227e+06,
1.26835e+06,
1.27465e+06,
1.28101e+06,
1.28731e+06,
1.29392e+06,
1.30044e+06,
1.30693e+06,
1.31329e+06,
1.31996e+06,
1.32658e+06,
1.33316e+06,
1.33959e+06,
1.34619e+06,
1.35272e+06,
1.35923e+06,
1.36576e+06,
1.37235e+06,
1.37936e+06,
1.38591e+06,
1.39277e+06,
1.39989e+06,
1.40701e+06,
1.41426e+06,
1.42131e+06,
1.42828e+06,
1.4351e+06,
1.44234e+06,
1.44935e+06,
1.45656e+06,
1.46404e+06,
1.47129e+06,
1.47862e+06,
1.48584e+06,
1.4933e+06,
1.5005e+06,
1.50801e+06,
1.51557e+06,
1.52301e+06,
1.53055e+06,
1.53799e+06,
1.54562e+06,
1.55321e+06,
1.56096e+06,
1.56879e+06,
1.57663e+06,
1.58462e+06,
1.59235e+06,
1.60036e+06,
1.60868e+06,
1.61709e+06,
1.62551e+06,
1.63376e+06,
1.64197e+06,
1.65015e+06,
1.65873e+06,
1.66693e+06,
1.67546e+06,
1.68407e+06,
1.69287e+06,
1.7015e+06,
1.71024e+06,
1.7192e+06,
1.72807e+06,
1.73722e+06,
1.74612e+06,
1.7549e+06,
1.76399e+06,
1.77288e+06,
1.78239e+06,
1.79146e+06,
1.80059e+06,
1.80992e+06,
1.8192e+06,
1.82867e+06,
1.83791e+06,
1.84723e+06,
1.8568e+06,
1.86665e+06,
1.8766e+06,
1.88663e+06,
1.89641e+06,
1.90688e+06,
1.9172e+06,
1.92746e+06,
1.93764e+06,
1.94798e+06,
1.95843e+06,
1.96902e+06,
1.97951e+06,
1.99001e+06,
2.0012e+06,
2.01213e+06,
2.02279e+06,
2.03373e+06,
2.04457e+06,
2.05576e+06,
2.06669e+06,
2.07786e+06,
2.0891e+06,
2.10058e+06,
2.11221e+06,
2.12369e+06,
2.13533e+06,
2.14742e+06,
2.15914e+06,
2.17143e+06,
2.18382e+06,
2.19643e+06,
2.20918e+06,
2.22193e+06,
2.23475e+06,
2.24745e+06,
2.2601e+06,
2.27321e+06,
2.28637e+06,
2.29939e+06,
2.31253e+06,
2.32597e+06,
2.33933e+06,
2.3528e+06,
2.36627e+06,
2.38004e+06,
2.39346e+06,
2.40742e+06,
2.4213e+06,
2.43562e+06,
2.44974e+06,
2.46397e+06,
2.4784e+06,
2.493e+06,
2.50764e+06,
2.52219e+06,
2.53687e+06,
2.5519e+06,
2.56731e+06,
2.58298e+06,
2.59918e+06,
2.61541e+06,
2.63154e+06,
2.64781e+06,
2.66412e+06,
2.68025e+06,
2.6969e+06,
2.71376e+06,
2.73058e+06,
2.74782e+06,
2.76506e+06,
2.78214e+06,
2.79934e+06,
2.81727e+06,
2.83496e+06,
2.8529e+06,
2.87139e+06,
2.89026e+06,
2.9088e+06,
2.92748e+06,
2.94631e+06,
2.9654e+06,
2.9845e+06,
3.00382e+06,
3.02369e+06,
3.04373e+06,
3.06429e+06,
3.08503e+06,
3.10536e+06,
3.12562e+06,
3.1468e+06,
3.16817e+06,
3.18956e+06,
3.21175e+06,
3.23453e+06,
3.25745e+06,
3.28008e+06,
3.30257e+06,
3.32483e+06,
3.34792e+06,
3.37168e+06,
3.39624e+06,
3.42081e+06,
3.44551e+06,
3.47e+06,
3.49505e+06,
3.51998e+06,
3.54582e+06,
3.5721e+06,
3.59872e+06,
3.62541e+06,
3.65284e+06,
3.6801e+06,
3.70847e+06,
3.73742e+06,
3.76695e+06,
3.79696e+06,
3.8268e+06,
3.85682e+06,
3.88759e+06,
3.91957e+06,
3.95173e+06,
3.98434e+06,
4.01778e+06,
4.05134e+06,
4.08505e+06,
4.1195e+06,
4.15554e+06,
4.1919e+06,
4.22888e+06,
4.26613e+06,
4.30388e+06,
4.34238e+06,
4.38206e+06,
4.42303e+06,
4.46464e+06,
4.50636e+06,
4.54892e+06,
4.59246e+06,
4.63771e+06,
4.68377e+06,
4.73116e+06,
4.77987e+06,
4.82988e+06,
4.88164e+06,
4.93535e+06,
4.9898e+06,
5.04602e+06,
5.10382e+06,
5.16488e+06,
5.2276e+06,
5.2917e+06,
5.35946e+06,
5.43051e+06,
5.50513e+06,
5.58212e+06,
5.66487e+06,
5.7546e+06,
5.85243e+06,
5.96084e+06,
6.10115e+06,
6.37087e+06,
6.53047e+06,
6.66338e+06,
6.78485e+06,
6.89673e+06,
7.00342e+06,
7.10796e+06,
7.21042e+06,
7.3112e+06,
7.41645e+06,
7.54221e+06,
7.64845e+06,
7.75043e+06,
7.84981e+06,
7.94771e+06,
8.04522e+06,
8.14349e+06,
8.24117e+06,
8.34251e+06,
8.44909e+06,
8.58005e+06,
8.69508e+06,
8.82159e+06,
8.95148e+06,
9.08914e+06,
9.24729e+06,
9.40494e+06,
9.51682e+06,
9.62378e+06,
9.73446e+06,
9.86364e+06,
9.97584e+06,
1.00839e+07,
1.01934e+07,
1.02964e+07,
1.03938e+07,
1.04914e+07,
1.0589e+07,
1.06882e+07,
1.07916e+07,
1.09174e+07,
1.10331e+07,
1.11373e+07,
1.12341e+07,
1.13299e+07,
1.14255e+07,
1.15199e+07,
1.16158e+07,
1.17147e+07,
1.18237e+07,
1.19521e+07,
1.20569e+07,
1.21559e+07,
1.22517e+07,
1.23467e+07,
1.24415e+07,
1.25384e+07,
1.26426e+07,
1.27439e+07,
1.2842e+07,
1.29581e+07,
1.30594e+07,
1.31559e+07,
1.32519e+07,
1.33502e+07,
1.34519e+07,
1.35555e+07,
1.36505e+07,
1.37437e+07,
1.38406e+07,
1.39576e+07,
1.40614e+07,
1.41613e+07,
1.42614e+07,
1.43643e+07,
1.44631e+07,
1.45564e+07,
1.46496e+07,
1.47455e+07,
1.48464e+07,
1.49706e+07,
1.50797e+07,
1.51891e+07,
1.52935e+07,
1.53947e+07,
1.54914e+07,
1.55908e+07,
1.56925e+07,
1.57983e+07,
1.59101e+07,
1.60595e+07,
1.61858e+07,
1.62988e+07,
1.64051e+07,
1.65087e+07,
1.66124e+07,
1.67156e+07,
1.6818e+07,
1.69259e+07,
1.70457e+07,
1.71882e+07,
1.73066e+07,
1.74152e+07,
1.75193e+07,
1.76214e+07,
1.77249e+07,
1.78304e+07,
1.79407e+07,
1.80583e+07,
1.81761e+07,
1.83229e+07,
1.84423e+07,
1.8552e+07,
1.86599e+07,
1.8767e+07,
1.8875e+07,
1.89876e+07,
1.91078e+07,
1.92245e+07,
1.93421e+07,
1.94823e+07,
1.95982e+07,
1.97085e+07,
1.98165e+07,
1.99259e+07,
2.00367e+07,
2.01553e+07,
2.02718e+07,
2.03878e+07,
2.0503e+07,
2.06439e+07,
2.07612e+07,
2.0873e+07,
2.09825e+07,
2.10953e+07,
2.12136e+07,
2.13262e+07,
2.14381e+07,
2.15501e+07,
2.16584e+07,
2.17814e+07,
2.18929e+07,
2.2002e+07,
2.21126e+07,
2.2227e+07,
2.23411e+07,
2.24563e+07,
2.25767e+07,
2.27034e+07,
2.28344e+07,
2.30066e+07,
2.31462e+07,
2.32808e+07,
2.3423e+07,
2.35551e+07,
2.36811e+07,
2.37998e+07,
2.39215e+07,
2.40567e+07,
2.42007e+07,
2.43767e+07,
2.45208e+07,
2.46623e+07,
2.48025e+07,
2.49302e+07,
2.50532e+07,
2.51745e+07,
2.52943e+07,
2.54241e+07,
2.55756e+07,
2.57477e+07,
2.58915e+07,
2.60351e+07,
2.61645e+07,
2.62877e+07,
2.64077e+07,
2.65259e+07,
2.6643e+07,
2.67669e+07,
2.69127e+07,
2.70848e+07,
2.72296e+07,
2.73622e+07,
2.74853e+07,
2.76065e+07,
2.77243e+07,
2.78392e+07,
2.79557e+07,
2.80781e+07,
2.82212e+07,
2.83899e+07,
2.8537e+07,
2.86668e+07,
2.87907e+07,
2.89108e+07,
2.90295e+07,
2.91462e+07,
2.92638e+07,
2.93857e+07,
478966,
478972,
479022,
479164,
479352,
479431,
479427,
479556,
479672,
479709,
479722,
479876,
479996,
480177,
480344,
480598,
480886,
481146,
481431,
481647,
481906,
482082,
482387,
482627,
482909,
483121,
483303,
483483,
483621,
483751,
483883,
483947,
484108,
484353,
484632,
484965,
485217,
485516,
485855,
486227,
486522,
486790,
487036,
487340,
487651,
487980,
488317,
488613,
488878,
489252,
489592,
489873,
490175,
490378,
490672,
490997,
491282,
491532,
491879,
492217,
492558,
492848,
493116,
493319,
493628,
493973,
494299,
494699,
495061,
495430,
495783,
496082,
496396,
496647,
497049,
497371,
497773,
498077,
498609,
499103,
499592,
500116,
500567,
501052,
501565,
502154,
502588,
503037,
503511,
504048,
504621,
505122,
505700,
506279,
506941,
507502,
507961,
508487,
508954,
509528,
510075,
510667,
511251,
511745,
512314,
512966,
513514,
514057,
514577,
515153,
515721,
516250,
516791,
517278,
517862,
518417,
519105,
519625,
520169,
520754,
521394,
522027,
522674,
523275,
523917,
524574,
525209,
525811,
526420,
527074,
527791,
528485,
529258,
529878,
530591,
531273,
531898,
532479,
533060,
533728,
534366,
534977,
535632,
536322,
536939,
537634,
538283,
539019,
539580,
540262,
540836,
541555,
542223,
542920,
543588,
544256,
545085,
545793,
546487,
547178,
547818,
548549,
549243,
550060,
550801,
551554,
552239,
552855,
553664,
554429,
555128,
555908,
556705,
557559,
558376,
559127,
559921,
560695,
561440,
562335,
563035,
563963,
564841,
565712,
566593,
567511,
568389,
569228,
570044,
570947,
571826,
572770,
573759,
574801,
575732,
577447,
579774,
582321,
584595,
587092,
589554,
592009,
594435,
597267,
599836,
602418,
604880,
607216,
609733,
612202,
614667,
617195,
619637,
622270,
624858,
627281,
629811,
632457,
634795,
637214,
639694,
642544,
645361,
648037,
650877,
653676,
656580,
659438,
662343,
665032,
667878,
670635,
673503,
676413,
679083,
681946,
684969,
687935,
690900,
693751,
696650,
699590,
702593,
705416,
708292,
711282,
714212,
717118,
720594,
723956,
727262,
730655,
733859,
737127,
740449,
743629,
746947,
750132,
753506,
756991,
760445,
763879,
767416,
770798,
774168,
777640,
781255,
784732,
788197,
792081,
795705,
799202,
802952,
806641,
810398,
814184,
817920,
821748,
825494,
829341,
833334,
837208,
841254,
845095,
849014,
852986,
856995,
860933,
865179,
869117,
873235,
877412,
881378,
885452,
889667,
894066,
898421,
902820,
906992,
911189,
915407,
919478,
923676,
928325,
932918,
937488,
942207,
946649,
951213,
955661,
960317,
964911,
969467,
974144,
978972,
983616,
988107,
992935,
997669,
1.00263e+06,
1.00736e+06,
1.01225e+06,
1.01714e+06,
1.02199e+06,
1.02679e+06,
1.03165e+06,
1.03623e+06,
1.04116e+06,
1.04572e+06,
1.0506e+06,
1.05555e+06,
1.06062e+06,
1.06566e+06,
1.07073e+06,
1.07592e+06,
1.08133e+06,
1.08629e+06,
1.09157e+06,
1.09685e+06,
1.10211e+06,
1.10727e+06,
1.11273e+06,
1.11805e+06,
1.12361e+06,
1.12909e+06,
1.13449e+06,
1.14002e+06,
1.1454e+06,
1.15077e+06,
1.1561e+06,
1.16153e+06,
1.16728e+06,
1.17269e+06,
1.1782e+06,
1.18383e+06,
1.18952e+06,
1.19538e+06,
1.20094e+06,
1.20671e+06,
1.21239e+06,
1.21822e+06,
1.22418e+06,
1.23014e+06,
1.23604e+06,
1.24222e+06,
1.24846e+06,
1.25469e+06,
1.26085e+06,
1.26734e+06,
1.27352e+06,
1.27939e+06,
1.28546e+06,
1.29197e+06,
1.29833e+06,
1.3046e+06,
1.31106e+06,
1.31764e+06,
1.32419e+06,
1.33089e+06,
1.33731e+06,
1.34375e+06,
1.35035e+06,
1.35674e+06,
1.36332e+06,
1.37006e+06,
1.37679e+06,
1.3836e+06,
1.39046e+06,
1.39709e+06,
1.40377e+06,
1.41087e+06,
1.41762e+06,
1.42473e+06,
1.43177e+06,
1.43908e+06,
1.44639e+06,
1.45396e+06,
1.46144e+06,
1.4686e+06,
1.47613e+06,
1.48382e+06,
1.49101e+06,
1.49845e+06,
1.50576e+06,
1.5131e+06,
1.52051e+06,
1.5281e+06,
1.53583e+06,
1.54298e+06,
1.55068e+06,
1.55848e+06,
1.56654e+06,
1.5746e+06,
1.5825e+06,
1.59049e+06,
1.59852e+06,
1.60649e+06,
1.61458e+06,
1.6228e+06,
1.63106e+06,
1.63945e+06,
1.64785e+06,
1.65621e+06,
1.66481e+06,
1.6736e+06,
1.68212e+06,
1.69092e+06,
1.69947e+06,
1.70816e+06,
1.71686e+06,
1.72547e+06,
1.73413e+06,
1.74319e+06,
1.75216e+06,
1.76144e+06,
1.77082e+06,
1.78022e+06,
1.7895e+06,
1.79878e+06,
1.8079e+06,
1.81723e+06,
1.8267e+06,
1.83626e+06,
1.84563e+06,
1.85515e+06,
1.86482e+06,
1.87455e+06,
1.88476e+06,
1.89492e+06,
1.90514e+06,
1.91547e+06,
1.92564e+06,
1.93599e+06,
1.94652e+06,
1.95717e+06,
1.96798e+06,
1.97852e+06,
1.98937e+06,
2.00012e+06,
2.01089e+06,
2.02186e+06,
2.03268e+06,
2.04361e+06,
2.05478e+06,
2.0659e+06,
2.0773e+06,
2.08847e+06,
2.09969e+06,
2.11088e+06,
2.1225e+06,
2.13386e+06,
2.14559e+06,
2.15746e+06,
2.16957e+06,
2.18226e+06,
2.19491e+06,
2.20772e+06,
2.22074e+06,
2.23347e+06,
2.24607e+06,
2.25881e+06,
2.27189e+06,
2.28522e+06,
2.29877e+06,
2.31189e+06,
2.32524e+06,
2.33889e+06,
2.35227e+06,
2.36603e+06,
2.37966e+06,
2.39395e+06,
2.40806e+06,
2.42234e+06,
2.43707e+06,
2.45145e+06,
2.466e+06,
2.48025e+06,
2.49537e+06,
2.51033e+06,
2.52545e+06,
2.54106e+06,
2.5565e+06,
2.57205e+06,
2.58762e+06,
2.60373e+06,
2.61978e+06,
2.63594e+06,
2.6523e+06,
2.66919e+06,
2.68575e+06,
2.70287e+06,
2.71968e+06,
2.73676e+06,
2.75453e+06,
2.77198e+06,
2.7897e+06,
2.80779e+06,
2.82577e+06,
2.84365e+06,
2.86192e+06,
2.88014e+06,
2.89845e+06,
2.91721e+06,
2.93608e+06,
2.95572e+06,
2.97526e+06,
2.99499e+06,
3.01462e+06,
3.03453e+06,
3.05441e+06,
3.07493e+06,
3.09616e+06,
3.11714e+06,
3.13835e+06,
3.16026e+06,
3.18193e+06,
3.20423e+06,
3.22597e+06,
3.24801e+06,
3.27108e+06,
3.29383e+06,
3.31756e+06,
3.34134e+06,
3.36555e+06,
3.38987e+06,
3.41494e+06,
3.4398e+06,
3.46517e+06,
3.49076e+06,
3.51704e+06,
3.54353e+06,
3.56984e+06,
3.59693e+06,
3.62389e+06,
3.65146e+06,
3.67964e+06,
3.7085e+06,
3.73722e+06,
3.7663e+06,
3.79601e+06,
3.82607e+06,
3.85771e+06,
3.88955e+06,
3.92255e+06,
3.95489e+06,
3.98791e+06,
4.02155e+06,
4.05576e+06,
4.09112e+06,
4.12672e+06,
4.16317e+06,
4.1998e+06,
4.23728e+06,
4.2758e+06,
4.3151e+06,
4.35521e+06,
4.39563e+06,
4.43656e+06,
4.47834e+06,
4.52198e+06,
4.56686e+06,
4.61292e+06,
4.65907e+06,
4.70637e+06,
4.75541e+06,
4.80587e+06,
4.85769e+06,
4.91083e+06,
4.96487e+06,
5.02134e+06,
5.08028e+06,
5.14007e+06,
5.20188e+06,
5.26691e+06,
5.3355e+06,
5.40704e+06,
5.48044e+06,
5.55928e+06,
5.645e+06,
5.73656e+06,
5.83894e+06,
5.98083e+06,
6.23213e+06,
6.38314e+06,
6.51307e+06,
6.63114e+06,
6.7408e+06,
6.84522e+06,
6.94761e+06,
7.0486e+06,
7.14857e+06,
7.25365e+06,
7.37638e+06,
7.48062e+06,
7.58099e+06,
7.68093e+06,
7.77748e+06,
7.87427e+06,
7.97154e+06,
8.07042e+06,
8.17073e+06,
8.27786e+06,
8.40765e+06,
8.52787e+06,
8.66432e+06,
8.82244e+06,
8.96659e+06,
9.08024e+06,
9.18598e+06,
9.28842e+06,
9.39212e+06,
9.4989e+06,
9.6267e+06,
9.74244e+06,
9.84485e+06,
9.94299e+06,
1.00384e+07,
1.0133e+07,
1.02285e+07,
1.0326e+07,
1.04252e+07,
1.05348e+07,
1.06552e+07,
1.07554e+07,
1.08517e+07,
1.09465e+07,
1.10417e+07,
1.11354e+07,
1.12304e+07,
1.1331e+07,
1.14267e+07,
1.15236e+07,
1.16426e+07,
1.17445e+07,
1.18427e+07,
1.19373e+07,
1.2032e+07,
1.21295e+07,
1.22267e+07,
1.23182e+07,
1.24104e+07,
1.25055e+07,
1.26197e+07,
1.27198e+07,
1.28175e+07,
1.29157e+07,
1.30201e+07,
1.31123e+07,
1.32017e+07,
1.32926e+07,
1.33842e+07,
1.34796e+07,
1.35956e+07,
1.3698e+07,
1.38039e+07,
1.38999e+07,
1.39917e+07,
1.40824e+07,
1.41738e+07,
1.42664e+07,
1.436e+07,
1.44585e+07,
1.45845e+07,
1.46976e+07,
1.47964e+07,
1.48928e+07,
1.49886e+07,
1.5084e+07,
1.51794e+07,
1.52783e+07,
1.53816e+07,
1.54964e+07,
1.56428e+07,
1.57567e+07,
1.58638e+07,
1.59675e+07,
1.60688e+07,
1.61708e+07,
1.62705e+07,
1.63761e+07,
1.64931e+07,
1.66027e+07,
1.6729e+07,
1.68373e+07,
1.69411e+07,
1.70441e+07,
1.71452e+07,
1.72488e+07,
1.73559e+07,
1.74679e+07,
1.75736e+07,
1.76813e+07,
1.78158e+07,
1.79311e+07,
1.80411e+07,
1.81499e+07,
1.82587e+07,
1.83714e+07,
1.84872e+07,
1.85921e+07,
1.86931e+07,
1.87997e+07,
1.89331e+07,
1.90483e+07,
1.91585e+07,
1.92697e+07,
1.93823e+07,
1.94987e+07,
1.96053e+07,
1.97078e+07,
1.98098e+07,
1.99177e+07,
2.00533e+07,
2.01693e+07,
2.02819e+07,
2.03958e+07,
2.05145e+07,
2.06242e+07,
2.0726e+07,
2.0827e+07,
2.09285e+07,
2.10341e+07,
2.11535e+07,
2.1264e+07,
2.13743e+07,
2.14875e+07,
2.1598e+07,
2.17068e+07,
2.18188e+07,
2.19325e+07,
2.20491e+07,
2.21865e+07,
2.23454e+07,
2.24847e+07,
2.26323e+07,
2.27617e+07,
2.28788e+07,
2.29965e+07,
2.31172e+07,
2.3236e+07,
2.33541e+07,
2.34877e+07,
2.36539e+07,
2.3805e+07,
2.39446e+07,
2.40702e+07,
2.41871e+07,
2.43041e+07,
2.44243e+07,
2.45442e+07,
2.46632e+07,
2.47981e+07,
2.49618e+07,
2.51106e+07,
2.52391e+07,
2.53566e+07,
2.54699e+07,
2.55828e+07,
2.57002e+07,
2.58237e+07,
2.59409e+07,
2.60734e+07,
2.62327e+07,
2.63675e+07,
2.64889e+07,
2.66013e+07,
2.67113e+07,
2.68224e+07,
2.69356e+07,
2.7059e+07,
2.71754e+07,
2.7307e+07,
2.7461e+07,
2.75877e+07,
2.7703e+07,
2.78127e+07,
2.7922e+07,
2.80308e+07,
2.81413e+07,
2.8258e+07,
478966,
478945,
478983,
479114,
479284,
479360,
479386,
479470,
479581,
479612,
479658,
479767,
479903,
480077,
480211,
480390,
480585,
480718,
480988,
481247,
481596,
481830,
482149,
482410,
482700,
482861,
483061,
483206,
483317,
483446,
483568,
483693,
483853,
484161,
484528,
484839,
485232,
485391,
485740,
486073,
486329,
486586,
486889,
487152,
487473,
487851,
488108,
488369,
488653,
488961,
489246,
489625,
489842,
490090,
490360,
490650,
491029,
491266,
491648,
491978,
492267,
492568,
492883,
493115,
493477,
493778,
494080,
494430,
494780,
495067,
495379,
495703,
496009,
496341,
496752,
497093,
497333,
497680,
498006,
498435,
499019,
499491,
499949,
500531,
500958,
501508,
502069,
502648,
503219,
503697,
504234,
504797,
505292,
505775,
506309,
506874,
507408,
507940,
508443,
508972,
509620,
510090,
510641,
511105,
511786,
512311,
512871,
513438,
513956,
514448,
515019,
515626,
516154,
516667,
517259,
517746,
518332,
518868,
519326,
519907,
520450,
521002,
521433,
522036,
522690,
523270,
523855,
524431,
525041,
525637,
526304,
526934,
527610,
528306,
528919,
529507,
530160,
530772,
531347,
531935,
532561,
533376,
534123,
534862,
535606,
536271,
536888,
537513,
538165,
538873,
539520,
540146,
540773,
541500,
542154,
542968,
543687,
544463,
545162,
545949,
546699,
547380,
548117,
548830,
549569,
550392,
551082,
551762,
552399,
553152,
553883,
554657,
555403,
556057,
556812,
557609,
558464,
559213,
560006,
560812,
561531,
562338,
563200,
564065,
564947,
565926,
566748,
567582,
568350,
569172,
570042,
570962,
571878,
572800,
573872,
574830,
575855,
576825,
577830,
580092,
582438,
585073,
587562,
590018,
592551,
595060,
597581,
600153,
602542,
604953,
607452,
610052,
612517,
614902,
617486,
620032,
622537,
625007,
627545,
630034,
632535,
634982,
637497,
640022,
642662,
645289,
648087,
650860,
653591,
656258,
659194,
661999,
664767,
667527,
670377,
673193,
676023,
678951,
681628,
684452,
687378,
690544,
693643,
696525,
699476,
702321,
705179,
708000,
710896,
713809,
716848,
720057,
723103,
726585,
729937,
733080,
736351,
739540,
742728,
746017,
749286,
752552,
756071,
759569,
762914,
766443,
770080,
773813,
777333,
780710,
784208,
787722,
791158,
794570,
798262,
801902,
805391,
808938,
812478,
816012,
819950,
823904,
827809,
831896,
835693,
839714,
843776,
847690,
851595,
855529,
859248,
863023,
866804,
870806,
874828,
879059,
883231,
887308,
891396,
895649,
899922,
904144,
908239,
912394,
916320,
920428,
924655,
928914,
933348,
937686,
942329,
947039,
951500,
956314,
960816,
965284,
969632,
974044,
978679,
983194,
987793,
992394,
997004,
1.00188e+06,
1.00652e+06,
1.01125e+06,
1.01587e+06,
1.02073e+06,
1.02535e+06,
1.03004e+06,
1.03469e+06,
1.03975e+06,
1.04464e+06,
1.04946e+06,
1.05444e+06,
1.05951e+06,
1.06449e+06,
1.06954e+06,
1.0745e+06,
1.07951e+06,
1.08447e+06,
1.08968e+06,
1.09491e+06,
1.10011e+06,
1.1053e+06,
1.11043e+06,
1.11579e+06,
1.12111e+06,
1.12646e+06,
1.13206e+06,
1.13751e+06,
1.14307e+06,
1.1486e+06,
1.15399e+06,
1.15964e+06,
1.16511e+06,
1.17042e+06,
1.17584e+06,
1.18141e+06,
1.18697e+06,
1.19262e+06,
1.19837e+06,
1.20399e+06,
1.20973e+06,
1.21518e+06,
1.2212e+06,
1.22731e+06,
1.23339e+06,
1.23953e+06,
1.24552e+06,
1.25187e+06,
1.25782e+06,
1.26393e+06,
1.27016e+06,
1.27646e+06,
1.28261e+06,
1.28868e+06,
1.29494e+06,
1.30121e+06,
1.30745e+06,
1.31378e+06,
1.32025e+06,
1.32655e+06,
1.33292e+06,
1.33955e+06,
1.34621e+06,
1.35273e+06,
1.3595e+06,
1.36607e+06,
1.37283e+06,
1.37964e+06,
1.38615e+06,
1.39304e+06,
1.39961e+06,
1.4065e+06,
1.41367e+06,
1.42101e+06,
1.42825e+06,
1.43507e+06,
1.44222e+06,
1.44943e+06,
1.45666e+06,
1.46408e+06,
1.47132e+06,
1.47864e+06,
1.48623e+06,
1.49347e+06,
1.50091e+06,
1.50817e+06,
1.51568e+06,
1.52334e+06,
1.53139e+06,
1.5392e+06,
1.54696e+06,
1.55504e+06,
1.56282e+06,
1.57069e+06,
1.57864e+06,
1.58609e+06,
1.59382e+06,
1.60152e+06,
1.60931e+06,
1.61737e+06,
1.62542e+06,
1.63384e+06,
1.64228e+06,
1.65095e+06,
1.65971e+06,
1.66846e+06,
1.67687e+06,
1.68566e+06,
1.69422e+06,
1.7028e+06,
1.71141e+06,
1.72054e+06,
1.72949e+06,
1.73845e+06,
1.74765e+06,
1.757e+06,
1.76625e+06,
1.77529e+06,
1.78464e+06,
1.79399e+06,
1.80314e+06,
1.8123e+06,
1.8217e+06,
1.83128e+06,
1.8409e+06,
1.85061e+06,
1.86003e+06,
1.86975e+06,
1.8796e+06,
1.8899e+06,
1.90036e+06,
1.91073e+06,
1.92083e+06,
1.93132e+06,
1.94176e+06,
1.952e+06,
1.96274e+06,
1.97315e+06,
1.98376e+06,
1.99467e+06,
2.00562e+06,
2.01652e+06,
2.02754e+06,
2.03877e+06,
2.04993e+06,
2.061e+06,
2.07249e+06,
2.08398e+06,
2.09577e+06,
2.10725e+06,
2.11917e+06,
2.13075e+06,
2.1424e+06,
2.15447e+06,
2.16651e+06,
2.17859e+06,
2.19088e+06,
2.2036e+06,
2.21669e+06,
2.22946e+06,
2.2427e+06,
2.25577e+06,
2.26907e+06,
2.28241e+06,
2.29573e+06,
2.30879e+06,
2.32249e+06,
2.33644e+06,
2.35056e+06,
2.36446e+06,
2.3785e+06,
2.39279e+06,
2.40683e+06,
2.42109e+06,
2.43548e+06,
2.44984e+06,
2.46499e+06,
2.4796e+06,
2.49433e+06,
2.50927e+06,
2.52469e+06,
2.5401e+06,
2.55548e+06,
2.57096e+06,
2.58653e+06,
2.60247e+06,
2.61868e+06,
2.63504e+06,
2.65156e+06,
2.66851e+06,
2.68535e+06,
2.70292e+06,
2.71988e+06,
2.73676e+06,
2.75411e+06,
2.77161e+06,
2.78931e+06,
2.8075e+06,
2.8259e+06,
2.84422e+06,
2.86261e+06,
2.88148e+06,
2.90057e+06,
2.91943e+06,
2.93852e+06,
2.95797e+06,
2.97797e+06,
2.99797e+06,
3.01838e+06,
3.03854e+06,
3.0585e+06,
3.07919e+06,
3.10069e+06,
3.12208e+06,
3.14394e+06,
3.16569e+06,
3.18771e+06,
3.21005e+06,
3.23299e+06,
3.2562e+06,
3.28003e+06,
3.3043e+06,
3.32846e+06,
3.35233e+06,
3.37703e+06,
3.40174e+06,
3.4272e+06,
3.453e+06,
3.47903e+06,
3.50523e+06,
3.53169e+06,
3.55823e+06,
3.58554e+06,
3.61256e+06,
3.64128e+06,
3.66968e+06,
3.69835e+06,
3.7275e+06,
3.75689e+06,
3.78759e+06,
3.81865e+06,
3.85013e+06,
3.88204e+06,
3.91459e+06,
3.94711e+06,
3.98052e+06,
4.01498e+06,
4.0497e+06,
4.08597e+06,
4.12171e+06,
4.158e+06,
4.19581e+06,
4.23401e+06,
4.27313e+06,
4.31325e+06,
4.35359e+06,
4.39464e+06,
4.43698e+06,
4.48052e+06,
4.5247e+06,
4.57004e+06,
4.61588e+06,
4.66317e+06,
4.71177e+06,
4.76145e+06,
4.81151e+06,
4.86267e+06,
4.91699e+06,
4.97245e+06,
5.02977e+06,
5.08886e+06,
5.15012e+06,
5.21471e+06,
5.28146e+06,
5.34997e+06,
5.42248e+06,
5.5008e+06,
5.58477e+06,
5.67544e+06,
5.78509e+06,
6.03014e+06,
6.18779e+06,
6.31934e+06,
6.43947e+06,
6.54985e+06,
6.65424e+06,
6.75634e+06,
6.85628e+06,
6.95498e+06,
7.05463e+06,
7.17558e+06,
7.28164e+06,
7.38201e+06,
7.48108e+06,
7.57835e+06,
7.67406e+06,
7.77106e+06,
7.8695e+06,
7.96887e+06,
8.072e+06,
8.20224e+06,
8.34106e+06,
8.4986e+06,
8.62006e+06,
8.73031e+06,
8.83296e+06,
8.93364e+06,
9.03249e+06,
9.13193e+06,
9.23635e+06,
9.36153e+06,
9.46716e+06,
9.56643e+06,
9.66234e+06,
9.75592e+06,
9.84804e+06,
9.94341e+06,
1.00427e+07,
1.01405e+07,
1.02337e+07,
1.03475e+07,
1.04478e+07,
1.05431e+07,
1.06384e+07,
1.07329e+07,
1.08282e+07,
1.0923e+07,
1.10136e+07,
1.1103e+07,
1.11932e+07,
1.13082e+07,
1.14109e+07,
1.15087e+07,
1.16059e+07,
1.1704e+07,
1.17936e+07,
1.18815e+07,
1.19701e+07,
1.20598e+07,
1.21505e+07,
1.22627e+07,
1.2365e+07,
1.24688e+07,
1.25613e+07,
1.26506e+07,
1.27398e+07,
1.28285e+07,
1.29169e+07,
1.30072e+07,
1.30987e+07,
1.32141e+07,
1.33186e+07,
1.3414e+07,
1.35063e+07,
1.35972e+07,
1.36868e+07,
1.37756e+07,
1.38662e+07,
1.39595e+07,
1.40598e+07,
1.41752e+07,
1.42787e+07,
1.43758e+07,
1.44709e+07,
1.45636e+07,
1.4656e+07,
1.47495e+07,
1.48467e+07,
1.49509e+07,
1.50487e+07,
1.51815e+07,
1.52979e+07,
1.5405e+07,
1.5508e+07,
1.5609e+07,
1.57071e+07,
1.58157e+07,
1.59228e+07,
1.60189e+07,
1.61164e+07,
1.62362e+07,
1.63452e+07,
1.64478e+07,
1.65482e+07,
1.66523e+07,
1.67614e+07,
1.68644e+07,
1.69613e+07,
1.70587e+07,
1.71596e+07,
1.72882e+07,
1.74043e+07,
1.75148e+07,
1.76246e+07,
1.77414e+07,
1.78468e+07,
1.79454e+07,
1.80443e+07,
1.81422e+07,
1.82444e+07,
1.83695e+07,
1.84877e+07,
1.86001e+07,
1.87181e+07,
1.88252e+07,
1.89251e+07,
1.90237e+07,
1.91214e+07,
1.92193e+07,
1.93247e+07,
1.94529e+07,
1.95745e+07,
1.96947e+07,
1.98073e+07,
1.9908e+07,
2.00074e+07,
2.0106e+07,
2.02052e+07,
2.03049e+07,
2.04098e+07,
2.05249e+07,
2.06402e+07,
2.07535e+07,
2.08577e+07,
2.09626e+07,
2.10681e+07,
2.11726e+07,
2.1281e+07,
2.1392e+07,
2.15312e+07,
2.16894e+07,
2.18455e+07,
2.19683e+07,
2.20849e+07,
2.2198e+07,
2.23083e+07,
2.2419e+07,
2.25303e+07,
2.26431e+07,
2.278e+07,
2.29462e+07,
2.30923e+07,
2.32146e+07,
2.33317e+07,
2.34466e+07,
2.35599e+07,
2.36723e+07,
2.37847e+07,
2.38972e+07,
2.40372e+07,
2.41947e+07,
2.43267e+07,
2.44455e+07,
2.45607e+07,
2.4674e+07,
2.47864e+07,
2.48979e+07,
2.50085e+07,
2.51206e+07,
2.52662e+07,
2.54008e+07,
2.55259e+07,
2.56394e+07,
2.57495e+07,
2.58603e+07,
2.59709e+07,
2.60802e+07,
2.61883e+07,
2.63002e+07,
2.64395e+07,
2.65618e+07,
2.66819e+07,
2.6792e+07,
2.68996e+07,
2.70066e+07,
2.71156e+07,
2.72246e+07,
478966,
478927,
478974,
479099,
479198,
479308,
479310,
479390,
479490,
479533,
479538,
479682,
479809,
479951,
480130,
480293,
480436,
480514,
480668,
480788,
481123,
481484,
481780,
482147,
482372,
482632,
482771,
482943,
483045,
483173,
483267,
483420,
483666,
484024,
484378,
484740,
485027,
485310,
485610,
485898,
486175,
486446,
486660,
486963,
487185,
487511,
487803,
488074,
488330,
488673,
488988,
489274,
489534,
489745,
490073,
490383,
490658,
490968,
491283,
491670,
491860,
492302,
492626,
492909,
493143,
493438,
493733,
494054,
494372,
494663,
494979,
495298,
495588,
495927,
496292,
496629,
497027,
497411,
497774,
498102,
498456,
498922,
499458,
499977,
500513,
501133,
501584,
502141,
502691,
503199,
503673,
504219,
504750,
505296,
505994,
506489,
507022,
507490,
507985,
508589,
509162,
509683,
510107,
510638,
511145,
511607,
512136,
512733,
513273,
513823,
514330,
514861,
515366,
515901,
516465,
516976,
517525,
518005,
518462,
519024,
519569,
520142,
520736,
521229,
521856,
522422,
522948,
523462,
524083,
524710,
525269,
525875,
526428,
527018,
527636,
528202,
528736,
529327,
529922,
530605,
531261,
531885,
532535,
533121,
533750,
534413,
535022,
535592,
536191,
536851,
537554,
538247,
538909,
539577,
540359,
541130,
541876,
542616,
543381,
544151,
544899,
545623,
546392,
547095,
547939,
548738,
549494,
550312,
550958,
551581,
552406,
553153,
553887,
554564,
555275,
556018,
556882,
557644,
558390,
559137,
559965,
560762,
561580,
562407,
563295,
564213,
565116,
566054,
566868,
567730,
568584,
569411,
570341,
571156,
572131,
572989,
573860,
574862,
575811,
576708,
577797,
578801,
580094,
582563,
585086,
587674,
590093,
592485,
594881,
597378,
599878,
602315,
604630,
607175,
609550,
612113,
614679,
617004,
619488,
621917,
624440,
627030,
629469,
631969,
634352,
636809,
639338,
642021,
644532,
647212,
649960,
652712,
655487,
658216,
661037,
663826,
666878,
669870,
672561,
675270,
678262,
681051,
683905,
686691,
689598,
692474,
695459,
698325,
701357,
704377,
707239,
710207,
713105,
716159,
719349,
722387,
725403,
728636,
731756,
734928,
738301,
741555,
744834,
748184,
751689,
755133,
758594,
762072,
765495,
769043,
772381,
775954,
779408,
782786,
786328,
789937,
793496,
797057,
800595,
804013,
807544,
810893,
814532,
817961,
821501,
825302,
829280,
833117,
836800,
840895,
844890,
848682,
852569,
856346,
860155,
864115,
867989,
871876,
875527,
879486,
883571,
887703,
891771,
895645,
899884,
903782,
907860,
911878,
915911,
919937,
924006,
928212,
932378,
936805,
941403,
945879,
950095,
954545,
959074,
963521,
968015,
972578,
977264,
981694,
986213,
990743,
995431,
1.00003e+06,
1.0044e+06,
1.00902e+06,
1.01347e+06,
1.01802e+06,
1.02265e+06,
1.02731e+06,
1.032e+06,
1.03667e+06,
1.04142e+06,
1.04638e+06,
1.05141e+06,
1.05622e+06,
1.06103e+06,
1.06584e+06,
1.07088e+06,
1.07608e+06,
1.08109e+06,
1.08635e+06,
1.09136e+06,
1.09659e+06,
1.10188e+06,
1.10725e+06,
1.11245e+06,
1.11784e+06,
1.12302e+06,
1.12819e+06,
1.13359e+06,
1.13899e+06,
1.14456e+06,
1.15012e+06,
1.1554e+06,
1.16098e+06,
1.16615e+06,
1.17163e+06,
1.17715e+06,
1.18276e+06,
1.18839e+06,
1.1941e+06,
1.19982e+06,
1.20557e+06,
1.21156e+06,
1.21725e+06,
1.22295e+06,
1.22915e+06,
1.23483e+06,
1.24084e+06,
1.24694e+06,
1.25311e+06,
1.25916e+06,
1.26534e+06,
1.27133e+06,
1.27741e+06,
1.28367e+06,
1.2902e+06,
1.29671e+06,
1.30303e+06,
1.30926e+06,
1.31552e+06,
1.3218e+06,
1.32794e+06,
1.33437e+06,
1.34106e+06,
1.34762e+06,
1.35416e+06,
1.36088e+06,
1.36746e+06,
1.37411e+06,
1.38078e+06,
1.38768e+06,
1.3944e+06,
1.40112e+06,
1.40797e+06,
1.41504e+06,
1.42204e+06,
1.42892e+06,
1.4363e+06,
1.44356e+06,
1.45078e+06,
1.45812e+06,
1.46546e+06,
1.47233e+06,
1.47941e+06,
1.48695e+06,
1.49433e+06,
1.50174e+06,
1.5094e+06,
1.51716e+06,
1.52464e+06,
1.53242e+06,
1.54021e+06,
1.54788e+06,
1.55561e+06,
1.5634e+06,
1.57104e+06,
1.57906e+06,
1.58681e+06,
1.59474e+06,
1.60285e+06,
1.61113e+06,
1.61926e+06,
1.62728e+06,
1.63545e+06,
1.64402e+06,
1.65237e+06,
1.66101e+06,
1.66939e+06,
1.67794e+06,
1.68657e+06,
1.69548e+06,
1.70429e+06,
1.71293e+06,
1.7222e+06,
1.73135e+06,
1.74042e+06,
1.74964e+06,
1.75842e+06,
1.76754e+06,
1.77681e+06,
1.78627e+06,
1.79539e+06,
1.80455e+06,
1.81404e+06,
1.82353e+06,
1.83317e+06,
1.8431e+06,
1.85277e+06,
1.86243e+06,
1.87239e+06,
1.88189e+06,
1.89171e+06,
1.90172e+06,
1.91194e+06,
1.92237e+06,
1.9328e+06,
1.94356e+06,
1.95443e+06,
1.96514e+06,
1.97586e+06,
1.98676e+06,
1.99739e+06,
2.00796e+06,
2.01876e+06,
2.02964e+06,
2.04087e+06,
2.05222e+06,
2.06352e+06,
2.07515e+06,
2.08689e+06,
2.09868e+06,
2.11037e+06,
2.12224e+06,
2.13408e+06,
2.14636e+06,
2.15844e+06,
2.17097e+06,
2.18393e+06,
2.1969e+06,
2.20989e+06,
2.22298e+06,
2.23553e+06,
2.24872e+06,
2.26213e+06,
2.27553e+06,
2.28888e+06,
2.30256e+06,
2.316e+06,
2.33017e+06,
2.34412e+06,
2.3584e+06,
2.3727e+06,
2.3866e+06,
2.40079e+06,
2.415e+06,
2.42912e+06,
2.44372e+06,
2.45882e+06,
2.47414e+06,
2.48925e+06,
2.50458e+06,
2.51948e+06,
2.53409e+06,
2.54906e+06,
2.56453e+06,
2.58017e+06,
2.59608e+06,
2.61263e+06,
2.62895e+06,
2.6454e+06,
2.66208e+06,
2.67889e+06,
2.69543e+06,
2.71274e+06,
2.73013e+06,
2.74833e+06,
2.76637e+06,
2.78473e+06,
2.80309e+06,
2.82101e+06,
2.83936e+06,
2.85799e+06,
2.87626e+06,
2.89546e+06,
2.91521e+06,
2.93478e+06,
2.95432e+06,
2.97419e+06,
2.99415e+06,
3.0145e+06,
3.03514e+06,
3.0561e+06,
3.077e+06,
3.09828e+06,
3.12024e+06,
3.14184e+06,
3.16396e+06,
3.18678e+06,
3.20977e+06,
3.23334e+06,
3.25669e+06,
3.28062e+06,
3.30445e+06,
3.32923e+06,
3.35372e+06,
3.37874e+06,
3.40464e+06,
3.4306e+06,
3.45647e+06,
3.48306e+06,
3.51019e+06,
3.53738e+06,
3.56485e+06,
3.59339e+06,
3.62164e+06,
3.65011e+06,
3.67901e+06,
3.70885e+06,
3.73858e+06,
3.76937e+06,
3.80037e+06,
3.8315e+06,
3.86233e+06,
3.89465e+06,
3.92788e+06,
3.96216e+06,
3.99714e+06,
4.03234e+06,
4.06732e+06,
4.1035e+06,
4.14056e+06,
4.17856e+06,
4.21747e+06,
4.25606e+06,
4.29595e+06,
4.33677e+06,
4.37865e+06,
4.42109e+06,
4.4646e+06,
4.50867e+06,
4.55347e+06,
4.59945e+06,
4.64696e+06,
4.69452e+06,
4.74389e+06,
4.79461e+06,
4.84734e+06,
4.90121e+06,
4.95637e+06,
5.013e+06,
5.07233e+06,
5.1334e+06,
5.19665e+06,
5.26191e+06,
5.33158e+06,
5.40689e+06,
5.48628e+06,
5.5729e+06,
5.71329e+06,
5.93558e+06,
6.07986e+06,
6.20528e+06,
6.32178e+06,
6.42936e+06,
6.53209e+06,
6.6325e+06,
6.7314e+06,
6.82788e+06,
6.93105e+06,
7.04838e+06,
7.15228e+06,
7.25113e+06,
7.34867e+06,
7.44548e+06,
7.54223e+06,
7.6382e+06,
7.73687e+06,
7.83888e+06,
7.95546e+06,
8.11575e+06,
8.23983e+06,
8.35182e+06,
8.4565e+06,
8.55641e+06,
8.65339e+06,
8.74883e+06,
8.84919e+06,
8.94661e+06,
9.04708e+06,
9.16068e+06,
9.2606e+06,
9.35587e+06,
9.44885e+06,
9.54174e+06,
9.63967e+06,
9.73244e+06,
9.82207e+06,
9.91038e+06,
1.00043e+07,
1.01133e+07,
1.021e+07,
1.03053e+07,
1.04035e+07,
1.04951e+07,
1.05836e+07,
1.0671e+07,
1.0757e+07,
1.08434e+07,
1.09398e+07,
1.10517e+07,
1.11559e+07,
1.12522e+07,
1.13421e+07,
1.14305e+07,
1.15165e+07,
1.16027e+07,
1.16901e+07,
1.17795e+07,
1.18769e+07,
1.19892e+07,
1.20854e+07,
1.21759e+07,
1.22629e+07,
1.23503e+07,
1.24386e+07,
1.2525e+07,
1.26126e+07,
1.27053e+07,
1.28e+07,
1.29056e+07,
1.30014e+07,
1.30935e+07,
1.3183e+07,
1.32718e+07,
1.33612e+07,
1.34521e+07,
1.35454e+07,
1.36325e+07,
1.37263e+07,
1.38343e+07,
1.39338e+07,
1.40285e+07,
1.41218e+07,
1.42142e+07,
1.43122e+07,
1.4404e+07,
1.44931e+07,
1.45839e+07,
1.46881e+07,
1.48105e+07,
1.49233e+07,
1.50281e+07,
1.51288e+07,
1.52382e+07,
1.5336e+07,
1.54312e+07,
1.55239e+07,
1.56164e+07,
1.57193e+07,
1.58314e+07,
1.59385e+07,
1.60433e+07,
1.61505e+07,
1.62499e+07,
1.63461e+07,
1.64402e+07,
1.65343e+07,
1.66289e+07,
1.67408e+07,
1.68588e+07,
1.69761e+07,
1.70923e+07,
1.71958e+07,
1.72947e+07,
1.73907e+07,
1.7486e+07,
1.75818e+07,
1.76782e+07,
1.77889e+07,
1.79077e+07,
1.80329e+07,
1.81392e+07,
1.82398e+07,
1.83373e+07,
1.84333e+07,
1.85296e+07,
1.86243e+07,
1.87232e+07,
1.88378e+07,
1.89663e+07,
1.90824e+07,
1.91872e+07,
1.92871e+07,
1.93844e+07,
1.94806e+07,
1.95782e+07,
1.96758e+07,
1.9778e+07,
1.98908e+07,
2.00011e+07,
2.01097e+07,
2.02135e+07,
2.03152e+07,
2.04178e+07,
2.05204e+07,
2.0625e+07,
2.0733e+07,
2.08699e+07,
2.10296e+07,
2.11586e+07,
2.12795e+07,
2.1393e+07,
2.15027e+07,
2.16109e+07,
2.17176e+07,
2.18253e+07,
2.19362e+07,
2.20824e+07,
2.2212e+07,
2.23388e+07,
2.24684e+07,
2.25858e+07,
2.26985e+07,
2.28091e+07,
2.29174e+07,
2.30271e+07,
2.31448e+07,
2.32819e+07,
2.34051e+07,
2.35268e+07,
2.36516e+07,
2.37654e+07,
2.38764e+07,
2.39858e+07,
2.40941e+07,
2.42036e+07,
2.43297e+07,
2.4449e+07,
2.45663e+07,
2.4682e+07,
2.48008e+07,
2.49126e+07,
2.50213e+07,
2.51272e+07,
2.52336e+07,
2.53414e+07,
2.54627e+07,
2.55744e+07,
2.56855e+07,
2.57968e+07,
2.59104e+07,
2.60197e+07,
2.61258e+07,
2.62297e+07,
478966,
478907,
478953,
479061,
479157,
479233,
479231,
479266,
479400,
479465,
479456,
479582,
479715,
479848,
479958,
480150,
480305,
480364,
480526,
480680,
480903,
481077,
481318,
481489,
481829,
482131,
482413,
482578,
482774,
482874,
483013,
483218,
483549,
483906,
484203,
484524,
484855,
485111,
485445,
485760,
486031,
486238,
486532,
486768,
486954,
487251,
487514,
487871,
488215,
488445,
488636,
488998,
489240,
489442,
489741,
490048,
490367,
490677,
491000,
491371,
491632,
491954,
492217,
492556,
492837,
493114,
493371,
493619,
493975,
494273,
494531,
494940,
495242,
495573,
495974,
496353,
496701,
497127,
497480,
497887,
498317,
498697,
499050,
499522,
500031,
500570,
501050,
501626,
502113,
502644,
503287,
503817,
504293,
504806,
505421,
505928,
506533,
507062,
507465,
507928,
508415,
508962,
509515,
510071,
510639,
511175,
511649,
512204,
512635,
513121,
513654,
514220,
514801,
515236,
515723,
516267,
516777,
517262,
517681,
518147,
518687,
519250,
519833,
520335,
520896,
521402,
522048,
522602,
523098,
523618,
524276,
524829,
525460,
525961,
526521,
527172,
527754,
528317,
528804,
529425,
529980,
530603,
531211,
531894,
532484,
533163,
533780,
534273,
534892,
535418,
536062,
536778,
537319,
537919,
538563,
539155,
539828,
540549,
541220,
541881,
542710,
543407,
544206,
544928,
545699,
546457,
547251,
548038,
548744,
549429,
550147,
550891,
551558,
552280,
553009,
553832,
554609,
555420,
556145,
556909,
557751,
558602,
559459,
560310,
561248,
562132,
562972,
563823,
564773,
565557,
566476,
567425,
568340,
569367,
570310,
571217,
572187,
573033,
573850,
574847,
575848,
576839,
577910,
579103,
580317,
581459,
582636,
584683,
587082,
589324,
591850,
594222,
596524,
599158,
601600,
604134,
606538,
608828,
611249,
613904,
616338,
618816,
621194,
623616,
626264,
628765,
631448,
633859,
636125,
638506,
641004,
643592,
646247,
648776,
651747,
654591,
657430,
660040,
662601,
665253,
668210,
671088,
674141,
676945,
679791,
682650,
685570,
688526,
691509,
694359,
697179,
700091,
703088,
706121,
709107,
712169,
715139,
718165,
721251,
724239,
727344,
730407,
733436,
736508,
739903,
743284,
746881,
750205,
753315,
756761,
760154,
763584,
766905,
770408,
773562,
776999,
780379,
783724,
787102,
790500,
794111,
797690,
801145,
804665,
808254,
811661,
815240,
818772,
822012,
825494,
829243,
832978,
836882,
840625,
844397,
848273,
852123,
855703,
859608,
863389,
867314,
871200,
875124,
879296,
883216,
887188,
890976,
894861,
898520,
902319,
906359,
910289,
914391,
918431,
922741,
926823,
930930,
934902,
939041,
943421,
947636,
951901,
956298,
960510,
964864,
969253,
973779,
978422,
982711,
987299,
992171,
996753,
1.00134e+06,
1.00598e+06,
1.01062e+06,
1.01529e+06,
1.01978e+06,
1.02428e+06,
1.0287e+06,
1.03335e+06,
1.03799e+06,
1.04271e+06,
1.04763e+06,
1.0527e+06,
1.0573e+06,
1.06198e+06,
1.067e+06,
1.0716e+06,
1.0764e+06,
1.08156e+06,
1.08662e+06,
1.09194e+06,
1.09693e+06,
1.10203e+06,
1.1074e+06,
1.1128e+06,
1.11791e+06,
1.12334e+06,
1.12872e+06,
1.13403e+06,
1.13936e+06,
1.1446e+06,
1.14982e+06,
1.15525e+06,
1.16057e+06,
1.16627e+06,
1.17197e+06,
1.17777e+06,
1.18349e+06,
1.18933e+06,
1.19478e+06,
1.20042e+06,
1.20602e+06,
1.21164e+06,
1.2176e+06,
1.22332e+06,
1.22912e+06,
1.23474e+06,
1.24075e+06,
1.24684e+06,
1.25288e+06,
1.25869e+06,
1.26497e+06,
1.2711e+06,
1.27731e+06,
1.28369e+06,
1.29005e+06,
1.29617e+06,
1.30241e+06,
1.30889e+06,
1.3152e+06,
1.32159e+06,
1.32812e+06,
1.33439e+06,
1.34071e+06,
1.34729e+06,
1.35396e+06,
1.36067e+06,
1.36724e+06,
1.3739e+06,
1.38025e+06,
1.38709e+06,
1.39359e+06,
1.40037e+06,
1.40707e+06,
1.4139e+06,
1.42075e+06,
1.4279e+06,
1.43527e+06,
1.44255e+06,
1.44979e+06,
1.45681e+06,
1.46431e+06,
1.47167e+06,
1.47892e+06,
1.48651e+06,
1.49399e+06,
1.50124e+06,
1.5088e+06,
1.5163e+06,
1.52388e+06,
1.53129e+06,
1.53904e+06,
1.54683e+06,
1.55459e+06,
1.56216e+06,
1.57002e+06,
1.57775e+06,
1.58557e+06,
1.59363e+06,
1.60169e+06,
1.60987e+06,
1.61833e+06,
1.62639e+06,
1.63453e+06,
1.64286e+06,
1.65119e+06,
1.65971e+06,
1.66799e+06,
1.67678e+06,
1.68564e+06,
1.69424e+06,
1.703e+06,
1.71211e+06,
1.72096e+06,
1.72993e+06,
1.73917e+06,
1.74801e+06,
1.75684e+06,
1.76601e+06,
1.7753e+06,
1.78436e+06,
1.79394e+06,
1.80354e+06,
1.81309e+06,
1.82289e+06,
1.83248e+06,
1.8421e+06,
1.85148e+06,
1.86111e+06,
1.87081e+06,
1.88051e+06,
1.89056e+06,
1.90082e+06,
1.91108e+06,
1.92118e+06,
1.93177e+06,
1.94219e+06,
1.95275e+06,
1.96331e+06,
1.97408e+06,
1.98528e+06,
1.99625e+06,
2.00736e+06,
2.01858e+06,
2.0298e+06,
2.04115e+06,
2.05265e+06,
2.0642e+06,
2.07573e+06,
2.08737e+06,
2.09882e+06,
2.11055e+06,
2.12262e+06,
2.13492e+06,
2.14767e+06,
2.16058e+06,
2.17368e+06,
2.18621e+06,
2.19883e+06,
2.21176e+06,
2.2248e+06,
2.2376e+06,
2.25071e+06,
2.26368e+06,
2.27734e+06,
2.29101e+06,
2.30519e+06,
2.31851e+06,
2.33262e+06,
2.34596e+06,
2.35966e+06,
2.37362e+06,
2.38785e+06,
2.40214e+06,
2.41673e+06,
2.43141e+06,
2.44625e+06,
2.46044e+06,
2.47544e+06,
2.49053e+06,
2.50558e+06,
2.5209e+06,
2.53677e+06,
2.55218e+06,
2.56816e+06,
2.58455e+06,
2.60077e+06,
2.61634e+06,
2.63274e+06,
2.64926e+06,
2.66607e+06,
2.68307e+06,
2.70079e+06,
2.71844e+06,
2.73641e+06,
2.75411e+06,
2.77215e+06,
2.79023e+06,
2.80845e+06,
2.8272e+06,
2.8462e+06,
2.86545e+06,
2.88534e+06,
2.90499e+06,
2.92453e+06,
2.94424e+06,
2.96394e+06,
2.98393e+06,
3.00441e+06,
3.02548e+06,
3.04689e+06,
3.06798e+06,
3.08969e+06,
3.11125e+06,
3.13315e+06,
3.15545e+06,
3.17855e+06,
3.20165e+06,
3.22485e+06,
3.24865e+06,
3.27293e+06,
3.29768e+06,
3.3225e+06,
3.34805e+06,
3.37382e+06,
3.39981e+06,
3.42549e+06,
3.45172e+06,
3.47843e+06,
3.50626e+06,
3.53387e+06,
3.56219e+06,
3.59036e+06,
3.61848e+06,
3.64751e+06,
3.67745e+06,
3.70746e+06,
3.738e+06,
3.76887e+06,
3.79988e+06,
3.83166e+06,
3.8641e+06,
3.89768e+06,
3.93143e+06,
3.96552e+06,
3.99953e+06,
4.03488e+06,
4.0708e+06,
4.10765e+06,
4.14548e+06,
4.18403e+06,
4.2226e+06,
4.26197e+06,
4.30259e+06,
4.34431e+06,
4.38651e+06,
4.42904e+06,
4.47225e+06,
4.51732e+06,
4.56305e+06,
4.60953e+06,
4.65702e+06,
4.70582e+06,
4.75598e+06,
4.80727e+06,
4.85937e+06,
4.91324e+06,
4.96876e+06,
5.02678e+06,
5.08644e+06,
5.14762e+06,
5.21239e+06,
5.28119e+06,
5.3548e+06,
5.43319e+06,
5.55718e+06,
5.77381e+06,
5.92131e+06,
6.04746e+06,
6.16301e+06,
6.27106e+06,
6.37317e+06,
6.47242e+06,
6.57014e+06,
6.66616e+06,
6.7667e+06,
6.88169e+06,
6.98607e+06,
7.08552e+06,
7.18335e+06,
7.28032e+06,
7.37743e+06,
7.47564e+06,
7.57681e+06,
7.68792e+06,
7.80676e+06,
7.93306e+06,
8.04528e+06,
8.14948e+06,
8.24906e+06,
8.3455e+06,
8.44074e+06,
8.53633e+06,
8.62878e+06,
8.71948e+06,
8.81486e+06,
8.92287e+06,
9.02163e+06,
9.11584e+06,
9.20956e+06,
9.30413e+06,
9.3935e+06,
9.48094e+06,
9.56709e+06,
9.6529e+06,
9.74378e+06,
9.8471e+06,
9.94861e+06,
1.00434e+07,
1.01337e+07,
1.0221e+07,
1.03063e+07,
1.03905e+07,
1.04753e+07,
1.05596e+07,
1.06574e+07,
1.07644e+07,
1.08639e+07,
1.09554e+07,
1.10443e+07,
1.113e+07,
1.12157e+07,
1.13018e+07,
1.13901e+07,
1.14804e+07,
1.15725e+07,
1.16702e+07,
1.17666e+07,
1.1855e+07,
1.19413e+07,
1.20272e+07,
1.21148e+07,
1.22046e+07,
1.22899e+07,
1.23731e+07,
1.24634e+07,
1.25579e+07,
1.26548e+07,
1.27459e+07,
1.28369e+07,
1.29278e+07,
1.30182e+07,
1.31035e+07,
1.31878e+07,
1.3271e+07,
1.33635e+07,
1.34607e+07,
1.35627e+07,
1.36587e+07,
1.37556e+07,
1.3847e+07,
1.39345e+07,
1.40201e+07,
1.41042e+07,
1.41922e+07,
1.42962e+07,
1.44041e+07,
1.4519e+07,
1.46316e+07,
1.47323e+07,
1.48277e+07,
1.49197e+07,
1.50115e+07,
1.5102e+07,
1.51933e+07,
1.52954e+07,
1.54015e+07,
1.55176e+07,
1.56195e+07,
1.57154e+07,
1.58091e+07,
1.59021e+07,
1.5995e+07,
1.60875e+07,
1.61859e+07,
1.62965e+07,
1.64138e+07,
1.65254e+07,
1.6628e+07,
1.67263e+07,
1.68223e+07,
1.69164e+07,
1.70093e+07,
1.71026e+07,
1.72055e+07,
1.73194e+07,
1.74258e+07,
1.75352e+07,
1.76386e+07,
1.77378e+07,
1.78335e+07,
1.79276e+07,
1.80221e+07,
1.81165e+07,
1.82306e+07,
1.83376e+07,
1.84434e+07,
1.85515e+07,
1.86557e+07,
1.87543e+07,
1.88512e+07,
1.89455e+07,
1.9043e+07,
1.91444e+07,
1.9249e+07,
1.93501e+07,
1.94525e+07,
1.95564e+07,
1.96598e+07,
1.97612e+07,
1.98625e+07,
1.99637e+07,
2.00707e+07,
2.02048e+07,
2.03287e+07,
2.04588e+07,
2.05781e+07,
2.06911e+07,
2.08025e+07,
2.09084e+07,
2.10133e+07,
2.11192e+07,
2.12358e+07,
2.13584e+07,
2.14744e+07,
2.1591e+07,
2.17065e+07,
2.18229e+07,
2.19434e+07,
2.20543e+07,
2.21636e+07,
2.22736e+07,
2.23938e+07,
2.25099e+07,
2.26237e+07,
2.27378e+07,
2.28509e+07,
2.29637e+07,
2.30808e+07,
2.31905e+07,
2.32986e+07,
2.34094e+07,
2.35241e+07,
2.36343e+07,
2.37438e+07,
2.38542e+07,
2.3964e+07,
2.40732e+07,
2.41855e+07,
2.42931e+07,
2.43986e+07,
2.45074e+07,
2.46156e+07,
2.47213e+07,
2.48263e+07,
2.49315e+07,
2.50364e+07,
2.51418e+07,
2.52495e+07,
478966,
478890,
478922,
479013,
479072,
479144,
479155,
479218,
479310,
479343,
479390,
479496,
479608,
479682,
479857,
479995,
480152,
480229,
480405,
480543,
480782,
480920,
481126,
481306,
481490,
481657,
481801,
481928,
482045,
482303,
482670,
482990,
483258,
483581,
483926,
484318,
484584,
484894,
485217,
485574,
485783,
486070,
486278,
486496,
486758,
487013,
487243,
487551,
487857,
488138,
488409,
488617,
488880,
489187,
489470,
489808,
490061,
490389,
490681,
490975,
491277,
491588,
491928,
492153,
492467,
492845,
493144,
493367,
493646,
493967,
494218,
494649,
494970,
495319,
495678,
496149,
496506,
496882,
497263,
497668,
498049,
498361,
498866,
499228,
499643,
500097,
500578,
501103,
501597,
502125,
502656,
503192,
503663,
504167,
504729,
505173,
505744,
506370,
506851,
507366,
507939,
508471,
509022,
509461,
509960,
510460,
510976,
511442,
511910,
512474,
513002,
513488,
513959,
514478,
515028,
515536,
516070,
516585,
517014,
517339,
517887,
518463,
519114,
519642,
520124,
520570,
521127,
521641,
522112,
522763,
523324,
523940,
524426,
524941,
525566,
526094,
526647,
527197,
527688,
528215,
528843,
529476,
530063,
530665,
531259,
531885,
532489,
533012,
533518,
534135,
534670,
535286,
535900,
536576,
537244,
537881,
538506,
539145,
539778,
540373,
541052,
541748,
542457,
543238,
543997,
544683,
545416,
546062,
546764,
547492,
548245,
548940,
549636,
550429,
551164,
551899,
552644,
553377,
554073,
554853,
555639,
556416,
557138,
557955,
558720,
559655,
560464,
561353,
562166,
563010,
563916,
564733,
565750,
566699,
567673,
568554,
569568,
570479,
571439,
572402,
573434,
574430,
575493,
576543,
577587,
578788,
580004,
581183,
582260,
583421,
584667,
585922,
588137,
590597,
592863,
595386,
597813,
600151,
602704,
605122,
607641,
610037,
612350,
615026,
617580,
619958,
622478,
624970,
627448,
629916,
632441,
634973,
637473,
639995,
642279,
644894,
647514,
650201,
652906,
655578,
658402,
661134,
663948,
666787,
669676,
672390,
675314,
678333,
681270,
684183,
687064,
689988,
692831,
695737,
698680,
701658,
704594,
707447,
710221,
713303,
716296,
719346,
722498,
725551,
728452,
731333,
734158,
737139,
740542,
743954,
747022,
750179,
753582,
757047,
760316,
763651,
767085,
770365,
773653,
777075,
780466,
783663,
786748,
790316,
793843,
797148,
800626,
804112,
807595,
810887,
814556,
817957,
821420,
824854,
828369,
831867,
835329,
838942,
842691,
846390,
850241,
853771,
857467,
861237,
865332,
869130,
873058,
877075,
880942,
884844,
888700,
892640,
896421,
900326,
904249,
908182,
912023,
916005,
919760,
923689,
927903,
932310,
936593,
940800,
944834,
948913,
952990,
957204,
961427,
965712,
969992,
974375,
978916,
983475,
988053,
992486,
997000,
1.00159e+06,
1.0061e+06,
1.01052e+06,
1.01514e+06,
1.01966e+06,
1.02421e+06,
1.02898e+06,
1.03357e+06,
1.03819e+06,
1.04286e+06,
1.04772e+06,
1.0525e+06,
1.05718e+06,
1.06196e+06,
1.06678e+06,
1.07187e+06,
1.07661e+06,
1.08129e+06,
1.08635e+06,
1.09148e+06,
1.0963e+06,
1.10152e+06,
1.10685e+06,
1.11208e+06,
1.11733e+06,
1.12254e+06,
1.12788e+06,
1.13309e+06,
1.13844e+06,
1.14375e+06,
1.14908e+06,
1.15451e+06,
1.15998e+06,
1.1654e+06,
1.17108e+06,
1.17661e+06,
1.18207e+06,
1.18751e+06,
1.19312e+06,
1.19878e+06,
1.20452e+06,
1.2101e+06,
1.21576e+06,
1.22132e+06,
1.22737e+06,
1.23333e+06,
1.23918e+06,
1.24512e+06,
1.25103e+06,
1.25705e+06,
1.26317e+06,
1.26903e+06,
1.27508e+06,
1.28136e+06,
1.28748e+06,
1.29387e+06,
1.30023e+06,
1.30663e+06,
1.31282e+06,
1.31922e+06,
1.32541e+06,
1.33163e+06,
1.3383e+06,
1.3448e+06,
1.35147e+06,
1.35818e+06,
1.3648e+06,
1.37126e+06,
1.37803e+06,
1.38444e+06,
1.39109e+06,
1.39767e+06,
1.40444e+06,
1.41116e+06,
1.41799e+06,
1.42505e+06,
1.4321e+06,
1.43909e+06,
1.44619e+06,
1.45341e+06,
1.46051e+06,
1.46787e+06,
1.47524e+06,
1.48274e+06,
1.49029e+06,
1.49793e+06,
1.50555e+06,
1.51293e+06,
1.5204e+06,
1.5282e+06,
1.53587e+06,
1.5435e+06,
1.55112e+06,
1.55881e+06,
1.56655e+06,
1.57448e+06,
1.58246e+06,
1.5904e+06,
1.59825e+06,
1.60623e+06,
1.61435e+06,
1.62253e+06,
1.63075e+06,
1.639e+06,
1.64717e+06,
1.65573e+06,
1.66432e+06,
1.67278e+06,
1.68166e+06,
1.69039e+06,
1.69934e+06,
1.70818e+06,
1.71713e+06,
1.72608e+06,
1.73489e+06,
1.74391e+06,
1.75304e+06,
1.76198e+06,
1.77134e+06,
1.78076e+06,
1.79021e+06,
1.79942e+06,
1.80892e+06,
1.81833e+06,
1.82782e+06,
1.83749e+06,
1.84721e+06,
1.85712e+06,
1.86692e+06,
1.87681e+06,
1.88678e+06,
1.89674e+06,
1.90698e+06,
1.91688e+06,
1.92715e+06,
1.93711e+06,
1.94746e+06,
1.95824e+06,
1.96936e+06,
1.98026e+06,
1.99114e+06,
2.00196e+06,
2.01339e+06,
2.02458e+06,
2.03636e+06,
2.048e+06,
2.05958e+06,
2.0713e+06,
2.08332e+06,
2.09592e+06,
2.10836e+06,
2.12067e+06,
2.13334e+06,
2.14581e+06,
2.15814e+06,
2.17054e+06,
2.18303e+06,
2.19557e+06,
2.20801e+06,
2.22077e+06,
2.23368e+06,
2.24668e+06,
2.25979e+06,
2.27307e+06,
2.28594e+06,
2.29999e+06,
2.3135e+06,
2.32724e+06,
2.34109e+06,
2.35533e+06,
2.36949e+06,
2.38405e+06,
2.3986e+06,
2.41322e+06,
2.42798e+06,
2.44299e+06,
2.45801e+06,
2.47294e+06,
2.48809e+06,
2.50317e+06,
2.51877e+06,
2.53425e+06,
2.55009e+06,
2.56573e+06,
2.58186e+06,
2.59764e+06,
2.61405e+06,
2.63052e+06,
2.64717e+06,
2.66447e+06,
2.68201e+06,
2.69923e+06,
2.71681e+06,
2.73472e+06,
2.7528e+06,
2.77135e+06,
2.79015e+06,
2.80918e+06,
2.82839e+06,
2.84744e+06,
2.86655e+06,
2.88577e+06,
2.9052e+06,
2.92553e+06,
2.94549e+06,
2.96655e+06,
2.98755e+06,
3.00856e+06,
3.02976e+06,
3.05141e+06,
3.07356e+06,
3.09529e+06,
3.11752e+06,
3.14056e+06,
3.16323e+06,
3.18623e+06,
3.20973e+06,
3.23335e+06,
3.25761e+06,
3.28254e+06,
3.30763e+06,
3.33288e+06,
3.35832e+06,
3.38387e+06,
3.41037e+06,
3.43741e+06,
3.46458e+06,
3.49226e+06,
3.52046e+06,
3.54848e+06,
3.57677e+06,
3.60606e+06,
3.63582e+06,
3.66578e+06,
3.69656e+06,
3.72694e+06,
3.7576e+06,
3.78946e+06,
3.82152e+06,
3.85457e+06,
3.88795e+06,
3.92052e+06,
3.95441e+06,
3.98871e+06,
4.02498e+06,
4.06109e+06,
4.0976e+06,
4.13476e+06,
4.17252e+06,
4.21152e+06,
4.25197e+06,
4.29219e+06,
4.33285e+06,
4.37515e+06,
4.41705e+06,
4.46132e+06,
4.50588e+06,
4.5505e+06,
4.59698e+06,
4.64444e+06,
4.69291e+06,
4.74188e+06,
4.79253e+06,
4.84431e+06,
4.89869e+06,
4.95416e+06,
5.01137e+06,
5.07043e+06,
5.13292e+06,
5.19911e+06,
5.2693e+06,
5.35209e+06,
5.51454e+06,
5.70739e+06,
5.84256e+06,
5.96256e+06,
6.07344e+06,
6.17852e+06,
6.27838e+06,
6.37523e+06,
6.47118e+06,
6.56731e+06,
6.67262e+06,
6.78408e+06,
6.88673e+06,
6.98636e+06,
7.0843e+06,
7.18161e+06,
7.28168e+06,
7.38402e+06,
7.48519e+06,
7.58569e+06,
7.69472e+06,
7.80951e+06,
7.9114e+06,
8.00881e+06,
8.10412e+06,
8.19716e+06,
8.28736e+06,
8.37641e+06,
8.46392e+06,
8.55263e+06,
8.64929e+06,
8.75223e+06,
8.84959e+06,
8.94301e+06,
9.0323e+06,
9.11896e+06,
9.20446e+06,
9.28849e+06,
9.37176e+06,
9.45672e+06,
9.55107e+06,
9.65249e+06,
9.74741e+06,
9.83579e+06,
9.92155e+06,
1.00062e+07,
1.00894e+07,
1.01721e+07,
1.02578e+07,
1.03462e+07,
1.04398e+07,
1.05371e+07,
1.0632e+07,
1.07208e+07,
1.08063e+07,
1.08914e+07,
1.09803e+07,
1.10667e+07,
1.11494e+07,
1.12352e+07,
1.13242e+07,
1.14152e+07,
1.15085e+07,
1.15963e+07,
1.1684e+07,
1.17724e+07,
1.18557e+07,
1.19372e+07,
1.20168e+07,
1.21017e+07,
1.219e+07,
1.22808e+07,
1.23769e+07,
1.24707e+07,
1.25587e+07,
1.26435e+07,
1.27261e+07,
1.28075e+07,
1.28877e+07,
1.29764e+07,
1.30684e+07,
1.31643e+07,
1.32665e+07,
1.33582e+07,
1.34465e+07,
1.35308e+07,
1.36138e+07,
1.36948e+07,
1.37802e+07,
1.3876e+07,
1.39805e+07,
1.40893e+07,
1.41989e+07,
1.42984e+07,
1.43923e+07,
1.44815e+07,
1.45689e+07,
1.46591e+07,
1.47534e+07,
1.48562e+07,
1.49582e+07,
1.5057e+07,
1.51584e+07,
1.52551e+07,
1.53476e+07,
1.54401e+07,
1.55311e+07,
1.56222e+07,
1.57269e+07,
1.58328e+07,
1.59352e+07,
1.60349e+07,
1.61351e+07,
1.6235e+07,
1.63309e+07,
1.64246e+07,
1.65162e+07,
1.66119e+07,
1.67182e+07,
1.68166e+07,
1.69146e+07,
1.70123e+07,
1.71133e+07,
1.72166e+07,
1.73126e+07,
1.74079e+07,
1.7502e+07,
1.76072e+07,
1.77086e+07,
1.78059e+07,
1.7904e+07,
1.80019e+07,
1.81015e+07,
1.82053e+07,
1.83023e+07,
1.83988e+07,
1.84977e+07,
1.85975e+07,
1.86961e+07,
1.8794e+07,
1.8892e+07,
1.89907e+07,
1.90909e+07,
1.91938e+07,
1.92951e+07,
1.9404e+07,
1.95201e+07,
1.96311e+07,
1.97438e+07,
1.98642e+07,
1.99796e+07,
2.00889e+07,
2.01956e+07,
2.03025e+07,
2.04087e+07,
2.05193e+07,
2.06296e+07,
2.07376e+07,
2.08458e+07,
2.09555e+07,
2.10643e+07,
2.1173e+07,
2.12827e+07,
2.13966e+07,
2.15124e+07,
2.16257e+07,
2.17359e+07,
2.18454e+07,
2.19535e+07,
2.20615e+07,
2.21691e+07,
2.22751e+07,
2.2382e+07,
2.24925e+07,
2.26072e+07,
2.2717e+07,
2.28248e+07,
2.29311e+07,
2.30359e+07,
2.31402e+07,
2.32448e+07,
2.33488e+07,
2.34529e+07,
2.35592e+07,
2.36707e+07,
2.3776e+07,
2.38798e+07,
2.39824e+07,
2.40836e+07,
2.41845e+07,
2.42858e+07,
478966,
478864,
478885,
478970,
479040,
479046,
479064,
479135,
479234,
479223,
479259,
479428,
479499,
479574,
479739,
479849,
480001,
480122,
480289,
480412,
480665,
480787,
480930,
481109,
481293,
481520,
481623,
481731,
481966,
482134,
482299,
482549,
482682,
482986,
483300,
483580,
483995,
484447,
484811,
485101,
485460,
485656,
485868,
486105,
486355,
486636,
486893,
487256,
487529,
487754,
488099,
488364,
488616,
488833,
489127,
489525,
489773,
489981,
490286,
490588,
490900,
491169,
491487,
491774,
492116,
492500,
492773,
493041,
493439,
493774,
494087,
494438,
494761,
495144,
495484,
495842,
496253,
496653,
497033,
497409,
497750,
498087,
498486,
498875,
499271,
499692,
500119,
500511,
500973,
501393,
501856,
502383,
502903,
503461,
503924,
504396,
505008,
505616,
506083,
506540,
507130,
507670,
508269,
508744,
509276,
509723,
510171,
510607,
511052,
511554,
512023,
512492,
513124,
513610,
514141,
514616,
515162,
515712,
516207,
516702,
517174,
517677,
518260,
518816,
519361,
519862,
520357,
520833,
521293,
521840,
522299,
522763,
523221,
523756,
524300,
524864,
525485,
526066,
526605,
527173,
527735,
528399,
529023,
529546,
530167,
530777,
531305,
531901,
532423,
533010,
533577,
534242,
534851,
535506,
536187,
536825,
537425,
538102,
538618,
539259,
539820,
540411,
541107,
541855,
542527,
543298,
543994,
544801,
545442,
546122,
546912,
547577,
548324,
549025,
549777,
550520,
551273,
552016,
552645,
553343,
554079,
554896,
555595,
556446,
557236,
558010,
558741,
559563,
560338,
561239,
562131,
563101,
563940,
564791,
565633,
566650,
567522,
568473,
569317,
570230,
571213,
572118,
573032,
573971,
575016,
576061,
577057,
578221,
579382,
580576,
581763,
582849,
584065,
585068,
586175,
587391,
588574,
590712,
593156,
595499,
597923,
600327,
602546,
605044,
607618,
610025,
612372,
614868,
617443,
619858,
622402,
624978,
627700,
630153,
632723,
635254,
637935,
640386,
642956,
645467,
648104,
650733,
653380,
655958,
658312,
660939,
663794,
666668,
669714,
672768,
675543,
678477,
681469,
684113,
686977,
689830,
692762,
695946,
698781,
701654,
704535,
707418,
710295,
713215,
716126,
719198,
722102,
725001,
727969,
731097,
734098,
737187,
740298,
743335,
746501,
749788,
753037,
756288,
759643,
762899,
765911,
769219,
772659,
775875,
779012,
782119,
785550,
788805,
792330,
795758,
799263,
802693,
806029,
809210,
812573,
815962,
819197,
822543,
826051,
829490,
832901,
836557,
839906,
843625,
847154,
850940,
854620,
858460,
862089,
865890,
869527,
873333,
877309,
881266,
885159,
888839,
892684,
896603,
900341,
904245,
908214,
912131,
916076,
920257,
924328,
928278,
932245,
936254,
940195,
944416,
948493,
952413,
956678,
961086,
965288,
969688,
974125,
978471,
982955,
987532,
991956,
996170,
1.00054e+06,
1.00495e+06,
1.0094e+06,
1.0139e+06,
1.01842e+06,
1.02288e+06,
1.02745e+06,
1.03204e+06,
1.03675e+06,
1.04131e+06,
1.04597e+06,
1.05088e+06,
1.05565e+06,
1.06029e+06,
1.06495e+06,
1.06961e+06,
1.07443e+06,
1.07917e+06,
1.08399e+06,
1.08888e+06,
1.09394e+06,
1.09926e+06,
1.10449e+06,
1.10947e+06,
1.11471e+06,
1.12019e+06,
1.12547e+06,
1.13063e+06,
1.136e+06,
1.14126e+06,
1.14684e+06,
1.15222e+06,
1.15762e+06,
1.16318e+06,
1.16843e+06,
1.1738e+06,
1.17911e+06,
1.18437e+06,
1.18995e+06,
1.19548e+06,
1.20121e+06,
1.20666e+06,
1.21227e+06,
1.21801e+06,
1.22368e+06,
1.22934e+06,
1.23512e+06,
1.24108e+06,
1.24703e+06,
1.25264e+06,
1.25864e+06,
1.26476e+06,
1.27072e+06,
1.27689e+06,
1.2832e+06,
1.28937e+06,
1.29528e+06,
1.3015e+06,
1.30818e+06,
1.31447e+06,
1.32065e+06,
1.32722e+06,
1.33352e+06,
1.33993e+06,
1.34644e+06,
1.35299e+06,
1.35933e+06,
1.36575e+06,
1.37225e+06,
1.37909e+06,
1.38579e+06,
1.39254e+06,
1.39946e+06,
1.40621e+06,
1.4131e+06,
1.42004e+06,
1.42666e+06,
1.43364e+06,
1.44075e+06,
1.44797e+06,
1.4552e+06,
1.46263e+06,
1.46993e+06,
1.47717e+06,
1.48451e+06,
1.49187e+06,
1.49942e+06,
1.5069e+06,
1.51457e+06,
1.52219e+06,
1.53012e+06,
1.53793e+06,
1.54574e+06,
1.55332e+06,
1.56104e+06,
1.56891e+06,
1.57655e+06,
1.5846e+06,
1.59252e+06,
1.60049e+06,
1.60835e+06,
1.61644e+06,
1.62461e+06,
1.63264e+06,
1.64077e+06,
1.6491e+06,
1.65713e+06,
1.66564e+06,
1.67405e+06,
1.68244e+06,
1.69134e+06,
1.70017e+06,
1.70905e+06,
1.71803e+06,
1.72699e+06,
1.73606e+06,
1.74499e+06,
1.75398e+06,
1.76325e+06,
1.77265e+06,
1.78236e+06,
1.79149e+06,
1.80113e+06,
1.81062e+06,
1.82028e+06,
1.82963e+06,
1.83913e+06,
1.84897e+06,
1.85845e+06,
1.86848e+06,
1.8785e+06,
1.88856e+06,
1.89871e+06,
1.90876e+06,
1.91928e+06,
1.92965e+06,
1.93988e+06,
1.95048e+06,
1.96097e+06,
1.97212e+06,
1.98355e+06,
1.99485e+06,
2.0065e+06,
2.01787e+06,
2.02953e+06,
2.04139e+06,
2.05315e+06,
2.06484e+06,
2.07657e+06,
2.08858e+06,
2.10061e+06,
2.11243e+06,
2.12481e+06,
2.13723e+06,
2.14965e+06,
2.1617e+06,
2.17403e+06,
2.18639e+06,
2.19927e+06,
2.21212e+06,
2.2251e+06,
2.23785e+06,
2.25122e+06,
2.26425e+06,
2.27749e+06,
2.29119e+06,
2.30444e+06,
2.31804e+06,
2.33203e+06,
2.34615e+06,
2.36081e+06,
2.37512e+06,
2.38962e+06,
2.40416e+06,
2.41876e+06,
2.4333e+06,
2.44778e+06,
2.46273e+06,
2.47845e+06,
2.49413e+06,
2.50992e+06,
2.52567e+06,
2.54163e+06,
2.55752e+06,
2.57362e+06,
2.58995e+06,
2.60633e+06,
2.62322e+06,
2.64021e+06,
2.65721e+06,
2.67467e+06,
2.69204e+06,
2.70983e+06,
2.72776e+06,
2.74566e+06,
2.76432e+06,
2.7831e+06,
2.80196e+06,
2.82114e+06,
2.84061e+06,
2.86044e+06,
2.88054e+06,
2.90076e+06,
2.92145e+06,
2.94211e+06,
2.96336e+06,
2.98399e+06,
3.00494e+06,
3.02685e+06,
3.04898e+06,
3.07127e+06,
3.09345e+06,
3.11619e+06,
3.13936e+06,
3.1623e+06,
3.18559e+06,
3.20909e+06,
3.23352e+06,
3.25819e+06,
3.28296e+06,
3.30866e+06,
3.33398e+06,
3.35977e+06,
3.38663e+06,
3.41373e+06,
3.4411e+06,
3.46765e+06,
3.49541e+06,
3.52342e+06,
3.55264e+06,
3.58217e+06,
3.61232e+06,
3.6423e+06,
3.67193e+06,
3.70218e+06,
3.73318e+06,
3.76427e+06,
3.79711e+06,
3.82963e+06,
3.86228e+06,
3.89574e+06,
3.92952e+06,
3.96439e+06,
4.00005e+06,
4.03549e+06,
4.07135e+06,
4.10783e+06,
4.14563e+06,
4.18386e+06,
4.22261e+06,
4.26195e+06,
4.30193e+06,
4.34362e+06,
4.38623e+06,
4.42946e+06,
4.47272e+06,
4.51637e+06,
4.56235e+06,
4.60911e+06,
4.65661e+06,
4.70503e+06,
4.75484e+06,
4.80693e+06,
4.86023e+06,
4.91385e+06,
4.96937e+06,
5.02742e+06,
5.08881e+06,
5.15378e+06,
5.24967e+06,
5.39057e+06,
5.57581e+06,
5.71492e+06,
5.8337e+06,
5.9443e+06,
6.04765e+06,
6.14666e+06,
6.24329e+06,
6.33779e+06,
6.43651e+06,
6.54013e+06,
6.64909e+06,
6.75171e+06,
6.852e+06,
6.95064e+06,
7.04902e+06,
7.14554e+06,
7.24099e+06,
7.33455e+06,
7.43103e+06,
7.53106e+06,
7.63586e+06,
7.73823e+06,
7.83227e+06,
7.92308e+06,
8.01231e+06,
8.09873e+06,
8.18416e+06,
8.2675e+06,
8.35779e+06,
8.45e+06,
8.54597e+06,
8.64336e+06,
8.73292e+06,
8.81903e+06,
8.90357e+06,
8.98564e+06,
9.06633e+06,
9.14833e+06,
9.23674e+06,
9.32667e+06,
9.41668e+06,
9.51181e+06,
9.5988e+06,
9.68354e+06,
9.76574e+06,
9.84709e+06,
9.92863e+06,
1.00101e+07,
1.00983e+07,
1.01865e+07,
1.02765e+07,
1.03706e+07,
1.04584e+07,
1.05439e+07,
1.06307e+07,
1.07132e+07,
1.07937e+07,
1.08745e+07,
1.09604e+07,
1.10468e+07,
1.11337e+07,
1.12249e+07,
1.13159e+07,
1.14003e+07,
1.14818e+07,
1.15615e+07,
1.164e+07,
1.17204e+07,
1.18055e+07,
1.1891e+07,
1.19813e+07,
1.20732e+07,
1.21628e+07,
1.2246e+07,
1.23276e+07,
1.24068e+07,
1.2485e+07,
1.25687e+07,
1.26578e+07,
1.27521e+07,
1.28412e+07,
1.29302e+07,
1.30201e+07,
1.31042e+07,
1.31858e+07,
1.3261e+07,
1.33408e+07,
1.34399e+07,
1.3543e+07,
1.36391e+07,
1.37334e+07,
1.38268e+07,
1.3926e+07,
1.40193e+07,
1.4109e+07,
1.41993e+07,
1.42941e+07,
1.43947e+07,
1.44892e+07,
1.4582e+07,
1.46736e+07,
1.47661e+07,
1.48625e+07,
1.49549e+07,
1.50463e+07,
1.51404e+07,
1.52429e+07,
1.53398e+07,
1.54354e+07,
1.55303e+07,
1.5624e+07,
1.57169e+07,
1.5814e+07,
1.59105e+07,
1.60049e+07,
1.61055e+07,
1.6202e+07,
1.62962e+07,
1.63894e+07,
1.64812e+07,
1.65731e+07,
1.66685e+07,
1.67665e+07,
1.68674e+07,
1.6967e+07,
1.70663e+07,
1.71623e+07,
1.72566e+07,
1.73518e+07,
1.74458e+07,
1.75403e+07,
1.76352e+07,
1.77308e+07,
1.78327e+07,
1.79309e+07,
1.80284e+07,
1.8125e+07,
1.82215e+07,
1.83171e+07,
1.84134e+07,
1.85103e+07,
1.86096e+07,
1.87139e+07,
1.88238e+07,
1.89309e+07,
1.90356e+07,
1.91403e+07,
1.92472e+07,
1.93636e+07,
1.94721e+07,
1.95773e+07,
1.96825e+07,
1.97882e+07,
1.98953e+07,
2.0001e+07,
2.01047e+07,
2.0207e+07,
2.03103e+07,
2.04147e+07,
2.05184e+07,
2.06222e+07,
2.07275e+07,
2.08348e+07,
2.09448e+07,
2.10577e+07,
2.1165e+07,
2.12698e+07,
2.13745e+07,
2.14793e+07,
2.15831e+07,
2.16869e+07,
2.17907e+07,
2.18959e+07,
2.20008e+07,
2.21092e+07,
2.22139e+07,
2.23174e+07,
2.24199e+07,
2.2522e+07,
2.26241e+07,
2.27257e+07,
2.28268e+07,
2.29283e+07,
2.30296e+07,
2.31332e+07,
2.32363e+07,
2.33368e+07,
478966,
478846,
478856,
478927,
478975,
478957,
478964,
479056,
479139,
479124,
479175,
479308,
479361,
479445,
479579,
479739,
479831,
479966,
480150,
480257,
480501,
480614,
480724,
480922,
481089,
481282,
481423,
481609,
481860,
482035,
482188,
482441,
482607,
482808,
483161,
483452,
483788,
484106,
484287,
484597,
484786,
485067,
485264,
485482,
485744,
485941,
486226,
486582,
486851,
487186,
487494,
487791,
488049,
488358,
488541,
488782,
489116,
489422,
489733,
490021,
490373,
490605,
490913,
491265,
491468,
491862,
492272,
492590,
492943,
493221,
493547,
493963,
494369,
494750,
495107,
495431,
495840,
496161,
496543,
496895,
497303,
497718,
498064,
498395,
498799,
499215,
499640,
500024,
500424,
500834,
501258,
501751,
502172,
502729,
503175,
503718,
504237,
504794,
505304,
505756,
506272,
506836,
507318,
507810,
508249,
508730,
509193,
509711,
510170,
510721,
511237,
511721,
512196,
512693,
513244,
513724,
514272,
514761,
515302,
515781,
516332,
516853,
517269,
517729,
518298,
518869,
519366,
519835,
520269,
520759,
521261,
521840,
522413,
522880,
523394,
523983,
524498,
525031,
525508,
526125,
526632,
527156,
527741,
528319,
528896,
529495,
530139,
530707,
531243,
531833,
532382,
532984,
533629,
534287,
535010,
535668,
536334,
536928,
537448,
538158,
538774,
539378,
540077,
540769,
541431,
542093,
542765,
543367,
543965,
544609,
545415,
546208,
546998,
547736,
548422,
549105,
549870,
550650,
551343,
552057,
552825,
553504,
554216,
554999,
555782,
556608,
557498,
558223,
558938,
559770,
560602,
561477,
562399,
563285,
564095,
564931,
565830,
566788,
567670,
568643,
569586,
570466,
571304,
572277,
573262,
574243,
575231,
576159,
577110,
578096,
579275,
580569,
581755,
582981,
584067,
585209,
586299,
587320,
588435,
589607,
590739,
591926,
593459,
595756,
598233,
600719,
603310,
605594,
608042,
610533,
612878,
615302,
617749,
620324,
622967,
625610,
628243,
630623,
633006,
635396,
638033,
640519,
642930,
645651,
648269,
650823,
653464,
656061,
658549,
661007,
663525,
666093,
668919,
671802,
674618,
677631,
680543,
683134,
685837,
688548,
691491,
694349,
697204,
700194,
703169,
706187,
709165,
712027,
715036,
717869,
720666,
723514,
726281,
729208,
732497,
735448,
738360,
741330,
744233,
747028,
750056,
753396,
756656,
759942,
763031,
766175,
769372,
772495,
775652,
778934,
782136,
785380,
788605,
792014,
795336,
798816,
802028,
805460,
808760,
811923,
815118,
818359,
821662,
825066,
828721,
832229,
835734,
839320,
842765,
846083,
849482,
853333,
857143,
860740,
864536,
868290,
872016,
875754,
879426,
883187,
886876,
890714,
894617,
898533,
902502,
906600,
910536,
914415,
918278,
922214,
926158,
930155,
934210,
938139,
942188,
946335,
950222,
954210,
958273,
962370,
966682,
971077,
975657,
980283,
984562,
988860,
993453,
997867,
1.0022e+06,
1.0067e+06,
1.01102e+06,
1.01554e+06,
1.01994e+06,
1.02451e+06,
1.02895e+06,
1.03351e+06,
1.03819e+06,
1.04277e+06,
1.04725e+06,
1.05192e+06,
1.05661e+06,
1.06126e+06,
1.0658e+06,
1.07064e+06,
1.07527e+06,
1.08017e+06,
1.08518e+06,
1.09012e+06,
1.095e+06,
1.09999e+06,
1.10513e+06,
1.11035e+06,
1.11557e+06,
1.12072e+06,
1.12586e+06,
1.13106e+06,
1.1362e+06,
1.14166e+06,
1.1468e+06,
1.15209e+06,
1.15745e+06,
1.16298e+06,
1.16854e+06,
1.17414e+06,
1.17996e+06,
1.1852e+06,
1.19064e+06,
1.19605e+06,
1.20143e+06,
1.20721e+06,
1.21273e+06,
1.21804e+06,
1.22388e+06,
1.22961e+06,
1.2353e+06,
1.2411e+06,
1.2467e+06,
1.25235e+06,
1.25789e+06,
1.26363e+06,
1.26939e+06,
1.27543e+06,
1.28154e+06,
1.28781e+06,
1.2942e+06,
1.30071e+06,
1.30717e+06,
1.31349e+06,
1.31955e+06,
1.32587e+06,
1.33244e+06,
1.33889e+06,
1.3453e+06,
1.35163e+06,
1.35816e+06,
1.36468e+06,
1.37126e+06,
1.37795e+06,
1.38428e+06,
1.39085e+06,
1.39753e+06,
1.40433e+06,
1.41145e+06,
1.41834e+06,
1.42577e+06,
1.43269e+06,
1.43968e+06,
1.44648e+06,
1.45348e+06,
1.46066e+06,
1.46793e+06,
1.47543e+06,
1.48316e+06,
1.49068e+06,
1.4983e+06,
1.50582e+06,
1.51338e+06,
1.52064e+06,
1.52783e+06,
1.53536e+06,
1.54294e+06,
1.55076e+06,
1.55845e+06,
1.56638e+06,
1.57446e+06,
1.58253e+06,
1.59055e+06,
1.59855e+06,
1.60638e+06,
1.61438e+06,
1.62284e+06,
1.63093e+06,
1.6391e+06,
1.64757e+06,
1.65604e+06,
1.66429e+06,
1.67295e+06,
1.68148e+06,
1.68988e+06,
1.69859e+06,
1.70708e+06,
1.7158e+06,
1.72497e+06,
1.73391e+06,
1.74308e+06,
1.75259e+06,
1.76162e+06,
1.77131e+06,
1.78048e+06,
1.79001e+06,
1.79899e+06,
1.80849e+06,
1.81831e+06,
1.82779e+06,
1.83759e+06,
1.84762e+06,
1.85762e+06,
1.86767e+06,
1.87744e+06,
1.88727e+06,
1.89754e+06,
1.90784e+06,
1.91816e+06,
1.92869e+06,
1.93932e+06,
1.95016e+06,
1.96116e+06,
1.97234e+06,
1.98274e+06,
1.99382e+06,
2.00529e+06,
2.01663e+06,
2.0285e+06,
2.04039e+06,
2.05178e+06,
2.06373e+06,
2.07589e+06,
2.08814e+06,
2.10019e+06,
2.11205e+06,
2.12411e+06,
2.13621e+06,
2.14891e+06,
2.16124e+06,
2.17387e+06,
2.1865e+06,
2.19938e+06,
2.21238e+06,
2.2254e+06,
2.23865e+06,
2.25138e+06,
2.26448e+06,
2.27797e+06,
2.29173e+06,
2.30537e+06,
2.31957e+06,
2.33358e+06,
2.34739e+06,
2.36159e+06,
2.37614e+06,
2.39073e+06,
2.40561e+06,
2.4207e+06,
2.43587e+06,
2.45125e+06,
2.46682e+06,
2.48208e+06,
2.49752e+06,
2.51315e+06,
2.52869e+06,
2.54471e+06,
2.56079e+06,
2.57719e+06,
2.59397e+06,
2.61093e+06,
2.62796e+06,
2.64523e+06,
2.66262e+06,
2.68007e+06,
2.69746e+06,
2.71611e+06,
2.73455e+06,
2.75314e+06,
2.77174e+06,
2.79062e+06,
2.80961e+06,
2.82909e+06,
2.84909e+06,
2.8695e+06,
2.88961e+06,
2.91003e+06,
2.93105e+06,
2.95188e+06,
2.97303e+06,
2.9946e+06,
3.01648e+06,
3.03872e+06,
3.06095e+06,
3.08349e+06,
3.10618e+06,
3.12935e+06,
3.15272e+06,
3.17639e+06,
3.201e+06,
3.22555e+06,
3.2497e+06,
3.27443e+06,
3.29965e+06,
3.32484e+06,
3.35151e+06,
3.37848e+06,
3.4049e+06,
3.43208e+06,
3.45951e+06,
3.48732e+06,
3.51633e+06,
3.54551e+06,
3.57485e+06,
3.60412e+06,
3.63385e+06,
3.66424e+06,
3.6955e+06,
3.72725e+06,
3.7587e+06,
3.79109e+06,
3.82309e+06,
3.85606e+06,
3.88993e+06,
3.92375e+06,
3.95804e+06,
3.99262e+06,
4.02803e+06,
4.06404e+06,
4.10146e+06,
4.13894e+06,
4.17655e+06,
4.21501e+06,
4.25412e+06,
4.29383e+06,
4.33487e+06,
4.37629e+06,
4.41847e+06,
4.46205e+06,
4.50698e+06,
4.55253e+06,
4.59907e+06,
4.64546e+06,
4.69381e+06,
4.74357e+06,
4.79437e+06,
4.84629e+06,
4.89996e+06,
4.9563e+06,
5.01552e+06,
5.10203e+06,
5.2206e+06,
5.3582e+06,
5.5301e+06,
5.65862e+06,
5.77138e+06,
5.87808e+06,
5.97939e+06,
6.07688e+06,
6.1705e+06,
6.26741e+06,
6.36796e+06,
6.47077e+06,
6.57671e+06,
6.67802e+06,
6.77561e+06,
6.87131e+06,
6.96319e+06,
7.05332e+06,
7.14097e+06,
7.23373e+06,
7.32863e+06,
7.42399e+06,
7.52259e+06,
7.61831e+06,
7.70818e+06,
7.79409e+06,
7.87814e+06,
7.96063e+06,
8.04288e+06,
8.12945e+06,
8.21793e+06,
8.30673e+06,
8.3975e+06,
8.48959e+06,
8.57453e+06,
8.65762e+06,
8.73866e+06,
8.81938e+06,
8.89949e+06,
8.98507e+06,
9.0697e+06,
9.15459e+06,
9.24166e+06,
9.33059e+06,
9.41474e+06,
9.4973e+06,
9.5779e+06,
9.65756e+06,
9.73684e+06,
9.82023e+06,
9.90485e+06,
9.99054e+06,
1.00769e+07,
1.0167e+07,
1.02535e+07,
1.03364e+07,
1.04173e+07,
1.04956e+07,
1.05756e+07,
1.06591e+07,
1.07424e+07,
1.08267e+07,
1.09119e+07,
1.09974e+07,
1.10828e+07,
1.11628e+07,
1.12414e+07,
1.1319e+07,
1.14013e+07,
1.14843e+07,
1.15694e+07,
1.1654e+07,
1.17368e+07,
1.18192e+07,
1.19047e+07,
1.19858e+07,
1.20641e+07,
1.21431e+07,
1.2228e+07,
1.23162e+07,
1.24001e+07,
1.24829e+07,
1.25644e+07,
1.2642e+07,
1.27273e+07,
1.28098e+07,
1.28889e+07,
1.29827e+07,
1.3078e+07,
1.31677e+07,
1.32577e+07,
1.33471e+07,
1.34373e+07,
1.35276e+07,
1.3622e+07,
1.37157e+07,
1.38112e+07,
1.39076e+07,
1.39996e+07,
1.40893e+07,
1.41781e+07,
1.4266e+07,
1.43537e+07,
1.44427e+07,
1.4534e+07,
1.46326e+07,
1.47303e+07,
1.48241e+07,
1.49168e+07,
1.50075e+07,
1.50985e+07,
1.51892e+07,
1.52781e+07,
1.53702e+07,
1.54646e+07,
1.5566e+07,
1.56624e+07,
1.57547e+07,
1.58461e+07,
1.5936e+07,
1.60255e+07,
1.61153e+07,
1.62068e+07,
1.6301e+07,
1.63978e+07,
1.64988e+07,
1.65963e+07,
1.66899e+07,
1.67822e+07,
1.68737e+07,
1.69651e+07,
1.70575e+07,
1.71495e+07,
1.72429e+07,
1.73366e+07,
1.74334e+07,
1.7534e+07,
1.76306e+07,
1.77262e+07,
1.78215e+07,
1.7917e+07,
1.80148e+07,
1.8116e+07,
1.82167e+07,
1.83171e+07,
1.84186e+07,
1.85218e+07,
1.86235e+07,
1.87271e+07,
1.88377e+07,
1.89443e+07,
1.90479e+07,
1.91505e+07,
1.92523e+07,
1.93535e+07,
1.94534e+07,
1.95533e+07,
1.96534e+07,
1.97538e+07,
1.98544e+07,
1.99556e+07,
2.00561e+07,
2.01575e+07,
2.02587e+07,
2.03599e+07,
2.04619e+07,
2.05648e+07,
2.06733e+07,
2.07774e+07,
2.088e+07,
2.09824e+07,
2.10831e+07,
2.11828e+07,
2.12832e+07,
2.13821e+07,
2.1481e+07,
2.15817e+07,
2.16862e+07,
2.1788e+07,
2.18883e+07,
2.19896e+07,
2.20885e+07,
2.21868e+07,
2.22839e+07,
2.23799e+07,
478966,
478821,
478827,
478874,
478920,
478891,
478892,
478998,
479057,
479062,
479111,
479227,
479254,
479362,
479469,
479591,
479665,
479838,
479997,
480156,
480312,
480484,
480606,
480771,
480939,
481102,
481339,
481530,
481798,
481960,
482115,
482346,
482489,
482714,
483022,
483292,
483625,
483863,
484154,
484424,
484657,
484856,
485071,
485326,
485560,
485829,
486070,
486256,
486563,
486854,
487024,
487364,
487616,
487828,
488027,
488251,
488542,
488796,
489120,
489440,
489733,
490005,
490413,
490644,
490872,
491210,
491614,
491969,
492339,
492727,
492960,
493438,
493810,
494107,
494409,
494738,
495084,
495443,
495782,
496139,
496501,
496805,
497281,
497692,
498032,
498557,
498961,
499367,
499821,
500227,
500534,
500871,
501218,
501663,
502139,
502674,
503153,
503583,
504127,
504621,
505150,
505734,
506153,
506653,
507062,
507601,
508098,
508589,
509005,
509622,
510196,
510693,
511161,
511676,
512138,
512668,
513105,
513638,
514099,
514493,
515016,
515549,
515999,
516538,
517025,
517537,
518108,
518668,
519141,
519625,
520175,
520674,
521158,
521688,
522186,
522732,
523220,
523725,
524140,
524748,
525362,
525863,
526446,
527040,
527547,
528082,
528718,
529276,
529747,
530392,
531000,
531540,
532153,
532814,
533461,
534222,
534803,
535468,
536147,
536735,
537345,
538008,
538652,
539352,
539994,
540704,
541434,
542090,
542760,
543436,
544083,
544762,
545424,
546096,
546788,
547579,
548261,
548871,
549672,
550436,
551214,
551972,
552740,
553551,
554334,
555083,
555867,
556686,
557327,
558208,
559018,
559846,
560699,
561618,
562491,
563465,
564418,
565297,
566173,
567067,
567946,
568860,
569768,
570783,
571736,
572661,
573642,
574612,
575622,
576579,
577538,
578618,
579758,
580833,
581912,
583158,
584407,
585571,
586678,
587814,
589135,
590450,
591659,
592820,
593909,
595025,
596122,
597320,
598783,
601104,
603254,
605816,
608213,
610826,
613241,
615596,
617970,
620318,
622926,
625490,
628023,
630491,
632904,
635577,
638165,
640784,
643235,
645573,
648036,
650547,
653047,
655713,
658291,
660837,
663442,
665923,
668415,
670907,
673737,
676403,
679265,
682212,
684971,
687733,
690523,
693290,
696130,
698973,
702009,
704920,
707727,
710574,
713654,
716470,
719333,
722215,
724841,
727800,
730717,
733601,
736477,
739379,
742056,
744903,
747631,
750618,
753485,
756603,
759737,
762974,
766058,
769212,
772327,
775572,
778828,
782105,
785312,
788409,
791503,
794901,
798313,
801532,
804872,
808041,
811270,
814504,
817857,
821231,
824389,
827591,
830970,
834510,
838042,
841348,
844909,
848289,
851888,
855329,
858835,
862533,
866347,
870125,
873840,
877832,
881604,
885362,
889004,
892657,
896345,
900194,
904032,
907828,
911597,
915593,
919783,
923815,
928014,
931832,
935632,
939454,
943442,
947554,
951566,
955355,
959488,
963639,
967744,
971743,
975926,
980139,
984564,
989015,
993464,
997912,
1.00225e+06,
1.00685e+06,
1.0113e+06,
1.0159e+06,
1.02021e+06,
1.02491e+06,
1.02972e+06,
1.03413e+06,
1.03885e+06,
1.04347e+06,
1.04821e+06,
1.05287e+06,
1.05763e+06,
1.06217e+06,
1.06692e+06,
1.07175e+06,
1.07672e+06,
1.0815e+06,
1.08619e+06,
1.09111e+06,
1.0962e+06,
1.1009e+06,
1.10576e+06,
1.11065e+06,
1.11549e+06,
1.12035e+06,
1.12569e+06,
1.1308e+06,
1.13603e+06,
1.1412e+06,
1.14656e+06,
1.1518e+06,
1.1573e+06,
1.16265e+06,
1.16781e+06,
1.17327e+06,
1.17861e+06,
1.18397e+06,
1.18921e+06,
1.19464e+06,
1.2003e+06,
1.20593e+06,
1.21148e+06,
1.21705e+06,
1.22244e+06,
1.22819e+06,
1.23382e+06,
1.23964e+06,
1.24553e+06,
1.25144e+06,
1.25724e+06,
1.26286e+06,
1.26857e+06,
1.2746e+06,
1.28034e+06,
1.28648e+06,
1.2927e+06,
1.29909e+06,
1.30525e+06,
1.31142e+06,
1.31746e+06,
1.32387e+06,
1.33047e+06,
1.33706e+06,
1.34338e+06,
1.34985e+06,
1.35652e+06,
1.36293e+06,
1.36964e+06,
1.37634e+06,
1.38293e+06,
1.38959e+06,
1.39641e+06,
1.403e+06,
1.40956e+06,
1.41637e+06,
1.42303e+06,
1.42944e+06,
1.43636e+06,
1.44314e+06,
1.4503e+06,
1.45736e+06,
1.46456e+06,
1.47174e+06,
1.4787e+06,
1.48619e+06,
1.49363e+06,
1.50092e+06,
1.50855e+06,
1.51632e+06,
1.52385e+06,
1.53157e+06,
1.53926e+06,
1.54707e+06,
1.55469e+06,
1.56268e+06,
1.5705e+06,
1.57829e+06,
1.58624e+06,
1.59421e+06,
1.6022e+06,
1.61024e+06,
1.6182e+06,
1.62639e+06,
1.63442e+06,
1.64291e+06,
1.65135e+06,
1.65995e+06,
1.66827e+06,
1.67669e+06,
1.68527e+06,
1.69405e+06,
1.70276e+06,
1.71132e+06,
1.72038e+06,
1.72957e+06,
1.73895e+06,
1.74807e+06,
1.75727e+06,
1.76652e+06,
1.7756e+06,
1.78475e+06,
1.79436e+06,
1.80419e+06,
1.81359e+06,
1.82348e+06,
1.8334e+06,
1.84332e+06,
1.85343e+06,
1.86345e+06,
1.87357e+06,
1.8837e+06,
1.89409e+06,
1.90438e+06,
1.91478e+06,
1.92531e+06,
1.93597e+06,
1.94684e+06,
1.95779e+06,
1.96867e+06,
1.97939e+06,
1.99028e+06,
2.00112e+06,
2.01242e+06,
2.02361e+06,
2.03497e+06,
2.0468e+06,
2.05893e+06,
2.07085e+06,
2.08252e+06,
2.09459e+06,
2.10673e+06,
2.119e+06,
2.13139e+06,
2.14366e+06,
2.15628e+06,
2.16936e+06,
2.18224e+06,
2.19495e+06,
2.2081e+06,
2.22106e+06,
2.2339e+06,
2.24753e+06,
2.26058e+06,
2.27341e+06,
2.28707e+06,
2.301e+06,
2.31525e+06,
2.32923e+06,
2.34302e+06,
2.35747e+06,
2.37177e+06,
2.38643e+06,
2.40141e+06,
2.41629e+06,
2.43121e+06,
2.44653e+06,
2.46197e+06,
2.47767e+06,
2.4934e+06,
2.50959e+06,
2.52586e+06,
2.54265e+06,
2.55893e+06,
2.57551e+06,
2.59226e+06,
2.60923e+06,
2.62656e+06,
2.64418e+06,
2.66185e+06,
2.6796e+06,
2.69784e+06,
2.71571e+06,
2.73373e+06,
2.75258e+06,
2.77161e+06,
2.79112e+06,
2.8106e+06,
2.83076e+06,
2.85019e+06,
2.87055e+06,
2.89122e+06,
2.91195e+06,
2.93284e+06,
2.95441e+06,
2.97629e+06,
2.99838e+06,
3.02045e+06,
3.04265e+06,
3.06519e+06,
3.08809e+06,
3.1112e+06,
3.13492e+06,
3.15857e+06,
3.18256e+06,
3.20664e+06,
3.231e+06,
3.25567e+06,
3.28173e+06,
3.30776e+06,
3.33399e+06,
3.36064e+06,
3.387e+06,
3.41359e+06,
3.44104e+06,
3.46921e+06,
3.49763e+06,
3.52601e+06,
3.5546e+06,
3.58416e+06,
3.61365e+06,
3.64452e+06,
3.6753e+06,
3.7059e+06,
3.73718e+06,
3.76832e+06,
3.80076e+06,
3.83364e+06,
3.86713e+06,
3.90087e+06,
3.9351e+06,
3.96929e+06,
4.0047e+06,
4.04085e+06,
4.07637e+06,
4.11316e+06,
4.15034e+06,
4.18857e+06,
4.22789e+06,
4.26756e+06,
4.30715e+06,
4.34756e+06,
4.38862e+06,
4.43109e+06,
4.47453e+06,
4.51822e+06,
4.56307e+06,
4.60978e+06,
4.6581e+06,
4.70642e+06,
4.75593e+06,
4.80722e+06,
4.86065e+06,
4.92446e+06,
5.02683e+06,
5.13652e+06,
5.25843e+06,
5.41771e+06,
5.55195e+06,
5.6652e+06,
5.77096e+06,
5.87154e+06,
5.9678e+06,
6.06267e+06,
6.15984e+06,
6.25864e+06,
6.35724e+06,
6.45783e+06,
6.55807e+06,
6.6516e+06,
6.74261e+06,
6.83097e+06,
6.91601e+06,
7.00321e+06,
7.09285e+06,
7.18315e+06,
7.27301e+06,
7.36329e+06,
7.45713e+06,
7.54438e+06,
7.62856e+06,
7.7111e+06,
7.79082e+06,
7.87335e+06,
7.95797e+06,
8.04219e+06,
8.12653e+06,
8.21084e+06,
8.2991e+06,
8.38352e+06,
8.46516e+06,
8.54455e+06,
8.62121e+06,
8.7031e+06,
8.78468e+06,
8.86705e+06,
8.94923e+06,
9.03089e+06,
9.11547e+06,
9.2012e+06,
9.28097e+06,
9.35875e+06,
9.43586e+06,
9.51806e+06,
9.59923e+06,
9.68192e+06,
9.76481e+06,
9.84805e+06,
9.93117e+06,
1.00164e+07,
1.00965e+07,
1.01737e+07,
1.02525e+07,
1.03335e+07,
1.04139e+07,
1.04956e+07,
1.05754e+07,
1.06551e+07,
1.07345e+07,
1.08168e+07,
1.08967e+07,
1.09731e+07,
1.1055e+07,
1.11373e+07,
1.12176e+07,
1.12974e+07,
1.13771e+07,
1.14563e+07,
1.15346e+07,
1.16131e+07,
1.16946e+07,
1.1775e+07,
1.186e+07,
1.1941e+07,
1.20174e+07,
1.20959e+07,
1.21735e+07,
1.22524e+07,
1.23302e+07,
1.24073e+07,
1.24927e+07,
1.25912e+07,
1.26818e+07,
1.27707e+07,
1.28573e+07,
1.29435e+07,
1.30284e+07,
1.31141e+07,
1.31992e+07,
1.32871e+07,
1.33868e+07,
1.34844e+07,
1.35749e+07,
1.36635e+07,
1.37497e+07,
1.38356e+07,
1.39216e+07,
1.40071e+07,
1.40959e+07,
1.4188e+07,
1.42805e+07,
1.4376e+07,
1.44672e+07,
1.45562e+07,
1.46442e+07,
1.47321e+07,
1.48188e+07,
1.49086e+07,
1.50002e+07,
1.50931e+07,
1.51848e+07,
1.52792e+07,
1.53711e+07,
1.54596e+07,
1.55474e+07,
1.56353e+07,
1.57254e+07,
1.58168e+07,
1.59083e+07,
1.59998e+07,
1.60924e+07,
1.61862e+07,
1.62815e+07,
1.63728e+07,
1.6462e+07,
1.65529e+07,
1.66425e+07,
1.67328e+07,
1.68226e+07,
1.69161e+07,
1.70099e+07,
1.71046e+07,
1.72033e+07,
1.73001e+07,
1.73974e+07,
1.74951e+07,
1.75923e+07,
1.76887e+07,
1.77842e+07,
1.78803e+07,
1.79771e+07,
1.80751e+07,
1.81753e+07,
1.82805e+07,
1.83898e+07,
1.84928e+07,
1.85929e+07,
1.86918e+07,
1.87894e+07,
1.88851e+07,
1.89808e+07,
1.90758e+07,
1.91741e+07,
1.92727e+07,
1.93717e+07,
1.94694e+07,
1.95663e+07,
1.96627e+07,
1.97596e+07,
1.98555e+07,
1.99513e+07,
2.00495e+07,
2.01486e+07,
2.0252e+07,
2.03563e+07,
2.04563e+07,
2.05545e+07,
2.06516e+07,
2.07473e+07,
2.08424e+07,
2.0938e+07,
2.10348e+07,
2.11325e+07,
2.12311e+07,
2.13333e+07,
2.1432e+07,
478966,
478812,
478802,
478824,
478855,
478800,
478809,
478910,
478985,
478989,
479048,
479131,
479161,
479245,
479341,
479510,
479546,
479676,
479847,
479991,
480115,
480286,
480471,
480596,
480784,
480897,
481190,
481446,
481740,
481955,
482064,
482193,
482402,
482547,
482873,
483130,
483339,
483620,
483908,
484142,
484427,
484689,
484909,
485131,
485413,
485596,
485834,
486066,
486307,
486505,
486820,
487081,
487336,
487540,
487730,
487968,
488321,
488655,
489008,
489333,
489587,
489935,
490175,
490503,
490782,
491081,
491423,
491634,
492078,
492413,
492731,
493155,
493499,
493744,
494041,
494411,
494708,
495105,
495403,
495798,
496169,
496517,
496919,
497340,
497684,
498036,
498426,
498830,
499256,
499681,
500060,
500395,
500638,
500977,
501364,
501833,
502309,
502824,
503288,
503710,
504223,
504754,
505218,
505740,
506263,
506749,
507232,
507621,
508083,
508587,
508987,
509509,
509978,
510468,
511037,
511567,
512040,
512483,
512891,
513440,
513953,
514517,
515015,
515496,
515912,
516465,
517057,
517488,
517949,
518411,
518999,
519435,
519979,
520504,
521008,
521512,
522056,
522463,
522983,
523513,
524050,
524633,
525119,
525831,
526403,
526924,
527446,
528060,
528592,
529169,
529761,
530286,
530904,
531450,
532077,
532750,
533328,
534011,
534589,
535154,
535808,
536611,
537293,
537964,
538694,
539401,
540093,
540708,
541300,
541948,
542581,
543215,
543933,
544686,
545325,
546098,
546888,
547571,
548259,
549004,
549815,
550643,
551388,
552075,
552815,
553650,
554399,
555178,
555900,
556685,
557570,
558462,
559349,
560151,
560940,
561831,
562746,
563673,
564514,
565381,
566282,
567288,
568236,
569168,
570230,
571266,
572251,
573163,
574050,
575091,
576201,
577291,
578279,
579309,
580482,
581713,
582887,
584184,
585336,
586455,
587647,
588743,
589869,
591069,
592256,
593373,
594623,
595758,
596905,
598084,
599245,
600448,
601636,
602806,
604034,
605865,
608324,
610798,
612926,
615258,
617858,
620255,
622626,
625072,
627629,
630276,
632820,
635371,
637767,
640356,
642906,
645552,
648125,
650566,
653110,
655454,
657878,
660465,
662918,
665389,
667866,
670390,
673081,
675621,
678285,
681090,
683763,
686493,
689397,
692191,
694866,
697639,
700264,
703115,
706062,
708850,
711548,
714256,
717065,
719912,
722637,
725499,
728367,
731356,
734251,
737330,
740126,
742993,
745706,
748424,
751149,
754021,
756793,
759876,
762866,
765870,
769056,
772274,
775245,
778365,
781540,
784718,
787852,
791104,
794391,
797743,
800973,
804213,
807317,
810537,
813688,
816910,
820236,
823520,
826881,
830271,
833737,
837076,
840266,
843574,
846860,
850147,
853556,
856984,
860436,
863801,
867313,
871170,
875029,
878791,
882542,
886353,
890148,
893803,
897562,
901334,
905100,
909012,
912791,
916716,
920670,
924614,
928511,
932183,
936174,
940114,
944105,
948023,
952116,
956153,
960176,
964300,
968350,
972585,
976566,
980609,
984697,
988814,
993329,
997574,
1.00189e+06,
1.0062e+06,
1.01066e+06,
1.01525e+06,
1.01984e+06,
1.0247e+06,
1.02945e+06,
1.03421e+06,
1.03899e+06,
1.04359e+06,
1.04804e+06,
1.05256e+06,
1.05738e+06,
1.06214e+06,
1.06674e+06,
1.07134e+06,
1.07604e+06,
1.08085e+06,
1.08567e+06,
1.09052e+06,
1.0953e+06,
1.10006e+06,
1.10493e+06,
1.10991e+06,
1.11451e+06,
1.11938e+06,
1.12437e+06,
1.12947e+06,
1.13434e+06,
1.13973e+06,
1.14483e+06,
1.15025e+06,
1.15561e+06,
1.16099e+06,
1.1662e+06,
1.17136e+06,
1.17648e+06,
1.18191e+06,
1.187e+06,
1.19232e+06,
1.19763e+06,
1.20316e+06,
1.20864e+06,
1.2143e+06,
1.21993e+06,
1.22574e+06,
1.23138e+06,
1.23717e+06,
1.24271e+06,
1.24852e+06,
1.25441e+06,
1.26024e+06,
1.26634e+06,
1.27236e+06,
1.27827e+06,
1.28423e+06,
1.29025e+06,
1.29616e+06,
1.30201e+06,
1.30819e+06,
1.31434e+06,
1.32062e+06,
1.3267e+06,
1.33284e+06,
1.33921e+06,
1.34584e+06,
1.35187e+06,
1.35849e+06,
1.36477e+06,
1.37109e+06,
1.37756e+06,
1.38419e+06,
1.39089e+06,
1.39736e+06,
1.40402e+06,
1.41069e+06,
1.41761e+06,
1.42441e+06,
1.43116e+06,
1.43804e+06,
1.44475e+06,
1.45203e+06,
1.45876e+06,
1.46569e+06,
1.47296e+06,
1.48024e+06,
1.48728e+06,
1.49468e+06,
1.50162e+06,
1.50909e+06,
1.51667e+06,
1.5244e+06,
1.53221e+06,
1.53983e+06,
1.54767e+06,
1.5555e+06,
1.56332e+06,
1.5712e+06,
1.57905e+06,
1.58712e+06,
1.59533e+06,
1.60355e+06,
1.61174e+06,
1.62012e+06,
1.62837e+06,
1.63676e+06,
1.64506e+06,
1.65321e+06,
1.66136e+06,
1.66979e+06,
1.6783e+06,
1.68689e+06,
1.69572e+06,
1.70443e+06,
1.71339e+06,
1.72256e+06,
1.73142e+06,
1.74031e+06,
1.74931e+06,
1.75867e+06,
1.76808e+06,
1.77755e+06,
1.78725e+06,
1.79677e+06,
1.80661e+06,
1.81614e+06,
1.8264e+06,
1.83592e+06,
1.84553e+06,
1.85558e+06,
1.86538e+06,
1.87548e+06,
1.88594e+06,
1.89632e+06,
1.90693e+06,
1.9174e+06,
1.92774e+06,
1.93829e+06,
1.94905e+06,
1.95975e+06,
1.9706e+06,
1.98153e+06,
1.99265e+06,
2.00398e+06,
2.01524e+06,
2.02647e+06,
2.03798e+06,
2.0494e+06,
2.06078e+06,
2.07281e+06,
2.08474e+06,
2.09705e+06,
2.10903e+06,
2.12128e+06,
2.13398e+06,
2.14682e+06,
2.15966e+06,
2.17222e+06,
2.18451e+06,
2.19742e+06,
2.21052e+06,
2.22355e+06,
2.23656e+06,
2.2506e+06,
2.26451e+06,
2.27841e+06,
2.29206e+06,
2.30571e+06,
2.3195e+06,
2.33377e+06,
2.34817e+06,
2.36295e+06,
2.37765e+06,
2.39245e+06,
2.40774e+06,
2.42286e+06,
2.43789e+06,
2.45324e+06,
2.46852e+06,
2.48496e+06,
2.50119e+06,
2.51748e+06,
2.53389e+06,
2.55045e+06,
2.5673e+06,
2.58422e+06,
2.60123e+06,
2.6186e+06,
2.63633e+06,
2.65432e+06,
2.67241e+06,
2.69097e+06,
2.7094e+06,
2.72797e+06,
2.74653e+06,
2.76609e+06,
2.78556e+06,
2.80543e+06,
2.82477e+06,
2.84467e+06,
2.86506e+06,
2.88552e+06,
2.90621e+06,
2.92751e+06,
2.94857e+06,
2.97015e+06,
2.99221e+06,
3.01418e+06,
3.03643e+06,
3.05954e+06,
3.08308e+06,
3.10614e+06,
3.13006e+06,
3.15387e+06,
3.17845e+06,
3.20263e+06,
3.2275e+06,
3.2528e+06,
3.27803e+06,
3.30363e+06,
3.3295e+06,
3.35568e+06,
3.3829e+06,
3.41068e+06,
3.43788e+06,
3.46603e+06,
3.49393e+06,
3.52127e+06,
3.54984e+06,
3.57943e+06,
3.60919e+06,
3.63962e+06,
3.66998e+06,
3.70064e+06,
3.73246e+06,
3.76467e+06,
3.79682e+06,
3.82975e+06,
3.86187e+06,
3.89556e+06,
3.92934e+06,
3.96429e+06,
3.99933e+06,
4.03498e+06,
4.07027e+06,
4.1067e+06,
4.14383e+06,
4.1819e+06,
4.21933e+06,
4.25766e+06,
4.29708e+06,
4.33762e+06,
4.37937e+06,
4.42156e+06,
4.46414e+06,
4.50744e+06,
4.55252e+06,
4.59939e+06,
4.6459e+06,
4.69362e+06,
4.74308e+06,
4.81365e+06,
4.90942e+06,
5.01062e+06,
5.11753e+06,
5.23681e+06,
5.38616e+06,
5.51193e+06,
5.6197e+06,
5.72054e+06,
5.81693e+06,
5.91398e+06,
6.01095e+06,
6.10599e+06,
6.2007e+06,
6.29558e+06,
6.3905e+06,
6.48439e+06,
6.57154e+06,
6.65733e+06,
6.74036e+06,
6.82728e+06,
6.91401e+06,
6.99931e+06,
7.0857e+06,
7.17074e+06,
7.25693e+06,
7.34468e+06,
7.42779e+06,
7.50777e+06,
7.5874e+06,
7.66933e+06,
7.75075e+06,
7.83186e+06,
7.91276e+06,
7.9939e+06,
8.07458e+06,
8.15745e+06,
8.23791e+06,
8.31569e+06,
8.39437e+06,
8.47506e+06,
8.55494e+06,
8.6341e+06,
8.71307e+06,
8.79235e+06,
8.87105e+06,
8.94928e+06,
9.03045e+06,
9.10787e+06,
9.18817e+06,
9.26923e+06,
9.34938e+06,
9.42904e+06,
9.50814e+06,
9.58809e+06,
9.66594e+06,
9.74366e+06,
9.82307e+06,
9.90181e+06,
9.98319e+06,
1.00628e+07,
1.01411e+07,
1.02182e+07,
1.02951e+07,
1.03711e+07,
1.04466e+07,
1.05212e+07,
1.05967e+07,
1.06796e+07,
1.07611e+07,
1.08411e+07,
1.09192e+07,
1.0996e+07,
1.10709e+07,
1.11467e+07,
1.12207e+07,
1.12942e+07,
1.13681e+07,
1.14537e+07,
1.15347e+07,
1.16133e+07,
1.16908e+07,
1.17665e+07,
1.18438e+07,
1.19212e+07,
1.19982e+07,
1.20786e+07,
1.21676e+07,
1.22565e+07,
1.23464e+07,
1.2432e+07,
1.25165e+07,
1.26001e+07,
1.26823e+07,
1.27638e+07,
1.28471e+07,
1.29362e+07,
1.30245e+07,
1.31134e+07,
1.32068e+07,
1.32955e+07,
1.33814e+07,
1.34664e+07,
1.35507e+07,
1.36363e+07,
1.3724e+07,
1.38113e+07,
1.38988e+07,
1.39856e+07,
1.4074e+07,
1.41648e+07,
1.42516e+07,
1.43377e+07,
1.44253e+07,
1.45139e+07,
1.46026e+07,
1.46902e+07,
1.4778e+07,
1.48653e+07,
1.49529e+07,
1.50434e+07,
1.51315e+07,
1.52197e+07,
1.53091e+07,
1.53986e+07,
1.54871e+07,
1.55751e+07,
1.56623e+07,
1.57507e+07,
1.58389e+07,
1.59286e+07,
1.60216e+07,
1.61118e+07,
1.62003e+07,
1.62886e+07,
1.63805e+07,
1.64715e+07,
1.65626e+07,
1.66548e+07,
1.6748e+07,
1.68434e+07,
1.69422e+07,
1.70395e+07,
1.71339e+07,
1.72281e+07,
1.73223e+07,
1.74153e+07,
1.75083e+07,
1.76026e+07,
1.77004e+07,
1.78012e+07,
1.7907e+07,
1.80086e+07,
1.81065e+07,
1.82024e+07,
1.82972e+07,
1.83905e+07,
1.84826e+07,
1.85759e+07,
1.86702e+07,
1.8765e+07,
1.88602e+07,
1.89546e+07,
1.90487e+07,
1.91429e+07,
1.92353e+07,
1.93282e+07,
1.94206e+07,
1.9515e+07,
1.96098e+07,
1.97048e+07,
1.9801e+07,
1.98985e+07,
1.9999e+07,
2.00947e+07,
2.01895e+07,
2.02823e+07,
2.03754e+07,
2.04688e+07,
478966,
478799,
478775,
478779,
478795,
478762,
478768,
478841,
478877,
478938,
478964,
479072,
479116,
479178,
479245,
479356,
479398,
479524,
479666,
479823,
479962,
480090,
480273,
480415,
480559,
480762,
481103,
481335,
481624,
481809,
481873,
482142,
482368,
482511,
482714,
482996,
483203,
483443,
483693,
483936,
484151,
484411,
484649,
484901,
485129,
485409,
485569,
485806,
486048,
486330,
486557,
486785,
486992,
487192,
487483,
487822,
488113,
488434,
488785,
489060,
489287,
489614,
489936,
490216,
490541,
490781,
491056,
491343,
491752,
492169,
492418,
492798,
493123,
493493,
493836,
494141,
494484,
494857,
495220,
495544,
495977,
496368,
496700,
496991,
497298,
497690,
498120,
498409,
498754,
499124,
499503,
499974,
500373,
500758,
501168,
501574,
501941,
502321,
502622,
503037,
503533,
504012,
504561,
504995,
505512,
505916,
506388,
506839,
507258,
507719,
508222,
508741,
509251,
509786,
510271,
510771,
511264,
511743,
512147,
512634,
513155,
513625,
514106,
514561,
515049,
515553,
516022,
516416,
516846,
517356,
517889,
518415,
518973,
519522,
520023,
520572,
521106,
521613,
522040,
522554,
523108,
523764,
524328,
524897,
525531,
526105,
526646,
527125,
527698,
528336,
528848,
529382,
529990,
530512,
530990,
531642,
532268,
532974,
533462,
534115,
534792,
535506,
536183,
536854,
537590,
538232,
538865,
539437,
540059,
540751,
541461,
542120,
542815,
543558,
544301,
545102,
545799,
546492,
547098,
547806,
548561,
549345,
550050,
550833,
551716,
552544,
553396,
554059,
554778,
555492,
556358,
557105,
557934,
558768,
559614,
560567,
561496,
562375,
563222,
564054,
565061,
565954,
566882,
567948,
568984,
570024,
571131,
572132,
573140,
574061,
575076,
576201,
577246,
578334,
579319,
580362,
581456,
582484,
583536,
584675,
585868,
587005,
588260,
589516,
590667,
591836,
593023,
594160,
595299,
596414,
597660,
598952,
600231,
601375,
602614,
603790,
604923,
605962,
607049,
608244,
609399,
610612,
612322,
614555,
617149,
619473,
621900,
624551,
626968,
629280,
631818,
634400,
636996,
639474,
641938,
644471,
646840,
649382,
651819,
654378,
656863,
659399,
661872,
664491,
666946,
669537,
671969,
674455,
676799,
679323,
681846,
684426,
686819,
689521,
692413,
694894,
697595,
700290,
703098,
705903,
708807,
711767,
714587,
717278,
719910,
722657,
725309,
728017,
730649,
733425,
736380,
739161,
742084,
744896,
747688,
750476,
753277,
756157,
758979,
762054,
764966,
767815,
770725,
773783,
776739,
779796,
782839,
785957,
789158,
792231,
795449,
798722,
801928,
805079,
808302,
811519,
814700,
817919,
821066,
824249,
827475,
830999,
834392,
837806,
841139,
844484,
847850,
851262,
854481,
857816,
861046,
864461,
867892,
871441,
874929,
878460,
882173,
885801,
889407,
892932,
896870,
900570,
904388,
908318,
912132,
916037,
920060,
923944,
927748,
931453,
935495,
939332,
943136,
947152,
951082,
955036,
959034,
963119,
967177,
971266,
975467,
979657,
983767,
988139,
992470,
996548,
1.00081e+06,
1.0051e+06,
1.0097e+06,
1.01398e+06,
1.01837e+06,
1.02306e+06,
1.02759e+06,
1.0322e+06,
1.03677e+06,
1.04121e+06,
1.04571e+06,
1.05011e+06,
1.05444e+06,
1.05908e+06,
1.06359e+06,
1.06825e+06,
1.0731e+06,
1.07787e+06,
1.08265e+06,
1.08733e+06,
1.09232e+06,
1.097e+06,
1.10158e+06,
1.10627e+06,
1.11093e+06,
1.11575e+06,
1.12062e+06,
1.12526e+06,
1.13023e+06,
1.13517e+06,
1.14026e+06,
1.14541e+06,
1.15069e+06,
1.15591e+06,
1.16117e+06,
1.16654e+06,
1.17174e+06,
1.17709e+06,
1.18238e+06,
1.18775e+06,
1.19325e+06,
1.19887e+06,
1.20447e+06,
1.21023e+06,
1.21608e+06,
1.22184e+06,
1.22751e+06,
1.23308e+06,
1.23863e+06,
1.2443e+06,
1.24976e+06,
1.25527e+06,
1.2609e+06,
1.2668e+06,
1.27277e+06,
1.27852e+06,
1.28432e+06,
1.29026e+06,
1.29595e+06,
1.30204e+06,
1.30806e+06,
1.31426e+06,
1.32021e+06,
1.32629e+06,
1.33247e+06,
1.33884e+06,
1.34515e+06,
1.35157e+06,
1.35786e+06,
1.36427e+06,
1.37054e+06,
1.37714e+06,
1.3834e+06,
1.38981e+06,
1.39647e+06,
1.40317e+06,
1.40977e+06,
1.41651e+06,
1.42304e+06,
1.42983e+06,
1.43661e+06,
1.44352e+06,
1.45016e+06,
1.45719e+06,
1.46422e+06,
1.47133e+06,
1.47854e+06,
1.48572e+06,
1.49295e+06,
1.50031e+06,
1.50767e+06,
1.51476e+06,
1.52188e+06,
1.52965e+06,
1.53728e+06,
1.54512e+06,
1.55293e+06,
1.56087e+06,
1.56892e+06,
1.57694e+06,
1.58505e+06,
1.59294e+06,
1.60072e+06,
1.60861e+06,
1.61698e+06,
1.62546e+06,
1.63409e+06,
1.64274e+06,
1.65143e+06,
1.65976e+06,
1.66828e+06,
1.67673e+06,
1.68509e+06,
1.69381e+06,
1.70261e+06,
1.71189e+06,
1.72084e+06,
1.72972e+06,
1.73875e+06,
1.74792e+06,
1.75684e+06,
1.76599e+06,
1.77527e+06,
1.78463e+06,
1.79432e+06,
1.80411e+06,
1.81377e+06,
1.82344e+06,
1.83315e+06,
1.84321e+06,
1.8532e+06,
1.86338e+06,
1.8733e+06,
1.88345e+06,
1.89373e+06,
1.90418e+06,
1.91482e+06,
1.92561e+06,
1.93609e+06,
1.94689e+06,
1.95754e+06,
1.96824e+06,
1.97915e+06,
1.99018e+06,
2.00125e+06,
2.01264e+06,
2.02404e+06,
2.0352e+06,
2.04662e+06,
2.05801e+06,
2.06936e+06,
2.08118e+06,
2.09303e+06,
2.10551e+06,
2.1182e+06,
2.1308e+06,
2.14318e+06,
2.15646e+06,
2.16901e+06,
2.18212e+06,
2.19529e+06,
2.20823e+06,
2.22125e+06,
2.23472e+06,
2.24832e+06,
2.26193e+06,
2.2759e+06,
2.28975e+06,
2.30402e+06,
2.31791e+06,
2.33218e+06,
2.34673e+06,
2.36106e+06,
2.37573e+06,
2.39052e+06,
2.40592e+06,
2.42105e+06,
2.43643e+06,
2.45222e+06,
2.46791e+06,
2.48432e+06,
2.50103e+06,
2.51738e+06,
2.534e+06,
2.55105e+06,
2.56835e+06,
2.58526e+06,
2.60296e+06,
2.62101e+06,
2.639e+06,
2.65709e+06,
2.6752e+06,
2.69319e+06,
2.71197e+06,
2.73094e+06,
2.75009e+06,
2.76941e+06,
2.78895e+06,
2.80878e+06,
2.82841e+06,
2.84887e+06,
2.86936e+06,
2.89003e+06,
2.91129e+06,
2.93241e+06,
2.95369e+06,
2.97588e+06,
2.99815e+06,
3.02084e+06,
3.04403e+06,
3.0673e+06,
3.09003e+06,
3.11332e+06,
3.13708e+06,
3.16096e+06,
3.18605e+06,
3.2115e+06,
3.23659e+06,
3.2617e+06,
3.28714e+06,
3.31233e+06,
3.33881e+06,
3.36554e+06,
3.39261e+06,
3.4196e+06,
3.44682e+06,
3.47497e+06,
3.50342e+06,
3.5325e+06,
3.56159e+06,
3.59082e+06,
3.6202e+06,
3.64943e+06,
3.67969e+06,
3.71085e+06,
3.74283e+06,
3.77441e+06,
3.80606e+06,
3.83831e+06,
3.87124e+06,
3.90514e+06,
3.93912e+06,
3.97262e+06,
4.00678e+06,
4.04218e+06,
4.07849e+06,
4.11504e+06,
4.15256e+06,
4.18984e+06,
4.22796e+06,
4.26699e+06,
4.30714e+06,
4.34744e+06,
4.38788e+06,
4.42952e+06,
4.47217e+06,
4.51701e+06,
4.56258e+06,
4.60769e+06,
4.67024e+06,
4.75689e+06,
4.84851e+06,
4.94481e+06,
5.04569e+06,
5.15324e+06,
5.27788e+06,
5.41327e+06,
5.52199e+06,
5.62174e+06,
5.72041e+06,
5.81748e+06,
5.91155e+06,
6.00308e+06,
6.09189e+06,
6.18152e+06,
6.26985e+06,
6.36124e+06,
6.4464e+06,
6.52799e+06,
6.61319e+06,
6.69815e+06,
6.78159e+06,
6.86315e+06,
6.94371e+06,
7.02454e+06,
7.1055e+06,
7.18803e+06,
7.2709e+06,
7.34948e+06,
7.43116e+06,
7.5114e+06,
7.59103e+06,
7.66861e+06,
7.74603e+06,
7.82244e+06,
7.89956e+06,
7.9778e+06,
8.05701e+06,
8.13573e+06,
8.2154e+06,
8.29404e+06,
8.3715e+06,
8.44767e+06,
8.52304e+06,
8.59795e+06,
8.67331e+06,
8.74894e+06,
8.82549e+06,
8.90857e+06,
8.98917e+06,
9.06824e+06,
9.14583e+06,
9.2216e+06,
9.29737e+06,
9.37327e+06,
9.44787e+06,
9.52206e+06,
9.59933e+06,
9.68108e+06,
9.76139e+06,
9.83814e+06,
9.91311e+06,
9.98718e+06,
1.00598e+07,
1.01325e+07,
1.02054e+07,
1.02784e+07,
1.03554e+07,
1.04335e+07,
1.05126e+07,
1.05892e+07,
1.06618e+07,
1.07307e+07,
1.08026e+07,
1.08745e+07,
1.09469e+07,
1.10246e+07,
1.11013e+07,
1.11802e+07,
1.12613e+07,
1.13413e+07,
1.14195e+07,
1.14961e+07,
1.15709e+07,
1.16456e+07,
1.17286e+07,
1.18123e+07,
1.18949e+07,
1.19768e+07,
1.20601e+07,
1.21444e+07,
1.22265e+07,
1.23069e+07,
1.2387e+07,
1.24713e+07,
1.25543e+07,
1.26386e+07,
1.27223e+07,
1.28053e+07,
1.28894e+07,
1.29772e+07,
1.30659e+07,
1.315e+07,
1.32361e+07,
1.3322e+07,
1.34065e+07,
1.34903e+07,
1.35736e+07,
1.36574e+07,
1.37409e+07,
1.38256e+07,
1.39125e+07,
1.40007e+07,
1.40889e+07,
1.41759e+07,
1.42618e+07,
1.43464e+07,
1.44307e+07,
1.45143e+07,
1.45977e+07,
1.46816e+07,
1.47711e+07,
1.48622e+07,
1.49503e+07,
1.50373e+07,
1.51235e+07,
1.52093e+07,
1.52942e+07,
1.53785e+07,
1.54629e+07,
1.55491e+07,
1.56363e+07,
1.57262e+07,
1.58196e+07,
1.59104e+07,
1.6001e+07,
1.60919e+07,
1.61825e+07,
1.62728e+07,
1.63634e+07,
1.64545e+07,
1.65454e+07,
1.66383e+07,
1.6734e+07,
1.68269e+07,
1.69188e+07,
1.70105e+07,
1.7102e+07,
1.7196e+07,
1.72919e+07,
1.73924e+07,
1.74909e+07,
1.75869e+07,
1.76816e+07,
1.77756e+07,
1.78674e+07,
1.79581e+07,
1.8049e+07,
1.81411e+07,
1.82326e+07,
1.83242e+07,
1.84159e+07,
1.85063e+07,
1.85968e+07,
1.8688e+07,
1.8778e+07,
1.88673e+07,
1.89583e+07,
1.90491e+07,
1.91405e+07,
1.92315e+07,
1.93236e+07,
1.94153e+07,
1.95072e+07,
478966,
478794,
478766,
478738,
478734,
478681,
478684,
478731,
478781,
478823,
478837,
478973,
478986,
479094,
479146,
479192,
479266,
479411,
479525,
479668,
479811,
479931,
480104,
480191,
480390,
480643,
481051,
481287,
481435,
481665,
481858,
482051,
482232,
482370,
482580,
482872,
483013,
483212,
483514,
483781,
484008,
484194,
484412,
484702,
484929,
485159,
485336,
485602,
485882,
486110,
486320,
486544,
486739,
487043,
487335,
487658,
487881,
488201,
488397,
488766,
489052,
489328,
489650,
489961,
490278,
490488,
490832,
491154,
491477,
491815,
492068,
492401,
492769,
493096,
493440,
493842,
494224,
494618,
494990,
495273,
495617,
495976,
496281,
496581,
496950,
497342,
497690,
498080,
498437,
498834,
499282,
499635,
499987,
500370,
500750,
501129,
501542,
501927,
502226,
502589,
502959,
503306,
503671,
504196,
504675,
505150,
505548,
505982,
506461,
506907,
507404,
507917,
508444,
508940,
509493,
510050,
510523,
510979,
511349,
511675,
512203,
512698,
513205,
513612,
514068,
514571,
515049,
515561,
516089,
516569,
517011,
517517,
518146,
518623,
519127,
519637,
520098,
520513,
520953,
521509,
522094,
522591,
523192,
523879,
524395,
524998,
525578,
526065,
526575,
527096,
527657,
528283,
528880,
529422,
530026,
530618,
531309,
531913,
532493,
533031,
533737,
534371,
534914,
535571,
536256,
536914,
537599,
538229,
538917,
539600,
540293,
541020,
541773,
542390,
543033,
543775,
544469,
545157,
545860,
546580,
547271,
548046,
548867,
549695,
550394,
551170,
551876,
552722,
553466,
554299,
555090,
555948,
556769,
557636,
558543,
559276,
560090,
560975,
561876,
562851,
563761,
564853,
565847,
566855,
567895,
568823,
569785,
570769,
571674,
572771,
573879,
574948,
575996,
577075,
578149,
579211,
580307,
581244,
582226,
583314,
584345,
585410,
586570,
587746,
588934,
590095,
591169,
592419,
593510,
594675,
595881,
597043,
598320,
599557,
600779,
602014,
603135,
604318,
605426,
606591,
607813,
609036,
610157,
611411,
612615,
613833,
615036,
616244,
617425,
618718,
620487,
622927,
625348,
627866,
630241,
632648,
634970,
637250,
639722,
642391,
644732,
647137,
649664,
652215,
654718,
657111,
659560,
661962,
664488,
666954,
669408,
672085,
674592,
677130,
679554,
682014,
684268,
686646,
689060,
691782,
694262,
696725,
699363,
701979,
704666,
707395,
710049,
712753,
715292,
718000,
720747,
723630,
726263,
728989,
731912,
734685,
737361,
740221,
742846,
745551,
748439,
751277,
753959,
756803,
759732,
762586,
765467,
768418,
771232,
773869,
776824,
779799,
782699,
785693,
788849,
792017,
795077,
798128,
801367,
804626,
808009,
811275,
814466,
817498,
820670,
824018,
827053,
830268,
833351,
836596,
839965,
843310,
846532,
849914,
853219,
856659,
860003,
863339,
866700,
870168,
873709,
877011,
880556,
884018,
887751,
891414,
895209,
898764,
902371,
905955,
909763,
913481,
917263,
921177,
925174,
929106,
932831,
936780,
940776,
944720,
948554,
952528,
956391,
960503,
964508,
968650,
972624,
976921,
980970,
985253,
989330,
993475,
997699,
1.00191e+06,
1.00604e+06,
1.01022e+06,
1.0146e+06,
1.01895e+06,
1.02324e+06,
1.02766e+06,
1.03223e+06,
1.03675e+06,
1.04118e+06,
1.04574e+06,
1.05034e+06,
1.05479e+06,
1.05924e+06,
1.06375e+06,
1.06808e+06,
1.07244e+06,
1.07717e+06,
1.08185e+06,
1.08666e+06,
1.09124e+06,
1.09596e+06,
1.10063e+06,
1.10531e+06,
1.10997e+06,
1.11467e+06,
1.11952e+06,
1.12434e+06,
1.12935e+06,
1.13406e+06,
1.13912e+06,
1.14433e+06,
1.14932e+06,
1.1544e+06,
1.15961e+06,
1.16475e+06,
1.17003e+06,
1.17544e+06,
1.18069e+06,
1.18591e+06,
1.1911e+06,
1.19645e+06,
1.20212e+06,
1.20773e+06,
1.21332e+06,
1.21881e+06,
1.22424e+06,
1.22973e+06,
1.23532e+06,
1.24103e+06,
1.2469e+06,
1.25248e+06,
1.25822e+06,
1.2637e+06,
1.26944e+06,
1.27529e+06,
1.28104e+06,
1.28677e+06,
1.29276e+06,
1.29881e+06,
1.30481e+06,
1.31056e+06,
1.31646e+06,
1.32235e+06,
1.32822e+06,
1.3342e+06,
1.34034e+06,
1.34695e+06,
1.35334e+06,
1.35992e+06,
1.36659e+06,
1.3731e+06,
1.37963e+06,
1.38609e+06,
1.39268e+06,
1.39891e+06,
1.40545e+06,
1.41207e+06,
1.41913e+06,
1.42609e+06,
1.43289e+06,
1.43981e+06,
1.44669e+06,
1.45378e+06,
1.46058e+06,
1.4671e+06,
1.47436e+06,
1.48142e+06,
1.48877e+06,
1.49588e+06,
1.50329e+06,
1.51047e+06,
1.51768e+06,
1.52519e+06,
1.5327e+06,
1.5401e+06,
1.5478e+06,
1.55549e+06,
1.56339e+06,
1.57108e+06,
1.57898e+06,
1.58736e+06,
1.59563e+06,
1.60368e+06,
1.61181e+06,
1.61981e+06,
1.62826e+06,
1.63645e+06,
1.64467e+06,
1.65307e+06,
1.66175e+06,
1.6705e+06,
1.67893e+06,
1.68753e+06,
1.69632e+06,
1.70487e+06,
1.71379e+06,
1.72295e+06,
1.73177e+06,
1.74095e+06,
1.75002e+06,
1.75923e+06,
1.7683e+06,
1.77771e+06,
1.78696e+06,
1.79636e+06,
1.80587e+06,
1.81538e+06,
1.82538e+06,
1.83533e+06,
1.84505e+06,
1.85494e+06,
1.86524e+06,
1.87553e+06,
1.88593e+06,
1.89609e+06,
1.90642e+06,
1.91702e+06,
1.92739e+06,
1.93816e+06,
1.94907e+06,
1.95986e+06,
1.97082e+06,
1.98186e+06,
1.99323e+06,
2.0042e+06,
2.01544e+06,
2.02687e+06,
2.03831e+06,
2.04982e+06,
2.06147e+06,
2.07322e+06,
2.08527e+06,
2.09716e+06,
2.10936e+06,
2.12122e+06,
2.13354e+06,
2.14603e+06,
2.15869e+06,
2.17195e+06,
2.18521e+06,
2.19854e+06,
2.21195e+06,
2.2253e+06,
2.23904e+06,
2.25238e+06,
2.26605e+06,
2.28036e+06,
2.29479e+06,
2.30929e+06,
2.3238e+06,
2.33854e+06,
2.35336e+06,
2.36831e+06,
2.38347e+06,
2.39862e+06,
2.41418e+06,
2.42979e+06,
2.44589e+06,
2.4619e+06,
2.47803e+06,
2.49431e+06,
2.51061e+06,
2.52751e+06,
2.54435e+06,
2.56153e+06,
2.57889e+06,
2.5965e+06,
2.61386e+06,
2.63216e+06,
2.65035e+06,
2.66882e+06,
2.68769e+06,
2.70715e+06,
2.72624e+06,
2.74495e+06,
2.76407e+06,
2.78352e+06,
2.8035e+06,
2.82391e+06,
2.84475e+06,
2.86529e+06,
2.88615e+06,
2.907e+06,
2.92786e+06,
2.94937e+06,
2.97139e+06,
2.99405e+06,
3.01661e+06,
3.03889e+06,
3.06138e+06,
3.08457e+06,
3.10828e+06,
3.13244e+06,
3.1568e+06,
3.18094e+06,
3.20599e+06,
3.23066e+06,
3.2559e+06,
3.28154e+06,
3.30763e+06,
3.33405e+06,
3.36074e+06,
3.38728e+06,
3.41446e+06,
3.44161e+06,
3.4695e+06,
3.49752e+06,
3.52607e+06,
3.5542e+06,
3.58305e+06,
3.61242e+06,
3.64237e+06,
3.67248e+06,
3.70259e+06,
3.73258e+06,
3.76337e+06,
3.79473e+06,
3.8277e+06,
3.86076e+06,
3.89423e+06,
3.92791e+06,
3.9614e+06,
3.99617e+06,
4.03126e+06,
4.06652e+06,
4.10265e+06,
4.13858e+06,
4.17594e+06,
4.21498e+06,
4.25353e+06,
4.29296e+06,
4.33243e+06,
4.37333e+06,
4.41491e+06,
4.4576e+06,
4.50368e+06,
4.57983e+06,
4.66114e+06,
4.74736e+06,
4.83716e+06,
4.93108e+06,
5.02699e+06,
5.1279e+06,
5.24278e+06,
5.36944e+06,
5.47558e+06,
5.57626e+06,
5.67131e+06,
5.76438e+06,
5.85422e+06,
5.94089e+06,
6.02499e+06,
6.1081e+06,
6.19201e+06,
6.27631e+06,
6.36096e+06,
6.44504e+06,
6.52712e+06,
6.60818e+06,
6.68813e+06,
6.76673e+06,
6.84396e+06,
6.92034e+06,
6.9966e+06,
7.0741e+06,
7.15788e+06,
7.2389e+06,
7.31768e+06,
7.39498e+06,
7.47101e+06,
7.54622e+06,
7.62019e+06,
7.69386e+06,
7.76644e+06,
7.84123e+06,
7.92132e+06,
8.00138e+06,
8.07875e+06,
8.1542e+06,
8.22762e+06,
8.30085e+06,
8.3738e+06,
8.44608e+06,
8.5182e+06,
8.59381e+06,
8.67225e+06,
8.75314e+06,
8.83088e+06,
8.90648e+06,
8.98038e+06,
9.05296e+06,
9.12575e+06,
9.19886e+06,
9.27265e+06,
9.34761e+06,
9.42334e+06,
9.49959e+06,
9.57647e+06,
9.65069e+06,
9.72251e+06,
9.79393e+06,
9.8638e+06,
9.933e+06,
1.00056e+07,
1.00751e+07,
1.01469e+07,
1.022e+07,
1.02943e+07,
1.03666e+07,
1.04393e+07,
1.05123e+07,
1.05854e+07,
1.06623e+07,
1.07378e+07,
1.08132e+07,
1.08891e+07,
1.09653e+07,
1.10407e+07,
1.11193e+07,
1.11949e+07,
1.1269e+07,
1.13486e+07,
1.14288e+07,
1.15085e+07,
1.15873e+07,
1.16656e+07,
1.17444e+07,
1.18226e+07,
1.19016e+07,
1.19823e+07,
1.2064e+07,
1.21457e+07,
1.22268e+07,
1.2307e+07,
1.23873e+07,
1.24678e+07,
1.25489e+07,
1.26296e+07,
1.2711e+07,
1.27978e+07,
1.28868e+07,
1.2971e+07,
1.30534e+07,
1.31361e+07,
1.32174e+07,
1.32986e+07,
1.33794e+07,
1.346e+07,
1.35437e+07,
1.36288e+07,
1.37165e+07,
1.38026e+07,
1.38871e+07,
1.39703e+07,
1.40523e+07,
1.41338e+07,
1.42143e+07,
1.4298e+07,
1.43822e+07,
1.44674e+07,
1.4553e+07,
1.46405e+07,
1.47258e+07,
1.48103e+07,
1.48932e+07,
1.49761e+07,
1.50585e+07,
1.51424e+07,
1.52291e+07,
1.53164e+07,
1.54049e+07,
1.54963e+07,
1.55888e+07,
1.56785e+07,
1.57672e+07,
1.58552e+07,
1.59434e+07,
1.60317e+07,
1.61194e+07,
1.62081e+07,
1.6297e+07,
1.63861e+07,
1.64784e+07,
1.65702e+07,
1.66609e+07,
1.67543e+07,
1.68479e+07,
1.69465e+07,
1.70411e+07,
1.71351e+07,
1.72252e+07,
1.73153e+07,
1.74045e+07,
1.74936e+07,
1.7584e+07,
1.76741e+07,
1.77632e+07,
1.7852e+07,
1.79412e+07,
1.8029e+07,
1.81164e+07,
1.82044e+07,
1.82909e+07,
1.8378e+07,
1.84664e+07,
1.85554e+07,
478966,
478788,
478728,
478694,
478658,
478598,
478612,
478678,
478704,
478722,
478745,
478870,
478866,
478965,
479022,
479053,
479140,
479239,
479376,
479516,
479671,
479753,
479895,
479986,
480274,
480586,
480863,
481089,
481335,
481555,
481801,
481926,
482068,
482232,
482482,
482648,
482886,
483122,
483345,
483557,
483729,
484016,
484275,
484459,
484685,
484802,
485078,
485350,
485668,
485897,
486092,
486310,
486588,
486993,
487236,
487456,
487670,
487921,
488309,
488608,
488901,
489127,
489414,
489753,
490052,
490321,
490673,
490989,
491284,
491551,
491896,
492257,
492520,
492805,
493181,
493511,
493872,
494253,
494638,
494929,
495302,
495625,
495976,
496322,
496670,
496986,
497341,
497757,
498119,
498540,
499014,
499366,
499628,
500018,
500403,
500764,
501203,
501492,
501792,
502170,
502577,
502909,
503277,
503586,
503957,
504350,
504791,
505189,
505579,
506128,
506548,
507033,
507456,
507988,
508531,
508932,
509408,
509830,
510316,
510771,
511167,
511663,
512212,
512675,
513187,
513679,
514145,
514616,
515054,
515557,
516092,
516699,
517203,
517628,
518100,
518660,
519171,
519748,
520162,
520692,
521264,
521853,
522398,
522955,
523455,
523920,
524440,
524935,
525506,
526024,
526575,
527135,
527736,
528431,
529006,
529593,
530175,
530762,
531308,
531965,
532606,
533210,
533857,
534547,
535156,
535767,
536490,
537041,
537652,
538327,
539083,
539861,
540570,
541238,
541897,
542657,
543327,
543954,
544667,
545366,
546189,
546896,
547645,
548424,
549169,
549923,
550730,
551491,
552267,
553113,
553903,
554649,
555444,
556236,
557169,
558012,
558842,
559739,
560577,
561580,
562633,
563614,
564536,
565560,
566571,
567569,
568562,
569490,
570425,
571415,
572424,
573446,
574495,
575514,
576633,
577696,
578739,
579772,
580819,
581872,
582922,
584040,
585198,
586222,
587206,
588346,
589438,
590553,
591651,
592919,
593965,
595181,
596395,
597601,
598821,
599931,
601063,
602250,
603519,
604736,
605880,
607059,
608261,
609485,
610623,
611861,
613058,
614356,
615621,
616824,
617940,
619190,
620482,
621667,
622849,
624014,
625249,
626370,
627537,
629422,
631812,
634164,
636546,
639092,
641500,
643695,
646188,
648708,
651133,
653588,
656103,
658414,
661010,
663620,
666161,
668668,
670933,
673182,
675610,
678163,
680545,
683098,
685465,
687800,
690237,
692652,
695069,
697446,
699857,
702372,
704913,
707672,
710240,
712937,
715575,
718274,
721089,
723698,
726278,
728812,
731296,
733929,
736699,
739509,
742327,
745155,
747892,
750709,
753564,
756321,
759128,
761816,
764675,
767431,
770171,
773132,
776067,
778882,
781614,
784511,
787285,
790243,
793049,
796177,
799323,
802488,
805636,
808909,
812023,
815207,
818296,
821322,
824550,
827676,
831025,
834250,
837605,
840928,
844073,
847275,
850648,
853849,
857226,
860508,
863817,
867102,
870395,
873677,
877146,
880440,
884007,
887545,
891169,
894694,
898306,
902047,
905936,
909560,
913022,
917050,
920770,
924708,
928596,
932509,
936508,
940435,
944227,
948159,
952246,
956307,
960239,
964133,
968312,
972412,
976561,
980569,
984481,
988687,
992518,
996419,
1.00035e+06,
1.00453e+06,
1.00873e+06,
1.01278e+06,
1.01683e+06,
1.02093e+06,
1.02514e+06,
1.02933e+06,
1.03339e+06,
1.03788e+06,
1.04244e+06,
1.04684e+06,
1.05143e+06,
1.05592e+06,
1.06034e+06,
1.06491e+06,
1.06962e+06,
1.07394e+06,
1.07855e+06,
1.08323e+06,
1.08783e+06,
1.09253e+06,
1.09739e+06,
1.1019e+06,
1.10649e+06,
1.11139e+06,
1.11621e+06,
1.12087e+06,
1.12565e+06,
1.13054e+06,
1.13557e+06,
1.14066e+06,
1.1456e+06,
1.15047e+06,
1.15533e+06,
1.16031e+06,
1.1653e+06,
1.17032e+06,
1.17528e+06,
1.18033e+06,
1.18571e+06,
1.19125e+06,
1.19678e+06,
1.20231e+06,
1.20771e+06,
1.21297e+06,
1.21836e+06,
1.22363e+06,
1.22902e+06,
1.23455e+06,
1.24015e+06,
1.24577e+06,
1.25147e+06,
1.25716e+06,
1.26288e+06,
1.26888e+06,
1.27493e+06,
1.28079e+06,
1.28625e+06,
1.2921e+06,
1.29811e+06,
1.30414e+06,
1.31012e+06,
1.31621e+06,
1.32227e+06,
1.32839e+06,
1.33465e+06,
1.3407e+06,
1.3465e+06,
1.35263e+06,
1.35895e+06,
1.36503e+06,
1.37149e+06,
1.37794e+06,
1.38448e+06,
1.39127e+06,
1.3977e+06,
1.4044e+06,
1.41092e+06,
1.41769e+06,
1.42448e+06,
1.43157e+06,
1.43853e+06,
1.44527e+06,
1.45241e+06,
1.4594e+06,
1.4663e+06,
1.4733e+06,
1.48028e+06,
1.48739e+06,
1.49485e+06,
1.50203e+06,
1.50946e+06,
1.51671e+06,
1.52408e+06,
1.53143e+06,
1.53893e+06,
1.54625e+06,
1.55355e+06,
1.56123e+06,
1.56899e+06,
1.57713e+06,
1.58513e+06,
1.59303e+06,
1.60088e+06,
1.60901e+06,
1.61739e+06,
1.62534e+06,
1.63393e+06,
1.64214e+06,
1.65089e+06,
1.65944e+06,
1.66809e+06,
1.67661e+06,
1.68536e+06,
1.69405e+06,
1.7027e+06,
1.7116e+06,
1.72038e+06,
1.72925e+06,
1.73848e+06,
1.74758e+06,
1.75667e+06,
1.76574e+06,
1.77497e+06,
1.78441e+06,
1.79372e+06,
1.80326e+06,
1.81275e+06,
1.8225e+06,
1.83219e+06,
1.84211e+06,
1.85225e+06,
1.86226e+06,
1.87258e+06,
1.88307e+06,
1.89343e+06,
1.90353e+06,
1.91395e+06,
1.92442e+06,
1.93535e+06,
1.94618e+06,
1.95687e+06,
1.96797e+06,
1.97887e+06,
1.98997e+06,
2.00078e+06,
2.01192e+06,
2.02335e+06,
2.03474e+06,
2.04644e+06,
2.05831e+06,
2.07025e+06,
2.082e+06,
2.09389e+06,
2.10592e+06,
2.11822e+06,
2.13062e+06,
2.14271e+06,
2.15566e+06,
2.16899e+06,
2.18211e+06,
2.19577e+06,
2.20942e+06,
2.22299e+06,
2.23653e+06,
2.25086e+06,
2.26509e+06,
2.27946e+06,
2.29368e+06,
2.30866e+06,
2.32316e+06,
2.33776e+06,
2.35287e+06,
2.36816e+06,
2.38356e+06,
2.39904e+06,
2.41461e+06,
2.43009e+06,
2.44607e+06,
2.46233e+06,
2.47914e+06,
2.49585e+06,
2.51268e+06,
2.52963e+06,
2.5469e+06,
2.56416e+06,
2.58126e+06,
2.59818e+06,
2.61637e+06,
2.63516e+06,
2.65372e+06,
2.67237e+06,
2.69155e+06,
2.71039e+06,
2.72956e+06,
2.74829e+06,
2.76808e+06,
2.78801e+06,
2.80806e+06,
2.82814e+06,
2.84813e+06,
2.869e+06,
2.88962e+06,
2.9112e+06,
2.93318e+06,
2.955e+06,
2.97696e+06,
2.99895e+06,
3.02111e+06,
3.04404e+06,
3.06754e+06,
3.09103e+06,
3.115e+06,
3.13869e+06,
3.16286e+06,
3.18717e+06,
3.21198e+06,
3.23679e+06,
3.26232e+06,
3.2882e+06,
3.31404e+06,
3.34015e+06,
3.36642e+06,
3.3935e+06,
3.42101e+06,
3.44848e+06,
3.47533e+06,
3.50284e+06,
3.53086e+06,
3.55909e+06,
3.58835e+06,
3.61833e+06,
3.64811e+06,
3.67794e+06,
3.70839e+06,
3.73926e+06,
3.77054e+06,
3.80123e+06,
3.83331e+06,
3.86503e+06,
3.89784e+06,
3.93152e+06,
3.96612e+06,
4.00128e+06,
4.03569e+06,
4.07048e+06,
4.10612e+06,
4.14272e+06,
4.18006e+06,
4.21831e+06,
4.25633e+06,
4.29543e+06,
4.33564e+06,
4.38661e+06,
4.46018e+06,
4.53641e+06,
4.61483e+06,
4.69592e+06,
4.78044e+06,
4.86685e+06,
4.955e+06,
5.04683e+06,
5.14503e+06,
5.26421e+06,
5.37892e+06,
5.47791e+06,
5.57085e+06,
5.65889e+06,
5.74585e+06,
5.82913e+06,
5.91059e+06,
5.98943e+06,
6.06783e+06,
6.15176e+06,
6.23848e+06,
6.32077e+06,
6.39988e+06,
6.47703e+06,
6.55331e+06,
6.62872e+06,
6.7037e+06,
6.77682e+06,
6.85097e+06,
6.92901e+06,
7.00798e+06,
7.08954e+06,
7.16567e+06,
7.23885e+06,
7.31188e+06,
7.3841e+06,
7.4559e+06,
7.52697e+06,
7.60015e+06,
7.67432e+06,
7.74976e+06,
7.82592e+06,
7.90136e+06,
7.97437e+06,
8.04612e+06,
8.11663e+06,
8.18779e+06,
8.26e+06,
8.3346e+06,
8.40852e+06,
8.48163e+06,
8.55583e+06,
8.63128e+06,
8.70471e+06,
8.77674e+06,
8.84756e+06,
8.91755e+06,
8.99092e+06,
9.06336e+06,
9.13534e+06,
9.20724e+06,
9.2776e+06,
9.34671e+06,
9.41505e+06,
9.48538e+06,
9.55445e+06,
9.6246e+06,
9.6957e+06,
9.7681e+06,
9.84061e+06,
9.9127e+06,
9.98453e+06,
1.00565e+07,
1.01297e+07,
1.0204e+07,
1.02776e+07,
1.03522e+07,
1.04256e+07,
1.04988e+07,
1.05718e+07,
1.06439e+07,
1.07159e+07,
1.07881e+07,
1.08607e+07,
1.09372e+07,
1.10185e+07,
1.10963e+07,
1.11728e+07,
1.12495e+07,
1.13255e+07,
1.14004e+07,
1.1476e+07,
1.15512e+07,
1.16273e+07,
1.17064e+07,
1.17868e+07,
1.18668e+07,
1.19457e+07,
1.20241e+07,
1.21018e+07,
1.21804e+07,
1.22576e+07,
1.23358e+07,
1.24163e+07,
1.24977e+07,
1.25797e+07,
1.26649e+07,
1.27488e+07,
1.28299e+07,
1.29104e+07,
1.29896e+07,
1.30683e+07,
1.31492e+07,
1.32304e+07,
1.33123e+07,
1.33947e+07,
1.34768e+07,
1.35601e+07,
1.36426e+07,
1.37229e+07,
1.38026e+07,
1.38845e+07,
1.39664e+07,
1.40479e+07,
1.41292e+07,
1.42109e+07,
1.42926e+07,
1.43755e+07,
1.446e+07,
1.45423e+07,
1.46257e+07,
1.4712e+07,
1.47975e+07,
1.4883e+07,
1.49687e+07,
1.50542e+07,
1.51402e+07,
1.52264e+07,
1.53136e+07,
1.54027e+07,
1.54903e+07,
1.55775e+07,
1.56639e+07,
1.57499e+07,
1.58355e+07,
1.59213e+07,
1.60084e+07,
1.6095e+07,
1.61825e+07,
1.62745e+07,
1.63688e+07,
1.64646e+07,
1.65599e+07,
1.66503e+07,
1.674e+07,
1.68278e+07,
1.69143e+07,
1.70008e+07,
1.70879e+07,
1.71756e+07,
1.72641e+07,
1.73524e+07,
1.74399e+07,
1.75266e+07,
1.76117e+07,
478966,
478785,
478693,
478631,
478589,
478517,
478528,
478632,
478617,
478599,
478689,
478753,
478739,
478837,
478879,
478896,
479024,
479127,
479235,
479401,
479506,
479550,
479661,
479893,
480114,
480449,
480734,
480948,
481173,
481360,
481625,
481770,
481901,
482170,
482330,
482600,
482710,
482918,
483111,
483311,
483553,
483796,
484094,
484265,
484465,
484579,
484927,
485117,
485353,
485624,
485898,
486142,
486479,
486722,
486991,
487225,
487516,
487827,
488019,
488275,
488560,
488823,
489182,
489483,
489845,
490157,
490468,
490737,
491118,
491440,
491752,
492020,
492326,
492662,
492956,
493256,
493679,
493988,
494372,
494713,
494981,
495287,
495609,
495954,
496300,
496648,
497074,
497464,
497882,
498209,
498562,
498906,
499305,
499670,
499982,
500335,
500774,
501093,
501452,
501822,
502055,
502370,
502689,
503154,
503485,
503889,
504262,
504608,
504918,
505250,
505652,
506081,
506658,
507056,
507503,
507971,
508354,
508848,
509234,
509628,
510053,
510551,
511102,
511624,
512107,
512570,
513044,
513529,
513942,
514503,
515002,
515470,
516083,
516651,
517200,
517681,
518088,
518620,
519119,
519640,
520134,
520625,
521092,
521646,
522176,
522696,
523260,
523816,
524300,
524810,
525468,
526047,
526618,
527207,
527783,
528337,
528954,
529545,
530184,
530875,
531398,
532109,
532720,
533323,
533964,
534641,
535282,
535956,
536583,
537165,
537762,
538439,
539153,
539883,
540626,
541426,
542108,
542739,
543400,
544172,
544864,
545582,
546333,
547166,
548031,
548803,
549554,
550266,
551059,
551789,
552634,
553402,
554263,
555163,
556107,
556980,
557933,
558750,
559610,
560492,
561385,
562381,
563314,
564223,
565105,
566086,
567144,
568066,
568928,
569988,
570938,
571929,
572910,
573903,
574892,
575929,
577010,
578078,
579054,
580162,
581262,
582423,
583413,
584474,
585555,
586600,
587687,
588753,
589740,
590932,
591963,
593113,
594233,
595493,
596731,
597915,
598990,
600112,
601199,
602481,
603588,
604826,
606064,
607386,
608664,
609851,
611068,
612313,
613442,
614534,
615722,
616876,
617921,
619060,
620189,
621365,
622526,
623776,
624940,
626078,
627339,
628565,
629682,
630844,
632050,
633192,
634401,
635610,
637179,
639644,
641897,
644189,
646647,
649076,
651464,
653787,
656197,
658689,
661087,
663450,
665761,
668264,
670733,
673225,
675675,
678085,
680612,
682953,
685379,
687680,
690061,
692524,
694820,
697202,
699689,
702061,
704462,
706856,
709131,
711534,
713865,
716438,
719214,
722008,
724706,
727428,
730080,
732598,
735113,
737774,
740343,
743263,
745983,
748638,
751536,
754224,
756813,
759607,
762215,
764944,
767750,
770482,
773240,
776178,
779090,
781885,
784556,
787358,
790241,
793070,
795923,
798747,
801751,
804812,
807905,
811166,
814316,
817487,
820487,
823543,
826639,
829715,
832913,
836155,
839371,
842642,
846005,
849364,
852648,
855977,
859377,
862779,
865974,
869346,
872582,
876029,
879467,
882827,
886291,
889810,
893401,
896844,
900190,
903744,
907188,
910681,
914300,
918099,
922195,
925960,
929922,
933777,
937633,
941503,
945437,
949172,
953055,
956924,
960747,
964729,
968621,
972556,
976516,
980630,
984768,
988644,
992734,
996629,
1.00056e+06,
1.00464e+06,
1.00867e+06,
1.01262e+06,
1.0169e+06,
1.02109e+06,
1.02515e+06,
1.02952e+06,
1.03368e+06,
1.03758e+06,
1.04174e+06,
1.04609e+06,
1.05044e+06,
1.05484e+06,
1.05917e+06,
1.06361e+06,
1.06813e+06,
1.07273e+06,
1.07751e+06,
1.08185e+06,
1.08633e+06,
1.09099e+06,
1.09548e+06,
1.10015e+06,
1.10495e+06,
1.1097e+06,
1.1144e+06,
1.11923e+06,
1.12405e+06,
1.12879e+06,
1.13355e+06,
1.13836e+06,
1.14326e+06,
1.14803e+06,
1.15295e+06,
1.15789e+06,
1.16262e+06,
1.16778e+06,
1.1728e+06,
1.17791e+06,
1.18284e+06,
1.18801e+06,
1.19304e+06,
1.19855e+06,
1.20389e+06,
1.20935e+06,
1.21497e+06,
1.22039e+06,
1.22593e+06,
1.23126e+06,
1.23677e+06,
1.24237e+06,
1.24828e+06,
1.25392e+06,
1.25966e+06,
1.26541e+06,
1.27125e+06,
1.27711e+06,
1.28292e+06,
1.28871e+06,
1.29429e+06,
1.29999e+06,
1.30601e+06,
1.312e+06,
1.31804e+06,
1.32435e+06,
1.33039e+06,
1.33625e+06,
1.34241e+06,
1.34861e+06,
1.35472e+06,
1.36087e+06,
1.36722e+06,
1.37357e+06,
1.38009e+06,
1.38671e+06,
1.39339e+06,
1.40023e+06,
1.40682e+06,
1.41331e+06,
1.41992e+06,
1.42655e+06,
1.43354e+06,
1.44013e+06,
1.44712e+06,
1.45406e+06,
1.46092e+06,
1.46788e+06,
1.47504e+06,
1.48214e+06,
1.48897e+06,
1.49617e+06,
1.50372e+06,
1.51099e+06,
1.51836e+06,
1.52566e+06,
1.53322e+06,
1.54073e+06,
1.5483e+06,
1.55592e+06,
1.56345e+06,
1.57102e+06,
1.57861e+06,
1.58646e+06,
1.5943e+06,
1.6022e+06,
1.61039e+06,
1.6188e+06,
1.62687e+06,
1.63544e+06,
1.64359e+06,
1.65181e+06,
1.66022e+06,
1.66852e+06,
1.67701e+06,
1.68572e+06,
1.69445e+06,
1.7034e+06,
1.71232e+06,
1.72118e+06,
1.73037e+06,
1.73926e+06,
1.74849e+06,
1.75809e+06,
1.76744e+06,
1.77666e+06,
1.78613e+06,
1.79556e+06,
1.80491e+06,
1.8144e+06,
1.82398e+06,
1.83371e+06,
1.84331e+06,
1.85324e+06,
1.86309e+06,
1.87326e+06,
1.88379e+06,
1.89423e+06,
1.90489e+06,
1.91557e+06,
1.92563e+06,
1.93604e+06,
1.94698e+06,
1.95823e+06,
1.96913e+06,
1.9803e+06,
1.99166e+06,
2.00304e+06,
2.01457e+06,
2.02582e+06,
2.0373e+06,
2.04908e+06,
2.06091e+06,
2.07299e+06,
2.08542e+06,
2.09779e+06,
2.11038e+06,
2.12309e+06,
2.13568e+06,
2.14874e+06,
2.1614e+06,
2.17428e+06,
2.18733e+06,
2.2009e+06,
2.21468e+06,
2.22829e+06,
2.24252e+06,
2.25684e+06,
2.27138e+06,
2.28581e+06,
2.30033e+06,
2.31502e+06,
2.33028e+06,
2.3456e+06,
2.36121e+06,
2.37707e+06,
2.39301e+06,
2.40864e+06,
2.42415e+06,
2.44023e+06,
2.45592e+06,
2.4723e+06,
2.48935e+06,
2.50651e+06,
2.52312e+06,
2.54057e+06,
2.55762e+06,
2.57502e+06,
2.59293e+06,
2.6106e+06,
2.62858e+06,
2.64654e+06,
2.66473e+06,
2.68334e+06,
2.70239e+06,
2.7219e+06,
2.74163e+06,
2.76176e+06,
2.78172e+06,
2.80151e+06,
2.82098e+06,
2.84176e+06,
2.86263e+06,
2.88381e+06,
2.90559e+06,
2.9274e+06,
2.9484e+06,
2.97035e+06,
2.99297e+06,
3.01532e+06,
3.03809e+06,
3.06099e+06,
3.08424e+06,
3.10794e+06,
3.13161e+06,
3.15568e+06,
3.17988e+06,
3.20473e+06,
3.2296e+06,
3.2548e+06,
3.2788e+06,
3.30415e+06,
3.33059e+06,
3.35735e+06,
3.38409e+06,
3.41136e+06,
3.43842e+06,
3.46552e+06,
3.49306e+06,
3.52084e+06,
3.5493e+06,
3.57784e+06,
3.60667e+06,
3.6362e+06,
3.66597e+06,
3.69646e+06,
3.72691e+06,
3.75809e+06,
3.78841e+06,
3.8193e+06,
3.8506e+06,
3.8834e+06,
3.91625e+06,
3.95011e+06,
3.98394e+06,
4.01886e+06,
4.05392e+06,
4.0906e+06,
4.12693e+06,
4.16359e+06,
4.20029e+06,
4.243e+06,
4.31044e+06,
4.3822e+06,
4.45497e+06,
4.52907e+06,
4.60358e+06,
4.67969e+06,
4.75865e+06,
4.83895e+06,
4.91991e+06,
5.00637e+06,
5.10173e+06,
5.20941e+06,
5.32305e+06,
5.42013e+06,
5.50791e+06,
5.59189e+06,
5.67363e+06,
5.75427e+06,
5.83078e+06,
5.91058e+06,
5.99036e+06,
6.07009e+06,
6.15235e+06,
6.23233e+06,
6.30828e+06,
6.3819e+06,
6.45429e+06,
6.52667e+06,
6.59804e+06,
6.67281e+06,
6.7477e+06,
6.82124e+06,
6.89418e+06,
6.97194e+06,
7.04677e+06,
7.1185e+06,
7.18816e+06,
7.25676e+06,
7.32786e+06,
7.40078e+06,
7.47224e+06,
7.54362e+06,
7.61397e+06,
7.68494e+06,
7.75852e+06,
7.83094e+06,
7.90107e+06,
7.97084e+06,
8.04183e+06,
8.11402e+06,
8.18518e+06,
8.25512e+06,
8.325e+06,
8.39504e+06,
8.46544e+06,
8.53779e+06,
8.60728e+06,
8.67612e+06,
8.74174e+06,
8.81123e+06,
8.87969e+06,
8.94584e+06,
9.01436e+06,
9.08368e+06,
9.15434e+06,
9.22544e+06,
9.30116e+06,
9.37409e+06,
9.44602e+06,
9.51653e+06,
9.58764e+06,
9.65773e+06,
9.72776e+06,
9.7971e+06,
9.86658e+06,
9.93765e+06,
1.00111e+07,
1.00853e+07,
1.01583e+07,
1.02298e+07,
1.03002e+07,
1.03704e+07,
1.04399e+07,
1.05091e+07,
1.05799e+07,
1.06549e+07,
1.07302e+07,
1.08067e+07,
1.08836e+07,
1.09583e+07,
1.1032e+07,
1.11057e+07,
1.11778e+07,
1.1251e+07,
1.13263e+07,
1.14018e+07,
1.14784e+07,
1.15547e+07,
1.16324e+07,
1.17111e+07,
1.1787e+07,
1.18624e+07,
1.19376e+07,
1.20147e+07,
1.20919e+07,
1.21697e+07,
1.22474e+07,
1.23262e+07,
1.24049e+07,
1.24863e+07,
1.25679e+07,
1.26468e+07,
1.27263e+07,
1.28068e+07,
1.28868e+07,
1.29656e+07,
1.30449e+07,
1.3123e+07,
1.3202e+07,
1.32805e+07,
1.33598e+07,
1.34409e+07,
1.35223e+07,
1.3603e+07,
1.3683e+07,
1.37625e+07,
1.38417e+07,
1.39204e+07,
1.39986e+07,
1.40794e+07,
1.41635e+07,
1.42496e+07,
1.43364e+07,
1.44211e+07,
1.45058e+07,
1.45891e+07,
1.46719e+07,
1.4755e+07,
1.4837e+07,
1.49191e+07,
1.50036e+07,
1.50887e+07,
1.51741e+07,
1.52605e+07,
1.53458e+07,
1.54299e+07,
1.55147e+07,
1.55986e+07,
1.56832e+07,
1.57699e+07,
1.58571e+07,
1.59469e+07,
1.60395e+07,
1.61323e+07,
1.62231e+07,
1.63112e+07,
1.63971e+07,
1.64822e+07,
1.65663e+07,
1.6652e+07,
478966,
478774,
478662,
478609,
478551,
478479,
478477,
478527,
478531,
478499,
478578,
478630,
478603,
478684,
478718,
478731,
478879,
479012,
479094,
479218,
479281,
479347,
479502,
479723,
479991,
480247,
480443,
480671,
480840,
481163,
481409,
481550,
481739,
481900,
482165,
482371,
482594,
482747,
482882,
483060,
483296,
483499,
483749,
483937,
484130,
484438,
484627,
484813,
485154,
485368,
485692,
485929,
486173,
486485,
486794,
486988,
487213,
487491,
487724,
488001,
488312,
488685,
488935,
489205,
489476,
489872,
490172,
490533,
490758,
491066,
491396,
491724,
492073,
492411,
492729,
493021,
493345,
493586,
493967,
494274,
494667,
494978,
495335,
495660,
495949,
496372,
496728,
497065,
497430,
497760,
498158,
498576,
498910,
499230,
499556,
499866,
500248,
500553,
500935,
501179,
501564,
501845,
502189,
502627,
502893,
503239,
503684,
504044,
504351,
504782,
505195,
505498,
505864,
506272,
506646,
506966,
507286,
507645,
508096,
508534,
509059,
509472,
509930,
510506,
511045,
511479,
511955,
512427,
512844,
513387,
513932,
514469,
514986,
515449,
515954,
516428,
516929,
517461,
517920,
518351,
518874,
519468,
520051,
520595,
521141,
521620,
522112,
522659,
523173,
523658,
524202,
524713,
525321,
525908,
526544,
527103,
527822,
528342,
528917,
529522,
530174,
530846,
531402,
532080,
532698,
533382,
534058,
534680,
535211,
535832,
536527,
537265,
538013,
538744,
539448,
540208,
540925,
541507,
542143,
542898,
543645,
544404,
545189,
546010,
546787,
547518,
548396,
549236,
549956,
550656,
551440,
552256,
553121,
553975,
554838,
555692,
556506,
557408,
558283,
559221,
560167,
561071,
562014,
562914,
563850,
564830,
565748,
566593,
567485,
568401,
569309,
570383,
571289,
572411,
573375,
574377,
575456,
576444,
577335,
578372,
579404,
580439,
581513,
582631,
583714,
584779,
585890,
586872,
587816,
588791,
589909,
591045,
592135,
593305,
594467,
595627,
596792,
597852,
598975,
600158,
601285,
602491,
603590,
604707,
606004,
607115,
608247,
609428,
610709,
611873,
613045,
614401,
615582,
616738,
617823,
618901,
620061,
621033,
622107,
623172,
624291,
625380,
626597,
627769,
629070,
630303,
631561,
632754,
633987,
635136,
636278,
637421,
638637,
639856,
641070,
642277,
643527,
644801,
646094,
648319,
650555,
652968,
655384,
657668,
659863,
662228,
664795,
667068,
669242,
671601,
674118,
676449,
678734,
681116,
683486,
685819,
688362,
690866,
693285,
695720,
698028,
700368,
702773,
705139,
707747,
710098,
712561,
714950,
717204,
719546,
721856,
724249,
726826,
729385,
731947,
734664,
737258,
739827,
742489,
744949,
747570,
750413,
753079,
755875,
758710,
761263,
763933,
766462,
769180,
771828,
774582,
777565,
780425,
783204,
786094,
788820,
791569,
794405,
797232,
799885,
802647,
805665,
808641,
811650,
814578,
817438,
820543,
823664,
826998,
830024,
833171,
836467,
839796,
843035,
846258,
849719,
853025,
856202,
859354,
862556,
865769,
869179,
872606,
876057,
879555,
883173,
886636,
890108,
893577,
897128,
900758,
904234,
907600,
911076,
914554,
917906,
921633,
925229,
928687,
932310,
936067,
939728,
943557,
947282,
951111,
955185,
958945,
962617,
966282,
970229,
974220,
978209,
982130,
986058,
989914,
993813,
997767,
1.00175e+06,
1.00561e+06,
1.00949e+06,
1.01356e+06,
1.0178e+06,
1.02188e+06,
1.02604e+06,
1.03021e+06,
1.0343e+06,
1.03841e+06,
1.04259e+06,
1.04651e+06,
1.05068e+06,
1.05495e+06,
1.05927e+06,
1.06367e+06,
1.0682e+06,
1.07283e+06,
1.0774e+06,
1.08195e+06,
1.0864e+06,
1.09079e+06,
1.09554e+06,
1.10014e+06,
1.10484e+06,
1.10955e+06,
1.11422e+06,
1.11895e+06,
1.12383e+06,
1.12846e+06,
1.13314e+06,
1.13784e+06,
1.14277e+06,
1.14798e+06,
1.1529e+06,
1.15798e+06,
1.16282e+06,
1.16774e+06,
1.17282e+06,
1.17758e+06,
1.18267e+06,
1.18781e+06,
1.19307e+06,
1.1984e+06,
1.20341e+06,
1.20868e+06,
1.21393e+06,
1.21905e+06,
1.22448e+06,
1.22988e+06,
1.23532e+06,
1.24077e+06,
1.2466e+06,
1.25244e+06,
1.25859e+06,
1.26413e+06,
1.26994e+06,
1.27558e+06,
1.28147e+06,
1.28732e+06,
1.29299e+06,
1.2989e+06,
1.30471e+06,
1.31089e+06,
1.31707e+06,
1.32295e+06,
1.32928e+06,
1.33519e+06,
1.34116e+06,
1.34702e+06,
1.35282e+06,
1.35871e+06,
1.36503e+06,
1.37136e+06,
1.37757e+06,
1.38393e+06,
1.39031e+06,
1.39683e+06,
1.40344e+06,
1.41019e+06,
1.4169e+06,
1.42313e+06,
1.43022e+06,
1.43677e+06,
1.44374e+06,
1.45087e+06,
1.45788e+06,
1.46528e+06,
1.47232e+06,
1.47936e+06,
1.48629e+06,
1.49363e+06,
1.5006e+06,
1.50795e+06,
1.51499e+06,
1.52253e+06,
1.53001e+06,
1.53757e+06,
1.5451e+06,
1.55279e+06,
1.56043e+06,
1.56777e+06,
1.57543e+06,
1.58322e+06,
1.59107e+06,
1.59898e+06,
1.60686e+06,
1.61488e+06,
1.62322e+06,
1.63147e+06,
1.63967e+06,
1.64777e+06,
1.65599e+06,
1.66427e+06,
1.67293e+06,
1.68162e+06,
1.69035e+06,
1.69926e+06,
1.70836e+06,
1.71777e+06,
1.7264e+06,
1.73494e+06,
1.74395e+06,
1.75296e+06,
1.76229e+06,
1.77175e+06,
1.78139e+06,
1.79069e+06,
1.80017e+06,
1.80976e+06,
1.81918e+06,
1.8285e+06,
1.83859e+06,
1.84845e+06,
1.8586e+06,
1.86889e+06,
1.87897e+06,
1.88911e+06,
1.89933e+06,
1.91005e+06,
1.92053e+06,
1.93097e+06,
1.94167e+06,
1.95289e+06,
1.96419e+06,
1.97549e+06,
1.98716e+06,
1.99866e+06,
2.01039e+06,
2.02243e+06,
2.03411e+06,
2.04624e+06,
2.05813e+06,
2.07055e+06,
2.08309e+06,
2.09572e+06,
2.10816e+06,
2.12103e+06,
2.13425e+06,
2.14748e+06,
2.16064e+06,
2.17374e+06,
2.18738e+06,
2.20131e+06,
2.21537e+06,
2.22899e+06,
2.24304e+06,
2.25714e+06,
2.27158e+06,
2.28608e+06,
2.30091e+06,
2.31569e+06,
2.33096e+06,
2.34617e+06,
2.36155e+06,
2.37706e+06,
2.39299e+06,
2.40883e+06,
2.42499e+06,
2.44116e+06,
2.45784e+06,
2.47406e+06,
2.4903e+06,
2.50716e+06,
2.52424e+06,
2.54143e+06,
2.55929e+06,
2.5773e+06,
2.59508e+06,
2.61351e+06,
2.63128e+06,
2.64869e+06,
2.66707e+06,
2.68631e+06,
2.70582e+06,
2.72535e+06,
2.74485e+06,
2.76483e+06,
2.78438e+06,
2.80451e+06,
2.82501e+06,
2.84548e+06,
2.86627e+06,
2.88742e+06,
2.90909e+06,
2.93012e+06,
2.95183e+06,
2.97386e+06,
2.99606e+06,
3.01892e+06,
3.04154e+06,
3.06355e+06,
3.08688e+06,
3.1101e+06,
3.13437e+06,
3.15863e+06,
3.18333e+06,
3.20775e+06,
3.23223e+06,
3.25673e+06,
3.28117e+06,
3.30699e+06,
3.33293e+06,
3.35972e+06,
3.38621e+06,
3.41272e+06,
3.4401e+06,
3.46771e+06,
3.49573e+06,
3.52326e+06,
3.55108e+06,
3.57901e+06,
3.60754e+06,
3.63706e+06,
3.66711e+06,
3.69743e+06,
3.72736e+06,
3.75765e+06,
3.78825e+06,
3.82043e+06,
3.85254e+06,
3.88473e+06,
3.91752e+06,
3.95067e+06,
3.98432e+06,
4.01917e+06,
4.05434e+06,
4.08941e+06,
4.14105e+06,
4.20535e+06,
4.27123e+06,
4.33937e+06,
4.40722e+06,
4.47549e+06,
4.54444e+06,
4.61412e+06,
4.68603e+06,
4.76007e+06,
4.83992e+06,
4.9224e+06,
5.00627e+06,
5.09571e+06,
5.20078e+06,
5.30481e+06,
5.39557e+06,
5.47758e+06,
5.55666e+06,
5.63567e+06,
5.71665e+06,
5.79521e+06,
5.87069e+06,
5.94521e+06,
6.02024e+06,
6.09686e+06,
6.1731e+06,
6.24507e+06,
6.31495e+06,
6.38736e+06,
6.4596e+06,
6.53266e+06,
6.60366e+06,
6.67279e+06,
6.74259e+06,
6.81405e+06,
6.88612e+06,
6.95763e+06,
7.02793e+06,
7.09951e+06,
7.1698e+06,
7.23833e+06,
7.30653e+06,
7.37446e+06,
7.44255e+06,
7.51066e+06,
7.57807e+06,
7.64784e+06,
7.72011e+06,
7.79122e+06,
7.86031e+06,
7.9275e+06,
7.99327e+06,
8.05493e+06,
8.12043e+06,
8.1859e+06,
8.25045e+06,
8.32024e+06,
8.39455e+06,
8.46775e+06,
8.53822e+06,
8.6079e+06,
8.67721e+06,
8.74606e+06,
8.81458e+06,
8.8823e+06,
8.9499e+06,
9.01975e+06,
9.09049e+06,
9.16351e+06,
9.23549e+06,
9.30504e+06,
9.37386e+06,
9.44176e+06,
9.50927e+06,
9.5768e+06,
9.64678e+06,
9.71719e+06,
9.78685e+06,
9.85619e+06,
9.92677e+06,
9.99784e+06,
1.00677e+07,
1.01361e+07,
1.02042e+07,
1.02747e+07,
1.03464e+07,
1.04176e+07,
1.04887e+07,
1.05604e+07,
1.06329e+07,
1.07065e+07,
1.07798e+07,
1.08514e+07,
1.09237e+07,
1.09976e+07,
1.10712e+07,
1.11449e+07,
1.12183e+07,
1.12913e+07,
1.13648e+07,
1.14378e+07,
1.15128e+07,
1.15884e+07,
1.16644e+07,
1.174e+07,
1.18149e+07,
1.18889e+07,
1.19646e+07,
1.20397e+07,
1.21147e+07,
1.21904e+07,
1.22657e+07,
1.23464e+07,
1.24291e+07,
1.25086e+07,
1.25861e+07,
1.26641e+07,
1.27408e+07,
1.28174e+07,
1.28938e+07,
1.29694e+07,
1.30459e+07,
1.31243e+07,
1.32032e+07,
1.32838e+07,
1.33618e+07,
1.34394e+07,
1.35175e+07,
1.3599e+07,
1.36804e+07,
1.37618e+07,
1.38426e+07,
1.39245e+07,
1.40059e+07,
1.4088e+07,
1.41724e+07,
1.42548e+07,
1.43365e+07,
1.44179e+07,
1.44989e+07,
1.45799e+07,
1.46611e+07,
1.47415e+07,
1.48226e+07,
1.49049e+07,
1.4987e+07,
1.50716e+07,
1.51558e+07,
1.52393e+07,
1.53235e+07,
1.54093e+07,
1.54961e+07,
1.55847e+07,
1.56733e+07,
478966,
478757,
478647,
478561,
478507,
478411,
478402,
478443,
478468,
478431,
478484,
478540,
478504,
478555,
478584,
478617,
478778,
478895,
478915,
478985,
479090,
479150,
479400,
479525,
479891,
480068,
480241,
480450,
480618,
480982,
481151,
481404,
481628,
481772,
482007,
482247,
482408,
482473,
482671,
482856,
483036,
483292,
483413,
483613,
483961,
484209,
484469,
484702,
484896,
485093,
485433,
485692,
485922,
486188,
486433,
486711,
487010,
487237,
487518,
487796,
488108,
488382,
488613,
488957,
489248,
489595,
489988,
490231,
490525,
490797,
491039,
491369,
491709,
491970,
492254,
492538,
492886,
493211,
493535,
493878,
494234,
494546,
494916,
495216,
495546,
495918,
496199,
496673,
497075,
497433,
497799,
498116,
498471,
498865,
499176,
499453,
499791,
500069,
500317,
500714,
501021,
501348,
501702,
502069,
502458,
502825,
503209,
503551,
503906,
504238,
504569,
504903,
505275,
505543,
505867,
506198,
506586,
506996,
507365,
507761,
508146,
508507,
508946,
509411,
509879,
510321,
510840,
511332,
511762,
512215,
512663,
513140,
513695,
514195,
514708,
515265,
515783,
516263,
516700,
517152,
517740,
518268,
518768,
519330,
519831,
520304,
520825,
521318,
521731,
522302,
522971,
523600,
524209,
524810,
525405,
525986,
526601,
527081,
527682,
528239,
528891,
529519,
530053,
530751,
531430,
532060,
532716,
533352,
533948,
534651,
535313,
535978,
536731,
537473,
538178,
538871,
539627,
540335,
540971,
541668,
542444,
543112,
543875,
544650,
545510,
546337,
547209,
547907,
548586,
549405,
550270,
551053,
551881,
552704,
553567,
554375,
555423,
556245,
557061,
557906,
558779,
559676,
560692,
561525,
562468,
563314,
564231,
565113,
565963,
566814,
567745,
568762,
569696,
570725,
571631,
572564,
573572,
574572,
575487,
576450,
577615,
578619,
579665,
580590,
581523,
582441,
583464,
584533,
585521,
586547,
587670,
588783,
589875,
590987,
592087,
593179,
594255,
595319,
596367,
597475,
598607,
599704,
600940,
602101,
603295,
604393,
605469,
606622,
607788,
608966,
610094,
611228,
612344,
613488,
614677,
615754,
616898,
618001,
619082,
620242,
621422,
622576,
623673,
624812,
625959,
627000,
628173,
629376,
630599,
631759,
632932,
634119,
635302,
636517,
637784,
638957,
640164,
641340,
642485,
643670,
644929,
646079,
647318,
648470,
649713,
650826,
652060,
653205,
654322,
655551,
657445,
659536,
662017,
664299,
666599,
668920,
671331,
673695,
675748,
678045,
680297,
682875,
685402,
687871,
690187,
692523,
695029,
697411,
699544,
701882,
704275,
706678,
709009,
711374,
713771,
716068,
718434,
720730,
722919,
725369,
727843,
730231,
732839,
735126,
737608,
740184,
742740,
745121,
747685,
750246,
752879,
755570,
758330,
761070,
763904,
766649,
769202,
771797,
774293,
776916,
779608,
782616,
785428,
788095,
790880,
793779,
796673,
799538,
802283,
805175,
808031,
810955,
813973,
816826,
819737,
822610,
825516,
828521,
831445,
834467,
837806,
841005,
844351,
847615,
851033,
854308,
857753,
861164,
864636,
867917,
871295,
874511,
878027,
881451,
884653,
887952,
891330,
894750,
897983,
901144,
904696,
908103,
911671,
914981,
918445,
921872,
925472,
928957,
932304,
935887,
939449,
942960,
946665,
950468,
954316,
957909,
961604,
965426,
969058,
972971,
976850,
980755,
984701,
988540,
992359,
996276,
1.00035e+06,
1.00413e+06,
1.00785e+06,
1.01194e+06,
1.01607e+06,
1.02016e+06,
1.02424e+06,
1.02841e+06,
1.03227e+06,
1.03634e+06,
1.04052e+06,
1.04453e+06,
1.04861e+06,
1.05277e+06,
1.05676e+06,
1.06113e+06,
1.06535e+06,
1.06986e+06,
1.07428e+06,
1.07875e+06,
1.08324e+06,
1.08778e+06,
1.09218e+06,
1.0966e+06,
1.10121e+06,
1.10581e+06,
1.11058e+06,
1.11529e+06,
1.12005e+06,
1.12488e+06,
1.12992e+06,
1.13482e+06,
1.1394e+06,
1.14413e+06,
1.14894e+06,
1.15357e+06,
1.15833e+06,
1.16338e+06,
1.16842e+06,
1.17359e+06,
1.17865e+06,
1.18384e+06,
1.18876e+06,
1.19405e+06,
1.19931e+06,
1.2045e+06,
1.20972e+06,
1.21488e+06,
1.22013e+06,
1.22545e+06,
1.23068e+06,
1.23615e+06,
1.24141e+06,
1.24712e+06,
1.25265e+06,
1.25825e+06,
1.26388e+06,
1.2697e+06,
1.27546e+06,
1.28115e+06,
1.28686e+06,
1.29245e+06,
1.29835e+06,
1.30416e+06,
1.31021e+06,
1.31616e+06,
1.32237e+06,
1.32837e+06,
1.33442e+06,
1.34069e+06,
1.34677e+06,
1.35271e+06,
1.35867e+06,
1.36471e+06,
1.37135e+06,
1.378e+06,
1.38444e+06,
1.39088e+06,
1.39742e+06,
1.40392e+06,
1.41038e+06,
1.41659e+06,
1.42279e+06,
1.42963e+06,
1.4364e+06,
1.44336e+06,
1.4505e+06,
1.45758e+06,
1.46472e+06,
1.47158e+06,
1.47864e+06,
1.48539e+06,
1.49247e+06,
1.4998e+06,
1.5073e+06,
1.51499e+06,
1.52249e+06,
1.53012e+06,
1.53772e+06,
1.54516e+06,
1.5526e+06,
1.56012e+06,
1.56748e+06,
1.57522e+06,
1.58281e+06,
1.59105e+06,
1.59881e+06,
1.60671e+06,
1.61472e+06,
1.62269e+06,
1.63082e+06,
1.63863e+06,
1.64635e+06,
1.65446e+06,
1.66283e+06,
1.67149e+06,
1.68004e+06,
1.68887e+06,
1.69767e+06,
1.70652e+06,
1.71524e+06,
1.72445e+06,
1.73325e+06,
1.74224e+06,
1.7518e+06,
1.76111e+06,
1.77069e+06,
1.77988e+06,
1.78968e+06,
1.799e+06,
1.80891e+06,
1.81827e+06,
1.82778e+06,
1.83774e+06,
1.84779e+06,
1.85798e+06,
1.86841e+06,
1.87867e+06,
1.88922e+06,
1.90005e+06,
1.91077e+06,
1.92146e+06,
1.93239e+06,
1.94338e+06,
1.9546e+06,
1.96589e+06,
1.97739e+06,
1.98939e+06,
2.0014e+06,
2.01332e+06,
2.02539e+06,
2.03768e+06,
2.04992e+06,
2.06233e+06,
2.07525e+06,
2.0879e+06,
2.10071e+06,
2.11344e+06,
2.12611e+06,
2.13935e+06,
2.15261e+06,
2.16622e+06,
2.17941e+06,
2.19275e+06,
2.20646e+06,
2.22037e+06,
2.23431e+06,
2.24834e+06,
2.26287e+06,
2.27738e+06,
2.29196e+06,
2.3064e+06,
2.32078e+06,
2.33595e+06,
2.35146e+06,
2.36673e+06,
2.38305e+06,
2.39963e+06,
2.41581e+06,
2.43211e+06,
2.44873e+06,
2.46542e+06,
2.48153e+06,
2.49829e+06,
2.51575e+06,
2.53327e+06,
2.55097e+06,
2.56904e+06,
2.58698e+06,
2.60483e+06,
2.62282e+06,
2.64065e+06,
2.65903e+06,
2.6778e+06,
2.69718e+06,
2.71615e+06,
2.73564e+06,
2.75529e+06,
2.77463e+06,
2.79467e+06,
2.81517e+06,
2.83569e+06,
2.85603e+06,
2.87655e+06,
2.89796e+06,
2.91908e+06,
2.94192e+06,
2.96422e+06,
2.98653e+06,
3.00868e+06,
3.03062e+06,
3.05338e+06,
3.07645e+06,
3.10024e+06,
3.12357e+06,
3.14826e+06,
3.17247e+06,
3.19644e+06,
3.22089e+06,
3.24613e+06,
3.27123e+06,
3.29651e+06,
3.32168e+06,
3.34703e+06,
3.37336e+06,
3.39966e+06,
3.42666e+06,
3.4537e+06,
3.48125e+06,
3.5087e+06,
3.53644e+06,
3.56476e+06,
3.59338e+06,
3.6224e+06,
3.65185e+06,
3.68078e+06,
3.71077e+06,
3.74094e+06,
3.77212e+06,
3.80348e+06,
3.83479e+06,
3.86586e+06,
3.89766e+06,
3.93001e+06,
3.96417e+06,
4.0135e+06,
4.07413e+06,
4.13506e+06,
4.19678e+06,
4.25811e+06,
4.3209e+06,
4.38402e+06,
4.44761e+06,
4.5121e+06,
4.57692e+06,
4.64775e+06,
4.72094e+06,
4.79645e+06,
4.87322e+06,
4.95059e+06,
5.03234e+06,
5.12069e+06,
5.22578e+06,
5.31479e+06,
5.39863e+06,
5.47923e+06,
5.55797e+06,
5.6352e+06,
5.71066e+06,
5.78393e+06,
5.85477e+06,
5.92526e+06,
5.99548e+06,
6.06881e+06,
6.14291e+06,
6.21437e+06,
6.28397e+06,
6.3534e+06,
6.4221e+06,
6.49043e+06,
6.55823e+06,
6.62463e+06,
6.6907e+06,
6.75869e+06,
6.83166e+06,
6.90261e+06,
6.97152e+06,
7.03889e+06,
7.10496e+06,
7.17113e+06,
7.2351e+06,
7.29649e+06,
7.35631e+06,
7.42269e+06,
7.48927e+06,
7.55697e+06,
7.62722e+06,
7.69538e+06,
7.76335e+06,
7.83068e+06,
7.89847e+06,
7.96479e+06,
8.0323e+06,
8.10086e+06,
8.16997e+06,
8.23908e+06,
8.30982e+06,
8.38056e+06,
8.44917e+06,
8.5167e+06,
8.58288e+06,
8.64944e+06,
8.71798e+06,
8.78622e+06,
8.85338e+06,
8.92064e+06,
8.98765e+06,
9.05621e+06,
9.12553e+06,
9.19309e+06,
9.26055e+06,
9.32856e+06,
9.39654e+06,
9.4646e+06,
9.53164e+06,
9.5987e+06,
9.66562e+06,
9.7332e+06,
9.80107e+06,
9.87012e+06,
9.93966e+06,
1.001e+07,
1.00797e+07,
1.01486e+07,
1.02174e+07,
1.02868e+07,
1.03546e+07,
1.04236e+07,
1.0493e+07,
1.05637e+07,
1.06382e+07,
1.07112e+07,
1.07832e+07,
1.08551e+07,
1.09262e+07,
1.09978e+07,
1.10677e+07,
1.11381e+07,
1.12085e+07,
1.12813e+07,
1.13547e+07,
1.14294e+07,
1.15045e+07,
1.1578e+07,
1.16508e+07,
1.17226e+07,
1.17951e+07,
1.18671e+07,
1.19408e+07,
1.20153e+07,
1.20912e+07,
1.21676e+07,
1.22458e+07,
1.23244e+07,
1.24022e+07,
1.24785e+07,
1.25538e+07,
1.26275e+07,
1.2703e+07,
1.27787e+07,
1.28535e+07,
1.29291e+07,
1.30072e+07,
1.30873e+07,
1.31693e+07,
1.32493e+07,
1.33287e+07,
1.34079e+07,
1.34878e+07,
1.3567e+07,
1.36459e+07,
1.37244e+07,
1.38036e+07,
1.38836e+07,
1.39632e+07,
1.40448e+07,
1.41256e+07,
1.4205e+07,
1.42848e+07,
1.43642e+07,
1.44427e+07,
1.45216e+07,
1.46011e+07,
1.46809e+07,
478966,
478757,
478636,
478498,
478433,
478371,
478337,
478366,
478400,
478363,
478391,
478453,
478393,
478445,
478461,
478522,
478683,
478782,
478785,
478892,
478912,
479045,
479257,
479462,
479731,
479920,
480056,
480224,
480477,
480745,
480970,
481191,
481417,
481605,
481808,
481997,
482144,
482290,
482484,
482669,
482798,
482915,
483152,
483432,
483744,
484002,
484264,
484458,
484718,
484930,
485174,
485405,
485661,
485899,
486183,
486393,
486718,
487020,
487353,
487644,
487888,
488091,
488389,
488701,
489087,
489406,
489654,
489966,
490245,
490520,
490880,
491066,
491372,
491592,
491843,
492149,
492510,
492775,
493039,
493376,
493765,
494167,
494554,
494911,
495226,
495532,
495827,
496195,
496558,
496902,
497256,
497645,
497975,
498329,
498701,
499032,
499340,
499550,
499817,
500152,
500494,
500831,
501136,
501556,
501876,
502200,
502582,
502903,
503151,
503502,
503912,
504237,
504580,
504960,
505369,
505693,
506076,
506369,
506680,
507090,
507505,
507842,
508208,
508590,
508976,
509460,
509868,
510262,
510610,
511032,
511526,
512017,
512453,
512998,
513485,
513975,
514472,
514941,
515487,
515888,
516411,
516970,
517463,
517905,
518406,
518820,
519427,
520054,
520577,
521133,
521653,
522244,
522819,
523427,
524038,
524506,
524982,
525539,
526086,
526758,
527385,
528086,
528734,
529340,
530032,
530749,
531376,
532022,
532638,
533251,
533948,
534657,
535383,
536113,
536882,
537580,
538337,
538978,
539648,
540315,
541046,
541800,
542615,
543435,
544161,
544927,
545788,
546539,
547310,
548027,
548891,
549698,
550563,
551405,
552377,
553246,
554012,
554930,
555628,
556416,
557264,
558200,
559092,
560014,
560905,
561757,
562728,
563647,
564508,
565361,
566253,
567150,
568055,
568994,
569967,
570902,
571821,
572659,
573589,
574500,
575464,
576460,
577493,
578466,
579433,
580529,
581558,
582539,
583446,
584495,
585517,
586476,
587440,
588503,
589583,
590698,
591808,
592855,
593864,
594902,
595913,
596913,
597989,
599121,
600135,
601349,
602480,
603602,
604778,
605890,
607127,
608269,
609326,
610461,
611611,
612585,
613731,
614821,
615802,
616870,
618047,
619173,
620192,
621337,
622532,
623750,
625000,
626105,
627235,
628387,
629504,
630676,
631915,
633105,
634266,
635427,
636538,
637681,
638803,
639853,
640994,
642117,
643263,
644342,
645412,
646581,
647882,
649080,
650251,
651466,
652692,
653970,
655171,
656352,
657476,
658635,
659913,
661139,
662292,
663450,
664664,
665843,
667311,
669529,
671755,
673925,
676102,
678392,
680689,
683013,
685264,
687580,
690077,
692302,
694549,
696825,
699213,
701536,
703762,
706157,
708447,
710858,
713219,
715529,
717740,
720287,
722851,
725228,
727424,
729772,
732029,
734336,
736528,
738984,
741407,
743931,
746267,
748833,
751208,
753769,
756414,
759103,
761824,
764490,
767148,
769641,
772507,
775149,
777701,
780565,
783305,
786140,
788954,
791608,
794184,
797118,
799965,
802802,
805393,
808195,
811015,
814026,
817003,
820004,
823018,
826081,
829029,
832027,
834954,
838057,
840992,
843942,
847086,
850414,
853884,
857053,
860256,
863476,
866706,
869884,
873106,
876223,
879438,
882865,
886364,
889723,
893152,
896419,
899517,
903032,
906389,
909943,
913120,
916520,
919832,
923202,
926642,
929798,
933133,
936602,
940123,
943612,
947067,
950801,
954391,
957805,
961219,
964806,
968609,
972303,
976046,
979691,
983626,
987715,
991465,
995290,
999226,
1.0032e+06,
1.00692e+06,
1.01077e+06,
1.0148e+06,
1.01893e+06,
1.02292e+06,
1.02692e+06,
1.03115e+06,
1.03548e+06,
1.03958e+06,
1.04362e+06,
1.04743e+06,
1.05169e+06,
1.05575e+06,
1.06025e+06,
1.06452e+06,
1.06879e+06,
1.07293e+06,
1.07735e+06,
1.08173e+06,
1.08601e+06,
1.09022e+06,
1.0945e+06,
1.09893e+06,
1.10355e+06,
1.10809e+06,
1.1129e+06,
1.11759e+06,
1.1223e+06,
1.12719e+06,
1.13197e+06,
1.13654e+06,
1.14146e+06,
1.14646e+06,
1.15137e+06,
1.15637e+06,
1.16127e+06,
1.16608e+06,
1.17108e+06,
1.17618e+06,
1.18117e+06,
1.18589e+06,
1.19069e+06,
1.1957e+06,
1.20094e+06,
1.20603e+06,
1.21136e+06,
1.21635e+06,
1.22172e+06,
1.22687e+06,
1.23192e+06,
1.23747e+06,
1.24296e+06,
1.24848e+06,
1.25411e+06,
1.25973e+06,
1.26541e+06,
1.271e+06,
1.27677e+06,
1.28246e+06,
1.28819e+06,
1.29373e+06,
1.29989e+06,
1.30605e+06,
1.31194e+06,
1.318e+06,
1.32393e+06,
1.32974e+06,
1.33551e+06,
1.34193e+06,
1.34801e+06,
1.35414e+06,
1.36042e+06,
1.36684e+06,
1.37318e+06,
1.37959e+06,
1.38576e+06,
1.39208e+06,
1.39849e+06,
1.40485e+06,
1.41142e+06,
1.41798e+06,
1.42483e+06,
1.4317e+06,
1.43867e+06,
1.44548e+06,
1.45227e+06,
1.45914e+06,
1.46625e+06,
1.47316e+06,
1.48025e+06,
1.48713e+06,
1.49439e+06,
1.50182e+06,
1.50925e+06,
1.51667e+06,
1.52397e+06,
1.53152e+06,
1.53898e+06,
1.54646e+06,
1.55393e+06,
1.56116e+06,
1.56873e+06,
1.57667e+06,
1.58452e+06,
1.59242e+06,
1.60018e+06,
1.60846e+06,
1.61638e+06,
1.62445e+06,
1.63222e+06,
1.6403e+06,
1.64824e+06,
1.65675e+06,
1.66513e+06,
1.67388e+06,
1.6826e+06,
1.6913e+06,
1.70026e+06,
1.70907e+06,
1.71786e+06,
1.7263e+06,
1.73579e+06,
1.74476e+06,
1.75426e+06,
1.7637e+06,
1.7736e+06,
1.78333e+06,
1.7933e+06,
1.80309e+06,
1.81281e+06,
1.82266e+06,
1.83281e+06,
1.84329e+06,
1.8539e+06,
1.86468e+06,
1.87525e+06,
1.8858e+06,
1.8965e+06,
1.90753e+06,
1.91829e+06,
1.92938e+06,
1.94089e+06,
1.95213e+06,
1.96369e+06,
1.97527e+06,
1.98664e+06,
1.99828e+06,
2.01029e+06,
2.02247e+06,
2.03477e+06,
2.04678e+06,
2.05925e+06,
2.07185e+06,
2.08429e+06,
2.09725e+06,
2.11043e+06,
2.12358e+06,
2.13667e+06,
2.15007e+06,
2.16316e+06,
2.17619e+06,
2.18998e+06,
2.20403e+06,
2.218e+06,
2.23222e+06,
2.24681e+06,
2.26186e+06,
2.27621e+06,
2.29093e+06,
2.30511e+06,
2.31977e+06,
2.33464e+06,
2.35019e+06,
2.36566e+06,
2.38181e+06,
2.3981e+06,
2.41401e+06,
2.43025e+06,
2.44659e+06,
2.46295e+06,
2.47948e+06,
2.49703e+06,
2.51446e+06,
2.53227e+06,
2.54987e+06,
2.56744e+06,
2.58546e+06,
2.60375e+06,
2.62188e+06,
2.64e+06,
2.65821e+06,
2.67717e+06,
2.69612e+06,
2.715e+06,
2.73442e+06,
2.75466e+06,
2.77424e+06,
2.79395e+06,
2.81452e+06,
2.83477e+06,
2.85493e+06,
2.87591e+06,
2.89774e+06,
2.91949e+06,
2.94148e+06,
2.96329e+06,
2.98486e+06,
3.00728e+06,
3.02961e+06,
3.05266e+06,
3.07566e+06,
3.09868e+06,
3.12226e+06,
3.14618e+06,
3.17015e+06,
3.19473e+06,
3.21973e+06,
3.24462e+06,
3.26957e+06,
3.2947e+06,
3.31942e+06,
3.3453e+06,
3.3714e+06,
3.39775e+06,
3.42447e+06,
3.45075e+06,
3.47759e+06,
3.50469e+06,
3.53277e+06,
3.56097e+06,
3.58889e+06,
3.61748e+06,
3.64605e+06,
3.67462e+06,
3.70479e+06,
3.73508e+06,
3.76565e+06,
3.79679e+06,
3.82787e+06,
3.86515e+06,
3.91978e+06,
3.97663e+06,
4.03407e+06,
4.0908e+06,
4.1471e+06,
4.20444e+06,
4.26231e+06,
4.32155e+06,
4.38101e+06,
4.44259e+06,
4.50592e+06,
4.57146e+06,
4.63802e+06,
4.70752e+06,
4.77685e+06,
4.849e+06,
4.92127e+06,
4.99782e+06,
5.07929e+06,
5.18102e+06,
5.27184e+06,
5.35478e+06,
5.43164e+06,
5.50571e+06,
5.58017e+06,
5.65168e+06,
5.72138e+06,
5.78938e+06,
5.8579e+06,
5.92785e+06,
6.00001e+06,
6.07114e+06,
6.13975e+06,
6.2066e+06,
6.27202e+06,
6.33703e+06,
6.40163e+06,
6.4661e+06,
6.5314e+06,
6.59375e+06,
6.65496e+06,
6.72118e+06,
6.78604e+06,
6.85355e+06,
6.92049e+06,
6.98635e+06,
7.05177e+06,
7.11682e+06,
7.18383e+06,
7.25051e+06,
7.3177e+06,
7.38423e+06,
7.45111e+06,
7.52004e+06,
7.5872e+06,
7.65206e+06,
7.71783e+06,
7.78459e+06,
7.85176e+06,
7.91906e+06,
7.98555e+06,
8.05139e+06,
8.11783e+06,
8.18388e+06,
8.25188e+06,
8.3203e+06,
8.38758e+06,
8.4546e+06,
8.52102e+06,
8.5866e+06,
8.65224e+06,
8.71772e+06,
8.78289e+06,
8.84836e+06,
8.91284e+06,
8.9788e+06,
9.04759e+06,
9.1148e+06,
9.18156e+06,
9.24799e+06,
9.31427e+06,
9.37933e+06,
9.44434e+06,
9.50906e+06,
9.57372e+06,
9.64121e+06,
9.71038e+06,
9.78112e+06,
9.84995e+06,
9.91755e+06,
9.98485e+06,
1.00513e+07,
1.01183e+07,
1.01864e+07,
1.02538e+07,
1.03228e+07,
1.03917e+07,
1.04605e+07,
1.05316e+07,
1.06022e+07,
1.06727e+07,
1.07425e+07,
1.08116e+07,
1.08805e+07,
1.09504e+07,
1.10212e+07,
1.10914e+07,
1.11614e+07,
1.12323e+07,
1.13047e+07,
1.13775e+07,
1.14492e+07,
1.15202e+07,
1.15909e+07,
1.16623e+07,
1.17341e+07,
1.18064e+07,
1.18793e+07,
1.19521e+07,
1.2026e+07,
1.2101e+07,
1.21777e+07,
1.22534e+07,
1.23287e+07,
1.24028e+07,
1.24801e+07,
1.25569e+07,
1.26338e+07,
1.27108e+07,
1.27874e+07,
1.28639e+07,
1.29404e+07,
1.30186e+07,
1.30981e+07,
1.31768e+07,
1.32544e+07,
1.33319e+07,
1.3409e+07,
1.3486e+07,
1.35628e+07,
1.36394e+07,
1.37162e+07,
478966,
478747,
478602,
478437,
478387,
478300,
478266,
478307,
478351,
478326,
478308,
478314,
478310,
478337,
478370,
478425,
478559,
478641,
478671,
478708,
478759,
478870,
479048,
479331,
479565,
479799,
479844,
480010,
480255,
480485,
480749,
481004,
481163,
481413,
481638,
481807,
481887,
482106,
482270,
482392,
482452,
482657,
482889,
483181,
483453,
483680,
484011,
484282,
484507,
484659,
484945,
485164,
485370,
485659,
485963,
486206,
486496,
486776,
487113,
487394,
487614,
487864,
488182,
488529,
488848,
489112,
489347,
489576,
489911,
490218,
490578,
490784,
490997,
491310,
491535,
491798,
492093,
492344,
492649,
492967,
493387,
493737,
494106,
494480,
494804,
495148,
495425,
495688,
496031,
496358,
496709,
497054,
497438,
497771,
498051,
498411,
498739,
499016,
499323,
499659,
499957,
500303,
500679,
501059,
501355,
501606,
501972,
502244,
502576,
502790,
503139,
503480,
503912,
504336,
504740,
505091,
505479,
505790,
506039,
506445,
506806,
507130,
507566,
507935,
508352,
508767,
509232,
509585,
509959,
510332,
510675,
511058,
511481,
511892,
512367,
512790,
513248,
513710,
514174,
514641,
515189,
515738,
516196,
516738,
517299,
517908,
518428,
518969,
519485,
519993,
520478,
520982,
521529,
522055,
522521,
523135,
523876,
524406,
525027,
525604,
526213,
526859,
527375,
527987,
528660,
529350,
530013,
530608,
531230,
531917,
532554,
533242,
533998,
534800,
535508,
536247,
536943,
537639,
538323,
539101,
539823,
540507,
541294,
542056,
542688,
543495,
544259,
545046,
545821,
546627,
547455,
548257,
549291,
550135,
550950,
551770,
552482,
553211,
553950,
554775,
555721,
556571,
557482,
558397,
559276,
560160,
560954,
561763,
562529,
563451,
564350,
565194,
566158,
567046,
568013,
568956,
569894,
570655,
571455,
572422,
573355,
574281,
575287,
576160,
577210,
578180,
579180,
580268,
581108,
582090,
583117,
584167,
585207,
586196,
587186,
588183,
589058,
590057,
590969,
591964,
593077,
594215,
595255,
596305,
597390,
598458,
599509,
600585,
601661,
602669,
603739,
604809,
606018,
607075,
608202,
609329,
610391,
611457,
612338,
613399,
614427,
615505,
616614,
617791,
618919,
620051,
621247,
622382,
623441,
624699,
625955,
627132,
628202,
629356,
630498,
631579,
632673,
633797,
634905,
636097,
637178,
638290,
639488,
640639,
641752,
642930,
644023,
645134,
646146,
647259,
648363,
649574,
650597,
651738,
652937,
654165,
655305,
656563,
657749,
658950,
660035,
661124,
662239,
663377,
664665,
665737,
667016,
668156,
669258,
670394,
671570,
672760,
674006,
675294,
676593,
677717,
679479,
681583,
683716,
685855,
688124,
690384,
692726,
694809,
697284,
699732,
702203,
704335,
706493,
708868,
711092,
713429,
715738,
718183,
720463,
722838,
725077,
727500,
730008,
732304,
734629,
737109,
739424,
741805,
744150,
746612,
749055,
751438,
753735,
756129,
758430,
760663,
763304,
765981,
768902,
771461,
774105,
776801,
779463,
781990,
784768,
787468,
790279,
792950,
795934,
798746,
801616,
804548,
807519,
810431,
813301,
816019,
818944,
822058,
824919,
827926,
830771,
833585,
836071,
838818,
841828,
844822,
847798,
850635,
853762,
856845,
860020,
863029,
866072,
869218,
872271,
875342,
878524,
881635,
884810,
887959,
891317,
894433,
897436,
900699,
904104,
907306,
910790,
914044,
917257,
920679,
924094,
927457,
930793,
934227,
937735,
941112,
944592,
948099,
951444,
954928,
958466,
961791,
965247,
968907,
972455,
976271,
980076,
983907,
987780,
991721,
995595,
999276,
1.00305e+06,
1.00694e+06,
1.01095e+06,
1.01511e+06,
1.01913e+06,
1.02328e+06,
1.02751e+06,
1.03146e+06,
1.03521e+06,
1.03911e+06,
1.04303e+06,
1.04719e+06,
1.05123e+06,
1.05547e+06,
1.05975e+06,
1.0641e+06,
1.06846e+06,
1.07265e+06,
1.07674e+06,
1.08109e+06,
1.08546e+06,
1.08972e+06,
1.09414e+06,
1.09869e+06,
1.10316e+06,
1.10753e+06,
1.11201e+06,
1.1163e+06,
1.12104e+06,
1.12566e+06,
1.13029e+06,
1.135e+06,
1.13967e+06,
1.14439e+06,
1.14915e+06,
1.15389e+06,
1.15858e+06,
1.16355e+06,
1.16863e+06,
1.17357e+06,
1.17834e+06,
1.18344e+06,
1.18856e+06,
1.19369e+06,
1.19871e+06,
1.20367e+06,
1.20858e+06,
1.21401e+06,
1.21942e+06,
1.22477e+06,
1.22991e+06,
1.23543e+06,
1.24078e+06,
1.2461e+06,
1.25163e+06,
1.25702e+06,
1.26233e+06,
1.26788e+06,
1.27347e+06,
1.27876e+06,
1.28441e+06,
1.29038e+06,
1.29629e+06,
1.30215e+06,
1.30797e+06,
1.31402e+06,
1.32013e+06,
1.32619e+06,
1.3324e+06,
1.33856e+06,
1.34453e+06,
1.35081e+06,
1.35723e+06,
1.36377e+06,
1.37006e+06,
1.37652e+06,
1.3831e+06,
1.38929e+06,
1.39571e+06,
1.40215e+06,
1.40842e+06,
1.41507e+06,
1.42176e+06,
1.42857e+06,
1.43523e+06,
1.44199e+06,
1.44889e+06,
1.4557e+06,
1.46252e+06,
1.46889e+06,
1.47555e+06,
1.48256e+06,
1.48964e+06,
1.49726e+06,
1.50472e+06,
1.51232e+06,
1.51993e+06,
1.52717e+06,
1.53466e+06,
1.54208e+06,
1.54936e+06,
1.55688e+06,
1.56471e+06,
1.57294e+06,
1.58105e+06,
1.58897e+06,
1.59703e+06,
1.605e+06,
1.61301e+06,
1.62081e+06,
1.62863e+06,
1.6367e+06,
1.64551e+06,
1.65424e+06,
1.6628e+06,
1.6715e+06,
1.68027e+06,
1.68945e+06,
1.69813e+06,
1.70669e+06,
1.71518e+06,
1.72455e+06,
1.7342e+06,
1.74405e+06,
1.75376e+06,
1.76354e+06,
1.77351e+06,
1.78334e+06,
1.79324e+06,
1.80328e+06,
1.81353e+06,
1.82406e+06,
1.83454e+06,
1.84514e+06,
1.85593e+06,
1.86614e+06,
1.87668e+06,
1.88731e+06,
1.89805e+06,
1.90899e+06,
1.91954e+06,
1.93073e+06,
1.94202e+06,
1.95359e+06,
1.96505e+06,
1.97683e+06,
1.98853e+06,
2.00046e+06,
2.01241e+06,
2.02421e+06,
2.03601e+06,
2.04866e+06,
2.0609e+06,
2.07366e+06,
2.08674e+06,
2.10026e+06,
2.11388e+06,
2.12698e+06,
2.14015e+06,
2.15364e+06,
2.16671e+06,
2.18049e+06,
2.19429e+06,
2.20871e+06,
2.22311e+06,
2.23786e+06,
2.25229e+06,
2.26667e+06,
2.28123e+06,
2.29555e+06,
2.31023e+06,
2.32572e+06,
2.3415e+06,
2.35723e+06,
2.37267e+06,
2.38832e+06,
2.40406e+06,
2.41962e+06,
2.4356e+06,
2.45176e+06,
2.46825e+06,
2.48518e+06,
2.50251e+06,
2.52021e+06,
2.53741e+06,
2.555e+06,
2.57249e+06,
2.59118e+06,
2.60988e+06,
2.62809e+06,
2.64613e+06,
2.66488e+06,
2.68429e+06,
2.70358e+06,
2.72336e+06,
2.74274e+06,
2.76268e+06,
2.78242e+06,
2.80252e+06,
2.82268e+06,
2.84266e+06,
2.86389e+06,
2.88494e+06,
2.90591e+06,
2.92724e+06,
2.94852e+06,
2.97028e+06,
2.99287e+06,
3.01578e+06,
3.03829e+06,
3.06038e+06,
3.08351e+06,
3.10652e+06,
3.1304e+06,
3.15476e+06,
3.1789e+06,
3.20317e+06,
3.22755e+06,
3.25242e+06,
3.27671e+06,
3.30201e+06,
3.32744e+06,
3.35322e+06,
3.3788e+06,
3.40461e+06,
3.43077e+06,
3.4576e+06,
3.48484e+06,
3.51206e+06,
3.53949e+06,
3.5665e+06,
3.59395e+06,
3.62218e+06,
3.65115e+06,
3.6803e+06,
3.71031e+06,
3.74895e+06,
3.80081e+06,
3.85349e+06,
3.90593e+06,
3.95854e+06,
4.01114e+06,
4.0639e+06,
4.11668e+06,
4.17045e+06,
4.22488e+06,
4.28212e+06,
4.3416e+06,
4.40152e+06,
4.46087e+06,
4.52149e+06,
4.58272e+06,
4.64628e+06,
4.71077e+06,
4.7767e+06,
4.844e+06,
4.91648e+06,
4.99323e+06,
5.07576e+06,
5.1727e+06,
5.25621e+06,
5.33346e+06,
5.40611e+06,
5.4763e+06,
5.54608e+06,
5.61519e+06,
5.68348e+06,
5.75044e+06,
5.81675e+06,
5.87876e+06,
5.94159e+06,
6.00691e+06,
6.06945e+06,
6.13371e+06,
6.19793e+06,
6.26373e+06,
6.32959e+06,
6.39542e+06,
6.46044e+06,
6.52696e+06,
6.59263e+06,
6.65842e+06,
6.72633e+06,
6.7927e+06,
6.85783e+06,
6.9233e+06,
6.98803e+06,
7.05302e+06,
7.11874e+06,
7.18221e+06,
7.24557e+06,
7.30939e+06,
7.37412e+06,
7.44009e+06,
7.50665e+06,
7.57265e+06,
7.6381e+06,
7.70327e+06,
7.76792e+06,
7.83239e+06,
7.89646e+06,
7.95991e+06,
8.02349e+06,
8.08858e+06,
8.15591e+06,
8.22392e+06,
8.28979e+06,
8.35551e+06,
8.41935e+06,
8.4828e+06,
8.54652e+06,
8.60997e+06,
8.67283e+06,
8.73751e+06,
8.80238e+06,
8.86816e+06,
8.93455e+06,
9.00067e+06,
9.06505e+06,
9.12976e+06,
9.19325e+06,
9.25604e+06,
9.32071e+06,
9.3866e+06,
9.45274e+06,
9.51834e+06,
9.58425e+06,
9.65176e+06,
9.71994e+06,
9.78677e+06,
9.85306e+06,
9.91867e+06,
9.98509e+06,
1.00518e+07,
1.01188e+07,
1.01857e+07,
1.0252e+07,
1.03185e+07,
1.03858e+07,
1.04541e+07,
1.05231e+07,
1.05912e+07,
1.06603e+07,
1.07289e+07,
1.07977e+07,
1.08668e+07,
1.0935e+07,
1.10033e+07,
1.10712e+07,
1.11393e+07,
1.12083e+07,
1.12803e+07,
1.13518e+07,
1.14228e+07,
1.14938e+07,
1.15637e+07,
1.16331e+07,
1.17029e+07,
1.17735e+07,
1.18449e+07,
1.19185e+07,
1.19946e+07,
1.20733e+07,
1.21521e+07,
1.2229e+07,
1.23048e+07,
1.23798e+07,
1.24543e+07,
1.2529e+07,
1.26037e+07,
1.26781e+07,
1.27544e+07,
478966,
478741,
478559,
478411,
478310,
478223,
478229,
478247,
478293,
478262,
478166,
478197,
478212,
478262,
478236,
478307,
478474,
478497,
478530,
478484,
478533,
478672,
478872,
479177,
479396,
479582,
479634,
479795,
480011,
480242,
480482,
480701,
480965,
481232,
481431,
481576,
481661,
481857,
482062,
482135,
482200,
482358,
482629,
482902,
483195,
483430,
483749,
484021,
484246,
484445,
484616,
484863,
485185,
485446,
485836,
486083,
486324,
486590,
486812,
487058,
487291,
487602,
487894,
488203,
488590,
488760,
489076,
489336,
489669,
489927,
490181,
490362,
490639,
490895,
491197,
491423,
491720,
492065,
492344,
492698,
492992,
493342,
493696,
494071,
494369,
494695,
494985,
495287,
495575,
495877,
496201,
496544,
496867,
497223,
497505,
497817,
498161,
498428,
498770,
498997,
499367,
499669,
500075,
500412,
500800,
501063,
501376,
501613,
501898,
502246,
502609,
502956,
503282,
503685,
504021,
504327,
504689,
504968,
505246,
505580,
506065,
506548,
506923,
507351,
507764,
508214,
508565,
508893,
509172,
509552,
509961,
510389,
510765,
511239,
511692,
512081,
512527,
512905,
513260,
513671,
514139,
514566,
515055,
515528,
516035,
516624,
517256,
517692,
518138,
518540,
519137,
519609,
520116,
520709,
521302,
521921,
522505,
523009,
523495,
524134,
524836,
525515,
526146,
526766,
527495,
528073,
528774,
529365,
529953,
530640,
531377,
532086,
532773,
533561,
534265,
534932,
535647,
536260,
536916,
537672,
538382,
539081,
539784,
540548,
541275,
542109,
542820,
543588,
544463,
545332,
546147,
547061,
547842,
548689,
549394,
550227,
550966,
551748,
552504,
553397,
554244,
555072,
555927,
556735,
557562,
558379,
559168,
559963,
560804,
561646,
562563,
563469,
564356,
565270,
566079,
566885,
567728,
568553,
569393,
570309,
571285,
572196,
573108,
574037,
575022,
575947,
576876,
577754,
578577,
579557,
580591,
581477,
582460,
583495,
584415,
585386,
586423,
587324,
588432,
589473,
590462,
591485,
592439,
593427,
594411,
595479,
596533,
597564,
598596,
599703,
600722,
601741,
602807,
603832,
604836,
605754,
606784,
607756,
608724,
609775,
610796,
611969,
613160,
614160,
615239,
616379,
617506,
618598,
619779,
620906,
622025,
623132,
624215,
625302,
626339,
627512,
628678,
629772,
630885,
632042,
633096,
634230,
635319,
636527,
637520,
638702,
639843,
640977,
642009,
643119,
644202,
645382,
646499,
647728,
648871,
649968,
651047,
652080,
653131,
654235,
655341,
656481,
657523,
658671,
659871,
661021,
662127,
663123,
664149,
665345,
666464,
667729,
668937,
670143,
671324,
672433,
673463,
674470,
675589,
676830,
677995,
679223,
680483,
681533,
682801,
684052,
685229,
686246,
687432,
688680,
689983,
691749,
693881,
696108,
698281,
700520,
702786,
704908,
707237,
709622,
711896,
714173,
716490,
718898,
721391,
723641,
725960,
728075,
730224,
732701,
735021,
737446,
739832,
742231,
744720,
747097,
749272,
751539,
754171,
756749,
759115,
761602,
763958,
766393,
768989,
771531,
774051,
776720,
779503,
782243,
784971,
787868,
790501,
793135,
795846,
798640,
801348,
804035,
806772,
809561,
812231,
815094,
817799,
820564,
823377,
826308,
829037,
831794,
834430,
837305,
840236,
843060,
845706,
848663,
851343,
854222,
857151,
859787,
862554,
865435,
868357,
871233,
874136,
877081,
880118,
883350,
886636,
889765,
893002,
896295,
899520,
902546,
905874,
909006,
912048,
915410,
918918,
922191,
925364,
928799,
932302,
935681,
938996,
942348,
945639,
949243,
952786,
956345,
959713,
963330,
966919,
970670,
974338,
977979,
981513,
985141,
988731,
992357,
995828,
999500,
1.00326e+06,
1.00722e+06,
1.01116e+06,
1.01514e+06,
1.01946e+06,
1.02344e+06,
1.02738e+06,
1.03128e+06,
1.03503e+06,
1.03925e+06,
1.04337e+06,
1.04746e+06,
1.05167e+06,
1.05582e+06,
1.06017e+06,
1.06451e+06,
1.06864e+06,
1.073e+06,
1.07685e+06,
1.08103e+06,
1.08553e+06,
1.08966e+06,
1.0939e+06,
1.09828e+06,
1.10279e+06,
1.1072e+06,
1.11179e+06,
1.11618e+06,
1.1206e+06,
1.12478e+06,
1.12927e+06,
1.13369e+06,
1.1381e+06,
1.14293e+06,
1.14785e+06,
1.15278e+06,
1.15781e+06,
1.16269e+06,
1.16754e+06,
1.17244e+06,
1.17743e+06,
1.18222e+06,
1.18725e+06,
1.19246e+06,
1.1972e+06,
1.20226e+06,
1.20732e+06,
1.21251e+06,
1.21764e+06,
1.22292e+06,
1.22826e+06,
1.23362e+06,
1.2391e+06,
1.24462e+06,
1.25002e+06,
1.25527e+06,
1.26076e+06,
1.26642e+06,
1.27188e+06,
1.27777e+06,
1.28349e+06,
1.28936e+06,
1.29512e+06,
1.3008e+06,
1.30664e+06,
1.31241e+06,
1.31853e+06,
1.32454e+06,
1.33035e+06,
1.33635e+06,
1.34274e+06,
1.34931e+06,
1.35543e+06,
1.36164e+06,
1.36803e+06,
1.37441e+06,
1.38058e+06,
1.38674e+06,
1.39296e+06,
1.39944e+06,
1.4061e+06,
1.41294e+06,
1.4198e+06,
1.42653e+06,
1.43333e+06,
1.44034e+06,
1.4469e+06,
1.45347e+06,
1.45992e+06,
1.46693e+06,
1.47426e+06,
1.48161e+06,
1.48883e+06,
1.49613e+06,
1.50336e+06,
1.51065e+06,
1.51786e+06,
1.52487e+06,
1.53192e+06,
1.53971e+06,
1.54799e+06,
1.55613e+06,
1.5641e+06,
1.5721e+06,
1.58043e+06,
1.58832e+06,
1.59642e+06,
1.60427e+06,
1.61261e+06,
1.62136e+06,
1.63012e+06,
1.63902e+06,
1.64778e+06,
1.65684e+06,
1.66559e+06,
1.6744e+06,
1.68313e+06,
1.69223e+06,
1.70127e+06,
1.7108e+06,
1.72033e+06,
1.72968e+06,
1.73918e+06,
1.74871e+06,
1.75809e+06,
1.76753e+06,
1.77702e+06,
1.78641e+06,
1.79685e+06,
1.80712e+06,
1.81744e+06,
1.82804e+06,
1.83823e+06,
1.84892e+06,
1.85926e+06,
1.8693e+06,
1.88031e+06,
1.89154e+06,
1.90239e+06,
1.91366e+06,
1.92514e+06,
1.93643e+06,
1.94824e+06,
1.95996e+06,
1.97179e+06,
1.98381e+06,
1.99617e+06,
2.00811e+06,
2.0202e+06,
2.03259e+06,
2.04508e+06,
2.05759e+06,
2.07025e+06,
2.0836e+06,
2.09637e+06,
2.10988e+06,
2.12335e+06,
2.13643e+06,
2.14947e+06,
2.16307e+06,
2.177e+06,
2.1914e+06,
2.20594e+06,
2.21996e+06,
2.23421e+06,
2.24848e+06,
2.26333e+06,
2.27769e+06,
2.29233e+06,
2.30779e+06,
2.32318e+06,
2.3386e+06,
2.35407e+06,
2.36904e+06,
2.38509e+06,
2.40115e+06,
2.41734e+06,
2.43372e+06,
2.4497e+06,
2.46669e+06,
2.48319e+06,
2.49982e+06,
2.51688e+06,
2.53413e+06,
2.55256e+06,
2.57049e+06,
2.58882e+06,
2.60661e+06,
2.62424e+06,
2.64276e+06,
2.66197e+06,
2.68169e+06,
2.70047e+06,
2.72007e+06,
2.73981e+06,
2.75974e+06,
2.77951e+06,
2.7995e+06,
2.82021e+06,
2.84093e+06,
2.86171e+06,
2.88219e+06,
2.903e+06,
2.92455e+06,
2.9466e+06,
2.96864e+06,
2.99036e+06,
3.0118e+06,
3.0335e+06,
3.05574e+06,
3.07841e+06,
3.10141e+06,
3.12469e+06,
3.14883e+06,
3.17294e+06,
3.19695e+06,
3.22105e+06,
3.24513e+06,
3.26982e+06,
3.29483e+06,
3.31964e+06,
3.34443e+06,
3.36986e+06,
3.39555e+06,
3.42198e+06,
3.44886e+06,
3.4751e+06,
3.50118e+06,
3.52742e+06,
3.55427e+06,
3.58187e+06,
3.6125e+06,
3.65957e+06,
3.70883e+06,
3.75739e+06,
3.80577e+06,
3.85442e+06,
3.90287e+06,
3.95179e+06,
4.00153e+06,
4.05025e+06,
4.10169e+06,
4.15522e+06,
4.20975e+06,
4.26533e+06,
4.32005e+06,
4.37655e+06,
4.43215e+06,
4.48882e+06,
4.54651e+06,
4.6052e+06,
4.66756e+06,
4.73221e+06,
4.79815e+06,
4.86489e+06,
4.93479e+06,
5.00652e+06,
5.08621e+06,
5.16809e+06,
5.24117e+06,
5.3109e+06,
5.38216e+06,
5.45283e+06,
5.523e+06,
5.59194e+06,
5.65784e+06,
5.72329e+06,
5.78915e+06,
5.8548e+06,
5.9216e+06,
5.98801e+06,
6.05488e+06,
6.11959e+06,
6.18345e+06,
6.24764e+06,
6.31184e+06,
6.37439e+06,
6.43712e+06,
6.49952e+06,
6.56232e+06,
6.62803e+06,
6.69486e+06,
6.75989e+06,
6.82394e+06,
6.88797e+06,
6.95103e+06,
7.01343e+06,
7.0753e+06,
7.13667e+06,
7.19809e+06,
7.26194e+06,
7.32497e+06,
7.3904e+06,
7.45601e+06,
7.52022e+06,
7.58342e+06,
7.64658e+06,
7.70826e+06,
7.76969e+06,
7.83321e+06,
7.89658e+06,
7.95993e+06,
8.02357e+06,
8.08802e+06,
8.15398e+06,
8.21819e+06,
8.28157e+06,
8.34336e+06,
8.40529e+06,
8.46874e+06,
8.53113e+06,
8.5941e+06,
8.65723e+06,
8.72012e+06,
8.78364e+06,
8.84811e+06,
8.91275e+06,
8.97535e+06,
9.0382e+06,
9.10213e+06,
9.16665e+06,
9.23119e+06,
9.29641e+06,
9.36009e+06,
9.42457e+06,
9.48873e+06,
9.55282e+06,
9.61866e+06,
9.68553e+06,
9.7521e+06,
9.81778e+06,
9.88314e+06,
9.94845e+06,
1.00128e+07,
1.00771e+07,
1.01413e+07,
1.0206e+07,
1.0271e+07,
1.03385e+07,
1.04071e+07,
1.0475e+07,
1.05418e+07,
1.06089e+07,
1.06754e+07,
1.07417e+07,
1.08084e+07,
1.08746e+07,
1.09419e+07,
1.10102e+07,
1.10784e+07,
1.11473e+07,
1.12171e+07,
1.1287e+07,
1.13562e+07,
1.14281e+07,
1.14998e+07,
1.15713e+07,
1.1643e+07,
1.17152e+07,
1.17891e+07,
478966,
478725,
478541,
478392,
478260,
478169,
478148,
478186,
478211,
478195,
478096,
478078,
478092,
478067,
478134,
478183,
478309,
478325,
478370,
478323,
478334,
478518,
478802,
478984,
479209,
479319,
479467,
479635,
479816,
480071,
480205,
480440,
480688,
480975,
481191,
481382,
481496,
481718,
481800,
481904,
482061,
482152,
482461,
482632,
482915,
483170,
483443,
483655,
483949,
484206,
484408,
484670,
485012,
485281,
485548,
485773,
486035,
486248,
486471,
486738,
486986,
487318,
487575,
487866,
488162,
488474,
488724,
489039,
489336,
489516,
489754,
490047,
490298,
490563,
490770,
491086,
491324,
491597,
491977,
492287,
492598,
492915,
493109,
493436,
493832,
494181,
494471,
494766,
495025,
495349,
495663,
495988,
496271,
496614,
496989,
497255,
497601,
497908,
498131,
498452,
498818,
499065,
499456,
499739,
500061,
500403,
500704,
500994,
501268,
501533,
501932,
502278,
502683,
502998,
503315,
503631,
504024,
504282,
504580,
504937,
505357,
505722,
506110,
506560,
506875,
507306,
507754,
508074,
508357,
508772,
509286,
509643,
510095,
510498,
510930,
511302,
511730,
512091,
512460,
512876,
513324,
513752,
514294,
514746,
515235,
515725,
516265,
516702,
517041,
517455,
517906,
518378,
518864,
519368,
519949,
520516,
521037,
521567,
522101,
522735,
523369,
524100,
524822,
525504,
526222,
526830,
527412,
527987,
528456,
529158,
529817,
530670,
531440,
532142,
532851,
533620,
534299,
534953,
535578,
536331,
537066,
537683,
538347,
539105,
539903,
540655,
541443,
542152,
542913,
543831,
544621,
545387,
546120,
546966,
547736,
548507,
549267,
550045,
550737,
551565,
552395,
553181,
554028,
554899,
555746,
556606,
557494,
558326,
559117,
559906,
560679,
561590,
562347,
563250,
564184,
565068,
565907,
566791,
567582,
568475,
569396,
570283,
571151,
571951,
572931,
573743,
574629,
575509,
576384,
577359,
578285,
579246,
580149,
581051,
581936,
582820,
583681,
584645,
585541,
586521,
587563,
588466,
589522,
590551,
591635,
592588,
593713,
594659,
595720,
596742,
597652,
598619,
599570,
600563,
601555,
602525,
603538,
604517,
605481,
606520,
607583,
608657,
609792,
610864,
611912,
612929,
614002,
615070,
616196,
617311,
618403,
619492,
620500,
621501,
622520,
623659,
624794,
625820,
626874,
627870,
628922,
630002,
631057,
632100,
633231,
634303,
635393,
636476,
637558,
638722,
639853,
640943,
642103,
643201,
644310,
645330,
646349,
647277,
648296,
649432,
650473,
651649,
652737,
653914,
654967,
656083,
657162,
658233,
659197,
660299,
661441,
662625,
663636,
664774,
665776,
666859,
667967,
669093,
670153,
671279,
672401,
673480,
674615,
675778,
676845,
677980,
679190,
680311,
681512,
682672,
683843,
685007,
686124,
687296,
688379,
689548,
690698,
691866,
692975,
694268,
695508,
696704,
698020,
699152,
700265,
701461,
702778,
704187,
706278,
708398,
710863,
713120,
715262,
717561,
719833,
722123,
724512,
726736,
729023,
731414,
733967,
736344,
738552,
740829,
743179,
745631,
748090,
750678,
753266,
755808,
758319,
760888,
763413,
765748,
768217,
770507,
773123,
775412,
777702,
780012,
782659,
785409,
788011,
790626,
793017,
795397,
798081,
800470,
803127,
805581,
808222,
810902,
813586,
816129,
818948,
821695,
824533,
827010,
829532,
832407,
835332,
838094,
840745,
843510,
846182,
849180,
851928,
854598,
857118,
860022,
862986,
865946,
868838,
871582,
874398,
877432,
880441,
883326,
886102,
889058,
891983,
894986,
898058,
901343,
904540,
907643,
910971,
914209,
917311,
920645,
924022,
927285,
930767,
934287,
937737,
941184,
944759,
948137,
951476,
954722,
958236,
961489,
964997,
968856,
972522,
976126,
979535,
982951,
986557,
990207,
993755,
997376,
1.00123e+06,
1.00502e+06,
1.00891e+06,
1.01275e+06,
1.01648e+06,
1.02014e+06,
1.02374e+06,
1.02761e+06,
1.03169e+06,
1.03562e+06,
1.03984e+06,
1.04392e+06,
1.04792e+06,
1.05227e+06,
1.05635e+06,
1.06049e+06,
1.06437e+06,
1.06836e+06,
1.07245e+06,
1.07672e+06,
1.08104e+06,
1.08534e+06,
1.08955e+06,
1.09409e+06,
1.09856e+06,
1.10265e+06,
1.10707e+06,
1.11151e+06,
1.11601e+06,
1.12063e+06,
1.12496e+06,
1.1295e+06,
1.13404e+06,
1.13858e+06,
1.14304e+06,
1.14772e+06,
1.15219e+06,
1.15686e+06,
1.16181e+06,
1.16698e+06,
1.17182e+06,
1.17686e+06,
1.18192e+06,
1.18682e+06,
1.19179e+06,
1.1968e+06,
1.20164e+06,
1.20694e+06,
1.21238e+06,
1.21777e+06,
1.22336e+06,
1.22885e+06,
1.23413e+06,
1.23936e+06,
1.24487e+06,
1.25e+06,
1.25508e+06,
1.26077e+06,
1.26649e+06,
1.27215e+06,
1.27781e+06,
1.28382e+06,
1.28928e+06,
1.2948e+06,
1.30054e+06,
1.30585e+06,
1.31149e+06,
1.31761e+06,
1.32365e+06,
1.32958e+06,
1.33574e+06,
1.34219e+06,
1.34846e+06,
1.3545e+06,
1.36079e+06,
1.36676e+06,
1.3727e+06,
1.37933e+06,
1.38607e+06,
1.39287e+06,
1.39983e+06,
1.40677e+06,
1.41369e+06,
1.42031e+06,
1.42684e+06,
1.43323e+06,
1.43966e+06,
1.4467e+06,
1.45401e+06,
1.46129e+06,
1.46857e+06,
1.47608e+06,
1.48342e+06,
1.49071e+06,
1.49784e+06,
1.50539e+06,
1.51271e+06,
1.52041e+06,
1.52847e+06,
1.53661e+06,
1.54456e+06,
1.55253e+06,
1.56061e+06,
1.56859e+06,
1.57678e+06,
1.58483e+06,
1.59306e+06,
1.6016e+06,
1.61053e+06,
1.61936e+06,
1.62822e+06,
1.63707e+06,
1.64577e+06,
1.65409e+06,
1.66315e+06,
1.67168e+06,
1.68043e+06,
1.68959e+06,
1.69905e+06,
1.70864e+06,
1.71828e+06,
1.7273e+06,
1.73645e+06,
1.74629e+06,
1.75573e+06,
1.76518e+06,
1.77512e+06,
1.7855e+06,
1.79561e+06,
1.80579e+06,
1.81609e+06,
1.8263e+06,
1.83637e+06,
1.84692e+06,
1.85826e+06,
1.86961e+06,
1.88055e+06,
1.89177e+06,
1.9032e+06,
1.91458e+06,
1.926e+06,
1.93719e+06,
1.94908e+06,
1.96158e+06,
1.97379e+06,
1.98611e+06,
1.99799e+06,
2.01015e+06,
2.02224e+06,
2.03491e+06,
2.04744e+06,
2.06037e+06,
2.07348e+06,
2.08654e+06,
2.09953e+06,
2.11201e+06,
2.12439e+06,
2.13805e+06,
2.15149e+06,
2.16549e+06,
2.17899e+06,
2.19294e+06,
2.20759e+06,
2.22229e+06,
2.23683e+06,
2.25126e+06,
2.26631e+06,
2.28121e+06,
2.29664e+06,
2.31213e+06,
2.32764e+06,
2.34293e+06,
2.35842e+06,
2.3744e+06,
2.39105e+06,
2.40718e+06,
2.42303e+06,
2.43916e+06,
2.45561e+06,
2.47222e+06,
2.4892e+06,
2.50677e+06,
2.52476e+06,
2.54238e+06,
2.5598e+06,
2.57691e+06,
2.59437e+06,
2.61225e+06,
2.63027e+06,
2.64948e+06,
2.66861e+06,
2.68798e+06,
2.70722e+06,
2.72645e+06,
2.74591e+06,
2.76595e+06,
2.78578e+06,
2.80611e+06,
2.82621e+06,
2.84651e+06,
2.86697e+06,
2.88821e+06,
2.90954e+06,
2.93141e+06,
2.95293e+06,
2.9739e+06,
2.99508e+06,
3.0168e+06,
3.03836e+06,
3.06055e+06,
3.08347e+06,
3.10624e+06,
3.12904e+06,
3.15165e+06,
3.17483e+06,
3.19782e+06,
3.22146e+06,
3.24585e+06,
3.2693e+06,
3.29436e+06,
3.31894e+06,
3.3438e+06,
3.36946e+06,
3.39512e+06,
3.42071e+06,
3.44589e+06,
3.47087e+06,
3.50235e+06,
3.54549e+06,
3.59114e+06,
3.63773e+06,
3.68287e+06,
3.72801e+06,
3.77265e+06,
3.81744e+06,
3.86227e+06,
3.90761e+06,
3.95461e+06,
4.00371e+06,
4.05321e+06,
4.10382e+06,
4.15406e+06,
4.20508e+06,
4.25598e+06,
4.30703e+06,
4.35408e+06,
4.40166e+06,
4.45198e+06,
4.51e+06,
4.56987e+06,
4.63195e+06,
4.69502e+06,
4.75889e+06,
4.82411e+06,
4.89177e+06,
4.96131e+06,
5.0397e+06,
5.12867e+06,
5.20676e+06,
5.27993e+06,
5.34964e+06,
5.41636e+06,
5.48366e+06,
5.54947e+06,
5.61457e+06,
5.67718e+06,
5.74034e+06,
5.80534e+06,
5.87216e+06,
5.93853e+06,
6.00304e+06,
6.06644e+06,
6.12934e+06,
6.18998e+06,
6.25096e+06,
6.31199e+06,
6.37367e+06,
6.43572e+06,
6.49827e+06,
6.56137e+06,
6.62537e+06,
6.68851e+06,
6.75009e+06,
6.81111e+06,
6.87221e+06,
6.93303e+06,
6.99449e+06,
7.05517e+06,
7.11694e+06,
7.1777e+06,
7.23845e+06,
7.30067e+06,
7.36444e+06,
7.42783e+06,
7.4895e+06,
7.55044e+06,
7.612e+06,
7.67403e+06,
7.73586e+06,
7.79771e+06,
7.85942e+06,
7.92081e+06,
7.98184e+06,
8.0433e+06,
8.10615e+06,
8.16941e+06,
8.23255e+06,
8.29493e+06,
8.35671e+06,
8.41791e+06,
8.47901e+06,
8.54069e+06,
8.60172e+06,
8.66284e+06,
8.72396e+06,
8.78773e+06,
8.85345e+06,
8.91802e+06,
8.98175e+06,
9.04513e+06,
9.10729e+06,
9.1697e+06,
9.2325e+06,
9.29423e+06,
9.35715e+06,
9.42069e+06,
9.48424e+06,
9.5489e+06,
9.61485e+06,
9.67973e+06,
9.74328e+06,
9.80685e+06,
9.87018e+06,
9.93327e+06,
9.9969e+06,
1.00616e+07,
1.01265e+07,
1.01908e+07,
1.02547e+07,
1.03199e+07,
1.03864e+07,
1.04519e+07,
1.05162e+07,
1.0581e+07,
1.06463e+07,
1.07131e+07,
1.07791e+07,
1.0847e+07,
478966,
478720,
478525,
478344,
478232,
478137,
478107,
478123,
478129,
478091,
477992,
477969,
477941,
477962,
477986,
478070,
478153,
478215,
478196,
478195,
478160,
478372,
478652,
478814,
479029,
479149,
479330,
479526,
479676,
479850,
479882,
480146,
480454,
480680,
480872,
481143,
481338,
481542,
481546,
481661,
481859,
482084,
482341,
482498,
482708,
482935,
483193,
483435,
483685,
483903,
484198,
484451,
484744,
485027,
485272,
485518,
485775,
485993,
486123,
486325,
486693,
486973,
487269,
487590,
487840,
488118,
488389,
488675,
488937,
489199,
489422,
489682,
489911,
490177,
490459,
490654,
490990,
491378,
491624,
491931,
492153,
492452,
492763,
493109,
493405,
493719,
494055,
494341,
494601,
494917,
495248,
495520,
495826,
496163,
496396,
496727,
497026,
497301,
497639,
497896,
498148,
498437,
498746,
498992,
499308,
499582,
499858,
500199,
500421,
500754,
501143,
501542,
501916,
502198,
502550,
502899,
503227,
503510,
503826,
504193,
504556,
505038,
505397,
505803,
506185,
506533,
506944,
507262,
507622,
508058,
508430,
508912,
509323,
509629,
510027,
510406,
510814,
511072,
511445,
511833,
512364,
512878,
513347,
513798,
514352,
514738,
515229,
515629,
516085,
516608,
517110,
517607,
518111,
518631,
519122,
519675,
520183,
520578,
521053,
521607,
522239,
522900,
523589,
524178,
524817,
525479,
526087,
526549,
527078,
527738,
528429,
529197,
529951,
530685,
531380,
532100,
532796,
533500,
534130,
534778,
535473,
536102,
536854,
537635,
538385,
539164,
539904,
540668,
541426,
542114,
542957,
543788,
544574,
545369,
546191,
546967,
547663,
548345,
549021,
549835,
550623,
551420,
552316,
553147,
553954,
554714,
555549,
556322,
557106,
557930,
558655,
559520,
560365,
561225,
562060,
562949,
563786,
564623,
565378,
566273,
567076,
568007,
568851,
569745,
570620,
571511,
572425,
573235,
574152,
575030,
575816,
576734,
577579,
578531,
579413,
580364,
581251,
582027,
582868,
583800,
584707,
585544,
586511,
587499,
588414,
589484,
590459,
591391,
592379,
593337,
594315,
595298,
596290,
597311,
598351,
599331,
600350,
601225,
602108,
603076,
604076,
605132,
606172,
607176,
608222,
609247,
610259,
611304,
612408,
613456,
614558,
615502,
616483,
617551,
618680,
619737,
620777,
621782,
622811,
623965,
625045,
626079,
627152,
628249,
629371,
630428,
631470,
632488,
633443,
634420,
635421,
636386,
637438,
638534,
639582,
640551,
641572,
642547,
643643,
644751,
645760,
646821,
647927,
648939,
649999,
651010,
652087,
653079,
654052,
655073,
656148,
657177,
658232,
659410,
660439,
661536,
662624,
663671,
664683,
665782,
667023,
668021,
669077,
670165,
671283,
672373,
673544,
674496,
675569,
676678,
677725,
678798,
679927,
681057,
682223,
683430,
684627,
685680,
686767,
687980,
689178,
690269,
691424,
692595,
693695,
694875,
696106,
697193,
698341,
699520,
700714,
701836,
703106,
704251,
705473,
706727,
707920,
709051,
710190,
711373,
712650,
713789,
715050,
716315,
717676,
719281,
721628,
723916,
726433,
728716,
731126,
733315,
735683,
737888,
740439,
742766,
745209,
747406,
749607,
751869,
754422,
757103,
759552,
761956,
764409,
766622,
768808,
771071,
773200,
775435,
777713,
780207,
782584,
785001,
787224,
789748,
792305,
794482,
796679,
799118,
801509,
804003,
806437,
809020,
811635,
814340,
817287,
819818,
822225,
824633,
827229,
830121,
832768,
835505,
838418,
841375,
844232,
846833,
849560,
852070,
854791,
857396,
860482,
863418,
866290,
869449,
872317,
874938,
877581,
880346,
883249,
886067,
888925,
891854,
895025,
898129,
901387,
904393,
907217,
910300,
913412,
916684,
919928,
923194,
926531,
930029,
933472,
936724,
939667,
943049,
946407,
949835,
953209,
956692,
960171,
963889,
967277,
970578,
973883,
977329,
980936,
984461,
988196,
991937,
995353,
998915,
1.00241e+06,
1.00603e+06,
1.00948e+06,
1.0132e+06,
1.01712e+06,
1.02104e+06,
1.02499e+06,
1.02885e+06,
1.03251e+06,
1.03625e+06,
1.04018e+06,
1.04358e+06,
1.04754e+06,
1.0519e+06,
1.05616e+06,
1.06038e+06,
1.06466e+06,
1.06901e+06,
1.07314e+06,
1.07733e+06,
1.08132e+06,
1.08514e+06,
1.08954e+06,
1.09416e+06,
1.09894e+06,
1.10342e+06,
1.10801e+06,
1.11258e+06,
1.11706e+06,
1.12147e+06,
1.1258e+06,
1.13018e+06,
1.1345e+06,
1.1393e+06,
1.14414e+06,
1.14893e+06,
1.15381e+06,
1.15878e+06,
1.16352e+06,
1.16833e+06,
1.17291e+06,
1.17764e+06,
1.1825e+06,
1.18747e+06,
1.19239e+06,
1.19765e+06,
1.20312e+06,
1.20839e+06,
1.21355e+06,
1.21869e+06,
1.22382e+06,
1.22907e+06,
1.23422e+06,
1.23949e+06,
1.24502e+06,
1.25027e+06,
1.25607e+06,
1.26193e+06,
1.26751e+06,
1.27313e+06,
1.27855e+06,
1.28415e+06,
1.28971e+06,
1.29546e+06,
1.30133e+06,
1.30728e+06,
1.31352e+06,
1.3198e+06,
1.32598e+06,
1.33198e+06,
1.33811e+06,
1.34403e+06,
1.34995e+06,
1.356e+06,
1.36229e+06,
1.36881e+06,
1.37555e+06,
1.38235e+06,
1.38882e+06,
1.39586e+06,
1.40288e+06,
1.40981e+06,
1.41675e+06,
1.42356e+06,
1.43063e+06,
1.43798e+06,
1.44556e+06,
1.45297e+06,
1.46039e+06,
1.46796e+06,
1.47542e+06,
1.48285e+06,
1.49029e+06,
1.49791e+06,
1.50555e+06,
1.51358e+06,
1.52156e+06,
1.52945e+06,
1.53736e+06,
1.54543e+06,
1.55349e+06,
1.56112e+06,
1.56886e+06,
1.5768e+06,
1.58505e+06,
1.59358e+06,
1.60224e+06,
1.61053e+06,
1.61966e+06,
1.62821e+06,
1.63685e+06,
1.64526e+06,
1.65361e+06,
1.66254e+06,
1.67216e+06,
1.68172e+06,
1.69114e+06,
1.70033e+06,
1.71001e+06,
1.71959e+06,
1.72907e+06,
1.73843e+06,
1.74806e+06,
1.75846e+06,
1.76902e+06,
1.77931e+06,
1.78932e+06,
1.79942e+06,
1.80985e+06,
1.82055e+06,
1.83131e+06,
1.84179e+06,
1.85265e+06,
1.86381e+06,
1.87477e+06,
1.88576e+06,
1.89673e+06,
1.90812e+06,
1.91995e+06,
1.93186e+06,
1.944e+06,
1.95521e+06,
1.96681e+06,
1.97893e+06,
1.99118e+06,
2.00299e+06,
2.01537e+06,
2.02836e+06,
2.04151e+06,
2.05454e+06,
2.0678e+06,
2.08084e+06,
2.09367e+06,
2.10693e+06,
2.12052e+06,
2.13384e+06,
2.1482e+06,
2.16259e+06,
2.17686e+06,
2.19077e+06,
2.20513e+06,
2.21892e+06,
2.23349e+06,
2.24862e+06,
2.26346e+06,
2.27833e+06,
2.29342e+06,
2.30864e+06,
2.32454e+06,
2.34042e+06,
2.35655e+06,
2.37236e+06,
2.38827e+06,
2.40448e+06,
2.42075e+06,
2.43692e+06,
2.45378e+06,
2.47072e+06,
2.48794e+06,
2.50551e+06,
2.52259e+06,
2.53957e+06,
2.55631e+06,
2.5735e+06,
2.59097e+06,
2.60933e+06,
2.62823e+06,
2.64703e+06,
2.66513e+06,
2.6835e+06,
2.70228e+06,
2.72047e+06,
2.73951e+06,
2.75918e+06,
2.77883e+06,
2.79907e+06,
2.81906e+06,
2.83962e+06,
2.85999e+06,
2.88125e+06,
2.90194e+06,
2.92217e+06,
2.94199e+06,
2.96312e+06,
2.98372e+06,
3.00505e+06,
3.02739e+06,
3.04977e+06,
3.07192e+06,
3.09384e+06,
3.11548e+06,
3.13675e+06,
3.15857e+06,
3.18133e+06,
3.20454e+06,
3.22815e+06,
3.25173e+06,
3.27583e+06,
3.30018e+06,
3.32446e+06,
3.34905e+06,
3.37404e+06,
3.41266e+06,
3.4538e+06,
3.49554e+06,
3.5379e+06,
3.57969e+06,
3.62143e+06,
3.66333e+06,
3.70439e+06,
3.74471e+06,
3.78217e+06,
3.8203e+06,
3.86111e+06,
3.90845e+06,
3.95645e+06,
4.00484e+06,
4.05339e+06,
4.10213e+06,
4.15139e+06,
4.20161e+06,
4.25324e+06,
4.30694e+06,
4.36213e+06,
4.41672e+06,
4.4728e+06,
4.52965e+06,
4.58685e+06,
4.6463e+06,
4.7066e+06,
4.76721e+06,
4.83126e+06,
4.89769e+06,
4.96591e+06,
5.04227e+06,
5.1266e+06,
5.20193e+06,
5.27203e+06,
5.33912e+06,
5.40366e+06,
5.4674e+06,
5.53131e+06,
5.5961e+06,
5.65956e+06,
5.72131e+06,
5.78355e+06,
5.84734e+06,
5.91171e+06,
5.97329e+06,
6.03447e+06,
6.09504e+06,
6.15642e+06,
6.21708e+06,
6.27749e+06,
6.33762e+06,
6.39823e+06,
6.45878e+06,
6.51861e+06,
6.57958e+06,
6.64058e+06,
6.7011e+06,
6.76139e+06,
6.82186e+06,
6.88108e+06,
6.9402e+06,
6.99958e+06,
7.0588e+06,
7.11829e+06,
7.17748e+06,
7.2368e+06,
7.29803e+06,
7.36203e+06,
7.42396e+06,
7.48504e+06,
7.54495e+06,
7.60502e+06,
7.66465e+06,
7.72387e+06,
7.78403e+06,
7.84344e+06,
7.90409e+06,
7.96446e+06,
8.0258e+06,
8.08835e+06,
8.14926e+06,
8.21054e+06,
8.27087e+06,
8.33108e+06,
8.39096e+06,
8.45121e+06,
8.51213e+06,
8.57401e+06,
8.63595e+06,
8.69786e+06,
8.76065e+06,
8.82444e+06,
8.88749e+06,
8.94951e+06,
9.01059e+06,
9.0718e+06,
9.13334e+06,
9.19554e+06,
9.25684e+06,
9.31919e+06,
9.3815e+06,
9.44333e+06,
9.50579e+06,
9.56935e+06,
9.63287e+06,
9.69492e+06,
9.75796e+06,
9.82112e+06,
9.88402e+06,
9.94711e+06,
478966,
478717,
478491,
478337,
478178,
478109,
478055,
478053,
478074,
477994,
477896,
477880,
477821,
477846,
477909,
477944,
478043,
478032,
478042,
477997,
477984,
478153,
478441,
478628,
478760,
478988,
479106,
479239,
479391,
479525,
479681,
479905,
480176,
480386,
480595,
480791,
481089,
481244,
481390,
481435,
481540,
481928,
482100,
482298,
482576,
482713,
482953,
483164,
483378,
483590,
483885,
484113,
484384,
484667,
484944,
485162,
485406,
485650,
485827,
486014,
486361,
486699,
486932,
487324,
487565,
487767,
488054,
488272,
488518,
488815,
489061,
489284,
489555,
489872,
490115,
490357,
490599,
490895,
491196,
491505,
491732,
492033,
492433,
492737,
492976,
493315,
493558,
493818,
494094,
494368,
494650,
495037,
495337,
495609,
495903,
496245,
496481,
496797,
497064,
497386,
497614,
497894,
498211,
498472,
498720,
499038,
499293,
499545,
499785,
500107,
500407,
500792,
501110,
501429,
501663,
501975,
502324,
502659,
502940,
503299,
503719,
504099,
504481,
504884,
505207,
505558,
505910,
506305,
506673,
507148,
507579,
507977,
508422,
508795,
509181,
509552,
509905,
510248,
510649,
511082,
511592,
512063,
512543,
512978,
513465,
513906,
514325,
514678,
515118,
515740,
516356,
516925,
517400,
517891,
518353,
518874,
519266,
519742,
520226,
520808,
521429,
522035,
522636,
523244,
523878,
524522,
525104,
525619,
526119,
526707,
527323,
527951,
528560,
529218,
529810,
530455,
531085,
531768,
532369,
533058,
533788,
534475,
535092,
535889,
536623,
537422,
538281,
539039,
539700,
540473,
541380,
542132,
542865,
543724,
544510,
545202,
545934,
546611,
547244,
548024,
548747,
549607,
550442,
551243,
551966,
552647,
553493,
554219,
554898,
555692,
556501,
557326,
558162,
559047,
559876,
560756,
561510,
562294,
563015,
563908,
564811,
565673,
566512,
567353,
568193,
569019,
569908,
570689,
571431,
572288,
573180,
574023,
574986,
575916,
576791,
577647,
578538,
579365,
580094,
580908,
581779,
582706,
583656,
584586,
585521,
586485,
587410,
588322,
589174,
590143,
591147,
592075,
592949,
593955,
595006,
595922,
596868,
597740,
598605,
599543,
600503,
601495,
602552,
603600,
604622,
605554,
606563,
607590,
608648,
609599,
610597,
611639,
612623,
613618,
614639,
615617,
616641,
617712,
618693,
619810,
620905,
621864,
622792,
623910,
624933,
625974,
626964,
627991,
629017,
629914,
630963,
631919,
632928,
633999,
635031,
635979,
636870,
637923,
638883,
639763,
640757,
641763,
642715,
643743,
644790,
645827,
646914,
647851,
648696,
649701,
650825,
651892,
652958,
654027,
655070,
656201,
657281,
658253,
659284,
660259,
661386,
662461,
663470,
664581,
665680,
666779,
667780,
668734,
669699,
670649,
671838,
672931,
674097,
675281,
676417,
677581,
678703,
679743,
680720,
681679,
682762,
683884,
685050,
686252,
687362,
688430,
689525,
690502,
691468,
692631,
693743,
694992,
696216,
697344,
698485,
699688,
700767,
701752,
702803,
703973,
705110,
706338,
707464,
708721,
709851,
711191,
712453,
713861,
715081,
716416,
717716,
719001,
720215,
721432,
722791,
724029,
725264,
726488,
727697,
729012,
730334,
731656,
732967,
734296,
735549,
737144,
739273,
741288,
743201,
745332,
747731,
750022,
752389,
754652,
756786,
759168,
761347,
763470,
765573,
768122,
770288,
772501,
774721,
777226,
779718,
782248,
784640,
786966,
788917,
791232,
793583,
795974,
798569,
801076,
803461,
805986,
808462,
810533,
812778,
815298,
817839,
820446,
822965,
825517,
828031,
830597,
833300,
835839,
838538,
841398,
844209,
846889,
849719,
852466,
855372,
858227,
860924,
863520,
866261,
869212,
872114,
875105,
878025,
880740,
883615,
886528,
889355,
892229,
895088,
898224,
901186,
904271,
907395,
910331,
913390,
916400,
919162,
922085,
924964,
928188,
931433,
934877,
938029,
941443,
944705,
947943,
951087,
954207,
957488,
961038,
964567,
968180,
971819,
975374,
978868,
982322,
985691,
989182,
992463,
996163,
999749,
1.00358e+06,
1.00733e+06,
1.01121e+06,
1.01501e+06,
1.01843e+06,
1.02231e+06,
1.02607e+06,
1.0297e+06,
1.0338e+06,
1.03777e+06,
1.04178e+06,
1.0458e+06,
1.04981e+06,
1.05399e+06,
1.0578e+06,
1.06181e+06,
1.06582e+06,
1.06985e+06,
1.07423e+06,
1.07864e+06,
1.08297e+06,
1.0873e+06,
1.09183e+06,
1.09623e+06,
1.10065e+06,
1.10527e+06,
1.10971e+06,
1.11398e+06,
1.11852e+06,
1.12305e+06,
1.12773e+06,
1.13231e+06,
1.13707e+06,
1.14181e+06,
1.1467e+06,
1.15151e+06,
1.15617e+06,
1.16055e+06,
1.16545e+06,
1.17031e+06,
1.17532e+06,
1.17997e+06,
1.18497e+06,
1.18983e+06,
1.19509e+06,
1.20037e+06,
1.2053e+06,
1.21004e+06,
1.21507e+06,
1.22026e+06,
1.22569e+06,
1.23106e+06,
1.23627e+06,
1.24179e+06,
1.24784e+06,
1.25345e+06,
1.25895e+06,
1.26418e+06,
1.26983e+06,
1.27551e+06,
1.28141e+06,
1.28747e+06,
1.29299e+06,
1.29948e+06,
1.30577e+06,
1.31236e+06,
1.31875e+06,
1.32489e+06,
1.33121e+06,
1.33766e+06,
1.34428e+06,
1.35084e+06,
1.35742e+06,
1.36416e+06,
1.37099e+06,
1.37756e+06,
1.38446e+06,
1.39099e+06,
1.39775e+06,
1.40465e+06,
1.41157e+06,
1.41832e+06,
1.42538e+06,
1.43308e+06,
1.44068e+06,
1.44811e+06,
1.45526e+06,
1.46222e+06,
1.46985e+06,
1.47738e+06,
1.48503e+06,
1.4925e+06,
1.50043e+06,
1.50858e+06,
1.51704e+06,
1.52488e+06,
1.5326e+06,
1.54e+06,
1.54798e+06,
1.556e+06,
1.5641e+06,
1.57235e+06,
1.5813e+06,
1.59008e+06,
1.59883e+06,
1.60766e+06,
1.61573e+06,
1.62371e+06,
1.63236e+06,
1.64122e+06,
1.64996e+06,
1.65931e+06,
1.66867e+06,
1.67841e+06,
1.68809e+06,
1.69771e+06,
1.70711e+06,
1.71634e+06,
1.72609e+06,
1.73635e+06,
1.746e+06,
1.75644e+06,
1.7669e+06,
1.77723e+06,
1.78761e+06,
1.79794e+06,
1.80795e+06,
1.8182e+06,
1.82913e+06,
1.84004e+06,
1.85074e+06,
1.8622e+06,
1.87334e+06,
1.88505e+06,
1.89638e+06,
1.90814e+06,
1.91985e+06,
1.93143e+06,
1.94341e+06,
1.95536e+06,
1.96701e+06,
1.97909e+06,
1.99191e+06,
2.00502e+06,
2.01842e+06,
2.03178e+06,
2.04458e+06,
2.0573e+06,
2.07021e+06,
2.08346e+06,
2.09723e+06,
2.11139e+06,
2.12561e+06,
2.13959e+06,
2.15388e+06,
2.16788e+06,
2.18192e+06,
2.19584e+06,
2.21019e+06,
2.22437e+06,
2.23942e+06,
2.25469e+06,
2.26962e+06,
2.28494e+06,
2.30006e+06,
2.31516e+06,
2.32966e+06,
2.34532e+06,
2.36099e+06,
2.37678e+06,
2.3927e+06,
2.40906e+06,
2.42562e+06,
2.44205e+06,
2.45905e+06,
2.47604e+06,
2.49263e+06,
2.509e+06,
2.52584e+06,
2.54242e+06,
2.56027e+06,
2.57869e+06,
2.59676e+06,
2.61498e+06,
2.63248e+06,
2.65092e+06,
2.66852e+06,
2.6861e+06,
2.70382e+06,
2.72266e+06,
2.74173e+06,
2.761e+06,
2.78034e+06,
2.79932e+06,
2.81844e+06,
2.83766e+06,
2.85698e+06,
2.87644e+06,
2.89625e+06,
2.91657e+06,
2.93694e+06,
2.95752e+06,
2.97922e+06,
3.00089e+06,
3.02252e+06,
3.04351e+06,
3.06349e+06,
3.08408e+06,
3.10475e+06,
3.12673e+06,
3.14928e+06,
3.17184e+06,
3.19394e+06,
3.21566e+06,
3.23705e+06,
3.26166e+06,
3.29249e+06,
3.32415e+06,
3.35932e+06,
3.39887e+06,
3.43924e+06,
3.47955e+06,
3.51957e+06,
3.56087e+06,
3.60201e+06,
3.64394e+06,
3.68834e+06,
3.73196e+06,
3.77621e+06,
3.82091e+06,
3.86581e+06,
3.91173e+06,
3.95771e+06,
4.00361e+06,
4.0495e+06,
4.09692e+06,
4.14648e+06,
4.19702e+06,
4.24735e+06,
4.29901e+06,
4.35048e+06,
4.40224e+06,
4.45532e+06,
4.50913e+06,
4.56326e+06,
4.61967e+06,
4.67895e+06,
4.73838e+06,
4.79938e+06,
4.862e+06,
4.92621e+06,
4.99206e+06,
5.06717e+06,
5.147e+06,
5.21747e+06,
5.28531e+06,
5.35123e+06,
5.41592e+06,
5.47887e+06,
5.54075e+06,
5.6028e+06,
5.66397e+06,
5.72381e+06,
5.78227e+06,
5.84301e+06,
5.90566e+06,
5.96765e+06,
6.0278e+06,
6.08774e+06,
6.14727e+06,
6.20589e+06,
6.26428e+06,
6.322e+06,
6.37986e+06,
6.43802e+06,
6.49676e+06,
6.55688e+06,
6.61796e+06,
6.67806e+06,
6.73603e+06,
6.79353e+06,
6.85124e+06,
6.90892e+06,
6.96659e+06,
7.02401e+06,
7.08221e+06,
7.14039e+06,
7.19988e+06,
7.25956e+06,
7.321e+06,
7.38162e+06,
7.44093e+06,
7.4991e+06,
7.55737e+06,
7.61621e+06,
7.67535e+06,
7.7348e+06,
7.79386e+06,
7.85275e+06,
7.91164e+06,
7.9709e+06,
8.03091e+06,
8.09238e+06,
8.1519e+06,
8.21084e+06,
8.27136e+06,
8.33164e+06,
8.39247e+06,
8.45293e+06,
8.51324e+06,
8.57377e+06,
8.63364e+06,
8.69288e+06,
8.75415e+06,
8.81612e+06,
8.87823e+06,
8.93979e+06,
9.00056e+06,
9.06133e+06,
478966,
478703,
478482,
478317,
478133,
478057,
478003,
477994,
477982,
477916,
477786,
477784,
477733,
477782,
477807,
477838,
477892,
477827,
477854,
477804,
477849,
477940,
478281,
478399,
478580,
478750,
478849,
479017,
479147,
479334,
479499,
479715,
479965,
480174,
480318,
480494,
480772,
480958,
481068,
481208,
481370,
481633,
481927,
482107,
482255,
482491,
482700,
482890,
483136,
483383,
483553,
483840,
484067,
484364,
484555,
484820,
484995,
485296,
485492,
485725,
486026,
486268,
486609,
486930,
487182,
487440,
487687,
487929,
488169,
488412,
488642,
488891,
489103,
489368,
489693,
489967,
490202,
490511,
490754,
490967,
491263,
491571,
491899,
492164,
492470,
492701,
493050,
493335,
493586,
493854,
494179,
494406,
494721,
494994,
495326,
495569,
495833,
496085,
496352,
496656,
496972,
497263,
497548,
497837,
498185,
498401,
498705,
498963,
499157,
499472,
499786,
500070,
500353,
500621,
500887,
501296,
501650,
502006,
502283,
502668,
502986,
503394,
503749,
504055,
504282,
504715,
505091,
505388,
505743,
506184,
506529,
506879,
507263,
507705,
508054,
508509,
508954,
509413,
509827,
510276,
510708,
511144,
511552,
512019,
512447,
512919,
513379,
513843,
514265,
514747,
515338,
515890,
516414,
516859,
517274,
517874,
518339,
518842,
519388,
520043,
520545,
521104,
521730,
522359,
522971,
523549,
524168,
524752,
525288,
525849,
526485,
527096,
527622,
528124,
528759,
529340,
530049,
530687,
531269,
531919,
532636,
533231,
533948,
534677,
535358,
536110,
536844,
537511,
538135,
538876,
539580,
540245,
540989,
541622,
542440,
543130,
543842,
544474,
545098,
545906,
546724,
547497,
548300,
549033,
549858,
550627,
551331,
552156,
552836,
553535,
554306,
555141,
555963,
556710,
557575,
558425,
559211,
559996,
560746,
561627,
562517,
563372,
564192,
564938,
565788,
566627,
567430,
568160,
568926,
569790,
570714,
571501,
572319,
573169,
574013,
574823,
575652,
576532,
577416,
578336,
579261,
580139,
581036,
581930,
582858,
583662,
584605,
585466,
586340,
587234,
588214,
589152,
590102,
590948,
591874,
592835,
593769,
594625,
595418,
596262,
597160,
598082,
598989,
599887,
600773,
601632,
602486,
603426,
604524,
605545,
606566,
607605,
608711,
609738,
610739,
611801,
612817,
613735,
614573,
615510,
616408,
617483,
618550,
619514,
620530,
621528,
622486,
623371,
624340,
625300,
626222,
627230,
628135,
629058,
630030,
630986,
631987,
632990,
633895,
634849,
635843,
636836,
637863,
638832,
639894,
640869,
641936,
642774,
643633,
644635,
645611,
646683,
647665,
648537,
649504,
650558,
651555,
652437,
653357,
654432,
655553,
656538,
657659,
658654,
659708,
660741,
661719,
662653,
663635,
664642,
665754,
666897,
668003,
669051,
670022,
671095,
672143,
673086,
673997,
675140,
676213,
677343,
678422,
679504,
680545,
681568,
682581,
683597,
684666,
685690,
686863,
688060,
689211,
690357,
691482,
692566,
693623,
694662,
695599,
696805,
697940,
699084,
700199,
701309,
702544,
703694,
704876,
706071,
707384,
708637,
709912,
711102,
712353,
713459,
714672,
715863,
717032,
718096,
719048,
720152,
721248,
722452,
723694,
724850,
726034,
727186,
728271,
729526,
730618,
731782,
733128,
734390,
735600,
736719,
737927,
739139,
740170,
741251,
742318,
743498,
744830,
745993,
747286,
748609,
749969,
751148,
752371,
754192,
756193,
758322,
760500,
762881,
765252,
767508,
769923,
772027,
774221,
776397,
778584,
781131,
783522,
785632,
788051,
790520,
793034,
795271,
797684,
799992,
802099,
804417,
806878,
809504,
812083,
814643,
816919,
819103,
821603,
823988,
826363,
828980,
831528,
834257,
836865,
839455,
841809,
844126,
846788,
849437,
852163,
855067,
857823,
860721,
863500,
866146,
868767,
871415,
874297,
876965,
879870,
882843,
885717,
888611,
891449,
894528,
897173,
900215,
903153,
906075,
909019,
912141,
915026,
918037,
920960,
923860,
926687,
929831,
933088,
936163,
939326,
942604,
945882,
949162,
952270,
955479,
958820,
962419,
965998,
969528,
972884,
976504,
980131,
983683,
987353,
990898,
994462,
998270,
1.0022e+06,
1.00608e+06,
1.00974e+06,
1.01363e+06,
1.01764e+06,
1.02153e+06,
1.02542e+06,
1.02907e+06,
1.033e+06,
1.03683e+06,
1.04084e+06,
1.04464e+06,
1.04853e+06,
1.0526e+06,
1.05681e+06,
1.06083e+06,
1.0649e+06,
1.06888e+06,
1.07304e+06,
1.07731e+06,
1.08137e+06,
1.08554e+06,
1.08965e+06,
1.09408e+06,
1.09868e+06,
1.10318e+06,
1.10773e+06,
1.11222e+06,
1.11696e+06,
1.12155e+06,
1.12625e+06,
1.13066e+06,
1.13495e+06,
1.13983e+06,
1.14477e+06,
1.14958e+06,
1.15422e+06,
1.15915e+06,
1.16401e+06,
1.16895e+06,
1.17393e+06,
1.17857e+06,
1.1834e+06,
1.18867e+06,
1.19371e+06,
1.19893e+06,
1.20375e+06,
1.20915e+06,
1.2147e+06,
1.22037e+06,
1.22599e+06,
1.23168e+06,
1.23745e+06,
1.24344e+06,
1.24915e+06,
1.25502e+06,
1.26108e+06,
1.26717e+06,
1.27315e+06,
1.27923e+06,
1.28547e+06,
1.29144e+06,
1.29774e+06,
1.30417e+06,
1.31063e+06,
1.31715e+06,
1.32339e+06,
1.32992e+06,
1.3364e+06,
1.343e+06,
1.34951e+06,
1.35591e+06,
1.36227e+06,
1.36885e+06,
1.37561e+06,
1.38232e+06,
1.3894e+06,
1.39655e+06,
1.40369e+06,
1.41082e+06,
1.41827e+06,
1.42527e+06,
1.43196e+06,
1.43932e+06,
1.44648e+06,
1.45337e+06,
1.46104e+06,
1.4687e+06,
1.47641e+06,
1.4842e+06,
1.49209e+06,
1.49998e+06,
1.50786e+06,
1.51591e+06,
1.52367e+06,
1.53167e+06,
1.53994e+06,
1.54828e+06,
1.55663e+06,
1.56529e+06,
1.5741e+06,
1.58219e+06,
1.59027e+06,
1.5989e+06,
1.60773e+06,
1.61635e+06,
1.62537e+06,
1.63455e+06,
1.64392e+06,
1.65356e+06,
1.66283e+06,
1.67163e+06,
1.68022e+06,
1.68927e+06,
1.69816e+06,
1.70803e+06,
1.71816e+06,
1.72895e+06,
1.73934e+06,
1.74965e+06,
1.76017e+06,
1.77032e+06,
1.78067e+06,
1.79144e+06,
1.80206e+06,
1.81341e+06,
1.82494e+06,
1.83655e+06,
1.84804e+06,
1.85935e+06,
1.87058e+06,
1.88202e+06,
1.893e+06,
1.90493e+06,
1.91679e+06,
1.92942e+06,
1.94167e+06,
1.95405e+06,
1.96645e+06,
1.97894e+06,
1.99129e+06,
2.00403e+06,
2.01651e+06,
2.02913e+06,
2.04178e+06,
2.05505e+06,
2.06856e+06,
2.0818e+06,
2.09547e+06,
2.10947e+06,
2.12347e+06,
2.13694e+06,
2.15063e+06,
2.1642e+06,
2.17822e+06,
2.19268e+06,
2.20771e+06,
2.22276e+06,
2.23774e+06,
2.2526e+06,
2.26736e+06,
2.28154e+06,
2.29557e+06,
2.31042e+06,
2.32653e+06,
2.34215e+06,
2.35812e+06,
2.3746e+06,
2.38999e+06,
2.40593e+06,
2.42186e+06,
2.43763e+06,
2.45313e+06,
2.46929e+06,
2.48594e+06,
2.50273e+06,
2.52032e+06,
2.53731e+06,
2.55485e+06,
2.57241e+06,
2.58989e+06,
2.60674e+06,
2.62298e+06,
2.64042e+06,
2.6581e+06,
2.67629e+06,
2.69536e+06,
2.71367e+06,
2.73237e+06,
2.751e+06,
2.76891e+06,
2.78613e+06,
2.80346e+06,
2.82201e+06,
2.84112e+06,
2.8607e+06,
2.88008e+06,
2.89873e+06,
2.91703e+06,
2.93567e+06,
2.9538e+06,
2.96794e+06,
2.97962e+06,
2.99771e+06,
3.01968e+06,
3.04155e+06,
3.06368e+06,
3.08653e+06,
3.1094e+06,
3.13258e+06,
3.1662e+06,
3.20325e+06,
3.24052e+06,
3.27793e+06,
3.31648e+06,
3.35473e+06,
3.3925e+06,
3.43034e+06,
3.46841e+06,
3.50621e+06,
3.54682e+06,
3.588e+06,
3.62962e+06,
3.67104e+06,
3.71256e+06,
3.75468e+06,
3.79746e+06,
3.83977e+06,
3.88391e+06,
3.9277e+06,
3.97307e+06,
4.01934e+06,
4.06563e+06,
4.11289e+06,
4.16074e+06,
4.20851e+06,
4.25691e+06,
4.30651e+06,
4.35558e+06,
4.40519e+06,
4.45747e+06,
4.51012e+06,
4.56327e+06,
4.61739e+06,
4.67309e+06,
4.72951e+06,
4.78637e+06,
4.84568e+06,
4.90671e+06,
4.96868e+06,
5.03599e+06,
5.11282e+06,
5.18933e+06,
5.25738e+06,
5.32205e+06,
5.38517e+06,
5.44667e+06,
5.50772e+06,
5.56666e+06,
5.62585e+06,
5.68568e+06,
5.74492e+06,
5.80311e+06,
5.86322e+06,
5.92346e+06,
5.98201e+06,
6.03985e+06,
6.0973e+06,
6.15401e+06,
6.21071e+06,
6.2673e+06,
6.32449e+06,
6.38236e+06,
6.43945e+06,
6.49671e+06,
6.55409e+06,
6.61275e+06,
6.6707e+06,
6.72738e+06,
6.78371e+06,
6.84185e+06,
6.89897e+06,
6.95705e+06,
7.01471e+06,
7.07095e+06,
7.12786e+06,
7.1846e+06,
7.24066e+06,
7.29919e+06,
7.35772e+06,
7.41675e+06,
7.47554e+06,
7.53422e+06,
7.59221e+06,
7.64946e+06,
7.70694e+06,
7.76371e+06,
7.82155e+06,
7.87994e+06,
7.93776e+06,
7.99761e+06,
8.05855e+06,
8.11883e+06,
8.17834e+06,
478966,
478691,
478460,
478297,
478083,
478005,
477938,
477937,
477882,
477797,
477734,
477691,
477641,
477656,
477679,
477697,
477738,
477669,
477703,
477631,
477701,
477782,
478092,
478221,
478341,
478508,
478649,
478790,
478973,
479105,
479267,
479506,
479678,
479841,
480010,
480206,
480438,
480618,
480819,
480930,
481190,
481459,
481677,
481869,
482090,
482263,
482477,
482688,
482858,
483056,
483264,
483564,
483855,
484043,
484189,
484368,
484572,
484857,
485074,
485418,
485681,
486042,
486329,
486561,
486737,
487030,
487296,
487584,
487776,
487986,
488255,
488497,
488674,
488975,
489219,
489497,
489792,
490094,
490303,
490493,
490789,
491026,
491277,
491584,
491873,
492113,
492377,
492674,
493010,
493288,
493546,
493897,
494206,
494441,
494719,
494931,
495136,
495378,
495718,
496034,
496312,
496556,
496889,
497210,
497424,
497719,
498056,
498306,
498535,
498793,
499071,
499417,
499639,
499905,
500254,
500542,
500898,
501191,
501497,
501829,
502231,
502587,
502983,
503284,
503667,
504022,
504384,
504754,
505073,
505381,
505719,
505971,
506288,
506740,
507143,
507602,
508011,
508462,
508858,
509290,
509847,
510218,
510697,
511010,
511468,
511984,
512386,
512816,
513307,
513722,
514292,
514772,
515348,
515869,
516313,
516874,
517470,
517985,
518446,
519032,
519582,
520087,
520714,
521203,
521868,
522491,
523076,
523697,
524209,
524826,
525455,
526070,
526670,
527107,
527659,
528350,
528983,
529590,
530111,
530765,
531380,
531951,
532661,
533332,
534068,
534815,
535582,
536273,
536922,
537661,
538346,
539010,
539744,
540342,
540973,
541674,
542358,
542973,
543549,
544291,
544946,
545650,
546319,
547129,
547802,
548546,
549258,
549923,
550590,
551302,
552053,
552818,
553613,
554452,
555111,
556006,
556818,
557559,
558352,
559178,
559999,
560822,
561594,
562378,
563083,
563995,
564813,
565597,
566282,
567184,
568007,
568982,
569776,
570577,
571342,
572195,
573051,
573902,
574689,
575592,
576403,
577337,
578140,
578996,
579896,
580738,
581658,
582538,
583490,
584406,
585304,
586135,
586981,
587846,
588773,
589661,
590620,
591466,
592204,
592980,
593864,
594777,
595604,
596456,
597231,
598085,
599051,
600034,
601116,
602110,
603015,
603939,
604881,
605794,
606765,
607704,
608631,
609518,
610414,
611335,
612235,
613167,
614235,
615130,
616092,
617030,
618000,
618853,
619681,
620564,
621511,
622461,
623327,
624182,
625102,
625943,
626980,
627798,
628716,
629628,
630607,
631574,
632551,
633436,
634451,
635351,
636320,
637217,
638096,
639078,
640037,
641016,
641991,
643023,
643985,
644866,
645901,
646802,
647639,
648613,
649698,
650798,
651749,
652844,
653752,
654649,
655679,
656608,
657448,
658394,
659291,
660351,
661406,
662419,
663360,
664189,
665217,
666278,
667168,
668220,
669238,
670257,
671268,
672314,
673346,
674388,
675483,
676539,
677553,
678643,
679759,
680861,
682010,
683087,
684122,
685179,
686261,
687296,
688230,
689260,
690350,
691385,
692457,
693491,
694526,
695631,
696820,
698095,
699471,
700707,
701883,
703133,
704322,
705473,
706652,
707785,
708979,
709993,
710839,
711925,
713029,
714079,
715036,
715996,
716947,
718084,
719208,
720165,
721120,
722262,
723448,
724572,
725663,
726744,
727744,
728910,
730206,
731416,
732513,
733687,
734911,
736210,
737427,
738570,
739618,
740815,
742072,
743264,
744442,
745592,
746853,
748137,
749345,
750512,
751679,
752913,
754252,
755449,
756600,
757909,
759146,
760394,
761600,
762866,
764017,
765272,
766505,
767709,
768747,
769931,
771601,
773797,
775974,
778146,
780420,
782916,
784985,
787019,
789134,
791447,
793704,
796030,
798509,
800770,
803159,
805649,
807990,
810194,
812346,
814687,
817066,
819596,
822168,
824483,
826893,
829399,
831729,
834121,
836528,
839149,
841597,
844092,
846533,
848829,
851516,
854114,
856910,
859482,
861854,
864556,
867323,
870044,
872934,
875559,
878525,
881397,
884383,
887060,
889820,
892796,
895746,
898486,
901275,
904413,
907605,
910619,
913888,
916934,
919679,
922967,
926105,
929353,
932256,
935593,
939036,
942364,
945750,
949026,
952012,
955399,
958756,
961866,
965292,
968748,
972313,
975591,
979126,
982735,
986215,
989914,
993542,
997120,
1.00086e+06,
1.00488e+06,
1.00899e+06,
1.01281e+06,
1.01672e+06,
1.02033e+06,
1.02378e+06,
1.02783e+06,
1.03167e+06,
1.03556e+06,
1.03954e+06,
1.0438e+06,
1.04812e+06,
1.05223e+06,
1.05641e+06,
1.0603e+06,
1.06415e+06,
1.06826e+06,
1.0723e+06,
1.07622e+06,
1.08049e+06,
1.08532e+06,
1.08979e+06,
1.0943e+06,
1.09875e+06,
1.10285e+06,
1.10671e+06,
1.11146e+06,
1.1161e+06,
1.12021e+06,
1.12493e+06,
1.13028e+06,
1.13554e+06,
1.14083e+06,
1.14605e+06,
1.15142e+06,
1.1565e+06,
1.1618e+06,
1.1671e+06,
1.17215e+06,
1.17765e+06,
1.18317e+06,
1.1888e+06,
1.1945e+06,
1.20022e+06,
1.20557e+06,
1.21111e+06,
1.21665e+06,
1.222e+06,
1.22785e+06,
1.23369e+06,
1.23981e+06,
1.2459e+06,
1.25184e+06,
1.25767e+06,
1.26311e+06,
1.26859e+06,
1.27437e+06,
1.28016e+06,
1.28629e+06,
1.29257e+06,
1.2991e+06,
1.30562e+06,
1.31204e+06,
1.31852e+06,
1.32483e+06,
1.33079e+06,
1.33733e+06,
1.34351e+06,
1.35055e+06,
1.35744e+06,
1.36487e+06,
1.37222e+06,
1.379e+06,
1.38615e+06,
1.39289e+06,
1.39958e+06,
1.40676e+06,
1.41394e+06,
1.42139e+06,
1.42905e+06,
1.43674e+06,
1.44452e+06,
1.45209e+06,
1.45969e+06,
1.46681e+06,
1.47454e+06,
1.48194e+06,
1.48956e+06,
1.49759e+06,
1.50562e+06,
1.51394e+06,
1.52187e+06,
1.52998e+06,
1.5382e+06,
1.5457e+06,
1.55352e+06,
1.56151e+06,
1.56972e+06,
1.57894e+06,
1.58824e+06,
1.59727e+06,
1.60662e+06,
1.6159e+06,
1.62545e+06,
1.63437e+06,
1.64347e+06,
1.65262e+06,
1.66211e+06,
1.67214e+06,
1.68206e+06,
1.69203e+06,
1.70232e+06,
1.71251e+06,
1.72304e+06,
1.73294e+06,
1.74311e+06,
1.75301e+06,
1.76375e+06,
1.77465e+06,
1.7858e+06,
1.79691e+06,
1.80796e+06,
1.81923e+06,
1.82997e+06,
1.8408e+06,
1.85159e+06,
1.86257e+06,
1.87433e+06,
1.88634e+06,
1.89882e+06,
1.91093e+06,
1.9232e+06,
1.93529e+06,
1.94771e+06,
1.95964e+06,
1.97107e+06,
1.98314e+06,
1.99614e+06,
2.00946e+06,
2.02285e+06,
2.03601e+06,
2.04897e+06,
2.06196e+06,
2.07542e+06,
2.08793e+06,
2.10037e+06,
2.11373e+06,
2.12754e+06,
2.14169e+06,
2.15571e+06,
2.16985e+06,
2.18371e+06,
2.19834e+06,
2.21316e+06,
2.22705e+06,
2.24051e+06,
2.25485e+06,
2.26992e+06,
2.2851e+06,
2.30023e+06,
2.31556e+06,
2.33146e+06,
2.3473e+06,
2.36238e+06,
2.37686e+06,
2.39124e+06,
2.40668e+06,
2.42317e+06,
2.43945e+06,
2.45574e+06,
2.47196e+06,
2.48836e+06,
2.50436e+06,
2.5205e+06,
2.53621e+06,
2.55133e+06,
2.56752e+06,
2.58439e+06,
2.60126e+06,
2.61846e+06,
2.63493e+06,
2.65146e+06,
2.66807e+06,
2.6843e+06,
2.69523e+06,
2.70163e+06,
2.71885e+06,
2.73785e+06,
2.75737e+06,
2.77754e+06,
2.79746e+06,
2.81731e+06,
2.83735e+06,
2.85711e+06,
2.87718e+06,
2.89773e+06,
2.91825e+06,
2.9389e+06,
2.95975e+06,
2.98071e+06,
3.00154e+06,
3.02275e+06,
3.04392e+06,
3.07671e+06,
3.11134e+06,
3.14709e+06,
3.18244e+06,
3.21767e+06,
3.25308e+06,
3.28793e+06,
3.32406e+06,
3.36035e+06,
3.39658e+06,
3.43438e+06,
3.47328e+06,
3.51161e+06,
3.55027e+06,
3.58951e+06,
3.62945e+06,
3.66938e+06,
3.70921e+06,
3.74948e+06,
3.78971e+06,
3.83161e+06,
3.87428e+06,
3.9175e+06,
3.96127e+06,
4.00537e+06,
4.04998e+06,
4.09488e+06,
4.14059e+06,
4.18598e+06,
4.2322e+06,
4.27993e+06,
4.32853e+06,
4.37792e+06,
4.42764e+06,
4.47759e+06,
4.52807e+06,
4.57918e+06,
4.6313e+06,
4.68478e+06,
4.7391e+06,
4.79486e+06,
4.85232e+06,
4.91173e+06,
4.97141e+06,
5.03409e+06,
5.10434e+06,
5.17851e+06,
5.24605e+06,
5.30987e+06,
5.37143e+06,
5.4323e+06,
5.49232e+06,
5.55157e+06,
5.6093e+06,
5.66785e+06,
5.72505e+06,
5.7817e+06,
5.83816e+06,
5.8957e+06,
5.95373e+06,
6.01056e+06,
6.06766e+06,
6.12393e+06,
6.17947e+06,
6.23452e+06,
6.28894e+06,
6.34324e+06,
6.39825e+06,
6.45338e+06,
6.50855e+06,
6.56471e+06,
6.62336e+06,
6.68162e+06,
6.7385e+06,
6.79516e+06,
6.85137e+06,
6.9073e+06,
6.96265e+06,
7.01831e+06,
7.07351e+06,
7.12867e+06,
7.18498e+06,
7.24198e+06,
7.29957e+06,
478966,
478675,
478428,
478264,
478035,
477947,
477851,
477838,
477792,
477731,
477644,
477582,
477561,
477503,
477536,
477591,
477574,
477508,
477513,
477468,
477574,
477696,
477924,
478004,
478141,
478286,
478418,
478567,
478763,
478874,
479060,
479212,
479413,
479629,
479771,
479963,
480161,
480342,
480533,
480674,
480917,
481260,
481438,
481549,
481801,
482024,
482244,
482465,
482661,
482819,
483002,
483228,
483497,
483700,
483892,
484084,
484250,
484495,
484756,
485043,
485321,
485645,
485900,
486165,
486370,
486587,
486836,
487093,
487343,
487560,
487778,
488011,
488299,
488489,
488696,
488927,
489179,
489505,
489751,
489999,
490248,
490516,
490817,
491073,
491348,
491565,
491787,
492145,
492398,
492701,
492955,
493237,
493460,
493750,
494063,
494298,
494575,
494744,
494980,
495234,
495354,
495684,
496003,
496392,
496766,
497101,
497390,
497625,
497811,
498117,
498398,
498739,
499034,
499389,
499701,
500005,
500240,
500487,
500796,
501112,
501435,
501782,
502093,
502485,
502876,
503279,
503664,
504010,
504312,
504719,
505047,
505272,
505635,
505987,
506382,
506833,
507264,
507693,
508045,
508523,
508959,
509340,
509806,
510289,
510638,
511166,
511634,
512024,
512435,
512838,
513399,
513742,
514330,
514891,
515505,
515984,
516517,
517025,
517539,
517966,
518484,
518997,
519504,
520064,
520678,
521391,
522003,
522567,
523050,
523670,
524278,
524884,
525352,
525861,
526478,
527076,
527823,
528416,
528909,
529505,
530066,
530660,
531212,
531943,
532607,
533417,
534263,
534990,
535599,
536268,
536993,
537663,
538243,
538954,
539550,
540234,
540969,
541597,
542172,
542840,
543477,
544140,
544774,
545424,
546178,
546954,
547668,
548304,
548977,
549644,
550393,
551126,
551890,
552625,
553384,
554091,
554881,
555622,
556280,
557118,
557835,
558598,
559342,
560086,
560797,
561652,
562462,
563170,
563884,
564657,
565436,
566222,
567046,
567802,
568560,
569429,
570230,
570939,
571771,
572633,
573638,
574502,
575349,
576173,
577061,
577951,
578817,
579707,
580679,
581534,
582377,
583198,
583987,
584884,
585687,
586565,
587433,
588125,
588860,
589721,
590474,
591317,
592143,
592901,
593837,
594849,
595724,
596607,
597590,
598504,
599444,
600415,
601316,
602280,
603164,
604082,
605027,
605841,
606704,
607537,
608405,
609229,
610147,
611014,
611888,
612723,
613633,
614438,
615268,
616074,
616819,
617667,
618515,
619427,
620341,
621222,
622177,
623119,
623937,
624891,
625793,
626661,
627518,
628357,
629300,
630305,
631191,
632058,
632802,
633787,
634704,
635651,
636492,
637371,
638351,
639318,
640182,
641085,
641877,
642871,
643794,
644770,
645770,
646630,
647586,
648593,
649525,
650457,
651319,
652271,
653231,
654172,
655183,
656109,
657104,
658137,
659107,
660030,
660917,
661971,
662873,
663884,
664886,
665820,
666809,
667863,
668808,
669647,
670585,
671563,
672668,
673722,
674631,
675579,
676659,
677734,
678713,
679657,
680538,
681629,
682720,
683745,
684745,
685797,
686872,
688033,
689161,
690466,
691752,
692862,
694101,
695274,
696369,
697508,
698503,
699604,
700649,
701540,
702297,
703271,
704262,
705343,
706242,
707123,
708310,
709306,
710388,
711201,
711962,
712973,
713996,
715188,
716142,
717121,
718212,
719426,
720485,
721454,
722385,
723395,
724503,
725627,
726580,
727848,
729085,
730405,
731616,
732723,
733772,
735052,
736350,
737587,
738757,
739989,
741340,
742647,
743841,
745007,
746118,
747299,
748531,
749659,
750786,
752118,
753381,
754641,
755802,
756952,
757924,
759167,
760339,
761549,
762694,
763935,
765094,
766372,
767604,
768800,
769785,
770941,
772182,
773470,
774538,
775820,
777125,
778373,
779618,
780676,
781721,
782951,
784191,
785491,
786489,
787897,
789277,
790654,
792489,
794477,
796462,
798724,
800982,
803115,
805272,
807579,
810082,
812534,
814940,
817198,
819388,
821611,
824119,
826399,
828883,
831487,
834144,
836508,
838913,
841271,
843517,
846048,
848576,
851043,
853863,
856537,
859209,
861917,
864566,
867250,
869804,
872546,
875150,
877726,
880417,
883398,
886373,
889275,
892405,
895484,
898275,
901217,
904232,
907182,
910291,
913692,
917053,
920336,
923500,
926588,
929503,
932543,
935710,
938868,
942454,
946103,
949658,
953004,
956478,
959623,
962549,
965673,
969074,
972447,
975983,
979581,
983418,
987326,
990993,
994364,
997435,
1.00091e+06,
1.00414e+06,
1.00808e+06,
1.01204e+06,
1.01627e+06,
1.02062e+06,
1.02482e+06,
1.02905e+06,
1.03268e+06,
1.03625e+06,
1.04023e+06,
1.0442e+06,
1.04863e+06,
1.05323e+06,
1.05792e+06,
1.06268e+06,
1.06721e+06,
1.07188e+06,
1.07635e+06,
1.0809e+06,
1.08565e+06,
1.09039e+06,
1.09548e+06,
1.1005e+06,
1.10551e+06,
1.11059e+06,
1.11551e+06,
1.12051e+06,
1.1253e+06,
1.12999e+06,
1.13488e+06,
1.13988e+06,
1.14526e+06,
1.15034e+06,
1.15576e+06,
1.16103e+06,
1.16624e+06,
1.17148e+06,
1.17638e+06,
1.18141e+06,
1.18675e+06,
1.19202e+06,
1.19777e+06,
1.20352e+06,
1.20953e+06,
1.21544e+06,
1.22154e+06,
1.22738e+06,
1.2328e+06,
1.23794e+06,
1.24373e+06,
1.24968e+06,
1.25606e+06,
1.26264e+06,
1.26919e+06,
1.27562e+06,
1.2818e+06,
1.28773e+06,
1.29354e+06,
1.2995e+06,
1.30549e+06,
1.31198e+06,
1.31897e+06,
1.3257e+06,
1.3328e+06,
1.33948e+06,
1.34639e+06,
1.35336e+06,
1.35984e+06,
1.36625e+06,
1.37273e+06,
1.37981e+06,
1.38738e+06,
1.39497e+06,
1.40218e+06,
1.40979e+06,
1.41726e+06,
1.42447e+06,
1.43152e+06,
1.43822e+06,
1.44504e+06,
1.4533e+06,
1.46124e+06,
1.46971e+06,
1.47786e+06,
1.48603e+06,
1.49426e+06,
1.50266e+06,
1.51022e+06,
1.51777e+06,
1.52589e+06,
1.53459e+06,
1.54327e+06,
1.55218e+06,
1.56121e+06,
1.57023e+06,
1.57931e+06,
1.58833e+06,
1.59662e+06,
1.6052e+06,
1.61386e+06,
1.62339e+06,
1.63326e+06,
1.64281e+06,
1.65278e+06,
1.66276e+06,
1.67282e+06,
1.68282e+06,
1.69227e+06,
1.70187e+06,
1.71183e+06,
1.7225e+06,
1.73312e+06,
1.7439e+06,
1.75491e+06,
1.76594e+06,
1.77689e+06,
1.78741e+06,
1.7977e+06,
1.80781e+06,
1.81855e+06,
1.8299e+06,
1.84192e+06,
1.8534e+06,
1.86501e+06,
1.87649e+06,
1.88792e+06,
1.89978e+06,
1.91109e+06,
1.92211e+06,
1.9341e+06,
1.94629e+06,
1.95858e+06,
1.97093e+06,
1.98405e+06,
1.99693e+06,
2.00984e+06,
2.02281e+06,
2.03479e+06,
2.04636e+06,
2.0592e+06,
2.07255e+06,
2.08594e+06,
2.09972e+06,
2.11355e+06,
2.12759e+06,
2.14068e+06,
2.15373e+06,
2.16672e+06,
2.17897e+06,
2.19281e+06,
2.20709e+06,
2.22185e+06,
2.23626e+06,
2.25069e+06,
2.2649e+06,
2.27932e+06,
2.29361e+06,
2.30762e+06,
2.32084e+06,
2.33552e+06,
2.3505e+06,
2.3656e+06,
2.38098e+06,
2.39573e+06,
2.41065e+06,
2.42485e+06,
2.43829e+06,
2.44691e+06,
2.45082e+06,
2.46707e+06,
2.48386e+06,
2.50114e+06,
2.51862e+06,
2.53657e+06,
2.55397e+06,
2.57157e+06,
2.58909e+06,
2.60654e+06,
2.62441e+06,
2.64334e+06,
2.66136e+06,
2.67985e+06,
2.69828e+06,
2.71676e+06,
2.73568e+06,
2.75456e+06,
2.77407e+06,
2.7938e+06,
2.81342e+06,
2.83292e+06,
2.85265e+06,
2.87243e+06,
2.89237e+06,
2.91242e+06,
2.93334e+06,
2.95376e+06,
2.97998e+06,
3.01143e+06,
3.04356e+06,
3.07605e+06,
3.10914e+06,
3.14249e+06,
3.17559e+06,
3.2083e+06,
3.24146e+06,
3.27415e+06,
3.30749e+06,
3.34295e+06,
3.37927e+06,
3.41662e+06,
3.45337e+06,
3.49059e+06,
3.52737e+06,
3.56395e+06,
3.60193e+06,
3.63976e+06,
3.67823e+06,
3.71853e+06,
3.75917e+06,
3.79994e+06,
3.84054e+06,
3.88114e+06,
3.92258e+06,
3.96454e+06,
4.00645e+06,
4.04873e+06,
4.09117e+06,
4.13552e+06,
4.18005e+06,
4.22561e+06,
4.27135e+06,
4.31764e+06,
4.36412e+06,
4.41145e+06,
4.46035e+06,
4.50846e+06,
4.55686e+06,
4.60779e+06,
4.6601e+06,
4.71261e+06,
4.76572e+06,
4.81966e+06,
4.87534e+06,
4.93199e+06,
4.98876e+06,
5.04769e+06,
5.1133e+06,
5.18435e+06,
5.25343e+06,
5.31683e+06,
5.37656e+06,
5.43598e+06,
5.49362e+06,
5.55067e+06,
5.60724e+06,
5.66306e+06,
5.71858e+06,
5.77409e+06,
5.8304e+06,
5.88652e+06,
5.94304e+06,
5.99897e+06,
6.05416e+06,
6.10905e+06,
6.16257e+06,
6.21658e+06,
6.26935e+06,
6.32195e+06,
6.3761e+06,
6.43118e+06,
478966,
478671,
478405,
478213,
477996,
477889,
477842,
477769,
477727,
477644,
477555,
477485,
477448,
477381,
477385,
477443,
477433,
477306,
477297,
477254,
477401,
477538,
477713,
477856,
477975,
478091,
478242,
478367,
478488,
478634,
478806,
478985,
479165,
479340,
479493,
479670,
479817,
479945,
480092,
480345,
480627,
480919,
481136,
481300,
481501,
481798,
481978,
482290,
482439,
482616,
482842,
483049,
483219,
483370,
483458,
483674,
483852,
484050,
484371,
484613,
484863,
485202,
485454,
485661,
485899,
486130,
486366,
486605,
486812,
487065,
487291,
487564,
487773,
487983,
488220,
488470,
488708,
488916,
489190,
489391,
489703,
489974,
490307,
490533,
490872,
491070,
491345,
491601,
491845,
492089,
492332,
492614,
492912,
493117,
493378,
493661,
493833,
494092,
494204,
494411,
494652,
494960,
495246,
495619,
495947,
496219,
496567,
496807,
497070,
497347,
497610,
497968,
498300,
498582,
498899,
499246,
499550,
499843,
500003,
500271,
500482,
500924,
501289,
501686,
502067,
502483,
502887,
503194,
503474,
503829,
504206,
504585,
504931,
505295,
505818,
506136,
506528,
506809,
507116,
507507,
507898,
508436,
508912,
509400,
509891,
510385,
510846,
511214,
511543,
511963,
512292,
512803,
513280,
513810,
514419,
514851,
515465,
515935,
516467,
516955,
517513,
518006,
518587,
519236,
519864,
520429,
521019,
521569,
522008,
522561,
523126,
523716,
524300,
524869,
525470,
526072,
526695,
527187,
527683,
528228,
528785,
529395,
530137,
530785,
531470,
532218,
533004,
533721,
534246,
534884,
535576,
536170,
536916,
537498,
538132,
538810,
539506,
540092,
540679,
541328,
541917,
542550,
543338,
544025,
544669,
545490,
546228,
546906,
547479,
548060,
548846,
549495,
550199,
550948,
551657,
552422,
553144,
553861,
554523,
555246,
555946,
556650,
557391,
558174,
558939,
559726,
560431,
561180,
561832,
562673,
563411,
564116,
564870,
565711,
566514,
567315,
568028,
568804,
569487,
570215,
571011,
571743,
572604,
573483,
574328,
575117,
576017,
576807,
577666,
578527,
579371,
580191,
580931,
581696,
582442,
583241,
584104,
584872,
585471,
586392,
587159,
587935,
588708,
589609,
590537,
591371,
592305,
593187,
594148,
595154,
596052,
597003,
597947,
598850,
599709,
600515,
601385,
602136,
602928,
603795,
604641,
605501,
606431,
607360,
608243,
609072,
609846,
610618,
611399,
612243,
613092,
613850,
614730,
615547,
616302,
617172,
618025,
618765,
619467,
620345,
621167,
622023,
622830,
623725,
624605,
625527,
626379,
627189,
627991,
628815,
629653,
630506,
631367,
632354,
633248,
634058,
635038,
635868,
636537,
637396,
638247,
639088,
640035,
640990,
641923,
642865,
643796,
644624,
645439,
646328,
647247,
648075,
649045,
650002,
650940,
652016,
652960,
653799,
654674,
655622,
656540,
657470,
658403,
659325,
660303,
661250,
662232,
663107,
663962,
664891,
665920,
666857,
667797,
668813,
669805,
670866,
671848,
672766,
673675,
674563,
675487,
676402,
677401,
678450,
679582,
680678,
681713,
682888,
684181,
685234,
686316,
687423,
688428,
689479,
690526,
691420,
692282,
693119,
693854,
694751,
695718,
696522,
697492,
698593,
699606,
700601,
701576,
702340,
703119,
704139,
705083,
705985,
707002,
708162,
709197,
710227,
711239,
712146,
712910,
713867,
714840,
715654,
716785,
717952,
719010,
720122,
721305,
722262,
723144,
724136,
725226,
726260,
727485,
728712,
729951,
730914,
732145,
733160,
734134,
735313,
736529,
737664,
739069,
740350,
741811,
743068,
744454,
745519,
746590,
747803,
748962,
750094,
751427,
752746,
754032,
755426,
756600,
757658,
758588,
759786,
760952,
762150,
763373,
764659,
765981,
767266,
768425,
769429,
770395,
771475,
772615,
773744,
775019,
776372,
777554,
778794,
779960,
780966,
781898,
783048,
784014,
785273,
786636,
788074,
789398,
790689,
791941,
792934,
793913,
795103,
796226,
797505,
798908,
800302,
801654,
802927,
804377,
805490,
806455,
807654,
808862,
810189,
811641,
813232,
815448,
817820,
820018,
822389,
824499,
826854,
829202,
831968,
834604,
837158,
839766,
842481,
845246,
847659,
849911,
852438,
854992,
857840,
860759,
863675,
866647,
869487,
872175,
874714,
877009,
879613,
882311,
885342,
888434,
891510,
894418,
897516,
900499,
903000,
905677,
908498,
911122,
914366,
917463,
920955,
924312,
927821,
931028,
934045,
936795,
939948,
943294,
946992,
950782,
954571,
958309,
962070,
965642,
968753,
971586,
974856,
978528,
982763,
987114,
991168,
995516,
999587,
1.00365e+06,
1.00778e+06,
1.01173e+06,
1.01582e+06,
1.02026e+06,
1.02442e+06,
1.02873e+06,
1.03319e+06,
1.03771e+06,
1.04207e+06,
1.04659e+06,
1.05095e+06,
1.05493e+06,
1.0595e+06,
1.06444e+06,
1.06921e+06,
1.07408e+06,
1.07868e+06,
1.0833e+06,
1.08846e+06,
1.09329e+06,
1.09755e+06,
1.10176e+06,
1.10635e+06,
1.11158e+06,
1.11689e+06,
1.12214e+06,
1.12746e+06,
1.13292e+06,
1.13804e+06,
1.14321e+06,
1.14808e+06,
1.1528e+06,
1.15773e+06,
1.1634e+06,
1.16897e+06,
1.17452e+06,
1.18018e+06,
1.18576e+06,
1.1913e+06,
1.19709e+06,
1.20228e+06,
1.20769e+06,
1.21333e+06,
1.2194e+06,
1.22527e+06,
1.23146e+06,
1.23751e+06,
1.24354e+06,
1.2501e+06,
1.25657e+06,
1.26259e+06,
1.26825e+06,
1.27425e+06,
1.28083e+06,
1.28739e+06,
1.2941e+06,
1.30072e+06,
1.30758e+06,
1.3143e+06,
1.32093e+06,
1.32709e+06,
1.33251e+06,
1.33878e+06,
1.34591e+06,
1.35326e+06,
1.36065e+06,
1.36802e+06,
1.37558e+06,
1.38301e+06,
1.39031e+06,
1.39725e+06,
1.40387e+06,
1.41092e+06,
1.41891e+06,
1.42664e+06,
1.4348e+06,
1.44264e+06,
1.45065e+06,
1.45848e+06,
1.4663e+06,
1.47409e+06,
1.48131e+06,
1.48954e+06,
1.49805e+06,
1.50661e+06,
1.51523e+06,
1.5241e+06,
1.53289e+06,
1.54165e+06,
1.55036e+06,
1.55856e+06,
1.56628e+06,
1.57552e+06,
1.5849e+06,
1.59424e+06,
1.60347e+06,
1.61307e+06,
1.62244e+06,
1.63202e+06,
1.64134e+06,
1.65023e+06,
1.65884e+06,
1.66854e+06,
1.67873e+06,
1.68915e+06,
1.69916e+06,
1.70922e+06,
1.71951e+06,
1.72967e+06,
1.74035e+06,
1.75032e+06,
1.75966e+06,
1.7706e+06,
1.78188e+06,
1.79266e+06,
1.80372e+06,
1.81541e+06,
1.82683e+06,
1.83819e+06,
1.84923e+06,
1.85979e+06,
1.86945e+06,
1.88083e+06,
1.89285e+06,
1.9049e+06,
1.91712e+06,
1.92912e+06,
1.94114e+06,
1.95326e+06,
1.9648e+06,
1.97576e+06,
1.98615e+06,
1.99873e+06,
2.01159e+06,
2.02426e+06,
2.03669e+06,
2.04915e+06,
2.06176e+06,
2.07477e+06,
2.08781e+06,
2.10022e+06,
2.11152e+06,
2.12468e+06,
2.13819e+06,
2.15149e+06,
2.16466e+06,
2.17796e+06,
2.19108e+06,
2.20329e+06,
2.21429e+06,
2.22084e+06,
2.22307e+06,
2.23754e+06,
2.25322e+06,
2.26856e+06,
2.28394e+06,
2.29952e+06,
2.315e+06,
2.33072e+06,
2.34636e+06,
2.362e+06,
2.37803e+06,
2.39426e+06,
2.41071e+06,
2.42701e+06,
2.44356e+06,
2.46001e+06,
2.47665e+06,
2.49378e+06,
2.51078e+06,
2.52831e+06,
2.54573e+06,
2.56312e+06,
2.58049e+06,
2.59804e+06,
2.61553e+06,
2.63325e+06,
2.65102e+06,
2.66901e+06,
2.68726e+06,
2.70523e+06,
2.7233e+06,
2.74165e+06,
2.76016e+06,
2.77893e+06,
2.79801e+06,
2.81673e+06,
2.83569e+06,
2.8547e+06,
2.87395e+06,
2.89889e+06,
2.92881e+06,
2.95991e+06,
2.9911e+06,
3.02233e+06,
3.05332e+06,
3.08414e+06,
3.11554e+06,
3.14693e+06,
3.17844e+06,
3.21082e+06,
3.24423e+06,
3.27795e+06,
3.31091e+06,
3.34471e+06,
3.3784e+06,
3.41252e+06,
3.44741e+06,
3.48187e+06,
3.5172e+06,
3.55247e+06,
3.58869e+06,
3.62562e+06,
3.66334e+06,
3.70126e+06,
3.7403e+06,
3.77906e+06,
3.81791e+06,
3.85682e+06,
3.89623e+06,
3.93563e+06,
3.97673e+06,
4.01864e+06,
4.06181e+06,
4.10423e+06,
4.14615e+06,
4.18919e+06,
4.23266e+06,
4.27652e+06,
4.32059e+06,
4.36523e+06,
4.41083e+06,
4.45769e+06,
4.50513e+06,
4.55226e+06,
4.59999e+06,
4.6497e+06,
4.69977e+06,
4.75035e+06,
4.80148e+06,
4.8537e+06,
4.90771e+06,
4.96308e+06,
5.01929e+06,
5.07689e+06,
5.14068e+06,
5.20934e+06,
5.27633e+06,
5.33772e+06,
5.39587e+06,
5.4531e+06,
5.50884e+06,
5.56478e+06,
478966,
478659,
478385,
478191,
477953,
477817,
477770,
477687,
477650,
477534,
477471,
477367,
477325,
477278,
477259,
477284,
477281,
477141,
477083,
477103,
477219,
477443,
477557,
477635,
477733,
477876,
477990,
478125,
478224,
478383,
478508,
478688,
478822,
478994,
479150,
479333,
479443,
479536,
479801,
480033,
480326,
480577,
480743,
480971,
481239,
481463,
481717,
482003,
482210,
482376,
482569,
482772,
482870,
482996,
483221,
483350,
483508,
483615,
483861,
484166,
484446,
484726,
485000,
485243,
485463,
485703,
485961,
486168,
486478,
486656,
486832,
487050,
487341,
487584,
487820,
487984,
488223,
488424,
488615,
488851,
489127,
489363,
489671,
489924,
490158,
490423,
490731,
490995,
491198,
491472,
491791,
492054,
492283,
492547,
492774,
492977,
493280,
493399,
493539,
493766,
494084,
494385,
494654,
494888,
495191,
495423,
495661,
495897,
496046,
496290,
496676,
497014,
497341,
497673,
498026,
498404,
498646,
498971,
499143,
499417,
499801,
500208,
500490,
500877,
501176,
501583,
501887,
502156,
502420,
502737,
503175,
503548,
503986,
504458,
504912,
505396,
505758,
506082,
506280,
506563,
507063,
507522,
507988,
508488,
508940,
509448,
509951,
510330,
510736,
511111,
511514,
512032,
512476,
513021,
513544,
514024,
514532,
514970,
515386,
515814,
516320,
516909,
517487,
518034,
518732,
519401,
519985,
520417,
520910,
521431,
521930,
522524,
523157,
523764,
524353,
524979,
525504,
525979,
526370,
526887,
527387,
528097,
528819,
529474,
530113,
530778,
531446,
532201,
532702,
533342,
533937,
534613,
535320,
536019,
536752,
537417,
538071,
538579,
539076,
539642,
540261,
540964,
541610,
542348,
543028,
543745,
544556,
545206,
545747,
546444,
547080,
547857,
548619,
549301,
550010,
550738,
551435,
552108,
552817,
553447,
554138,
554880,
555699,
556451,
557146,
557947,
558659,
559326,
559954,
560739,
561405,
562198,
562963,
563720,
564509,
565304,
566040,
566668,
567407,
568177,
568853,
569659,
570448,
571336,
572138,
572989,
573770,
574675,
575488,
576354,
577125,
577924,
578717,
579473,
580221,
580974,
581700,
582380,
583011,
583757,
584370,
585245,
586081,
586861,
587647,
588411,
589300,
590277,
591226,
591987,
592866,
593741,
594620,
595524,
596245,
597077,
597914,
598717,
599489,
600307,
601131,
601933,
602745,
603516,
604321,
605161,
605969,
606778,
607438,
608201,
609000,
609856,
610693,
611518,
612366,
613149,
613964,
614722,
615355,
616164,
617011,
617833,
618646,
619475,
620345,
621186,
622030,
622725,
623476,
624299,
624923,
625656,
626508,
627409,
628253,
629157,
629947,
630638,
631327,
632149,
632876,
633665,
634617,
635563,
636434,
637249,
638185,
638909,
639669,
640524,
641377,
642282,
643152,
644169,
645089,
645903,
646781,
647552,
648311,
649163,
650029,
650998,
651999,
652983,
653923,
654785,
655681,
656504,
657259,
658073,
659024,
660051,
661090,
662125,
663079,
664047,
664958,
665798,
666633,
667541,
668408,
669409,
670394,
671410,
672433,
673518,
674603,
675805,
677018,
678046,
679199,
680197,
681281,
682284,
683299,
684162,
684979,
685771,
686417,
687118,
687847,
688846,
689837,
690805,
691710,
692643,
693482,
694223,
694816,
695623,
696315,
697390,
698402,
699416,
700566,
701583,
702421,
703194,
703838,
704711,
705573,
706661,
707742,
708828,
709873,
710881,
711876,
712626,
713352,
714231,
715123,
716303,
717426,
718537,
719654,
720767,
721867,
722790,
723759,
724728,
725760,
727022,
728212,
729571,
730784,
731937,
733083,
734039,
734869,
735825,
736882,
738169,
739371,
740562,
741855,
743071,
744392,
745414,
746541,
747771,
748958,
750279,
751623,
752846,
754027,
755338,
756568,
757645,
758505,
759577,
760797,
762089,
763317,
764503,
765750,
766863,
768042,
768902,
769663,
770645,
771792,
773065,
774361,
775732,
777064,
778220,
779364,
780339,
781289,
782449,
783647,
785081,
786420,
787753,
789198,
790517,
791818,
792867,
793746,
794883,
796060,
797523,
799094,
800566,
802005,
803398,
804730,
805801,
806837,
808043,
809479,
811013,
812564,
814124,
815673,
817167,
818575,
819666,
820787,
822088,
823570,
825224,
826783,
828447,
830112,
831636,
833090,
834402,
835596,
836782,
838628,
840264,
841972,
843855,
846442,
848914,
851315,
853666,
855877,
858233,
861009,
864089,
867213,
870238,
873190,
876103,
878885,
881240,
883677,
886194,
889494,
892598,
895833,
899142,
902659,
905973,
908939,
911589,
913914,
916627,
920224,
924045,
927633,
931388,
934742,
938789,
942446,
946036,
949531,
953075,
956888,
960710,
964578,
968762,
972910,
977091,
981347,
985260,
988994,
993037,
997351,
1.00159e+06,
1.00588e+06,
1.01021e+06,
1.01458e+06,
1.01899e+06,
1.0232e+06,
1.02686e+06,
1.03025e+06,
1.03444e+06,
1.03917e+06,
1.04408e+06,
1.04865e+06,
1.05327e+06,
1.05782e+06,
1.06249e+06,
1.06715e+06,
1.07139e+06,
1.07519e+06,
1.07972e+06,
1.08499e+06,
1.08999e+06,
1.09521e+06,
1.10025e+06,
1.10528e+06,
1.11034e+06,
1.11526e+06,
1.12e+06,
1.12424e+06,
1.12967e+06,
1.1353e+06,
1.14107e+06,
1.14672e+06,
1.15242e+06,
1.15814e+06,
1.16392e+06,
1.16948e+06,
1.17472e+06,
1.17933e+06,
1.18507e+06,
1.19138e+06,
1.19725e+06,
1.20331e+06,
1.20956e+06,
1.21561e+06,
1.2214e+06,
1.22732e+06,
1.23259e+06,
1.23693e+06,
1.24303e+06,
1.24957e+06,
1.25633e+06,
1.26279e+06,
1.26939e+06,
1.27604e+06,
1.28276e+06,
1.28945e+06,
1.29578e+06,
1.301e+06,
1.30789e+06,
1.31487e+06,
1.32194e+06,
1.32943e+06,
1.3364e+06,
1.34355e+06,
1.35094e+06,
1.35808e+06,
1.36468e+06,
1.37071e+06,
1.3783e+06,
1.38604e+06,
1.39397e+06,
1.40214e+06,
1.41e+06,
1.41789e+06,
1.42559e+06,
1.43325e+06,
1.44035e+06,
1.44712e+06,
1.45546e+06,
1.46375e+06,
1.472e+06,
1.48002e+06,
1.48821e+06,
1.49648e+06,
1.50477e+06,
1.51264e+06,
1.52027e+06,
1.52732e+06,
1.53588e+06,
1.54459e+06,
1.55337e+06,
1.5621e+06,
1.57077e+06,
1.5798e+06,
1.58891e+06,
1.59815e+06,
1.60656e+06,
1.61466e+06,
1.62455e+06,
1.6342e+06,
1.64385e+06,
1.65376e+06,
1.66351e+06,
1.6737e+06,
1.68359e+06,
1.69365e+06,
1.7027e+06,
1.71088e+06,
1.72106e+06,
1.73169e+06,
1.74239e+06,
1.75316e+06,
1.7638e+06,
1.77396e+06,
1.7843e+06,
1.79464e+06,
1.80428e+06,
1.81307e+06,
1.82418e+06,
1.83541e+06,
1.84625e+06,
1.85752e+06,
1.86864e+06,
1.87991e+06,
1.8914e+06,
1.90271e+06,
1.91363e+06,
1.92325e+06,
1.93499e+06,
1.94676e+06,
1.95835e+06,
1.96974e+06,
1.98119e+06,
1.99257e+06,
2.00339e+06,
2.01281e+06,
2.01699e+06,
2.0177e+06,
2.03119e+06,
2.04457e+06,
2.058e+06,
2.07187e+06,
2.08573e+06,
2.09978e+06,
2.1135e+06,
2.12756e+06,
2.14131e+06,
2.15538e+06,
2.16996e+06,
2.18477e+06,
2.19965e+06,
2.21436e+06,
2.22912e+06,
2.24411e+06,
2.25895e+06,
2.274e+06,
2.28949e+06,
2.30505e+06,
2.32085e+06,
2.33582e+06,
2.35136e+06,
2.36674e+06,
2.38219e+06,
2.39816e+06,
2.41427e+06,
2.43016e+06,
2.446e+06,
2.46195e+06,
2.47817e+06,
2.49431e+06,
2.51094e+06,
2.52769e+06,
2.54456e+06,
2.56114e+06,
2.57815e+06,
2.59516e+06,
2.61219e+06,
2.62933e+06,
2.64701e+06,
2.66498e+06,
2.68272e+06,
2.70024e+06,
2.71793e+06,
2.73578e+06,
2.75378e+06,
2.77178e+06,
2.79073e+06,
2.81014e+06,
2.8373e+06,
2.86595e+06,
2.89485e+06,
2.92342e+06,
2.95228e+06,
2.98128e+06,
3.0108e+06,
3.04035e+06,
3.06976e+06,
3.09894e+06,
3.1292e+06,
3.16064e+06,
3.19239e+06,
3.22405e+06,
3.25689e+06,
3.28885e+06,
3.32166e+06,
3.35406e+06,
3.38664e+06,
3.41926e+06,
3.45219e+06,
3.48726e+06,
3.52262e+06,
3.5582e+06,
3.59284e+06,
3.62869e+06,
3.66424e+06,
3.70029e+06,
3.73663e+06,
3.77291e+06,
3.80955e+06,
3.84734e+06,
3.8854e+06,
3.92421e+06,
3.9626e+06,
4.00258e+06,
4.04323e+06,
4.08427e+06,
4.12545e+06,
4.16668e+06,
4.2083e+06,
4.25033e+06,
4.29323e+06,
4.33705e+06,
4.38098e+06,
4.42624e+06,
4.47116e+06,
4.51636e+06,
4.56201e+06,
4.60837e+06,
4.65477e+06,
478966,
478655,
478373,
478158,
477924,
477759,
477687,
477633,
477536,
477459,
477352,
477278,
477163,
477157,
477082,
477112,
477073,
477017,
476941,
476924,
477048,
477252,
477399,
477521,
477535,
477668,
477789,
477859,
477965,
478075,
478222,
478458,
478543,
478651,
478803,
479019,
479111,
479277,
479424,
479670,
479966,
480204,
480408,
480671,
480955,
481189,
481365,
481635,
481950,
482053,
482288,
482425,
482548,
482693,
482875,
483044,
483201,
483327,
483518,
483767,
483969,
484217,
484500,
484750,
484984,
485212,
485402,
485633,
485841,
486074,
486373,
486589,
486777,
487019,
487202,
487384,
487621,
487869,
488051,
488316,
488537,
488850,
489066,
489254,
489514,
489805,
490087,
490330,
490576,
490859,
491200,
491394,
491621,
491834,
492116,
492352,
492548,
492673,
492827,
493030,
493415,
493673,
493895,
494155,
494422,
494660,
494938,
495118,
495205,
495439,
495832,
496123,
496453,
496830,
497115,
497383,
497696,
497992,
498114,
498456,
498837,
499221,
499654,
500060,
500363,
500662,
501044,
501264,
501409,
501712,
502142,
502597,
503002,
503429,
503820,
504285,
504712,
505051,
505202,
505543,
505953,
506455,
506936,
507355,
507866,
508316,
508865,
509247,
509500,
509855,
510422,
510962,
511482,
512068,
512532,
512988,
513501,
513987,
514336,
514784,
515415,
515971,
516564,
517141,
517754,
518267,
518861,
519308,
519659,
520058,
520670,
521305,
521913,
522535,
523161,
523751,
524309,
524828,
525172,
525683,
526279,
526952,
527566,
528236,
528939,
529548,
530208,
530861,
531306,
531803,
532532,
533174,
533791,
534484,
535190,
535777,
536368,
536921,
537351,
537911,
538566,
539307,
539994,
540716,
541435,
542100,
542829,
543391,
543925,
544490,
545220,
545885,
546566,
547346,
548108,
548860,
549591,
550278,
550877,
551436,
552233,
552963,
553790,
554505,
555265,
555963,
556731,
557470,
558052,
558667,
559401,
560146,
560925,
561783,
562461,
563186,
563957,
564614,
565175,
565853,
566624,
567411,
568212,
569048,
569924,
570685,
571495,
572298,
573168,
574055,
574847,
575584,
576333,
577119,
577882,
578578,
579345,
579954,
580425,
581021,
581853,
582664,
583458,
584268,
585136,
585911,
586800,
587686,
588552,
589414,
590267,
591114,
591890,
592646,
593487,
594331,
595133,
595850,
596569,
597319,
598150,
599071,
599779,
600653,
601516,
602301,
603081,
603819,
604486,
605100,
605800,
606630,
607476,
608265,
609026,
609744,
610448,
611135,
611712,
612344,
613084,
613981,
614843,
615638,
616476,
617154,
617945,
618631,
619234,
619828,
620641,
621410,
622167,
622877,
623690,
624450,
625214,
625898,
626566,
627247,
628030,
628922,
629853,
630587,
631385,
632206,
633091,
633773,
634367,
635084,
635942,
636772,
637627,
638469,
639306,
640191,
641049,
641811,
642517,
643322,
644234,
645175,
646127,
647016,
647886,
648795,
649636,
650439,
651225,
652004,
652837,
653805,
654760,
655666,
656638,
657466,
658385,
659161,
659919,
660779,
661681,
662646,
663653,
664633,
665647,
666644,
667616,
668713,
669943,
671076,
671931,
672829,
673802,
674735,
675599,
676434,
677198,
677948,
678501,
679162,
680109,
681042,
682006,
682870,
683772,
684552,
685404,
686014,
686478,
687130,
688206,
689242,
690222,
691160,
692091,
692991,
693845,
694608,
695191,
695881,
696911,
697972,
699064,
700124,
701061,
702019,
702944,
703683,
704283,
705064,
706154,
707305,
708458,
709528,
710545,
711566,
712516,
713326,
714020,
714914,
715995,
717113,
718254,
719348,
720456,
721484,
722526,
723399,
724179,
725059,
726218,
727426,
728541,
729657,
730738,
731923,
732921,
733883,
734692,
735587,
736829,
738032,
739316,
740626,
741818,
743006,
744132,
745104,
745910,
746903,
748139,
749484,
750796,
752131,
753411,
754695,
755845,
756826,
757810,
758883,
760278,
761564,
762899,
764297,
765497,
766609,
767824,
768728,
769333,
770352,
771727,
773076,
774327,
775747,
777156,
778421,
779670,
780708,
781328,
782354,
783794,
785255,
786716,
788167,
789532,
790796,
792190,
793224,
794113,
795366,
796918,
798376,
800011,
801505,
802904,
804384,
805836,
807088,
808159,
809458,
811002,
812548,
814202,
815696,
817245,
818786,
820151,
821352,
822209,
823540,
825220,
826840,
828476,
830303,
832034,
833706,
835210,
836570,
837383,
838750,
840623,
842404,
844108,
845942,
847798,
849610,
851369,
852623,
853519,
855187,
857171,
859131,
861130,
863180,
865072,
867005,
868838,
870184,
870854,
872675,
874991,
877210,
879438,
881825,
884291,
886938,
890156,
893353,
896313,
899688,
903355,
907040,
910906,
914575,
918182,
921711,
925074,
928552,
931615,
935329,
939350,
943250,
947135,
951086,
954789,
958677,
962244,
965481,
968074,
971951,
976086,
980346,
984526,
988849,
993065,
997096,
1.00115e+06,
1.00475e+06,
1.0076e+06,
1.01201e+06,
1.01659e+06,
1.02109e+06,
1.02562e+06,
1.0304e+06,
1.03498e+06,
1.03958e+06,
1.04422e+06,
1.04817e+06,
1.05177e+06,
1.05677e+06,
1.06178e+06,
1.06679e+06,
1.07194e+06,
1.07725e+06,
1.08265e+06,
1.08779e+06,
1.09277e+06,
1.09742e+06,
1.10117e+06,
1.10638e+06,
1.11178e+06,
1.11712e+06,
1.12239e+06,
1.12795e+06,
1.13349e+06,
1.13888e+06,
1.14402e+06,
1.1482e+06,
1.15178e+06,
1.1577e+06,
1.16375e+06,
1.16967e+06,
1.17588e+06,
1.18182e+06,
1.18773e+06,
1.19344e+06,
1.19922e+06,
1.20448e+06,
1.20944e+06,
1.21613e+06,
1.22263e+06,
1.22916e+06,
1.2357e+06,
1.24213e+06,
1.24837e+06,
1.25493e+06,
1.26146e+06,
1.26736e+06,
1.27269e+06,
1.2794e+06,
1.28616e+06,
1.29302e+06,
1.29991e+06,
1.30703e+06,
1.31421e+06,
1.32133e+06,
1.32823e+06,
1.3344e+06,
1.34021e+06,
1.34723e+06,
1.35451e+06,
1.36203e+06,
1.36951e+06,
1.37718e+06,
1.38422e+06,
1.3913e+06,
1.3983e+06,
1.40475e+06,
1.41084e+06,
1.4187e+06,
1.42686e+06,
1.43489e+06,
1.44293e+06,
1.45088e+06,
1.45883e+06,
1.46693e+06,
1.47487e+06,
1.48221e+06,
1.489e+06,
1.49759e+06,
1.50634e+06,
1.51464e+06,
1.52324e+06,
1.53169e+06,
1.54005e+06,
1.54841e+06,
1.55691e+06,
1.56455e+06,
1.57151e+06,
1.58071e+06,
1.58962e+06,
1.59868e+06,
1.60748e+06,
1.61677e+06,
1.62572e+06,
1.63442e+06,
1.64315e+06,
1.65117e+06,
1.6585e+06,
1.66812e+06,
1.67782e+06,
1.68792e+06,
1.69777e+06,
1.7078e+06,
1.71772e+06,
1.72766e+06,
1.73749e+06,
1.74656e+06,
1.75519e+06,
1.76571e+06,
1.77599e+06,
1.78612e+06,
1.79615e+06,
1.80592e+06,
1.81559e+06,
1.82419e+06,
1.8323e+06,
1.83487e+06,
1.83403e+06,
1.84591e+06,
1.85777e+06,
1.86919e+06,
1.88115e+06,
1.89317e+06,
1.90538e+06,
1.91795e+06,
1.93042e+06,
1.94289e+06,
1.95554e+06,
1.96806e+06,
1.98133e+06,
1.99425e+06,
2.00745e+06,
2.02076e+06,
2.03384e+06,
2.04718e+06,
2.06031e+06,
2.07363e+06,
2.08739e+06,
2.10137e+06,
2.11529e+06,
2.12921e+06,
2.14299e+06,
2.15701e+06,
2.17061e+06,
2.18467e+06,
2.19877e+06,
2.21327e+06,
2.22765e+06,
2.24205e+06,
2.25633e+06,
2.27036e+06,
2.28468e+06,
2.29916e+06,
2.31443e+06,
2.32938e+06,
2.3445e+06,
2.35947e+06,
2.37471e+06,
2.38994e+06,
2.40545e+06,
2.4215e+06,
2.43758e+06,
2.4536e+06,
2.46962e+06,
2.48542e+06,
2.5014e+06,
2.51746e+06,
2.53389e+06,
2.5507e+06,
2.56712e+06,
2.5837e+06,
2.59998e+06,
2.6166e+06,
2.63297e+06,
2.64984e+06,
2.66678e+06,
2.6839e+06,
2.70108e+06,
2.71829e+06,
2.73661e+06,
2.76209e+06,
2.78842e+06,
2.81586e+06,
2.84306e+06,
2.87091e+06,
2.89842e+06,
2.92618e+06,
2.95385e+06,
2.98164e+06,
3.0096e+06,
3.03842e+06,
3.06851e+06,
3.09812e+06,
3.12854e+06,
3.15822e+06,
3.18824e+06,
3.21852e+06,
3.24809e+06,
3.27914e+06,
3.30963e+06,
3.34075e+06,
3.37297e+06,
3.40547e+06,
3.43734e+06,
3.47001e+06,
3.5039e+06,
3.53773e+06,
3.57184e+06,
3.60656e+06,
3.64056e+06,
3.67512e+06,
3.71032e+06,
3.74542e+06,
3.78156e+06,
3.81891e+06,
3.85609e+06,
3.89347e+06,
3.93044e+06,
3.96783e+06,
478966,
478654,
478365,
478120,
477864,
477713,
477611,
477543,
477487,
477389,
477256,
477174,
477065,
476980,
476940,
476896,
476860,
476851,
476798,
476740,
476893,
477064,
477259,
477289,
477363,
477465,
477549,
477637,
477759,
477802,
478053,
478188,
478282,
478399,
478551,
478721,
478817,
478917,
479152,
479292,
479599,
479851,
480086,
480377,
480601,
480822,
481030,
481192,
481429,
481647,
481847,
481991,
482166,
482332,
482486,
482684,
482802,
482963,
483166,
483362,
483629,
483776,
483989,
484211,
484460,
484641,
484849,
485150,
485361,
485535,
485813,
486028,
486308,
486451,
486553,
486770,
487049,
487293,
487522,
487744,
487994,
488252,
488492,
488684,
488891,
489149,
489385,
489578,
489850,
490049,
490308,
490505,
490765,
490989,
491170,
491455,
491679,
491772,
491898,
492217,
492572,
492906,
493224,
493512,
493771,
493981,
494135,
494347,
494392,
494679,
495010,
495276,
495664,
495970,
496223,
496494,
496744,
496960,
497101,
497482,
497860,
498206,
498604,
498991,
499350,
499679,
500062,
500348,
500413,
500743,
501194,
501573,
502054,
502452,
502813,
503214,
503665,
503963,
504123,
504543,
505019,
505525,
506011,
506491,
506905,
507258,
507731,
508096,
508328,
508834,
509356,
509916,
510443,
511000,
511481,
511949,
512393,
512771,
512983,
513512,
514065,
514611,
515139,
515823,
516386,
516934,
517527,
517979,
518319,
518896,
519449,
520021,
520580,
521192,
521756,
522340,
522930,
523417,
523696,
524254,
524855,
525503,
526160,
526830,
527428,
528005,
528556,
529103,
529595,
530304,
530961,
531649,
532273,
532924,
533567,
534169,
534813,
535365,
535708,
536305,
536963,
537592,
538260,
538965,
539733,
540486,
541111,
541692,
542123,
542824,
543589,
544258,
544989,
545630,
546344,
547040,
547625,
548239,
548783,
549542,
550284,
551018,
551767,
552520,
553277,
553941,
554583,
555199,
555700,
556418,
557240,
557972,
558711,
559425,
560210,
561038,
561679,
562329,
562874,
563511,
564338,
565127,
565890,
566677,
567513,
568315,
569033,
569846,
570623,
571451,
572174,
572923,
573710,
574411,
575163,
575846,
576564,
577161,
577613,
578319,
579105,
579912,
580766,
581476,
582333,
583168,
583980,
584865,
585771,
586567,
587376,
588209,
589059,
589842,
590635,
591451,
592227,
593028,
593729,
594501,
595229,
596022,
596866,
597699,
598393,
599148,
599887,
600524,
601124,
601784,
602686,
603473,
604324,
605078,
605762,
606535,
607244,
607838,
608315,
609008,
609742,
610565,
611454,
612281,
613040,
613785,
614484,
615171,
615645,
616350,
617147,
618058,
618800,
619640,
620347,
621125,
621789,
622365,
622819,
623625,
624495,
625342,
626085,
626895,
627662,
628490,
629245,
629812,
630322,
631108,
631896,
632739,
633514,
634332,
635141,
635942,
636676,
637327,
637948,
638690,
639560,
640492,
641364,
642205,
643047,
643812,
644644,
645318,
645810,
646527,
647410,
648255,
649124,
649984,
650796,
651647,
652382,
653061,
653518,
654411,
655395,
656325,
657323,
658250,
659344,
660307,
661374,
662454,
663664,
664563,
665464,
666316,
667168,
668007,
668805,
669668,
670501,
671103,
671494,
672093,
672977,
673882,
674774,
675551,
676464,
677300,
677972,
678541,
678825,
679542,
680497,
681369,
682308,
683272,
684095,
685037,
685854,
686504,
686664,
687458,
688516,
689355,
690347,
691459,
692304,
693188,
694073,
694801,
695217,
696082,
697043,
698077,
699119,
700151,
701167,
702103,
703085,
703865,
704495,
705442,
706484,
707525,
708504,
709567,
710604,
711554,
712602,
713502,
714059,
715041,
716245,
717413,
718599,
719768,
720913,
722017,
723021,
723863,
724349,
725467,
726681,
727831,
728958,
730047,
731044,
732172,
733244,
734159,
734600,
735740,
737001,
738233,
739486,
740743,
741916,
742985,
744048,
744789,
745273,
746405,
747681,
749076,
750471,
751740,
752982,
754147,
755262,
756063,
756621,
757872,
759238,
760569,
761999,
763251,
764523,
765916,
767160,
768075,
768538,
769969,
771424,
772897,
774256,
775712,
777117,
778464,
779680,
780681,
781379,
782883,
784314,
785776,
787346,
788782,
790333,
791852,
793309,
794562,
795417,
797088,
798711,
800404,
801884,
803523,
805116,
806604,
807991,
809123,
809837,
811634,
813307,
814959,
816605,
818054,
819754,
821358,
822858,
824026,
824671,
826510,
828419,
830316,
832193,
834069,
835877,
837713,
839235,
840484,
840874,
842939,
845056,
847150,
849293,
851155,
853153,
855082,
856939,
858061,
858431,
860629,
862978,
865283,
867555,
870012,
872388,
874664,
876966,
879255,
881167,
883603,
885979,
888544,
890945,
893399,
895773,
898101,
900402,
902633,
904370,
907009,
909801,
912322,
914866,
917468,
919986,
922499,
924808,
926639,
927601,
930243,
933136,
935961,
938670,
941291,
943927,
946472,
948916,
950915,
952349,
956264,
960315,
964447,
968555,
972603,
977044,
981128,
985217,
988684,
991690,
996019,
1.00061e+06,
1.00541e+06,
1.00997e+06,
1.01443e+06,
1.0189e+06,
1.02303e+06,
1.02729e+06,
1.03107e+06,
1.03448e+06,
1.03942e+06,
1.04438e+06,
1.04889e+06,
1.05385e+06,
1.05874e+06,
1.06359e+06,
1.06836e+06,
1.07281e+06,
1.07633e+06,
1.07896e+06,
1.08434e+06,
1.08962e+06,
1.09479e+06,
1.10023e+06,
1.10536e+06,
1.11066e+06,
1.11572e+06,
1.12088e+06,
1.12584e+06,
1.13004e+06,
1.13576e+06,
1.14156e+06,
1.14747e+06,
1.15326e+06,
1.15903e+06,
1.16501e+06,
1.17082e+06,
1.17647e+06,
1.18166e+06,
1.18613e+06,
1.1923e+06,
1.19822e+06,
1.2044e+06,
1.21068e+06,
1.21698e+06,
1.22312e+06,
1.22915e+06,
1.23516e+06,
1.24072e+06,
1.24589e+06,
1.25235e+06,
1.25896e+06,
1.26574e+06,
1.27219e+06,
1.27879e+06,
1.28537e+06,
1.29183e+06,
1.29825e+06,
1.30408e+06,
1.3093e+06,
1.3165e+06,
1.32351e+06,
1.33054e+06,
1.33743e+06,
1.34466e+06,
1.3518e+06,
1.35907e+06,
1.36602e+06,
1.37221e+06,
1.37788e+06,
1.3854e+06,
1.39293e+06,
1.4005e+06,
1.40829e+06,
1.41599e+06,
1.42375e+06,
1.43089e+06,
1.43801e+06,
1.44471e+06,
1.45069e+06,
1.45871e+06,
1.46672e+06,
1.47478e+06,
1.48261e+06,
1.49053e+06,
1.4982e+06,
1.50606e+06,
1.51374e+06,
1.52053e+06,
1.52688e+06,
1.53493e+06,
1.54315e+06,
1.55185e+06,
1.56024e+06,
1.56868e+06,
1.57726e+06,
1.58594e+06,
1.59415e+06,
1.60178e+06,
1.60854e+06,
1.61752e+06,
1.62633e+06,
1.63451e+06,
1.64315e+06,
1.65192e+06,
1.65991e+06,
1.66727e+06,
1.67333e+06,
1.67418e+06,
1.67174e+06,
1.68201e+06,
1.69243e+06,
1.70336e+06,
1.71373e+06,
1.72417e+06,
1.73464e+06,
1.7454e+06,
1.75635e+06,
1.7676e+06,
1.77854e+06,
1.78968e+06,
1.80101e+06,
1.81241e+06,
1.82403e+06,
1.83545e+06,
1.84717e+06,
1.85915e+06,
1.87131e+06,
1.88344e+06,
1.89534e+06,
1.90739e+06,
1.91955e+06,
1.93168e+06,
1.94412e+06,
1.95647e+06,
1.96875e+06,
1.98104e+06,
1.99318e+06,
2.00547e+06,
2.01823e+06,
2.03081e+06,
2.0438e+06,
2.05664e+06,
2.06958e+06,
2.08234e+06,
2.0953e+06,
2.1086e+06,
2.12173e+06,
2.13526e+06,
2.14908e+06,
2.16312e+06,
2.1767e+06,
2.19051e+06,
2.20411e+06,
2.21784e+06,
2.23209e+06,
2.24663e+06,
2.26083e+06,
2.2749e+06,
2.28899e+06,
2.30333e+06,
2.31788e+06,
2.33246e+06,
2.34728e+06,
2.36189e+06,
2.3768e+06,
2.39179e+06,
2.40658e+06,
2.42168e+06,
2.43648e+06,
2.45154e+06,
2.46716e+06,
2.48221e+06,
2.49792e+06,
2.51336e+06,
2.52875e+06,
2.54438e+06,
2.56072e+06,
2.57695e+06,
2.5933e+06,
2.6095e+06,
2.62599e+06,
2.64226e+06,
2.65895e+06,
2.67952e+06,
2.70334e+06,
2.72969e+06,
2.75524e+06,
2.78077e+06,
2.80656e+06,
2.83218e+06,
2.85811e+06,
2.8838e+06,
2.91025e+06,
2.9365e+06,
2.96426e+06,
2.99197e+06,
3.01999e+06,
3.04772e+06,
3.07645e+06,
3.10431e+06,
3.13362e+06,
3.16272e+06,
3.1916e+06,
3.22079e+06,
3.25038e+06,
3.28046e+06,
3.31121e+06,
3.34428e+06,
3.37695e+06,
3.40919e+06,
478966,
478639,
478335,
478120,
477847,
477667,
477545,
477486,
477398,
477238,
477170,
477106,
476931,
476838,
476792,
476805,
476774,
476670,
476604,
476598,
476660,
476843,
477042,
477100,
477141,
477223,
477264,
477353,
477465,
477547,
477720,
477842,
477975,
478113,
478305,
478438,
478571,
478670,
478778,
478933,
479258,
479458,
479712,
479959,
480214,
480464,
480652,
480871,
481103,
481204,
481304,
481503,
481663,
481842,
482089,
482255,
482451,
482605,
482757,
483018,
483208,
483367,
483555,
483749,
483904,
484115,
484385,
484571,
484793,
485038,
485322,
485491,
485721,
485930,
486080,
486256,
486504,
486648,
486859,
487106,
487364,
487575,
487775,
488004,
488227,
488491,
488774,
488931,
489133,
489335,
489568,
489799,
490019,
490275,
490480,
490628,
490873,
490964,
491071,
491329,
491676,
491966,
492273,
492601,
492862,
493005,
493297,
493477,
493577,
493846,
494106,
494409,
494664,
495078,
495321,
495551,
495795,
495997,
496042,
496446,
496838,
497174,
497556,
497955,
498306,
498570,
498877,
499122,
499204,
499669,
500049,
500457,
500871,
501287,
501694,
502135,
502532,
502911,
503081,
503460,
504028,
504479,
504988,
505394,
505882,
506214,
506620,
506873,
507011,
507501,
508047,
508600,
509148,
509600,
510108,
510603,
510976,
511384,
511635,
512187,
512798,
513394,
513964,
514460,
514961,
515563,
516049,
516429,
516703,
517342,
517978,
518553,
519125,
519713,
520230,
520803,
521340,
521807,
522085,
522691,
523260,
523979,
524606,
525277,
525880,
526441,
527016,
527458,
527768,
528507,
529242,
529943,
530632,
531310,
531976,
532620,
533240,
533666,
533940,
534627,
535245,
535952,
536604,
537250,
537914,
538495,
539126,
539711,
540166,
540852,
541614,
542285,
543092,
543807,
544482,
545241,
545986,
546493,
546929,
547651,
548379,
549193,
549830,
550510,
551226,
551871,
552473,
553073,
553510,
554269,
554983,
555760,
556453,
557149,
557879,
558601,
559316,
559915,
560293,
561006,
561800,
562640,
563383,
564152,
564889,
565629,
566419,
567222,
568009,
568735,
569493,
570258,
571082,
571847,
572528,
573232,
573938,
574476,
574809,
575592,
576439,
577304,
578075,
578910,
579676,
580543,
581417,
582264,
583245,
584038,
584826,
585566,
586344,
587066,
587807,
588588,
589325,
590061,
590717,
591446,
592202,
593116,
593881,
594568,
595262,
596011,
596710,
597247,
597706,
598490,
599290,
600163,
600884,
601621,
602374,
603141,
603757,
604346,
604699,
605476,
606342,
607146,
607867,
608668,
609432,
610292,
610951,
611524,
611940,
612786,
613565,
614273,
615101,
615938,
616707,
617461,
618192,
618781,
619173,
619966,
620818,
621664,
622484,
623230,
624063,
624799,
625581,
626063,
626532,
627406,
628223,
629126,
629940,
630734,
631511,
632245,
632938,
633565,
634116,
635041,
635875,
636718,
637509,
638264,
639125,
639912,
640612,
641188,
641745,
642539,
643406,
644309,
645196,
646025,
646729,
647530,
648219,
648807,
649154,
650009,
650835,
651764,
652685,
653653,
654588,
655492,
656380,
657309,
658534,
659308,
660100,
660867,
661641,
662418,
663176,
663909,
664652,
665015,
665044,
665895,
666701,
667524,
668306,
669120,
669900,
670679,
671337,
671678,
671697,
672618,
673480,
674366,
675325,
676170,
676943,
677753,
678527,
678899,
679000,
679855,
680826,
681698,
682588,
683467,
684333,
685147,
685996,
686636,
686845,
687789,
688756,
689750,
690724,
691722,
692656,
693616,
694499,
695149,
695485,
696482,
697508,
698537,
699567,
700525,
701538,
702557,
703496,
704150,
704544,
705524,
706623,
707626,
708644,
709701,
710683,
711717,
712678,
713371,
713771,
714852,
716029,
717203,
718277,
719408,
720525,
721650,
722719,
723330,
723753,
724975,
726181,
727265,
728481,
729713,
730838,
731851,
732942,
733633,
733996,
735065,
736334,
737566,
738839,
740143,
741417,
742589,
743797,
744703,
745121,
746449,
747781,
749091,
750299,
751629,
752963,
754210,
755423,
756302,
756694,
758081,
759460,
760810,
762248,
763769,
765197,
766412,
767652,
768698,
769348,
770973,
772575,
773990,
775505,
776983,
778545,
780000,
781410,
782514,
783383,
784939,
786569,
788136,
789761,
791416,
792917,
794419,
795892,
796980,
797820,
799519,
801129,
802833,
804532,
806179,
807917,
809652,
811212,
812271,
813018,
814994,
816952,
818749,
820582,
822339,
824150,
825838,
827522,
828553,
829076,
831252,
833450,
835407,
837424,
839433,
841501,
843490,
845227,
846425,
846966,
849453,
851810,
854106,
856444,
858911,
861199,
863599,
866003,
868191,
870117,
872658,
875232,
877689,
880314,
882830,
885322,
887681,
890203,
892286,
894192,
896847,
899525,
902149,
904704,
907266,
909869,
912299,
914541,
916274,
917365,
920105,
922930,
925613,
928437,
931448,
934237,
936737,
939278,
941041,
942499,
945519,
948355,
951317,
954278,
957022,
959917,
962637,
965435,
967520,
969112,
972159,
975314,
978339,
981502,
984470,
987561,
990423,
993210,
995498,
997096,
1.00027e+06,
1.00355e+06,
1.00696e+06,
1.01005e+06,
1.01326e+06,
1.01655e+06,
1.0194e+06,
1.02228e+06,
1.02422e+06,
1.02521e+06,
1.02872e+06,
1.03234e+06,
1.0358e+06,
1.03926e+06,
1.04278e+06,
1.04736e+06,
1.05219e+06,
1.05651e+06,
1.06029e+06,
1.06411e+06,
1.0693e+06,
1.07436e+06,
1.0796e+06,
1.08478e+06,
1.08973e+06,
1.09497e+06,
1.09975e+06,
1.10469e+06,
1.10928e+06,
1.11331e+06,
1.11878e+06,
1.12415e+06,
1.12962e+06,
1.13532e+06,
1.14063e+06,
1.14613e+06,
1.15151e+06,
1.15672e+06,
1.16143e+06,
1.16579e+06,
1.17153e+06,
1.17707e+06,
1.18288e+06,
1.18885e+06,
1.1946e+06,
1.20042e+06,
1.20614e+06,
1.21193e+06,
1.21696e+06,
1.22153e+06,
1.22797e+06,
1.23428e+06,
1.24073e+06,
1.24696e+06,
1.25312e+06,
1.25933e+06,
1.26576e+06,
1.27196e+06,
1.27734e+06,
1.28234e+06,
1.28896e+06,
1.29586e+06,
1.30251e+06,
1.30898e+06,
1.31566e+06,
1.3223e+06,
1.3287e+06,
1.33527e+06,
1.34076e+06,
1.346e+06,
1.3531e+06,
1.36012e+06,
1.36697e+06,
1.37406e+06,
1.3812e+06,
1.38835e+06,
1.39514e+06,
1.40159e+06,
1.40725e+06,
1.41247e+06,
1.41992e+06,
1.42715e+06,
1.43468e+06,
1.44226e+06,
1.44974e+06,
1.45719e+06,
1.46475e+06,
1.47193e+06,
1.47831e+06,
1.48424e+06,
1.492e+06,
1.49975e+06,
1.5073e+06,
1.51478e+06,
1.52212e+06,
1.52907e+06,
1.53508e+06,
1.5398e+06,
1.53892e+06,
1.53577e+06,
1.54466e+06,
1.55371e+06,
1.5629e+06,
1.5721e+06,
1.58107e+06,
1.59038e+06,
1.59962e+06,
1.60886e+06,
1.61836e+06,
1.62768e+06,
1.637e+06,
1.64661e+06,
1.65602e+06,
1.66608e+06,
1.67632e+06,
1.68651e+06,
1.69669e+06,
1.70677e+06,
1.71713e+06,
1.72754e+06,
1.73853e+06,
1.74898e+06,
1.75939e+06,
1.77004e+06,
1.78103e+06,
1.79171e+06,
1.80256e+06,
1.81342e+06,
1.8245e+06,
1.83553e+06,
1.84709e+06,
1.85816e+06,
1.86918e+06,
1.88052e+06,
1.89202e+06,
1.90366e+06,
1.91505e+06,
1.92673e+06,
1.93858e+06,
1.95013e+06,
1.962e+06,
1.97399e+06,
1.98642e+06,
1.9986e+06,
2.01149e+06,
2.02383e+06,
2.03612e+06,
2.04876e+06,
2.06136e+06,
2.07398e+06,
2.08676e+06,
2.0995e+06,
2.11243e+06,
2.12549e+06,
2.13831e+06,
2.15159e+06,
2.16444e+06,
2.17788e+06,
2.19106e+06,
2.2045e+06,
2.21894e+06,
2.23427e+06,
2.24897e+06,
2.26383e+06,
2.27941e+06,
2.29489e+06,
2.31053e+06,
2.32626e+06,
2.34243e+06,
2.35848e+06,
2.37427e+06,
2.39057e+06,
2.40722e+06,
2.42365e+06,
2.44038e+06,
2.45728e+06,
2.47376e+06,
2.49019e+06,
2.50746e+06,
2.52416e+06,
2.54159e+06,
2.55886e+06,
2.57584e+06,
2.59335e+06,
2.61068e+06,
2.62831e+06,
2.64573e+06,
2.66661e+06,
2.69151e+06,
2.71786e+06,
2.74421e+06,
2.77031e+06,
2.79683e+06,
2.82332e+06,
2.85054e+06,
2.87827e+06,
2.90584e+06,
2.93342e+06,
2.96185e+06,
2.99113e+06,
3.02009e+06,
478966,
478629,
478309,
478091,
477817,
477653,
477482,
477421,
477343,
477189,
477069,
476963,
476801,
476740,
476672,
476672,
476619,
476499,
476477,
476423,
476516,
476730,
476825,
476869,
476956,
476962,
477050,
477089,
477147,
477252,
477362,
477536,
477718,
477872,
478082,
478135,
478263,
478405,
478575,
478677,
478899,
479065,
479333,
479556,
479783,
480000,
480227,
480446,
480622,
480734,
480855,
481018,
481234,
481389,
481582,
481772,
481923,
482153,
482345,
482506,
482686,
482907,
483187,
483372,
483483,
483692,
483928,
484107,
484316,
484538,
484699,
484904,
485131,
485273,
485494,
485677,
485887,
486115,
486293,
486516,
486724,
486893,
487105,
487344,
487533,
487805,
488043,
488274,
488468,
488641,
488865,
489092,
489259,
489487,
489767,
489925,
490068,
490161,
490214,
490457,
490690,
490986,
491323,
491624,
491852,
492042,
492295,
492451,
492530,
492842,
493145,
493475,
493779,
494049,
494300,
494568,
494794,
494968,
495066,
495486,
495935,
496275,
496641,
496980,
497281,
497655,
497958,
498204,
498312,
498676,
499041,
499461,
499820,
500241,
500676,
500956,
501315,
501523,
501674,
502096,
502549,
502983,
503421,
503874,
504361,
504791,
505209,
505502,
505672,
506147,
506714,
507202,
507748,
508217,
508730,
509204,
509647,
509998,
510242,
510788,
511323,
511899,
512470,
513032,
513571,
514088,
514537,
514956,
515247,
515777,
516404,
516948,
517493,
518093,
518662,
519170,
519654,
520070,
520376,
520954,
521556,
522063,
522734,
523374,
524063,
524579,
525092,
525519,
525792,
526466,
527219,
528007,
528687,
529370,
529994,
530616,
531186,
531603,
531926,
532613,
533320,
534004,
534620,
535275,
535938,
536581,
537185,
537803,
538158,
538911,
539544,
540306,
540987,
541725,
542401,
543065,
543668,
544305,
544743,
545462,
546116,
546884,
547573,
548334,
549023,
549669,
550318,
550871,
551368,
552035,
552787,
553531,
554243,
554962,
555634,
556348,
556956,
557464,
557945,
558728,
559468,
560276,
561050,
561785,
562519,
563276,
564018,
564825,
565661,
566444,
567112,
567878,
568619,
569367,
570098,
570745,
571354,
571837,
572276,
573075,
573851,
574601,
575408,
576189,
576953,
577766,
578562,
579350,
580333,
581054,
581813,
582572,
583294,
584056,
584837,
585547,
586293,
586949,
587612,
588332,
589076,
589820,
590574,
591302,
592082,
592791,
593376,
593973,
594437,
595173,
595942,
596656,
597451,
598211,
598959,
599689,
600393,
600921,
601348,
602164,
602877,
603649,
604416,
605203,
605952,
606691,
607356,
607929,
608317,
609072,
609849,
610669,
611474,
612189,
612973,
613736,
614475,
614934,
615367,
616203,
617053,
617792,
618565,
619347,
620096,
620907,
621584,
622089,
622514,
623366,
624256,
625027,
625757,
626646,
627389,
628130,
628843,
629424,
629951,
630738,
631527,
632299,
633207,
634026,
634842,
635615,
636357,
636926,
637395,
638231,
639073,
639917,
640732,
641513,
642256,
643017,
643727,
644248,
644647,
645499,
646401,
647225,
648132,
648947,
649863,
650750,
651647,
652715,
653818,
654633,
655403,
656174,
656874,
657705,
658343,
659050,
659602,
659894,
660069,
660850,
661666,
662405,
663214,
664059,
664721,
665468,
666094,
666424,
666405,
667250,
668096,
668921,
669639,
670443,
671155,
671910,
672491,
672792,
672900,
673838,
674722,
675613,
676411,
677343,
678087,
678813,
679493,
679933,
680245,
681158,
682055,
682933,
683827,
684678,
685613,
686423,
687120,
687694,
688119,
689098,
690106,
691067,
691887,
692819,
693677,
694560,
695401,
695973,
696389,
697433,
698485,
699568,
700511,
701445,
702350,
703349,
704265,
704814,
705138,
706271,
707336,
708361,
709375,
710342,
711317,
712461,
713360,
713956,
714377,
715528,
716587,
717634,
718789,
719830,
720868,
721920,
722886,
723476,
723738,
725010,
726252,
727489,
728640,
729783,
730972,
732048,
733044,
733668,
734151,
735483,
736925,
738345,
739697,
740971,
742197,
743386,
744492,
745161,
745549,
746924,
748399,
749766,
751183,
752682,
754006,
755305,
756512,
757500,
757962,
759524,
761187,
762774,
764159,
765685,
767197,
768680,
770075,
771145,
771988,
773627,
775301,
776954,
778517,
780066,
781683,
783237,
784739,
785769,
786535,
788282,
789935,
791625,
793467,
795234,
796795,
798421,
799938,
801059,
801676,
803586,
805425,
807471,
809389,
811354,
813228,
814943,
816645,
817729,
818428,
820599,
822611,
824668,
826788,
828769,
830664,
832732,
834521,
835541,
836214,
838726,
841101,
843541,
845950,
848307,
850699,
853035,
855350,
857516,
859470,
861968,
864545,
867036,
869687,
872202,
874555,
877069,
879731,
881882,
883888,
886594,
889301,
891995,
894554,
897006,
899603,
902044,
904437,
906201,
907534,
910379,
913069,
915720,
918611,
921483,
924154,
926704,
929399,
931197,
932529,
935576,
938389,
941272,
944233,
947144,
949985,
952779,
955560,
957513,
959071,
962114,
965325,
968440,
971326,
974192,
977226,
980246,
982957,
985115,
986723,
990055,
993354,
996544,
999788,
1.00294e+06,
1.00591e+06,
1.00883e+06,
1.01154e+06,
1.01345e+06,
1.01444e+06,
1.01793e+06,
1.02146e+06,
1.02486e+06,
1.02844e+06,
1.03194e+06,
1.0351e+06,
1.03846e+06,
1.04166e+06,
1.04424e+06,
1.04632e+06,
1.05003e+06,
1.05374e+06,
1.05748e+06,
1.06108e+06,
1.06465e+06,
1.06818e+06,
1.07156e+06,
1.07499e+06,
1.07779e+06,
1.08024e+06,
1.08398e+06,
1.08782e+06,
1.09174e+06,
1.09551e+06,
1.09935e+06,
1.10283e+06,
1.1064e+06,
1.10983e+06,
1.11284e+06,
1.11531e+06,
1.11922e+06,
1.12326e+06,
1.12729e+06,
1.13117e+06,
1.13494e+06,
1.13874e+06,
1.14241e+06,
1.14606e+06,
1.149e+06,
1.15136e+06,
1.15561e+06,
1.16098e+06,
1.16626e+06,
1.17168e+06,
1.17705e+06,
1.1825e+06,
1.18798e+06,
1.19329e+06,
1.19792e+06,
1.2022e+06,
1.20783e+06,
1.21377e+06,
1.21976e+06,
1.22567e+06,
1.23132e+06,
1.23719e+06,
1.24292e+06,
1.24843e+06,
1.25301e+06,
1.25756e+06,
1.26372e+06,
1.26984e+06,
1.27614e+06,
1.28244e+06,
1.2884e+06,
1.29447e+06,
1.30064e+06,
1.30669e+06,
1.3117e+06,
1.31613e+06,
1.32257e+06,
1.3289e+06,
1.33528e+06,
1.342e+06,
1.34862e+06,
1.35522e+06,
1.36169e+06,
1.36805e+06,
1.37344e+06,
1.37865e+06,
1.38578e+06,
1.39238e+06,
1.39866e+06,
1.40511e+06,
1.41135e+06,
1.41745e+06,
1.42278e+06,
1.42658e+06,
1.42476e+06,
1.42008e+06,
1.42796e+06,
1.43588e+06,
1.44399e+06,
1.45193e+06,
1.46008e+06,
1.4682e+06,
1.47656e+06,
1.48486e+06,
1.49326e+06,
1.50175e+06,
1.51013e+06,
1.5183e+06,
1.52657e+06,
1.53489e+06,
1.54346e+06,
1.55213e+06,
1.56104e+06,
1.56984e+06,
1.57849e+06,
1.58758e+06,
1.5968e+06,
1.60595e+06,
1.61608e+06,
1.62679e+06,
1.63763e+06,
1.64782e+06,
1.65883e+06,
1.66984e+06,
1.68105e+06,
1.6922e+06,
1.70345e+06,
1.71469e+06,
1.72621e+06,
1.73777e+06,
1.74911e+06,
1.76048e+06,
1.7724e+06,
1.78434e+06,
1.79589e+06,
1.80771e+06,
1.82018e+06,
1.83244e+06,
1.84443e+06,
1.85667e+06,
1.86922e+06,
1.88187e+06,
1.8946e+06,
1.90765e+06,
1.92019e+06,
1.93323e+06,
1.94631e+06,
1.95951e+06,
1.97282e+06,
1.98635e+06,
2.00005e+06,
2.01364e+06,
2.02757e+06,
2.04155e+06,
2.05582e+06,
2.06955e+06,
2.08362e+06,
2.09766e+06,
2.11195e+06,
2.12652e+06,
2.14103e+06,
2.15565e+06,
2.17041e+06,
2.18512e+06,
2.19984e+06,
2.21476e+06,
2.22964e+06,
2.24465e+06,
2.2599e+06,
2.27552e+06,
2.29111e+06,
2.30687e+06,
2.32285e+06,
2.33872e+06,
2.35446e+06,
2.37065e+06,
2.38643e+06,
2.40282e+06,
2.41952e+06,
2.43559e+06,
2.45213e+06,
2.4688e+06,
2.48559e+06,
2.50316e+06,
2.51979e+06,
2.53676e+06,
2.55369e+06,
2.57089e+06,
2.58844e+06,
2.60591e+06,
2.62369e+06,
2.64112e+06,
2.65868e+06,
2.67637e+06,
2.69446e+06,
2.71284e+06,
2.73134e+06,
478966,
478630,
478303,
478050,
477783,
477613,
477436,
477336,
477222,
477119,
476994,
476893,
476770,
476630,
476572,
476524,
476506,
476414,
476335,
476245,
476375,
476521,
476620,
476712,
476794,
476818,
476872,
476813,
476873,
476997,
477113,
477298,
477440,
477560,
477719,
477830,
478003,
478127,
478271,
478402,
478550,
478724,
479047,
479268,
479402,
479578,
479737,
479951,
480160,
480224,
480442,
480545,
480695,
480831,
481036,
481246,
481437,
481621,
481778,
481933,
482085,
482318,
482606,
482856,
483050,
483198,
483367,
483520,
483747,
483909,
484110,
484307,
484516,
484674,
484905,
485125,
485235,
485461,
485598,
485778,
485949,
486058,
486330,
486530,
486764,
486964,
487155,
487400,
487607,
487776,
488017,
488209,
488482,
488707,
488936,
489080,
489214,
489291,
489283,
489508,
489719,
490031,
490230,
490498,
490828,
490999,
491255,
491411,
491461,
491749,
492154,
492426,
492756,
493056,
493323,
493653,
493893,
493972,
494120,
494461,
494760,
495123,
495562,
495861,
496216,
496600,
496870,
497087,
497160,
497508,
497876,
498218,
498600,
499008,
499351,
499756,
500051,
500247,
500395,
500878,
501285,
501702,
502147,
502612,
503017,
503476,
503757,
504045,
504153,
504643,
505119,
505608,
506150,
506649,
507109,
507593,
508018,
508324,
508574,
509025,
509614,
510154,
510665,
511209,
511805,
512347,
512828,
513163,
513491,
513991,
514475,
515029,
515543,
516151,
516771,
517407,
517879,
518258,
518585,
519147,
519653,
520233,
520796,
521486,
522102,
522661,
523191,
523574,
523870,
524482,
525048,
525770,
526579,
527328,
527928,
528538,
529114,
529544,
529956,
530609,
531241,
531910,
532551,
533248,
533840,
534487,
535093,
535439,
535893,
536617,
537281,
537995,
538665,
539430,
540128,
540753,
541374,
541868,
542351,
543045,
543743,
544483,
545220,
545961,
546611,
547262,
547871,
548362,
548757,
549551,
550222,
550855,
551569,
552363,
553099,
553711,
554376,
554968,
555375,
556066,
556783,
557478,
558259,
559091,
559888,
560555,
561243,
562038,
562875,
563599,
564374,
565075,
565797,
566539,
567228,
567906,
568511,
569045,
569431,
570209,
570967,
571741,
572532,
573297,
574095,
574956,
575714,
576536,
577462,
578229,
578864,
579628,
580447,
581100,
581777,
582538,
583178,
583860,
584526,
585216,
586060,
586826,
587539,
588281,
588963,
589673,
590394,
590894,
591286,
592060,
592821,
593564,
594281,
595033,
595716,
596404,
597092,
597617,
598064,
598838,
599584,
600291,
600979,
601726,
602454,
603180,
603834,
604332,
604756,
605498,
606239,
606973,
607722,
608445,
609206,
609906,
610624,
611200,
611537,
612318,
613138,
613865,
614620,
615349,
616142,
616884,
617542,
618055,
618509,
619267,
620094,
620856,
621738,
622503,
623239,
624004,
624659,
625249,
625682,
626481,
627314,
628144,
628925,
629750,
630571,
631294,
631895,
632404,
632878,
633692,
634458,
635267,
636096,
636835,
637597,
638388,
639114,
639616,
639959,
640828,
641663,
642569,
643388,
644275,
645116,
645974,
646798,
647807,
648921,
649641,
650444,
651178,
651954,
652582,
653294,
653934,
654554,
654842,
654965,
655660,
656500,
657260,
658025,
658804,
659552,
660198,
660805,
661073,
661146,
661966,
662821,
663616,
664365,
665088,
665810,
666507,
667103,
667261,
667296,
668232,
669003,
669847,
670681,
671468,
672374,
673116,
673757,
674130,
674342,
675160,
675987,
676868,
677715,
678569,
679468,
680247,
680956,
681491,
681836,
682690,
683560,
684499,
685380,
686252,
687137,
687993,
688764,
689206,
689556,
690552,
691526,
692404,
693298,
694322,
695338,
696289,
697115,
697663,
698137,
699202,
700215,
701153,
702122,
703063,
704102,
705081,
706037,
706625,
707027,
708045,
709116,
710152,
711213,
712240,
713345,
714391,
715315,
715831,
716075,
717277,
718433,
719638,
720820,
721960,
723132,
724137,
725112,
725694,
726107,
727393,
728597,
729792,
730970,
732199,
733478,
734553,
735676,
736330,
736816,
738108,
739495,
740868,
742376,
743675,
745049,
746347,
747576,
748439,
749090,
750561,
752039,
753496,
754941,
756356,
757814,
759201,
760530,
761541,
762365,
764008,
765519,
767087,
768759,
770422,
771993,
773458,
774850,
775696,
776419,
778209,
779834,
781565,
783314,
784971,
786552,
788083,
789627,
790510,
791179,
792997,
794910,
796815,
798872,
800605,
802539,
804443,
806053,
807051,
807714,
809837,
811823,
813859,
816002,
818048,
820110,
822183,
824029,
824833,
825515,
827955,
830481,
832895,
835284,
837590,
840003,
842451,
844949,
847008,
849087,
851599,
854105,
856697,
859394,
862079,
864632,
867213,
869780,
871890,
873857,
876589,
879189,
881838,
884667,
887360,
890102,
892602,
895013,
896583,
897821,
900551,
903207,
905960,
908791,
911473,
914396,
917070,
919484,
921228,
922672,
925789,
928547,
931446,
934328,
937255,
940253,
943217,
945977,
947960,
949508,
952582,
955623,
958683,
961770,
964854,
967938,
970685,
973559,
975627,
977271,
980462,
983613,
986878,
989978,
993227,
996442,
999390,
1.00214e+06,
1.00387e+06,
1.00498e+06,
1.00853e+06,
1.01201e+06,
1.01543e+06,
1.01889e+06,
1.02241e+06,
1.02577e+06,
1.02911e+06,
1.03233e+06,
1.0347e+06,
1.03671e+06,
1.04016e+06,
1.04385e+06,
1.04752e+06,
1.05123e+06,
1.05478e+06,
1.05828e+06,
1.06178e+06,
1.06511e+06,
1.06791e+06,
1.07015e+06,
1.0738e+06,
1.07751e+06,
1.08143e+06,
1.08507e+06,
1.08869e+06,
1.09242e+06,
1.09611e+06,
1.09964e+06,
1.10236e+06,
1.10464e+06,
1.1085e+06,
1.11232e+06,
1.11598e+06,
1.12004e+06,
1.12373e+06,
1.12744e+06,
1.1308e+06,
1.13431e+06,
1.13711e+06,
1.13951e+06,
1.14363e+06,
1.14759e+06,
1.15145e+06,
1.1553e+06,
1.1591e+06,
1.16298e+06,
1.16684e+06,
1.17062e+06,
1.17334e+06,
1.17558e+06,
1.17957e+06,
1.18379e+06,
1.18751e+06,
1.19151e+06,
1.19545e+06,
1.19924e+06,
1.2031e+06,
1.2069e+06,
1.20988e+06,
1.21218e+06,
1.21609e+06,
1.22012e+06,
1.22415e+06,
1.22825e+06,
1.23231e+06,
1.23639e+06,
1.24038e+06,
1.24435e+06,
1.24706e+06,
1.24915e+06,
1.2533e+06,
1.25763e+06,
1.26167e+06,
1.26571e+06,
1.27005e+06,
1.27504e+06,
1.28005e+06,
1.28548e+06,
1.29074e+06,
1.29537e+06,
1.30291e+06,
1.31013e+06,
1.31724e+06,
1.32457e+06,
1.33145e+06,
1.33787e+06,
1.34368e+06,
1.34898e+06,
1.34842e+06,
1.34365e+06,
1.35224e+06,
1.36093e+06,
1.36975e+06,
1.37854e+06,
1.38739e+06,
1.39622e+06,
1.40526e+06,
1.41419e+06,
1.4234e+06,
1.43224e+06,
1.44157e+06,
1.45092e+06,
1.46023e+06,
1.4693e+06,
1.47874e+06,
1.48832e+06,
1.498e+06,
1.50781e+06,
1.51752e+06,
1.52707e+06,
1.53726e+06,
1.5474e+06,
1.55765e+06,
1.56772e+06,
1.57815e+06,
1.58869e+06,
1.59903e+06,
1.60959e+06,
1.62e+06,
1.63078e+06,
1.64152e+06,
1.65233e+06,
1.66308e+06,
1.67369e+06,
1.68452e+06,
1.69566e+06,
1.70652e+06,
1.71787e+06,
1.72864e+06,
1.73956e+06,
1.75072e+06,
1.76213e+06,
1.77382e+06,
1.78505e+06,
1.79642e+06,
1.8081e+06,
1.81976e+06,
1.83175e+06,
1.84376e+06,
1.85584e+06,
1.86829e+06,
1.88074e+06,
1.89356e+06,
1.90647e+06,
1.9196e+06,
1.93272e+06,
1.94579e+06,
1.95895e+06,
1.97217e+06,
1.98556e+06,
1.99883e+06,
2.01253e+06,
2.02589e+06,
2.03938e+06,
2.05322e+06,
2.06695e+06,
2.08074e+06,
2.09484e+06,
2.10858e+06,
2.12261e+06,
2.13656e+06,
2.15054e+06,
2.1649e+06,
2.17915e+06,
2.1936e+06,
2.20801e+06,
2.2229e+06,
2.23824e+06,
2.25329e+06,
2.26871e+06,
2.28435e+06,
2.29979e+06,
2.31583e+06,
2.33172e+06,
2.34799e+06,
2.36405e+06,
2.38027e+06,
2.39634e+06,
2.41271e+06,
2.42944e+06,
2.44624e+06,
2.46292e+06,
2.47959e+06,
2.49676e+06,
2.5137e+06,
2.53071e+06,
2.54808e+06,
2.56488e+06,
2.58212e+06,
2.59937e+06,
2.6167e+06,
478966,
478622,
478309,
478033,
477759,
477553,
477379,
477239,
477178,
477057,
476915,
476804,
476646,
476572,
476404,
476401,
476339,
476234,
476203,
476092,
476164,
476321,
476441,
476468,
476587,
476607,
476643,
476710,
476686,
476740,
476851,
477019,
477205,
477304,
477437,
477568,
477735,
477834,
477925,
478022,
478203,
478481,
478685,
478902,
479065,
479181,
479331,
479555,
479679,
479802,
479974,
480177,
480258,
480402,
480516,
480730,
480976,
481127,
481275,
481416,
481608,
481773,
481937,
482211,
482477,
482631,
482792,
483023,
483130,
483267,
483505,
483734,
483953,
484124,
484372,
484545,
484648,
484779,
484918,
485114,
485236,
485473,
485629,
485810,
485963,
486179,
486370,
486664,
486838,
487008,
487132,
487342,
487597,
487896,
488071,
488259,
488390,
488535,
488471,
488651,
488843,
489141,
489409,
489648,
489887,
490161,
490345,
490494,
490436,
490676,
491039,
491387,
491792,
492103,
492370,
492619,
492945,
493171,
493170,
493456,
493811,
494129,
494502,
494829,
495127,
495359,
495600,
495757,
495856,
496239,
496573,
496957,
497393,
497802,
498147,
498577,
498885,
499089,
499218,
499595,
499999,
500396,
500847,
501261,
501662,
502011,
502331,
502553,
502697,
503155,
503530,
503987,
504447,
505001,
505410,
505876,
506290,
506605,
506765,
507331,
507849,
508320,
508872,
509444,
509920,
510407,
510839,
511199,
511424,
511973,
512541,
513045,
513613,
514118,
514647,
515155,
515740,
516110,
516453,
517108,
517717,
518309,
518942,
519589,
520177,
520716,
521218,
521712,
521909,
522554,
523094,
523701,
524304,
524929,
525675,
526318,
526875,
527414,
527657,
528328,
529006,
529652,
530351,
530906,
531579,
532225,
532844,
533333,
533688,
534284,
535033,
535727,
536356,
537044,
537661,
538283,
538947,
539496,
539879,
540563,
541217,
541910,
542542,
543235,
543929,
544523,
545224,
545733,
546059,
546727,
547451,
548170,
548828,
549500,
550185,
550816,
551516,
552044,
552390,
553154,
553877,
554580,
555343,
556031,
556861,
557585,
558291,
559122,
560007,
560743,
561418,
562107,
562790,
563496,
564136,
564796,
565446,
566037,
566265,
567037,
567813,
568605,
569347,
570042,
570814,
571551,
572344,
573183,
574155,
574934,
575676,
576412,
577136,
577840,
578574,
579323,
579983,
580658,
581311,
582062,
582740,
583428,
584130,
584851,
585636,
586275,
586923,
587472,
587794,
588614,
589356,
590063,
590734,
591430,
592209,
592901,
593541,
594044,
594396,
595160,
595910,
596633,
597349,
598112,
598821,
599517,
600171,
600729,
601094,
601813,
602548,
603347,
604113,
604830,
605548,
606298,
606985,
607527,
607802,
608576,
609330,
610129,
610831,
611580,
612333,
613056,
613685,
614218,
614525,
615306,
616141,
616864,
617625,
618418,
619294,
620031,
620698,
621237,
621542,
622309,
623096,
623868,
624687,
625493,
626266,
626987,
627725,
628326,
628618,
629396,
630254,
630979,
631748,
632491,
633295,
634025,
634700,
635169,
635418,
636194,
636984,
637830,
638543,
639413,
640289,
641091,
641959,
642869,
644088,
644868,
645688,
646345,
647118,
647920,
648645,
649276,
649865,
650225,
650191,
650882,
651602,
652306,
652963,
653683,
654303,
655097,
655704,
655990,
655875,
656694,
657512,
658259,
658988,
659742,
660454,
661174,
661833,
662175,
662041,
662793,
663608,
664370,
665249,
666031,
666869,
667628,
668306,
668810,
668870,
669756,
670585,
671433,
672300,
673137,
673976,
674747,
675472,
675978,
676129,
676998,
677895,
678799,
679781,
680633,
681471,
682330,
683063,
683595,
683833,
684753,
685835,
686800,
687724,
688634,
689563,
690446,
691298,
691840,
692117,
693101,
694198,
695199,
696162,
697186,
698170,
699029,
699972,
700395,
700530,
701607,
702716,
703900,
704905,
705931,
706948,
708011,
708896,
709452,
709490,
710596,
711706,
712838,
713994,
715142,
716155,
717159,
718051,
718685,
718789,
720003,
721276,
722494,
723635,
724803,
726035,
727268,
728175,
728960,
729102,
730364,
731674,
733104,
734305,
735716,
737079,
738430,
739714,
740754,
741193,
742555,
743925,
745359,
746860,
748295,
749805,
751166,
752525,
753597,
754404,
755973,
757702,
759327,
760922,
762476,
764047,
765697,
767101,
768119,
768548,
770207,
771867,
773715,
775435,
777152,
778791,
780492,
781989,
783132,
783522,
785430,
787370,
789143,
791156,
793012,
794977,
796897,
798604,
799661,
799807,
801921,
804060,
806144,
808166,
810177,
812163,
814065,
815950,
817162,
817415,
819801,
822243,
824637,
827037,
829454,
831811,
834393,
836631,
838887,
840923,
843400,
845994,
848525,
851038,
853594,
856133,
858803,
861215,
863385,
865185,
867841,
870488,
873019,
875770,
878364,
880967,
883464,
885758,
887512,
888367,
891274,
894029,
896689,
899376,
902111,
904751,
907410,
909905,
911948,
913127,
916012,
918821,
921838,
924764,
927612,
930469,
933176,
935770,
937734,
939163,
942387,
945469,
948567,
951569,
954547,
957557,
960492,
963275,
965573,
967170,
970467,
973811,
977057,
980075,
983295,
986379,
989331,
992141,
994016,
994903,
998665,
1.00206e+06,
1.00558e+06,
1.00896e+06,
1.01241e+06,
1.01574e+06,
1.01907e+06,
1.02228e+06,
1.02483e+06,
1.02656e+06,
1.03021e+06,
1.03374e+06,
1.03742e+06,
1.041e+06,
1.04456e+06,
1.0482e+06,
1.05157e+06,
1.05491e+06,
1.05779e+06,
1.05977e+06,
1.06351e+06,
1.0673e+06,
1.07106e+06,
1.07476e+06,
1.07845e+06,
1.08208e+06,
1.08576e+06,
1.08906e+06,
1.09199e+06,
1.09425e+06,
1.09799e+06,
1.10201e+06,
1.10593e+06,
1.10971e+06,
1.11325e+06,
1.11702e+06,
1.12067e+06,
1.12423e+06,
1.12778e+06,
1.13086e+06,
1.13585e+06,
1.14096e+06,
1.14585e+06,
1.15104e+06,
1.15625e+06,
1.16141e+06,
1.16636e+06,
1.17108e+06,
1.1754e+06,
1.1789e+06,
1.18415e+06,
1.18951e+06,
1.19498e+06,
1.20039e+06,
1.20574e+06,
1.21094e+06,
1.21602e+06,
1.22114e+06,
1.22579e+06,
1.22919e+06,
1.2348e+06,
1.24048e+06,
1.24583e+06,
1.25155e+06,
1.25696e+06,
1.26215e+06,
1.26768e+06,
1.27281e+06,
1.27742e+06,
1.28091e+06,
1.28672e+06,
1.29237e+06,
1.29816e+06,
1.304e+06,
1.30956e+06,
1.31568e+06,
1.32142e+06,
1.32703e+06,
1.33165e+06,
1.33533e+06,
1.34153e+06,
1.34757e+06,
1.35348e+06,
1.35881e+06,
1.36388e+06,
1.36884e+06,
1.37313e+06,
1.37652e+06,
1.37475e+06,
1.36727e+06,
1.37435e+06,
1.3814e+06,
1.38836e+06,
1.39559e+06,
1.40288e+06,
1.4101e+06,
1.41753e+06,
1.42465e+06,
1.4319e+06,
1.43929e+06,
1.44674e+06,
1.45402e+06,
1.4614e+06,
1.46926e+06,
1.47693e+06,
1.48484e+06,
1.4928e+06,
1.50039e+06,
1.50812e+06,
1.51599e+06,
1.52399e+06,
1.53185e+06,
1.53972e+06,
1.54771e+06,
1.55577e+06,
1.5651e+06,
1.57532e+06,
1.58553e+06,
1.59576e+06,
1.60585e+06,
1.61632e+06,
1.6271e+06,
1.63808e+06,
1.64897e+06,
1.6598e+06,
1.67038e+06,
1.68125e+06,
1.69221e+06,
1.70318e+06,
1.71436e+06,
1.72554e+06,
1.73648e+06,
1.74771e+06,
1.75909e+06,
1.77071e+06,
1.78232e+06,
1.7941e+06,
1.80558e+06,
1.81734e+06,
1.8291e+06,
1.84108e+06,
1.85298e+06,
1.86504e+06,
1.87726e+06,
1.88951e+06,
1.90163e+06,
1.91429e+06,
1.92674e+06,
1.93935e+06,
1.95214e+06,
1.96528e+06,
1.97806e+06,
1.99091e+06,
2.00376e+06,
2.01677e+06,
2.03001e+06,
2.04305e+06,
2.05644e+06,
2.06985e+06,
2.08348e+06,
2.09709e+06,
2.11096e+06,
2.1248e+06,
2.13894e+06,
2.15277e+06,
2.16699e+06,
2.18158e+06,
2.19604e+06,
2.21057e+06,
2.22519e+06,
2.23989e+06,
2.2547e+06,
2.26968e+06,
2.28489e+06,
2.29998e+06,
2.31551e+06,
2.33078e+06,
2.34637e+06,
2.3625e+06,
2.37885e+06,
2.395e+06,
2.41127e+06,
2.42714e+06,
2.44325e+06,
2.45997e+06,
2.4769e+06,
2.49392e+06,
2.51118e+06,
2.52874e+06,
2.54625e+06,
2.57443e+06,
478966,
478614,
478271,
477992,
477724,
477491,
477335,
477190,
477099,
476948,
476811,
476675,
476572,
476509,
476333,
476221,
476173,
476128,
476060,
475958,
475993,
476134,
476308,
476328,
476403,
476397,
476440,
476512,
476495,
476514,
476648,
476730,
476935,
477086,
477184,
477215,
477400,
477533,
477601,
477707,
477840,
478084,
478304,
478513,
478660,
478824,
478996,
479131,
479286,
479446,
479533,
479766,
479890,
480061,
480173,
480383,
480496,
480586,
480764,
480884,
481070,
481258,
481392,
481617,
481886,
482071,
482255,
482496,
482663,
482795,
483003,
483126,
483280,
483506,
483659,
483817,
484053,
484208,
484264,
484439,
484626,
484761,
484937,
485176,
485436,
485578,
485746,
485952,
486109,
486273,
486425,
486659,
486741,
486958,
487209,
487346,
487478,
487567,
487614,
487823,
488063,
488310,
488620,
488850,
489075,
489329,
489488,
489634,
489593,
489776,
490001,
490306,
490645,
491021,
491216,
491532,
491769,
492046,
492028,
492346,
492671,
492986,
493327,
493648,
494001,
494347,
494600,
494700,
494764,
495166,
495501,
495857,
496173,
496595,
496986,
497392,
497709,
497940,
497913,
498330,
498754,
499135,
499540,
499949,
500267,
500593,
500872,
501173,
501149,
501560,
501985,
502418,
502859,
503325,
503903,
504296,
504719,
505072,
505101,
505596,
506162,
506686,
507104,
507639,
508146,
508640,
509094,
509494,
509586,
510139,
510634,
511139,
511644,
512149,
512678,
513204,
513736,
514159,
514321,
514935,
515513,
516149,
516763,
517335,
517962,
518513,
519038,
519483,
519657,
520269,
520867,
521466,
522012,
522640,
523230,
523916,
524516,
525210,
525371,
525982,
526648,
527336,
527960,
528598,
529240,
529808,
530451,
530966,
531249,
531895,
532466,
533093,
533797,
534483,
535155,
535734,
536378,
536957,
537205,
537938,
538544,
539235,
539836,
540497,
541145,
541767,
542335,
542913,
543200,
543933,
544670,
545381,
546035,
546785,
547487,
548142,
548733,
549271,
549570,
550235,
550997,
551666,
552423,
553134,
553882,
554549,
555321,
556126,
556940,
557656,
558437,
559121,
559877,
560566,
561220,
561880,
562502,
563034,
563198,
563959,
564677,
565396,
566139,
566893,
567662,
568407,
569186,
569961,
570919,
571622,
572356,
573064,
573842,
574585,
575300,
575955,
576673,
577261,
577890,
578577,
579267,
579993,
580742,
581434,
582097,
582700,
583379,
583935,
584142,
584946,
585672,
586365,
587032,
587762,
588531,
589250,
589920,
590533,
590764,
591539,
592276,
593027,
593694,
594450,
595154,
595812,
596474,
597058,
597268,
598051,
598769,
599528,
600255,
600897,
601647,
602387,
603039,
603574,
603744,
604536,
605306,
606073,
606787,
607501,
608184,
608908,
609595,
610255,
610497,
611203,
611993,
612756,
613505,
614217,
614914,
615673,
616421,
617038,
617339,
618093,
618880,
619664,
620431,
621167,
621972,
622658,
623368,
624021,
624333,
625111,
625911,
626688,
627474,
628254,
628989,
629659,
630361,
630955,
631115,
631938,
632708,
633528,
634416,
635260,
636057,
636869,
637682,
638560,
639794,
640525,
641268,
641914,
642691,
643364,
644050,
644615,
645191,
645612,
645498,
646285,
647029,
647807,
648522,
649377,
650058,
650689,
651246,
651671,
651384,
652192,
652949,
653805,
654497,
655248,
655917,
656500,
657108,
657513,
657194,
657992,
658818,
659667,
660527,
661282,
662039,
662774,
663474,
664049,
663907,
664836,
665600,
666520,
667398,
668288,
669056,
669858,
670502,
671024,
671088,
672013,
672848,
673722,
674606,
675486,
676303,
677175,
677914,
678451,
678582,
679416,
680394,
681335,
682344,
683215,
684138,
685008,
685812,
686543,
686611,
687597,
688572,
689518,
690566,
691451,
692414,
693421,
694409,
695145,
695208,
696211,
697248,
698336,
699474,
700415,
701369,
702302,
703246,
703991,
703817,
704945,
706095,
707377,
708437,
709515,
710577,
711632,
712610,
713382,
713333,
714459,
715741,
717043,
718219,
719313,
720371,
721555,
722704,
723487,
723528,
724812,
726040,
727341,
728699,
729979,
731201,
732394,
733541,
734578,
734882,
736211,
737614,
739113,
740523,
741948,
743340,
744852,
746200,
747411,
748023,
749554,
751186,
752763,
754376,
755909,
757502,
759085,
760427,
761699,
762042,
763785,
765545,
767187,
768957,
770698,
772416,
774080,
775692,
777021,
777226,
779161,
781187,
783052,
784949,
786920,
788750,
790489,
792115,
793405,
793570,
795638,
797630,
799644,
801660,
803850,
805731,
807614,
809487,
810776,
810779,
813348,
815956,
818380,
820815,
823085,
825591,
828044,
830265,
832453,
834319,
836904,
839471,
841914,
844463,
847081,
849593,
852049,
854461,
856746,
858578,
861160,
863775,
866415,
868988,
871581,
874184,
876530,
878937,
880695,
881339,
884400,
887143,
889940,
892763,
895359,
898095,
900615,
903134,
905144,
905994,
908867,
911787,
914598,
917566,
920463,
923277,
925981,
928699,
930977,
932320,
935236,
938283,
941305,
944420,
947372,
950251,
953193,
955951,
958269,
959426,
962678,
965807,
969003,
972099,
975209,
978297,
981237,
983945,
985968,
986364,
989813,
993358,
997493,
1.00188e+06,
1.00626e+06,
1.01043e+06,
1.0149e+06,
1.01907e+06,
1.0229e+06,
1.02564e+06,
1.03041e+06,
1.03489e+06,
1.03945e+06,
1.04428e+06,
1.04897e+06,
1.05349e+06,
1.05793e+06,
1.0624e+06,
1.06649e+06,
1.06957e+06,
1.07443e+06,
1.07929e+06,
1.08431e+06,
1.08927e+06,
1.09418e+06,
1.09901e+06,
1.10394e+06,
1.10899e+06,
1.11319e+06,
1.11651e+06,
1.12149e+06,
1.12653e+06,
1.13175e+06,
1.13695e+06,
1.14199e+06,
1.14721e+06,
1.15232e+06,
1.15752e+06,
1.16213e+06,
1.16575e+06,
1.17133e+06,
1.17691e+06,
1.18249e+06,
1.18827e+06,
1.19368e+06,
1.19944e+06,
1.20503e+06,
1.21035e+06,
1.215e+06,
1.2186e+06,
1.22441e+06,
1.23029e+06,
1.23609e+06,
1.24188e+06,
1.24773e+06,
1.25344e+06,
1.25921e+06,
1.26482e+06,
1.27016e+06,
1.27378e+06,
1.27991e+06,
1.28589e+06,
1.29206e+06,
1.29826e+06,
1.30405e+06,
1.30985e+06,
1.31575e+06,
1.32145e+06,
1.32659e+06,
1.32993e+06,
1.33654e+06,
1.34283e+06,
1.34957e+06,
1.3561e+06,
1.36247e+06,
1.36891e+06,
1.37523e+06,
1.38126e+06,
1.38663e+06,
1.39086e+06,
1.39752e+06,
1.40431e+06,
1.41085e+06,
1.4169e+06,
1.42235e+06,
1.42813e+06,
1.43323e+06,
1.4373e+06,
1.43689e+06,
1.42884e+06,
1.4364e+06,
1.44419e+06,
1.45221e+06,
1.46e+06,
1.46757e+06,
1.4756e+06,
1.48351e+06,
1.49138e+06,
1.49943e+06,
1.5077e+06,
1.51575e+06,
1.52412e+06,
1.53231e+06,
1.5407e+06,
1.54914e+06,
1.55733e+06,
1.56597e+06,
1.5742e+06,
1.58277e+06,
1.59141e+06,
1.60011e+06,
1.60841e+06,
1.61705e+06,
1.62578e+06,
1.63461e+06,
1.6435e+06,
1.6522e+06,
1.66114e+06,
1.66998e+06,
1.67871e+06,
1.6878e+06,
1.69707e+06,
1.70606e+06,
1.71509e+06,
1.72431e+06,
1.73334e+06,
1.74274e+06,
1.75185e+06,
1.76129e+06,
1.77078e+06,
1.78021e+06,
1.79003e+06,
1.79971e+06,
1.8091e+06,
1.81877e+06,
1.82867e+06,
1.83867e+06,
1.84853e+06,
1.85849e+06,
1.86851e+06,
1.87824e+06,
1.88817e+06,
1.89837e+06,
1.90861e+06,
1.91869e+06,
1.92876e+06,
1.93908e+06,
1.94926e+06,
1.95967e+06,
1.96997e+06,
1.98034e+06,
1.99112e+06,
2.00186e+06,
2.01434e+06,
2.02759e+06,
2.04053e+06,
2.05397e+06,
2.06776e+06,
2.08144e+06,
2.09538e+06,
2.10917e+06,
2.12353e+06,
2.13765e+06,
2.15183e+06,
2.16622e+06,
2.1807e+06,
2.1954e+06,
2.21029e+06,
2.22502e+06,
2.23974e+06,
2.25451e+06,
2.26905e+06,
2.28422e+06,
2.29988e+06,
2.31514e+06,
2.33041e+06,
2.35182e+06,
2.37965e+06,
2.40879e+06,
2.4386e+06,
2.46845e+06,
2.49821e+06,
2.52926e+06,
2.5596e+06,
2.59019e+06,
2.6201e+06,
2.65058e+06,
2.68246e+06,
2.71546e+06,
2.74853e+06,
2.78147e+06,
478966,
478609,
478261,
477977,
477684,
477461,
477313,
477158,
477047,
476887,
476723,
476604,
476515,
476433,
476289,
476114,
476059,
475970,
475892,
475758,
475851,
475994,
476132,
476125,
476221,
476209,
476190,
476296,
476224,
476305,
476388,
476500,
476645,
476791,
476874,
476941,
477086,
477196,
477234,
477401,
477558,
477776,
477977,
478137,
478267,
478459,
478606,
478750,
478880,
479005,
479154,
479232,
479422,
479558,
479743,
479876,
480024,
480154,
480305,
480415,
480477,
480674,
480954,
481159,
481402,
481659,
481780,
481900,
481964,
482110,
482290,
482490,
482673,
482845,
482996,
483170,
483361,
483497,
483651,
483837,
484043,
484157,
484369,
484621,
484813,
484950,
485105,
485227,
485414,
485543,
485738,
485897,
486069,
486293,
486402,
486568,
486759,
486842,
486782,
486912,
487100,
487346,
487585,
487946,
488123,
488354,
488557,
488674,
488597,
488858,
489033,
489351,
489657,
489897,
490204,
490447,
490660,
490883,
490818,
491121,
491517,
491819,
492134,
492510,
492835,
493203,
493442,
493660,
493626,
494027,
494348,
494696,
495054,
495393,
495736,
496063,
496352,
496572,
496568,
496991,
497386,
497757,
498139,
498498,
498891,
499278,
499531,
499800,
499727,
500083,
500512,
501017,
501416,
501930,
502321,
502761,
503151,
503487,
503585,
503980,
504504,
505014,
505456,
505930,
506305,
506772,
507264,
507638,
507812,
508263,
508722,
509237,
509636,
510157,
510713,
511186,
511700,
512035,
512237,
512719,
513291,
513929,
514475,
515088,
515627,
516256,
516789,
517209,
517338,
517817,
518420,
519023,
519630,
520205,
520772,
521403,
521927,
522425,
522627,
523325,
523980,
524574,
525206,
525908,
526466,
527113,
527675,
528284,
528558,
529158,
529812,
530467,
531078,
531689,
532387,
533000,
533603,
534102,
534480,
535044,
535724,
536372,
537037,
537716,
538308,
538911,
539537,
540080,
540431,
541080,
541746,
542424,
543039,
543788,
544468,
545170,
545803,
546361,
546694,
547223,
547895,
548595,
549277,
550006,
550735,
551439,
552195,
552867,
553711,
554448,
555101,
555858,
556583,
557281,
557944,
558607,
559282,
559816,
560036,
560533,
561181,
561987,
562767,
563517,
564277,
565052,
565839,
566598,
567427,
568216,
568972,
569654,
570357,
571066,
571753,
572478,
573176,
573878,
574424,
575070,
575751,
576413,
577051,
577753,
578364,
579078,
579765,
580358,
580685,
581211,
581918,
582684,
583440,
584180,
584922,
585545,
586173,
586812,
587125,
587664,
588309,
589131,
589820,
590510,
591145,
591843,
592531,
593110,
593425,
593944,
594693,
595412,
596184,
596950,
597643,
598292,
599032,
599636,
599887,
600385,
601031,
601823,
602606,
603387,
604074,
604788,
605484,
606025,
606339,
606915,
607612,
608344,
609137,
609953,
610714,
611417,
612117,
612724,
613049,
613739,
614491,
615332,
616044,
616838,
617603,
618346,
619038,
619732,
620079,
620729,
621504,
622314,
623110,
623794,
624511,
625319,
626024,
626632,
626872,
627538,
628305,
629179,
630005,
630788,
631640,
632382,
633226,
634070,
635303,
636229,
636964,
637632,
638349,
639087,
639754,
640409,
640946,
641461,
641361,
641884,
642576,
643273,
644021,
644754,
645444,
646088,
646725,
647240,
647027,
647487,
648191,
648966,
649650,
650304,
651031,
651714,
652318,
652785,
652495,
653100,
654011,
654850,
655651,
656444,
657185,
657895,
658662,
659285,
659215,
659871,
660678,
661535,
662353,
663151,
663969,
664821,
665602,
666279,
666394,
667114,
668087,
668952,
669769,
670741,
671593,
672396,
673281,
674005,
674060,
674814,
675727,
676616,
677499,
678417,
679310,
680180,
680978,
681743,
681921,
682733,
683701,
684763,
685640,
686686,
687589,
688518,
689348,
690132,
690086,
690981,
692063,
693133,
694073,
695164,
696167,
697184,
697996,
698823,
698684,
699592,
700714,
701829,
702877,
704078,
705181,
706175,
707258,
708149,
708044,
709175,
710472,
711731,
712959,
714161,
715312,
716368,
717369,
718338,
718190,
719370,
720735,
721872,
723173,
724527,
725913,
727209,
728395,
729502,
729673,
730999,
732458,
733913,
735273,
736662,
738130,
739565,
740853,
742105,
742674,
744176,
745815,
747258,
748747,
750310,
751837,
753340,
754833,
756229,
756426,
758108,
759823,
761497,
763305,
765042,
766732,
768411,
770105,
771581,
771669,
773594,
775505,
777384,
779104,
781026,
782920,
784843,
786586,
787968,
787934,
789916,
791966,
793942,
795997,
797902,
800064,
802188,
804071,
805728,
805349,
807612,
809890,
812334,
814643,
816949,
819320,
821664,
824054,
826342,
828023,
830601,
833304,
835841,
838241,
840544,
843196,
845641,
848096,
850312,
851810,
854421,
857058,
859739,
862392,
864865,
867401,
870001,
872365,
874353,
874801,
877361,
880111,
882849,
885661,
888482,
891081,
893709,
896782,
899769,
901358,
904958,
908781,
912976,
916894,
920671,
924603,
928483,
932260,
935347,
937291,
941439,
945537,
949707,
953710,
957744,
961831,
965958,
970003,
973504,
975750,
980117,
984469,
988681,
993023,
997200,
1.00129e+06,
1.00575e+06,
1.00978e+06,
1.01336e+06,
1.01477e+06,
1.01938e+06,
1.02401e+06,
1.02883e+06,
1.03343e+06,
1.0381e+06,
1.04286e+06,
1.04757e+06,
1.05223e+06,
1.05665e+06,
1.05942e+06,
1.06443e+06,
1.06982e+06,
1.075e+06,
1.08018e+06,
1.08535e+06,
1.09024e+06,
1.09543e+06,
1.10021e+06,
1.10471e+06,
1.10806e+06,
1.11337e+06,
1.11883e+06,
1.124e+06,
1.12946e+06,
1.13478e+06,
1.14026e+06,
1.14568e+06,
1.15067e+06,
1.15546e+06,
1.15894e+06,
1.16437e+06,
1.17004e+06,
1.17562e+06,
1.18144e+06,
1.18707e+06,
1.19245e+06,
1.19791e+06,
1.20327e+06,
1.2085e+06,
1.21212e+06,
1.2181e+06,
1.22449e+06,
1.2302e+06,
1.23613e+06,
1.24249e+06,
1.24836e+06,
1.25415e+06,
1.25995e+06,
1.2655e+06,
1.26954e+06,
1.27594e+06,
1.28228e+06,
1.2889e+06,
1.29514e+06,
1.30123e+06,
1.30747e+06,
1.31397e+06,
1.32009e+06,
1.32569e+06,
1.32991e+06,
1.3365e+06,
1.34296e+06,
1.34965e+06,
1.35635e+06,
1.36316e+06,
1.36951e+06,
1.37593e+06,
1.38229e+06,
1.38804e+06,
1.39217e+06,
1.39914e+06,
1.40643e+06,
1.41336e+06,
1.42072e+06,
1.42778e+06,
1.43471e+06,
1.44153e+06,
1.44816e+06,
1.45434e+06,
1.45883e+06,
1.46628e+06,
1.47359e+06,
1.48074e+06,
1.48757e+06,
1.49427e+06,
1.50034e+06,
1.50622e+06,
1.51124e+06,
1.51226e+06,
1.50345e+06,
1.51176e+06,
1.5201e+06,
1.52841e+06,
1.53705e+06,
1.54559e+06,
1.55409e+06,
1.56278e+06,
1.57136e+06,
1.58003e+06,
1.58858e+06,
1.59746e+06,
1.60638e+06,
1.61554e+06,
1.62476e+06,
1.63386e+06,
1.64321e+06,
1.65242e+06,
1.66186e+06,
1.67122e+06,
1.6807e+06,
1.69009e+06,
1.69968e+06,
1.7092e+06,
1.71861e+06,
1.72837e+06,
1.73773e+06,
1.74746e+06,
1.75732e+06,
1.76702e+06,
1.77665e+06,
1.78668e+06,
1.7964e+06,
1.80585e+06,
1.81578e+06,
1.82606e+06,
1.83629e+06,
1.84632e+06,
1.85672e+06,
1.86697e+06,
1.87728e+06,
1.88766e+06,
1.89829e+06,
1.90887e+06,
1.91966e+06,
1.93048e+06,
1.94106e+06,
1.9518e+06,
1.9631e+06,
1.97385e+06,
1.985e+06,
1.9961e+06,
2.00737e+06,
2.01848e+06,
2.0295e+06,
2.04059e+06,
2.05201e+06,
2.06353e+06,
2.07502e+06,
2.08667e+06,
2.09838e+06,
2.11016e+06,
2.12203e+06,
2.13382e+06,
2.14598e+06,
2.15851e+06,
2.17076e+06,
2.18312e+06,
2.19577e+06,
2.20855e+06,
2.22138e+06,
2.23395e+06,
2.24674e+06,
2.26e+06,
2.27933e+06,
2.30596e+06,
2.33383e+06,
2.36223e+06,
2.39006e+06,
2.4184e+06,
2.44748e+06,
2.47531e+06,
2.50416e+06,
2.53169e+06,
2.5603e+06,
2.5898e+06,
2.62034e+06,
2.65107e+06,
2.6813e+06,
2.7127e+06,
2.74326e+06,
2.7741e+06,
2.805e+06,
2.83526e+06,
2.86637e+06,
2.89807e+06,
2.93146e+06,
2.96512e+06,
2.99884e+06,
3.03211e+06,
3.06616e+06,
3.10062e+06,
478966,
478607,
478256,
477965,
477668,
477428,
477266,
477139,
476961,
476828,
476640,
476535,
476430,
476370,
476221,
476049,
475923,
475824,
475690,
475575,
475649,
475692,
475895,
475951,
476033,
475991,
476021,
476037,
476051,
475986,
476107,
476289,
476392,
476469,
476568,
476589,
476704,
476888,
477026,
477088,
477181,
477316,
477651,
477825,
477923,
478052,
478199,
478329,
478452,
478574,
478681,
478762,
478951,
479119,
479199,
479370,
479458,
479634,
479760,
479928,
480084,
480226,
480444,
480607,
480747,
480936,
481125,
481264,
481385,
481535,
481632,
481731,
481943,
482122,
482258,
482466,
482665,
482833,
482939,
483085,
483281,
483406,
483589,
483826,
484061,
484310,
484460,
484546,
484746,
484871,
484969,
485104,
485221,
485416,
485642,
485807,
485873,
485997,
485973,
486074,
486228,
486438,
486606,
486926,
487106,
487297,
487534,
487738,
487742,
487840,
488092,
488306,
488538,
488828,
489083,
489387,
489589,
489881,
489859,
489956,
490262,
490573,
490893,
491175,
491502,
491853,
492109,
492353,
492433,
492674,
493035,
493380,
493691,
494055,
494330,
494632,
494918,
495169,
495256,
495463,
495872,
496303,
496683,
497027,
497395,
497711,
498081,
498462,
498503,
498663,
499049,
499406,
499922,
500265,
500667,
501046,
501433,
501848,
501963,
502236,
502659,
503079,
503583,
504040,
504517,
504935,
505293,
505688,
505924,
506322,
506865,
507363,
507863,
508310,
508776,
509273,
509709,
510139,
510367,
510694,
511189,
511687,
512147,
512700,
513295,
513845,
514320,
514855,
515201,
515532,
516104,
516648,
517161,
517737,
518400,
518958,
519476,
519978,
520289,
520574,
521174,
521752,
522556,
523198,
523809,
524460,
525053,
525590,
525946,
526308,
526982,
527518,
528131,
528765,
529427,
530051,
530730,
531313,
531739,
532178,
532840,
533450,
534070,
534700,
535338,
535944,
536605,
537161,
537521,
537945,
538531,
539179,
539920,
540608,
541252,
541881,
542551,
543185,
543593,
543935,
544646,
545320,
546006,
546728,
547373,
548094,
548786,
549581,
550325,
551056,
551745,
552458,
553223,
553879,
554526,
555242,
555809,
556431,
556749,
557097,
557637,
558380,
559104,
559866,
560551,
561294,
562025,
562768,
563627,
564396,
565121,
565855,
566656,
567339,
568060,
568699,
569470,
570196,
570797,
571463,
572125,
572865,
573603,
574262,
574937,
575614,
576220,
576803,
577287,
577742,
578375,
579004,
579669,
580338,
581029,
581714,
582314,
582910,
583284,
583746,
584400,
585216,
585950,
586589,
587348,
588012,
588693,
589324,
589671,
590091,
590725,
591449,
592115,
592799,
593478,
594164,
594781,
595461,
595853,
596243,
596882,
597701,
598428,
599180,
599875,
600547,
601190,
601818,
602237,
602664,
603320,
604056,
604835,
605515,
606230,
606992,
607674,
608325,
608770,
609312,
610078,
610831,
611718,
612511,
613253,
614007,
614666,
615426,
615873,
616321,
617030,
617834,
618684,
619428,
620228,
620929,
621542,
622240,
622689,
623122,
623857,
624637,
625468,
626335,
627114,
627992,
628807,
629634,
630715,
631805,
632624,
633275,
633922,
634619,
635261,
635918,
636535,
637096,
637299,
637433,
638136,
638936,
639614,
640323,
640931,
641614,
642271,
642765,
642874,
643024,
643715,
644434,
645146,
645891,
646538,
647243,
647920,
648454,
648510,
648542,
649319,
650060,
650860,
651629,
652320,
653065,
653786,
654374,
654609,
654836,
655694,
656462,
657339,
658125,
658872,
659643,
660468,
661211,
661515,
661895,
662796,
663753,
664623,
665390,
666237,
667063,
667938,
668731,
669056,
669405,
670226,
671214,
672139,
673048,
673979,
674955,
675737,
676487,
676903,
677371,
678375,
679406,
680448,
681514,
682408,
683411,
684373,
685204,
685586,
686064,
686986,
688037,
689001,
689986,
691012,
691943,
692918,
693778,
693959,
694453,
695482,
696519,
697632,
698670,
699727,
700876,
701955,
702873,
703181,
703771,
705002,
706278,
707550,
708641,
709841,
711043,
712189,
713111,
713428,
714009,
715302,
716522,
717856,
719075,
720346,
721558,
722849,
723950,
724420,
725280,
726747,
728128,
729587,
730995,
732517,
733869,
735310,
736673,
737345,
738460,
740023,
741627,
743105,
744622,
746175,
747756,
749396,
750625,
751131,
752271,
754061,
755814,
757632,
759447,
761308,
762992,
764607,
766017,
766445,
767678,
769688,
771518,
773488,
775392,
777158,
778922,
780816,
782417,
782727,
784126,
786430,
788477,
790525,
792699,
794851,
796909,
798805,
800483,
800511,
802259,
804570,
806994,
809526,
812700,
815941,
818984,
822100,
825232,
827899,
831047,
834523,
838153,
841632,
845039,
848253,
851528,
854824,
858226,
860683,
863772,
867369,
871202,
874848,
878507,
882003,
885384,
888868,
891817,
893259,
896793,
900718,
904330,
908206,
912133,
915782,
919626,
923158,
926611,
928528,
932189,
936211,
940540,
944847,
949251,
953428,
957751,
961915,
965641,
967901,
972272,
976741,
981350,
985907,
990335,
994828,
999289,
1.00353e+06,
1.00772e+06,
1.01023e+06,
1.0149e+06,
1.01969e+06,
1.02417e+06,
1.02894e+06,
1.03355e+06,
1.03825e+06,
1.04282e+06,
1.0473e+06,
1.05124e+06,
1.05304e+06,
1.05775e+06,
1.06259e+06,
1.06766e+06,
1.0727e+06,
1.07776e+06,
1.08284e+06,
1.08792e+06,
1.09316e+06,
1.09787e+06,
1.10111e+06,
1.10632e+06,
1.1119e+06,
1.11738e+06,
1.12298e+06,
1.12875e+06,
1.13426e+06,
1.1399e+06,
1.14541e+06,
1.1504e+06,
1.15377e+06,
1.15948e+06,
1.16525e+06,
1.17134e+06,
1.17729e+06,
1.18301e+06,
1.18884e+06,
1.19473e+06,
1.20041e+06,
1.20606e+06,
1.20996e+06,
1.21605e+06,
1.22209e+06,
1.22819e+06,
1.23441e+06,
1.24046e+06,
1.24657e+06,
1.25258e+06,
1.25861e+06,
1.2642e+06,
1.2683e+06,
1.27474e+06,
1.2814e+06,
1.28801e+06,
1.29461e+06,
1.30103e+06,
1.30776e+06,
1.31448e+06,
1.32142e+06,
1.32757e+06,
1.33178e+06,
1.33867e+06,
1.34575e+06,
1.35257e+06,
1.35973e+06,
1.36672e+06,
1.37353e+06,
1.38061e+06,
1.38748e+06,
1.39379e+06,
1.39822e+06,
1.40537e+06,
1.41279e+06,
1.42022e+06,
1.42756e+06,
1.43491e+06,
1.44218e+06,
1.44909e+06,
1.45603e+06,
1.46262e+06,
1.46724e+06,
1.47529e+06,
1.48291e+06,
1.49072e+06,
1.49833e+06,
1.50629e+06,
1.51403e+06,
1.52165e+06,
1.52918e+06,
1.53635e+06,
1.54151e+06,
1.54945e+06,
1.55737e+06,
1.56511e+06,
1.57277e+06,
1.58057e+06,
1.58759e+06,
1.5941e+06,
1.6001e+06,
1.60215e+06,
1.59281e+06,
1.6019e+06,
1.61098e+06,
1.62039e+06,
1.62984e+06,
1.63925e+06,
1.64851e+06,
1.65758e+06,
1.66695e+06,
1.67664e+06,
1.68642e+06,
1.69604e+06,
1.70593e+06,
1.71574e+06,
1.72569e+06,
1.73573e+06,
1.74584e+06,
1.75595e+06,
1.76627e+06,
1.77651e+06,
1.78634e+06,
1.79637e+06,
1.80676e+06,
1.81707e+06,
1.82755e+06,
1.83806e+06,
1.84878e+06,
1.85922e+06,
1.86973e+06,
1.88005e+06,
1.89062e+06,
1.90151e+06,
1.91232e+06,
1.92333e+06,
1.93452e+06,
1.94555e+06,
1.95688e+06,
1.96805e+06,
1.9796e+06,
1.99113e+06,
2.00294e+06,
2.01456e+06,
2.02629e+06,
2.03805e+06,
2.05005e+06,
2.06209e+06,
2.07415e+06,
2.08687e+06,
2.09931e+06,
2.11179e+06,
2.12416e+06,
2.13678e+06,
2.14947e+06,
2.16222e+06,
2.17513e+06,
2.18834e+06,
2.20138e+06,
2.21429e+06,
2.22759e+06,
2.241e+06,
2.25413e+06,
2.26817e+06,
2.29541e+06,
2.32457e+06,
2.35471e+06,
2.38497e+06,
2.41528e+06,
2.44448e+06,
2.47473e+06,
2.50473e+06,
2.53519e+06,
2.56488e+06,
2.59584e+06,
2.62731e+06,
2.65952e+06,
2.69184e+06,
2.72336e+06,
2.75643e+06,
2.78877e+06,
2.82145e+06,
2.85416e+06,
2.88593e+06,
2.91899e+06,
2.95376e+06,
2.98861e+06,
3.02426e+06,
3.06041e+06,
3.09652e+06,
3.13209e+06,
3.16823e+06,
3.20431e+06,
3.23998e+06,
3.27581e+06,
3.31418e+06,
3.35252e+06,
3.3909e+06,
3.42887e+06,
3.46837e+06,
3.50641e+06,
3.5451e+06,
3.58397e+06,
3.62341e+06,
478966,
478605,
478246,
477955,
477648,
477399,
477232,
477084,
476935,
476749,
476564,
476470,
476355,
476238,
476124,
475960,
475809,
475664,
475539,
475456,
475461,
475496,
475686,
475761,
475814,
475781,
475750,
475773,
475809,
475779,
475825,
475947,
476061,
476197,
476277,
476298,
476374,
476559,
476633,
476711,
476857,
477040,
477272,
477398,
477541,
477739,
477845,
477936,
478021,
478147,
478241,
478346,
478469,
478575,
478728,
478773,
478902,
479041,
479198,
479316,
479391,
479573,
479751,
479949,
480084,
480248,
480412,
480610,
480746,
480766,
480961,
481136,
481336,
481488,
481672,
481781,
481900,
482024,
482186,
482342,
482551,
482720,
482888,
483023,
483222,
483351,
483457,
483656,
483814,
484010,
484213,
484355,
484516,
484730,
484874,
484992,
485129,
485207,
485195,
485261,
485457,
485635,
485818,
486007,
486232,
486406,
486588,
486737,
486747,
486809,
487030,
487173,
487495,
487762,
488054,
488331,
488575,
488757,
488817,
488921,
489261,
489479,
489816,
490018,
490335,
490514,
490737,
490919,
490999,
491143,
491443,
491836,
492142,
492510,
492897,
493147,
493445,
493685,
493758,
493996,
494243,
494677,
495018,
495383,
495793,
496177,
496540,
496887,
497100,
497251,
497499,
497838,
498150,
498535,
498871,
499292,
499717,
500069,
500216,
500484,
500766,
501359,
501833,
502284,
502684,
503107,
503575,
503882,
504180,
504424,
504751,
505222,
505717,
506207,
506699,
507245,
507660,
508079,
508290,
508682,
508972,
509458,
509882,
510380,
510892,
511429,
511970,
512413,
512697,
513132,
513562,
514113,
514591,
515125,
515788,
516349,
516914,
517375,
517741,
518130,
518474,
519095,
519711,
520275,
520845,
521532,
522133,
522679,
523128,
523570,
524050,
524635,
525229,
525818,
526395,
526994,
527635,
528200,
528618,
529133,
529612,
530234,
530845,
531514,
532125,
532679,
533242,
533820,
534254,
534735,
535197,
535859,
536474,
537040,
537678,
538300,
538979,
539575,
539992,
540540,
540994,
541697,
542380,
543071,
543830,
544471,
545111,
545861,
546537,
547289,
548023,
548683,
549294,
549977,
550683,
551371,
552018,
552542,
552992,
553462,
553942,
554572,
555205,
555932,
556702,
557406,
558157,
558824,
559651,
560372,
561167,
561872,
562582,
563326,
564018,
564637,
565332,
566023,
566592,
567298,
567980,
568598,
569302,
570028,
570813,
571491,
572092,
572815,
573225,
573873,
574285,
574974,
575705,
576437,
577099,
577792,
578404,
578949,
579354,
579952,
580419,
581045,
581707,
582396,
583042,
583692,
584332,
584963,
585407,
586001,
586450,
587149,
587849,
588631,
589201,
589903,
590557,
591200,
591702,
592269,
592711,
593474,
594126,
594884,
595639,
596397,
597100,
597739,
598233,
598819,
599333,
599998,
600807,
601479,
602233,
603032,
603765,
604515,
604982,
605640,
606212,
606921,
607629,
608448,
609222,
609888,
610656,
611295,
611779,
612334,
612911,
613687,
614406,
615142,
615919,
616706,
617452,
618040,
618468,
619078,
619537,
620227,
621055,
621893,
622756,
623688,
624636,
625403,
626420,
627295,
628265,
629101,
629735,
630485,
631199,
631859,
632458,
632959,
633132,
633557,
633810,
634449,
635152,
635797,
636485,
637173,
637831,
638345,
638634,
638995,
639229,
639905,
640654,
641351,
641988,
642678,
643351,
643887,
644097,
644514,
644620,
645406,
646143,
646978,
647609,
648324,
649031,
649674,
650024,
650599,
651034,
651850,
652683,
653567,
654339,
655082,
655831,
656438,
656854,
657403,
657821,
658674,
659508,
660444,
661300,
662159,
663039,
663745,
664162,
664678,
665191,
666140,
667085,
668042,
669005,
669916,
670760,
671574,
672033,
672599,
673119,
674064,
675012,
676074,
676970,
677913,
678859,
679602,
680095,
680635,
681266,
682270,
683384,
684394,
685375,
686351,
687210,
688138,
688449,
689007,
689698,
690828,
691936,
693020,
694135,
695181,
696263,
697199,
697729,
698344,
699162,
700390,
701476,
702753,
703907,
705051,
706144,
707078,
707513,
708044,
708993,
710347,
711658,
713098,
714431,
715598,
716728,
718019,
718835,
719533,
720730,
722134,
723606,
725090,
726527,
728070,
729439,
730703,
731691,
732661,
734068,
735564,
737181,
738768,
740371,
742121,
743578,
745017,
745816,
746738,
748296,
750433,
753008,
755376,
757770,
760285,
762959,
765232,
766997,
768669,
771439,
774222,
777022,
779914,
782681,
785449,
788254,
790702,
792404,
794292,
797331,
800387,
803377,
806611,
809596,
812582,
815488,
818173,
819794,
821899,
825172,
828529,
831988,
835392,
838870,
842244,
845561,
848887,
851843,
855044,
858825,
862701,
866356,
870227,
873983,
877870,
881540,
885178,
888352,
891483,
895576,
899561,
903496,
907326,
911013,
914866,
918626,
922503,
924746,
927825,
931920,
936016,
940230,
944343,
948661,
952873,
956945,
960798,
963543,
966871,
971436,
975908,
980301,
984923,
989342,
993862,
998466,
1.00277e+06,
1.00592e+06,
1.01002e+06,
1.01474e+06,
1.01961e+06,
1.0248e+06,
1.02975e+06,
1.03455e+06,
1.0393e+06,
1.04412e+06,
1.04886e+06,
1.05202e+06,
1.05633e+06,
1.06155e+06,
1.06679e+06,
1.07181e+06,
1.07717e+06,
1.08203e+06,
1.08704e+06,
1.09189e+06,
1.09627e+06,
1.09866e+06,
1.10345e+06,
1.10905e+06,
1.11471e+06,
1.12007e+06,
1.12562e+06,
1.13113e+06,
1.13647e+06,
1.14211e+06,
1.14743e+06,
1.15121e+06,
1.15662e+06,
1.16277e+06,
1.16883e+06,
1.17476e+06,
1.1805e+06,
1.18632e+06,
1.19223e+06,
1.19792e+06,
1.20375e+06,
1.20804e+06,
1.21419e+06,
1.22085e+06,
1.22721e+06,
1.23362e+06,
1.23987e+06,
1.24612e+06,
1.25276e+06,
1.25917e+06,
1.26513e+06,
1.26947e+06,
1.27609e+06,
1.28287e+06,
1.28951e+06,
1.29621e+06,
1.30318e+06,
1.30975e+06,
1.31646e+06,
1.32296e+06,
1.32953e+06,
1.33406e+06,
1.34092e+06,
1.34805e+06,
1.35528e+06,
1.36284e+06,
1.37019e+06,
1.37762e+06,
1.38464e+06,
1.39166e+06,
1.39831e+06,
1.40311e+06,
1.41067e+06,
1.41828e+06,
1.42604e+06,
1.43387e+06,
1.44141e+06,
1.44886e+06,
1.45629e+06,
1.46376e+06,
1.47108e+06,
1.4765e+06,
1.4842e+06,
1.49246e+06,
1.50037e+06,
1.50842e+06,
1.51646e+06,
1.52468e+06,
1.53275e+06,
1.54057e+06,
1.54768e+06,
1.55292e+06,
1.56117e+06,
1.56972e+06,
1.57826e+06,
1.58691e+06,
1.59591e+06,
1.60471e+06,
1.61295e+06,
1.62128e+06,
1.62901e+06,
1.63471e+06,
1.64314e+06,
1.65197e+06,
1.66083e+06,
1.66936e+06,
1.67799e+06,
1.6858e+06,
1.69313e+06,
1.69988e+06,
1.70368e+06,
1.69472e+06,
1.70439e+06,
1.71446e+06,
1.7246e+06,
1.73498e+06,
1.74505e+06,
1.75526e+06,
1.76585e+06,
1.77645e+06,
1.78695e+06,
1.79734e+06,
1.80806e+06,
1.81874e+06,
1.8294e+06,
1.84044e+06,
1.85145e+06,
1.86259e+06,
1.87376e+06,
1.88498e+06,
1.89621e+06,
1.90753e+06,
1.91896e+06,
1.93032e+06,
1.94217e+06,
1.95391e+06,
1.96579e+06,
1.97726e+06,
1.98923e+06,
2.00117e+06,
2.01321e+06,
2.02572e+06,
2.03816e+06,
2.05062e+06,
2.06319e+06,
2.07554e+06,
2.0882e+06,
2.10127e+06,
2.11423e+06,
2.12766e+06,
2.14118e+06,
2.15464e+06,
2.16781e+06,
2.18133e+06,
2.19501e+06,
2.20886e+06,
2.22295e+06,
2.23687e+06,
2.25091e+06,
2.26509e+06,
2.27959e+06,
2.30793e+06,
2.33761e+06,
2.36973e+06,
2.40166e+06,
2.43336e+06,
2.46457e+06,
2.49654e+06,
2.52758e+06,
2.55917e+06,
2.5905e+06,
2.62347e+06,
2.6575e+06,
2.69212e+06,
2.72631e+06,
2.76036e+06,
2.79467e+06,
2.8292e+06,
2.86359e+06,
2.8988e+06,
2.93361e+06,
2.96884e+06,
3.00608e+06,
3.04379e+06,
3.08122e+06,
3.11883e+06,
3.15713e+06,
3.19488e+06,
3.23267e+06,
3.27139e+06,
3.30877e+06,
3.34661e+06,
3.38648e+06,
3.4273e+06,
3.46734e+06,
3.50886e+06,
3.55062e+06,
3.59231e+06,
3.6334e+06,
3.67501e+06,
3.71641e+06,
3.7599e+06,
3.80302e+06,
3.84797e+06,
3.89221e+06,
3.93796e+06,
3.98478e+06,
4.03004e+06,
4.07539e+06,
4.12121e+06,
4.16852e+06,
4.21741e+06,
4.26491e+06,
478966,
478586,
478229,
477937,
477606,
477359,
477168,
477037,
476869,
476684,
476559,
476420,
476283,
476134,
475994,
475834,
475725,
475581,
475422,
475314,
475237,
475282,
475452,
475556,
475542,
475563,
475548,
475546,
475552,
475489,
475505,
475625,
475761,
475859,
475930,
476037,
476108,
476197,
476227,
476313,
476424,
476624,
476808,
477069,
477143,
477350,
477483,
477606,
477674,
477729,
477794,
477912,
477935,
478129,
478329,
478343,
478440,
478480,
478584,
478699,
478811,
478950,
479070,
479294,
479468,
479574,
479713,
479872,
480059,
480189,
480344,
480468,
480632,
480814,
480958,
481100,
481288,
481301,
481481,
481612,
481727,
481854,
481965,
482138,
482344,
482537,
482732,
482885,
483106,
483218,
483341,
483554,
483715,
483940,
484068,
484173,
484329,
484391,
484465,
484567,
484687,
484832,
484986,
485110,
485276,
485496,
485698,
485916,
485897,
485973,
486019,
486205,
486420,
486627,
486875,
487186,
487483,
487660,
487762,
487943,
487984,
488310,
488567,
488773,
489053,
489325,
489638,
489835,
489909,
490048,
490223,
490659,
491010,
491333,
491605,
491779,
492079,
492358,
492499,
492697,
492791,
493163,
493548,
493815,
494129,
494467,
494775,
495082,
495262,
495520,
495711,
496046,
496446,
496726,
497067,
497475,
497841,
498191,
498439,
498659,
498868,
499168,
499622,
500011,
500358,
500804,
501364,
501787,
502119,
502434,
502750,
502999,
503520,
503889,
504332,
504819,
505231,
505668,
506002,
506360,
506781,
507138,
507558,
508074,
508529,
508997,
509466,
509854,
510152,
510616,
511001,
511318,
511835,
512389,
512981,
513462,
513948,
514420,
514737,
515280,
515746,
516093,
516649,
517188,
517768,
518279,
518896,
519426,
519805,
520462,
520973,
521404,
521986,
522592,
523150,
523786,
524379,
524900,
525338,
525749,
526268,
526798,
527370,
528054,
528661,
529268,
529839,
530460,
530934,
531391,
531977,
532443,
533042,
533563,
534230,
534918,
535534,
536100,
536541,
537091,
537628,
538119,
538774,
539483,
540144,
540751,
541417,
542121,
542827,
543533,
544199,
544867,
545505,
546217,
546855,
547417,
548011,
548611,
549075,
549670,
550186,
550623,
551135,
551896,
552669,
553342,
554050,
554756,
555564,
556330,
557040,
557831,
558576,
559240,
559905,
560698,
561343,
562006,
562613,
563297,
563973,
564584,
565279,
566006,
566704,
567379,
568064,
568608,
569128,
569767,
570357,
570946,
571520,
572182,
572919,
573609,
574296,
574888,
575356,
575934,
576490,
577069,
577694,
578301,
578988,
579676,
580350,
581057,
581556,
582183,
582787,
583359,
584043,
584831,
585510,
586188,
586816,
587479,
588033,
588596,
589108,
589718,
590298,
591057,
591756,
592460,
593187,
593758,
594274,
594948,
595538,
596139,
596829,
597570,
598324,
599085,
599744,
600467,
600906,
601630,
602257,
602745,
603364,
604131,
604891,
605562,
606221,
606986,
607530,
608205,
608872,
609504,
610133,
610852,
611534,
612234,
612912,
613599,
614119,
614810,
615503,
616055,
616873,
617603,
618416,
619146,
619975,
620737,
621671,
622593,
623378,
624313,
625059,
625708,
626398,
627102,
627674,
628342,
628629,
629077,
629605,
629969,
630602,
631340,
631995,
632719,
633286,
633823,
634036,
634521,
634880,
635158,
635731,
636381,
637150,
637903,
638618,
639217,
639432,
639887,
640270,
640606,
641197,
641969,
642677,
643387,
644136,
644822,
645107,
645626,
646124,
646617,
647363,
648170,
648934,
649638,
650400,
651093,
651530,
652216,
652844,
653266,
654114,
655032,
655845,
656649,
657413,
658158,
658693,
659437,
660112,
660643,
661585,
662546,
663388,
664255,
665091,
665885,
666323,
666979,
667589,
668125,
669121,
670051,
670920,
671860,
672832,
673678,
674205,
674928,
675600,
676286,
677251,
678282,
679346,
680366,
681288,
682095,
682610,
683352,
684048,
684825,
685970,
687058,
688249,
689413,
690396,
691386,
692003,
692752,
693448,
694434,
695572,
696760,
697963,
699224,
700163,
701142,
701739,
702638,
703410,
704829,
706843,
708897,
710918,
713055,
715048,
717009,
718738,
720528,
722132,
724107,
726457,
728857,
731161,
733425,
735744,
737920,
739780,
741862,
743893,
746144,
748585,
751109,
753761,
756112,
758423,
760886,
762719,
764693,
766738,
769358,
772068,
774815,
777546,
780150,
782721,
785348,
787217,
789423,
791559,
794826,
798041,
801237,
804262,
807344,
810495,
813452,
815676,
818328,
820855,
824279,
827604,
830958,
834407,
837655,
840934,
844074,
846263,
848819,
851676,
855523,
859342,
863051,
866727,
870423,
874229,
877908,
881309,
884809,
888598,
892572,
896393,
900493,
904350,
908418,
912339,
916271,
919909,
923414,
927415,
931734,
935937,
940585,
944816,
949115,
953455,
957471,
960565,
963653,
967968,
972429,
977076,
981585,
986347,
991063,
995694,
1.0001e+06,
1.00339e+06,
1.00688e+06,
1.01136e+06,
1.01612e+06,
1.02099e+06,
1.02603e+06,
1.03102e+06,
1.03594e+06,
1.04087e+06,
1.04559e+06,
1.04938e+06,
1.05329e+06,
1.05823e+06,
1.06334e+06,
1.06881e+06,
1.07448e+06,
1.07992e+06,
1.0852e+06,
1.09039e+06,
1.09548e+06,
1.09936e+06,
1.10389e+06,
1.10937e+06,
1.11515e+06,
1.12079e+06,
1.12637e+06,
1.13171e+06,
1.13707e+06,
1.14229e+06,
1.14735e+06,
1.15098e+06,
1.15524e+06,
1.16159e+06,
1.16756e+06,
1.17346e+06,
1.17945e+06,
1.18533e+06,
1.19118e+06,
1.19731e+06,
1.2032e+06,
1.20793e+06,
1.21338e+06,
1.21974e+06,
1.2263e+06,
1.23274e+06,
1.23908e+06,
1.24565e+06,
1.25234e+06,
1.25901e+06,
1.26541e+06,
1.27084e+06,
1.27665e+06,
1.28351e+06,
1.29052e+06,
1.29733e+06,
1.30426e+06,
1.31112e+06,
1.31843e+06,
1.32527e+06,
1.33214e+06,
1.33756e+06,
1.34424e+06,
1.35152e+06,
1.35884e+06,
1.36617e+06,
1.37373e+06,
1.38107e+06,
1.38872e+06,
1.396e+06,
1.40318e+06,
1.4087e+06,
1.41594e+06,
1.42361e+06,
1.43171e+06,
1.43975e+06,
1.44751e+06,
1.45532e+06,
1.46309e+06,
1.47086e+06,
1.47857e+06,
1.48455e+06,
1.49237e+06,
1.50065e+06,
1.509e+06,
1.5174e+06,
1.52565e+06,
1.53413e+06,
1.54222e+06,
1.55048e+06,
1.55869e+06,
1.56503e+06,
1.57354e+06,
1.58231e+06,
1.59081e+06,
1.59963e+06,
1.60841e+06,
1.61716e+06,
1.62633e+06,
1.63513e+06,
1.64374e+06,
1.64985e+06,
1.65847e+06,
1.66795e+06,
1.67687e+06,
1.68643e+06,
1.69617e+06,
1.70588e+06,
1.71487e+06,
1.72418e+06,
1.73285e+06,
1.73975e+06,
1.74931e+06,
1.759e+06,
1.76839e+06,
1.77801e+06,
1.78744e+06,
1.79651e+06,
1.80527e+06,
1.81319e+06,
1.81851e+06,
1.81083e+06,
1.82017e+06,
1.83118e+06,
1.84232e+06,
1.85338e+06,
1.86455e+06,
1.87588e+06,
1.88784e+06,
1.89939e+06,
1.9113e+06,
1.92308e+06,
1.93523e+06,
1.9471e+06,
1.95893e+06,
1.9715e+06,
1.98428e+06,
1.99677e+06,
2.00951e+06,
2.02226e+06,
2.03508e+06,
2.04818e+06,
2.06168e+06,
2.07519e+06,
2.08876e+06,
2.1021e+06,
2.11543e+06,
2.12902e+06,
2.14236e+06,
2.15636e+06,
2.17057e+06,
2.18447e+06,
2.19852e+06,
2.21268e+06,
2.22698e+06,
2.24134e+06,
2.25574e+06,
2.27017e+06,
2.28507e+06,
2.3071e+06,
2.33842e+06,
2.37193e+06,
2.40583e+06,
2.44002e+06,
2.47378e+06,
2.50723e+06,
2.54114e+06,
2.57493e+06,
2.60816e+06,
2.64219e+06,
2.67743e+06,
2.71409e+06,
2.75052e+06,
2.78685e+06,
2.82374e+06,
2.85943e+06,
2.89668e+06,
2.93276e+06,
2.96877e+06,
3.00602e+06,
3.04481e+06,
3.08521e+06,
3.12584e+06,
3.16584e+06,
3.20659e+06,
3.24713e+06,
3.28776e+06,
3.32806e+06,
3.36886e+06,
3.40993e+06,
3.45241e+06,
3.49479e+06,
3.53908e+06,
3.58308e+06,
3.62714e+06,
3.67053e+06,
3.7158e+06,
3.76029e+06,
3.80544e+06,
3.85017e+06,
3.89718e+06,
3.94476e+06,
3.99254e+06,
4.04131e+06,
4.09146e+06,
4.14235e+06,
4.19249e+06,
4.24217e+06,
4.29408e+06,
4.34724e+06,
4.40073e+06,
4.45569e+06,
4.51228e+06,
4.56985e+06,
4.63041e+06,
4.69633e+06,
4.76156e+06,
4.82682e+06,
4.89051e+06,
4.95068e+06,
5.00799e+06,
5.0643e+06,
5.12091e+06,
478966,
478574,
478232,
477921,
477572,
477295,
477118,
476985,
476833,
476663,
476512,
476378,
476196,
476034,
475864,
475719,
475570,
475503,
475312,
475152,
475067,
475099,
475276,
475359,
475322,
475353,
475322,
475322,
475292,
475197,
475244,
475322,
475387,
475515,
475555,
475619,
475714,
475803,
475906,
475949,
476067,
476202,
476370,
476651,
476749,
476909,
477066,
477138,
477194,
477251,
477367,
477433,
477511,
477642,
477774,
477843,
477918,
478009,
478081,
478168,
478241,
478343,
478397,
478535,
478662,
478855,
478983,
479182,
479368,
479500,
479676,
479859,
479998,
480131,
480295,
480436,
480568,
480747,
480802,
480861,
480944,
481091,
481231,
481349,
481535,
481710,
481900,
482086,
482266,
482370,
482586,
482704,
482794,
482968,
483142,
483285,
483445,
483547,
483628,
483677,
483736,
483906,
484082,
484247,
484355,
484523,
484725,
484887,
484967,
485089,
485193,
485330,
485499,
485703,
485870,
486089,
486357,
486539,
486678,
486826,
486925,
487107,
487394,
487642,
487841,
488065,
488354,
488553,
488656,
488868,
489099,
489145,
489484,
489792,
490043,
490317,
490691,
490915,
490993,
491167,
491414,
491560,
491884,
492242,
492485,
492769,
493063,
493351,
493475,
493762,
494033,
494249,
494562,
494904,
495210,
495574,
495947,
496261,
496519,
496845,
497136,
497414,
497666,
498026,
498405,
498766,
499139,
499530,
499816,
500259,
500663,
500980,
501283,
501698,
502155,
502526,
502924,
503351,
503630,
503988,
504337,
504693,
505018,
505461,
505800,
506259,
506745,
507117,
507408,
507813,
508251,
508710,
509027,
509492,
510045,
510579,
511057,
511599,
511939,
512481,
512929,
513361,
513662,
514136,
514631,
515141,
515755,
516303,
516700,
517174,
517695,
518193,
518639,
519332,
519900,
520454,
521053,
521609,
522063,
522500,
523059,
523545,
524058,
524527,
525133,
525744,
526401,
526966,
527406,
527930,
528484,
529060,
529538,
530055,
530648,
531225,
531821,
532391,
532873,
533499,
534090,
534594,
535175,
535729,
536342,
536980,
537761,
538447,
539085,
539646,
540383,
541077,
541725,
542314,
542979,
543472,
544172,
544792,
545275,
545748,
546361,
546982,
547547,
548020,
548746,
549428,
550166,
550915,
551769,
552455,
553146,
553879,
554610,
555373,
556076,
556749,
557435,
558051,
558677,
559399,
560046,
560697,
561338,
561960,
562662,
563387,
564037,
564642,
565117,
565782,
566404,
567096,
567576,
568107,
568777,
569549,
570248,
571004,
571510,
572125,
572766,
573383,
574028,
574550,
575250,
575978,
576662,
577274,
577837,
578443,
579002,
579616,
580253,
580737,
581387,
582126,
582865,
583486,
583982,
584645,
585254,
585864,
586506,
587006,
587772,
588507,
589125,
589831,
590278,
590910,
591651,
592352,
592948,
593423,
594088,
594808,
595479,
596229,
596751,
597298,
597987,
598682,
599355,
599862,
600600,
601320,
602067,
602704,
603202,
603837,
604489,
605122,
605743,
606248,
606941,
607703,
608384,
608966,
609500,
610110,
610792,
611478,
612138,
612657,
613399,
614206,
615059,
615853,
616726,
617532,
618419,
619219,
619989,
620937,
621571,
622208,
622828,
623379,
623722,
624294,
624826,
625347,
625759,
626194,
626848,
627577,
628156,
628746,
628965,
629465,
629934,
630397,
630735,
631163,
631872,
632488,
633147,
633700,
634011,
634497,
635004,
635450,
635740,
636334,
637112,
637776,
638592,
639303,
639724,
640333,
640904,
641521,
641855,
642574,
643316,
644003,
644777,
645530,
646002,
646626,
647227,
647965,
648457,
649271,
650067,
650943,
651765,
652559,
653080,
653855,
654600,
655254,
655692,
656585,
657479,
658391,
659266,
660085,
660574,
661321,
662139,
662880,
663441,
664230,
665221,
666169,
667105,
667934,
668554,
669339,
670091,
670873,
671459,
672483,
674102,
675712,
677433,
679036,
680362,
681859,
683401,
684810,
686232,
688226,
690251,
692135,
693936,
695663,
697006,
698799,
700466,
702080,
703847,
705891,
707819,
709815,
711797,
713624,
715224,
717051,
718873,
720491,
722525,
724932,
727189,
729327,
731536,
733719,
735518,
737406,
739530,
741431,
743757,
746234,
748677,
751086,
753600,
756151,
758201,
760635,
763056,
765285,
768063,
770929,
773581,
776450,
779243,
782006,
784261,
786863,
789288,
791679,
794692,
797567,
800385,
803555,
806458,
809513,
811867,
814580,
817495,
820095,
823302,
826586,
829801,
833077,
836309,
839628,
842193,
845247,
848113,
851264,
855126,
858695,
862191,
865829,
869421,
872945,
875577,
878747,
881646,
885159,
889305,
893445,
897502,
901676,
905927,
910132,
914006,
918167,
922198,
926462,
930697,
935090,
939303,
943588,
947939,
952242,
956044,
960051,
964033,
968490,
972857,
977341,
981915,
986684,
991364,
995808,
999528,
1.00361e+06,
1.00757e+06,
1.01243e+06,
1.01733e+06,
1.02252e+06,
1.02767e+06,
1.03265e+06,
1.03756e+06,
1.04251e+06,
1.04663e+06,
1.05085e+06,
1.0552e+06,
1.06067e+06,
1.06608e+06,
1.07139e+06,
1.07672e+06,
1.08205e+06,
1.08734e+06,
1.09256e+06,
1.09689e+06,
1.10158e+06,
1.10666e+06,
1.11234e+06,
1.11788e+06,
1.1237e+06,
1.12927e+06,
1.13482e+06,
1.14037e+06,
1.14601e+06,
1.15065e+06,
1.15558e+06,
1.16115e+06,
1.16738e+06,
1.17352e+06,
1.17975e+06,
1.18578e+06,
1.1919e+06,
1.19816e+06,
1.20364e+06,
1.20824e+06,
1.21282e+06,
1.21917e+06,
1.22585e+06,
1.23259e+06,
1.23925e+06,
1.24582e+06,
1.25256e+06,
1.259e+06,
1.2653e+06,
1.27059e+06,
1.27668e+06,
1.28363e+06,
1.29065e+06,
1.29778e+06,
1.30471e+06,
1.31183e+06,
1.31849e+06,
1.32547e+06,
1.33241e+06,
1.33864e+06,
1.34488e+06,
1.35245e+06,
1.35991e+06,
1.36765e+06,
1.37515e+06,
1.38284e+06,
1.39075e+06,
1.39878e+06,
1.40627e+06,
1.41274e+06,
1.41964e+06,
1.42762e+06,
1.43581e+06,
1.44368e+06,
1.4519e+06,
1.46004e+06,
1.46852e+06,
1.47676e+06,
1.48465e+06,
1.49162e+06,
1.49863e+06,
1.5069e+06,
1.51559e+06,
1.52433e+06,
1.53297e+06,
1.54173e+06,
1.55027e+06,
1.55876e+06,
1.56705e+06,
1.57398e+06,
1.58206e+06,
1.5912e+06,
1.60056e+06,
1.6098e+06,
1.61913e+06,
1.62861e+06,
1.63783e+06,
1.64685e+06,
1.6558e+06,
1.6632e+06,
1.67202e+06,
1.68187e+06,
1.69192e+06,
1.70173e+06,
1.71106e+06,
1.721e+06,
1.73073e+06,
1.74065e+06,
1.74987e+06,
1.75755e+06,
1.76648e+06,
1.7767e+06,
1.78691e+06,
1.79711e+06,
1.80776e+06,
1.81826e+06,
1.8283e+06,
1.8387e+06,
1.84876e+06,
1.85666e+06,
1.86681e+06,
1.87779e+06,
1.88848e+06,
1.89923e+06,
1.9098e+06,
1.92049e+06,
1.93091e+06,
1.93982e+06,
1.947e+06,
1.94183e+06,
1.95085e+06,
1.96375e+06,
1.97679e+06,
1.9895e+06,
2.00232e+06,
2.01557e+06,
2.02877e+06,
2.04264e+06,
2.05605e+06,
2.06968e+06,
2.08337e+06,
2.09666e+06,
2.11052e+06,
2.12484e+06,
2.13943e+06,
2.15393e+06,
2.16833e+06,
2.18246e+06,
2.19731e+06,
2.21181e+06,
2.22721e+06,
2.24252e+06,
2.25784e+06,
2.27303e+06,
2.28872e+06,
2.30397e+06,
2.32538e+06,
2.35843e+06,
2.39419e+06,
2.43075e+06,
2.46671e+06,
2.50221e+06,
2.53794e+06,
2.57329e+06,
2.60891e+06,
2.64478e+06,
2.68031e+06,
2.71931e+06,
2.75787e+06,
2.79689e+06,
2.83573e+06,
2.87505e+06,
2.91347e+06,
2.9532e+06,
2.9932e+06,
3.03203e+06,
3.07207e+06,
3.1135e+06,
3.15591e+06,
3.19944e+06,
3.24272e+06,
3.28511e+06,
3.32847e+06,
3.37155e+06,
3.41416e+06,
3.45751e+06,
3.50142e+06,
3.54699e+06,
3.59247e+06,
3.64017e+06,
3.68774e+06,
3.73517e+06,
3.78165e+06,
3.83019e+06,
3.87913e+06,
3.92801e+06,
3.97686e+06,
4.029e+06,
4.08148e+06,
4.13473e+06,
4.18856e+06,
4.2423e+06,
4.29854e+06,
4.35456e+06,
4.41173e+06,
4.46975e+06,
4.53049e+06,
4.59797e+06,
4.66603e+06,
4.7345e+06,
4.80189e+06,
4.86316e+06,
4.92139e+06,
4.97955e+06,
5.03736e+06,
5.09435e+06,
5.15105e+06,
5.20773e+06,
5.26695e+06,
5.32517e+06,
5.3825e+06,
5.43941e+06,
5.49678e+06,
5.55318e+06,
5.60793e+06,
5.66288e+06,
5.71783e+06,
5.77329e+06,
5.82918e+06,
5.88521e+06,
5.94099e+06,
478966,
478564,
478218,
477933,
477537,
477263,
477085,
476930,
476750,
476595,
476461,
476278,
476105,
475993,
475804,
475562,
475506,
475384,
475218,
474999,
474874,
474905,
475035,
475080,
475135,
475133,
475107,
475099,
475003,
474943,
474952,
474973,
475071,
475129,
475155,
475227,
475349,
475423,
475500,
475599,
475721,
475831,
475961,
476106,
476290,
476375,
476551,
476633,
476747,
476800,
476873,
476948,
477019,
477101,
477212,
477348,
477421,
477490,
477594,
477630,
477663,
477741,
477828,
477917,
478081,
478170,
478368,
478501,
478663,
478800,
478947,
479077,
479194,
479400,
479469,
479624,
479722,
479898,
480002,
480070,
480210,
480325,
480525,
480644,
480828,
480938,
481106,
481256,
481389,
481552,
481682,
481876,
481994,
482114,
482199,
482399,
482547,
482653,
482664,
482731,
482812,
482830,
483073,
483168,
483296,
483575,
483710,
483859,
483923,
484053,
484106,
484207,
484301,
484547,
484751,
484973,
485139,
485353,
485464,
485642,
485809,
485926,
486058,
486317,
486506,
486724,
486989,
487156,
487216,
487417,
487625,
487856,
487936,
488246,
488548,
488847,
489101,
489301,
489473,
489729,
489871,
490057,
490201,
490534,
490823,
491076,
491341,
491593,
491751,
491990,
492312,
492603,
492849,
493100,
493420,
493733,
494025,
494284,
494465,
494756,
495094,
495310,
495564,
495753,
496129,
496587,
496948,
497339,
497670,
498017,
498339,
498747,
499091,
499364,
499775,
500073,
500412,
500767,
501060,
501367,
501721,
502081,
502413,
502782,
503182,
503636,
504041,
504404,
504708,
505076,
505522,
505893,
506302,
506652,
507067,
507523,
508044,
508553,
508904,
509340,
509774,
510268,
510752,
511188,
511610,
512094,
512566,
513066,
513519,
513936,
514446,
514920,
515434,
515940,
516298,
516871,
517410,
518088,
518633,
519137,
519710,
520226,
520762,
521245,
521692,
522140,
522740,
523278,
523674,
524171,
524730,
525305,
525868,
526453,
526899,
527453,
528022,
528571,
529043,
529631,
530190,
530800,
531461,
531996,
532525,
533053,
533735,
534391,
535043,
535670,
536316,
536941,
537668,
538292,
538959,
539673,
540354,
540926,
541402,
541974,
542565,
543094,
543716,
544251,
544714,
545254,
546025,
546785,
547560,
548291,
549036,
549728,
550516,
551222,
551978,
552760,
553392,
554176,
554728,
555476,
556151,
556828,
557549,
558191,
558776,
559393,
560135,
560834,
561405,
562024,
562694,
563377,
563915,
564497,
565068,
565555,
566211,
566853,
567391,
568009,
568578,
569273,
569932,
570577,
571211,
571767,
572530,
573232,
573824,
574404,
575028,
575783,
576445,
577100,
577770,
578280,
578983,
579662,
580143,
580772,
581342,
581938,
582632,
583184,
583742,
584304,
585037,
585693,
586150,
586690,
587383,
588009,
588666,
589210,
589823,
590370,
591074,
591685,
592294,
592960,
593545,
594187,
594829,
595418,
595993,
596615,
597319,
597985,
598513,
599205,
599818,
600493,
601164,
601795,
602313,
602909,
603523,
604107,
604638,
605324,
605941,
606602,
607327,
607999,
608590,
609171,
609927,
610665,
611602,
612375,
613154,
613918,
614629,
615494,
616354,
617091,
617742,
618302,
618701,
619296,
619813,
620317,
620849,
621357,
621641,
622234,
622851,
623369,
623740,
624346,
624871,
625368,
625935,
626462,
626713,
627313,
627997,
628523,
628861,
629367,
629955,
630504,
631005,
631452,
631821,
632522,
633308,
633941,
634351,
634976,
635610,
636206,
636789,
637280,
637848,
638604,
639485,
640144,
640710,
641402,
642049,
642740,
643394,
643972,
644583,
645422,
646276,
647094,
647896,
649229,
650597,
651960,
653322,
654622,
656133,
657604,
659255,
660814,
662086,
663538,
664975,
666558,
668141,
669501,
671178,
672762,
674561,
676084,
677482,
679133,
680691,
682316,
683826,
685217,
687086,
688909,
690760,
692578,
693993,
695593,
697462,
699181,
700968,
702453,
704478,
706443,
708470,
710524,
712155,
714093,
716006,
717954,
719892,
721667,
723851,
726171,
728384,
730608,
732373,
734463,
736629,
738760,
740850,
743016,
745457,
747810,
750346,
752850,
754979,
757413,
759778,
762161,
764519,
767123,
769796,
772524,
775141,
777796,
780282,
782958,
785740,
788354,
790813,
793773,
796696,
799745,
802831,
805824,
808571,
811529,
814469,
817333,
820058,
823634,
826869,
830236,
833483,
836632,
839633,
842811,
846110,
849171,
852341,
856020,
859495,
863294,
866756,
870555,
873486,
876601,
879835,
882777,
886423,
890324,
894267,
898217,
901962,
905796,
908712,
912273,
915804,
918970,
923141,
927586,
931886,
936377,
940791,
945156,
949486,
954026,
958595,
963011,
967491,
972223,
976956,
981837,
986336,
990847,
995208,
999801,
1.00432e+06,
1.00887e+06,
1.014e+06,
1.01902e+06,
1.02399e+06,
1.02886e+06,
1.0337e+06,
1.0384e+06,
1.04257e+06,
1.04736e+06,
1.05164e+06,
1.05628e+06,
1.06169e+06,
1.06681e+06,
1.07209e+06,
1.07761e+06,
1.0832e+06,
1.08871e+06,
1.09344e+06,
1.09852e+06,
1.10327e+06,
1.10898e+06,
1.11448e+06,
1.12023e+06,
1.12591e+06,
1.13189e+06,
1.13775e+06,
1.14352e+06,
1.14848e+06,
1.1538e+06,
1.15902e+06,
1.16508e+06,
1.17129e+06,
1.1776e+06,
1.1838e+06,
1.1899e+06,
1.19615e+06,
1.20247e+06,
1.2077e+06,
1.21359e+06,
1.21887e+06,
1.22557e+06,
1.23192e+06,
1.23854e+06,
1.24539e+06,
1.25206e+06,
1.25884e+06,
1.26534e+06,
1.27063e+06,
1.27649e+06,
1.28195e+06,
1.28893e+06,
1.29621e+06,
1.30348e+06,
1.31068e+06,
1.31834e+06,
1.32571e+06,
1.33275e+06,
1.33913e+06,
1.34577e+06,
1.35225e+06,
1.35975e+06,
1.36767e+06,
1.37571e+06,
1.38353e+06,
1.39144e+06,
1.39899e+06,
1.40661e+06,
1.41343e+06,
1.42038e+06,
1.42807e+06,
1.43621e+06,
1.44443e+06,
1.45262e+06,
1.46086e+06,
1.46944e+06,
1.47775e+06,
1.48599e+06,
1.49385e+06,
1.50155e+06,
1.5103e+06,
1.51922e+06,
1.52788e+06,
1.5369e+06,
1.54535e+06,
1.55464e+06,
1.56355e+06,
1.57279e+06,
1.58081e+06,
1.58874e+06,
1.59813e+06,
1.60745e+06,
1.61695e+06,
1.62631e+06,
1.63596e+06,
1.64579e+06,
1.65499e+06,
1.66445e+06,
1.67287e+06,
1.68117e+06,
1.69101e+06,
1.70112e+06,
1.7112e+06,
1.72162e+06,
1.73204e+06,
1.74216e+06,
1.7522e+06,
1.76207e+06,
1.77069e+06,
1.78025e+06,
1.79093e+06,
1.80179e+06,
1.81292e+06,
1.82361e+06,
1.8344e+06,
1.84522e+06,
1.85629e+06,
1.86664e+06,
1.87571e+06,
1.88568e+06,
1.89682e+06,
1.90815e+06,
1.91947e+06,
1.93098e+06,
1.94315e+06,
1.9553e+06,
1.96701e+06,
1.97878e+06,
1.98848e+06,
1.99937e+06,
2.01189e+06,
2.0246e+06,
2.03709e+06,
2.0497e+06,
2.06198e+06,
2.07466e+06,
2.08593e+06,
2.09516e+06,
2.09347e+06,
2.10197e+06,
2.1165e+06,
2.131e+06,
2.14542e+06,
2.16003e+06,
2.17528e+06,
2.19079e+06,
2.20663e+06,
2.2217e+06,
2.237e+06,
2.2527e+06,
2.26853e+06,
2.28419e+06,
2.30029e+06,
2.31658e+06,
2.33291e+06,
2.36321e+06,
2.39978e+06,
2.43884e+06,
2.47744e+06,
2.51615e+06,
2.5549e+06,
2.59339e+06,
2.63158e+06,
2.66976e+06,
2.7076e+06,
2.74769e+06,
2.78865e+06,
2.83011e+06,
2.8725e+06,
2.9142e+06,
2.9557e+06,
2.99716e+06,
3.0389e+06,
3.08075e+06,
3.123e+06,
3.16652e+06,
3.2117e+06,
3.25713e+06,
3.30322e+06,
3.34856e+06,
3.39396e+06,
3.44065e+06,
3.487e+06,
3.53344e+06,
3.58081e+06,
3.62909e+06,
3.67834e+06,
3.72828e+06,
3.78002e+06,
3.83096e+06,
3.88241e+06,
3.93435e+06,
3.98846e+06,
4.04122e+06,
4.09489e+06,
4.1493e+06,
4.20812e+06,
4.26737e+06,
4.3274e+06,
4.38764e+06,
4.45262e+06,
4.52354e+06,
4.59435e+06,
4.66221e+06,
4.72907e+06,
4.7907e+06,
4.85203e+06,
4.91219e+06,
4.97285e+06,
5.03189e+06,
5.09099e+06,
5.14955e+06,
5.2091e+06,
5.2669e+06,
5.32483e+06,
5.38238e+06,
5.44106e+06,
5.49942e+06,
5.55652e+06,
5.61363e+06,
5.67128e+06,
5.72757e+06,
5.78251e+06,
5.83837e+06,
5.89389e+06,
5.95029e+06,
6.00902e+06,
6.06946e+06,
6.12907e+06,
6.18788e+06,
6.24485e+06,
6.30095e+06,
6.35759e+06,
6.41405e+06,
6.47002e+06,
6.52669e+06,
6.58551e+06,
6.64379e+06,
6.70225e+06,
6.76071e+06,
478966,
478542,
478191,
477914,
477516,
477243,
477068,
476917,
476724,
476535,
476397,
476241,
476045,
475872,
475705,
475541,
475397,
475235,
475126,
474924,
474840,
474776,
474789,
474898,
474909,
474937,
474859,
474812,
474757,
474656,
474645,
474722,
474793,
474819,
474875,
474913,
474974,
475071,
475086,
475157,
475258,
475404,
475597,
475692,
475793,
475977,
476022,
476135,
476104,
476231,
476320,
476423,
476473,
476573,
476690,
476798,
476837,
476912,
476983,
477080,
477207,
477254,
477335,
477377,
477439,
477570,
477699,
477891,
478023,
478111,
478224,
478301,
478491,
478574,
478714,
478801,
478936,
479118,
479245,
479424,
479561,
479687,
479817,
479939,
480081,
480262,
480376,
480542,
480665,
480754,
480934,
481089,
481214,
481244,
481379,
481468,
481590,
481732,
481771,
481848,
481943,
481999,
482067,
482156,
482287,
482497,
482674,
482787,
482830,
482988,
483175,
483284,
483370,
483463,
483664,
483845,
484001,
484113,
484272,
484399,
484517,
484684,
484878,
484977,
485236,
485368,
485506,
485683,
485833,
486037,
486281,
486464,
486611,
486703,
486926,
487159,
487458,
487746,
487833,
488061,
488354,
488582,
488791,
488980,
489123,
489419,
489691,
489965,
490100,
490276,
490547,
490789,
491128,
491362,
491487,
491743,
492081,
492356,
492565,
492805,
493135,
493448,
493674,
493998,
494272,
494524,
494828,
495149,
495327,
495654,
495934,
496285,
496653,
496931,
497305,
497641,
498068,
498462,
498665,
498953,
499364,
499745,
500044,
500342,
500650,
500893,
501196,
501547,
501850,
502267,
502674,
503167,
503561,
503985,
504430,
504825,
505291,
505743,
506045,
506482,
506871,
507289,
507805,
508281,
508811,
509202,
509532,
509963,
510316,
510834,
511225,
511705,
512183,
512627,
513141,
513613,
514023,
514440,
514837,
515267,
515723,
516268,
516860,
517450,
518009,
518546,
519047,
519544,
520004,
520498,
521078,
521610,
522097,
522620,
523152,
523708,
524207,
524712,
525160,
525759,
526400,
526983,
527583,
528171,
528776,
529302,
529823,
530469,
531160,
531829,
532546,
533230,
533899,
534512,
535077,
535734,
536325,
536924,
537309,
537835,
538387,
538963,
539634,
540265,
540838,
541452,
542024,
542585,
543364,
544135,
544905,
545583,
546332,
547067,
547697,
548394,
549196,
549949,
550717,
551434,
552071,
552755,
553397,
553992,
554672,
555384,
555991,
556557,
557149,
557808,
558483,
559172,
559848,
560514,
561121,
561771,
562381,
562995,
563561,
564219,
564877,
565492,
566049,
566657,
567321,
567934,
568531,
569036,
569544,
570141,
570729,
571364,
572009,
572628,
573243,
573836,
574350,
574918,
575490,
576092,
576688,
577432,
578082,
578704,
579382,
580057,
580613,
581117,
581669,
582359,
582977,
583591,
584160,
584799,
585413,
586102,
586682,
587196,
587769,
588370,
588983,
589618,
590276,
590950,
591600,
592226,
592832,
593369,
593935,
594521,
595166,
595859,
596513,
597192,
597851,
598436,
598963,
599467,
599943,
600650,
601292,
601983,
602649,
603324,
604013,
604643,
605156,
605816,
606581,
607374,
608154,
608851,
609589,
610368,
611128,
611859,
612680,
613309,
613608,
614203,
614773,
615313,
615908,
616508,
616989,
617383,
617741,
618275,
618526,
619071,
619693,
620260,
620803,
621424,
621930,
622242,
622578,
623168,
623443,
623972,
624531,
625133,
625765,
626404,
626996,
627941,
628993,
630208,
631197,
632602,
633964,
635299,
636639,
638040,
639391,
640606,
641972,
643313,
644537,
645945,
647441,
648901,
650338,
651912,
653344,
654443,
655914,
657585,
658929,
660513,
662066,
663591,
665134,
666575,
668082,
669442,
671144,
672762,
674222,
675800,
677274,
678849,
680490,
682230,
683905,
685735,
687624,
689513,
690909,
692701,
694739,
696740,
698563,
700560,
702210,
703985,
706348,
708375,
710058,
711951,
713919,
715963,
717953,
720036,
721799,
723916,
726057,
728181,
730025,
732306,
734533,
736687,
738789,
740851,
742944,
745245,
747556,
749912,
751878,
754106,
756559,
759073,
761627,
764058,
766346,
769166,
771884,
774737,
777108,
779852,
782628,
785271,
788136,
790688,
793505,
796443,
799412,
802538,
805343,
808126,
811057,
814076,
817118,
820193,
823337,
826663,
829941,
833165,
836060,
839117,
842374,
845386,
848529,
851757,
855151,
858919,
862390,
866119,
869141,
872587,
876247,
879753,
883233,
886777,
890849,
894869,
898845,
902781,
906049,
909839,
913698,
917507,
920790,
924706,
929006,
933336,
937557,
941729,
945346,
949098,
953223,
957173,
960717,
965307,
970034,
974583,
979317,
984184,
988384,
992873,
997587,
1.0023e+06,
1.00726e+06,
1.01228e+06,
1.01748e+06,
1.02272e+06,
1.02789e+06,
1.03293e+06,
1.03764e+06,
1.0425e+06,
1.04776e+06,
1.05279e+06,
1.05789e+06,
1.06331e+06,
1.06895e+06,
1.07458e+06,
1.08007e+06,
1.08538e+06,
1.09009e+06,
1.09526e+06,
1.10034e+06,
1.10495e+06,
1.11032e+06,
1.11625e+06,
1.12221e+06,
1.1282e+06,
1.13414e+06,
1.13988e+06,
1.1449e+06,
1.1503e+06,
1.15559e+06,
1.16108e+06,
1.16712e+06,
1.17375e+06,
1.18022e+06,
1.18654e+06,
1.19295e+06,
1.19909e+06,
1.20498e+06,
1.21101e+06,
1.21707e+06,
1.22292e+06,
1.22977e+06,
1.2364e+06,
1.24308e+06,
1.25034e+06,
1.25708e+06,
1.26367e+06,
1.26959e+06,
1.27637e+06,
1.2826e+06,
1.28911e+06,
1.2962e+06,
1.30368e+06,
1.31077e+06,
1.31792e+06,
1.32509e+06,
1.332e+06,
1.33814e+06,
1.34478e+06,
1.35089e+06,
1.35808e+06,
1.36593e+06,
1.374e+06,
1.38189e+06,
1.38952e+06,
1.39756e+06,
1.40544e+06,
1.41296e+06,
1.42059e+06,
1.42763e+06,
1.43568e+06,
1.44415e+06,
1.45257e+06,
1.46122e+06,
1.46985e+06,
1.47837e+06,
1.48675e+06,
1.49461e+06,
1.50276e+06,
1.51077e+06,
1.51933e+06,
1.52831e+06,
1.53718e+06,
1.54648e+06,
1.5557e+06,
1.56504e+06,
1.57394e+06,
1.58204e+06,
1.59043e+06,
1.59927e+06,
1.60906e+06,
1.61908e+06,
1.62895e+06,
1.6388e+06,
1.64885e+06,
1.65871e+06,
1.66846e+06,
1.67768e+06,
1.68726e+06,
1.6974e+06,
1.70781e+06,
1.71833e+06,
1.72909e+06,
1.73913e+06,
1.74983e+06,
1.76064e+06,
1.77144e+06,
1.78066e+06,
1.79024e+06,
1.80077e+06,
1.81153e+06,
1.82242e+06,
1.83376e+06,
1.84491e+06,
1.85626e+06,
1.86758e+06,
1.87836e+06,
1.88814e+06,
1.89824e+06,
1.91003e+06,
1.92229e+06,
1.93451e+06,
1.94671e+06,
1.95944e+06,
1.97212e+06,
1.98455e+06,
1.9969e+06,
2.00808e+06,
2.01986e+06,
2.03298e+06,
2.04656e+06,
2.0599e+06,
2.07304e+06,
2.08643e+06,
2.10068e+06,
2.11466e+06,
2.12805e+06,
2.14022e+06,
2.15279e+06,
2.16662e+06,
2.18093e+06,
2.19545e+06,
2.21011e+06,
2.22464e+06,
2.23871e+06,
2.25265e+06,
2.26449e+06,
2.2667e+06,
2.27436e+06,
2.29068e+06,
2.30759e+06,
2.32495e+06,
2.34176e+06,
2.35912e+06,
2.38803e+06,
2.42713e+06,
2.46865e+06,
2.51019e+06,
2.55173e+06,
2.59256e+06,
2.63338e+06,
2.67465e+06,
2.71598e+06,
2.75614e+06,
2.79937e+06,
2.84245e+06,
2.88707e+06,
2.93116e+06,
2.97626e+06,
3.02022e+06,
3.06561e+06,
3.11024e+06,
3.15562e+06,
3.20009e+06,
3.24647e+06,
3.29508e+06,
3.34395e+06,
3.39302e+06,
3.44267e+06,
3.49198e+06,
3.54139e+06,
3.59189e+06,
3.64184e+06,
3.69138e+06,
3.74433e+06,
3.79856e+06,
3.85299e+06,
3.90895e+06,
3.96458e+06,
4.02143e+06,
4.07857e+06,
4.13776e+06,
4.1972e+06,
4.25729e+06,
4.3206e+06,
4.393e+06,
4.46735e+06,
4.54068e+06,
4.61196e+06,
4.67957e+06,
4.74213e+06,
4.80334e+06,
4.86396e+06,
4.92372e+06,
4.98461e+06,
5.04616e+06,
5.10826e+06,
5.16848e+06,
5.22918e+06,
5.28943e+06,
5.34852e+06,
5.40724e+06,
5.46467e+06,
5.52265e+06,
5.58266e+06,
5.64053e+06,
5.69901e+06,
5.75704e+06,
5.81463e+06,
5.87318e+06,
5.93268e+06,
5.9914e+06,
6.05017e+06,
6.10823e+06,
6.16713e+06,
6.22568e+06,
6.28451e+06,
6.34277e+06,
6.40104e+06,
6.45945e+06,
6.51812e+06,
6.57558e+06,
6.63361e+06,
6.6918e+06,
6.7518e+06,
6.81124e+06,
6.87166e+06,
6.93072e+06,
6.99123e+06,
7.05004e+06,
7.10938e+06,
7.16752e+06,
7.22521e+06,
7.2832e+06,
7.3438e+06,
7.40615e+06,
7.4693e+06,
7.53226e+06,
7.59426e+06,
478966,
478535,
478207,
477892,
477520,
477244,
477025,
476838,
476668,
476495,
476350,
476147,
476014,
475787,
475582,
475456,
475299,
475136,
475017,
474859,
474753,
474647,
474573,
474637,
474751,
474738,
474714,
474625,
474565,
474493,
474408,
474435,
474487,
474538,
474595,
474648,
474626,
474768,
474835,
474893,
474980,
475063,
475160,
475339,
475406,
475501,
475640,
475697,
475733,
475810,
475897,
475964,
476063,
476095,
476146,
476230,
476321,
476420,
476498,
476520,
476545,
476634,
476772,
476834,
476880,
476992,
477087,
477192,
477331,
477464,
477521,
477650,
477734,
477964,
478064,
478142,
478305,
478377,
478528,
478691,
478798,
478922,
479041,
479179,
479255,
479348,
479511,
479684,
479825,
479903,
480055,
480173,
480307,
480368,
480442,
480570,
480656,
480774,
480831,
480932,
481046,
481184,
481199,
481232,
481355,
481489,
481540,
481659,
481716,
481902,
482037,
482167,
482225,
482323,
482436,
482519,
482688,
482799,
482893,
483062,
483297,
483474,
483623,
483763,
483843,
483996,
484231,
484402,
484486,
484617,
484750,
484939,
485140,
485318,
485441,
485517,
485762,
485939,
486081,
486305,
486551,
486813,
487047,
487352,
487557,
487698,
487814,
488001,
488133,
488362,
488600,
488751,
488968,
489155,
489357,
489666,
489796,
490023,
490165,
490468,
490731,
491058,
491381,
491693,
491972,
492239,
492455,
492733,
493057,
493281,
493558,
493930,
494251,
494577,
494923,
495241,
495513,
495705,
495974,
496321,
496624,
497045,
497416,
497755,
498091,
498431,
498776,
499028,
499233,
499497,
499885,
500254,
500749,
501227,
501618,
502045,
502448,
502784,
503066,
503483,
503874,
504306,
504744,
505133,
505626,
506036,
506497,
506915,
507182,
507609,
508068,
508497,
508949,
509439,
509899,
510360,
510805,
511257,
511589,
512066,
512619,
513062,
513491,
513980,
514481,
514955,
515469,
515914,
516313,
516967,
517451,
517954,
518541,
519061,
519560,
520060,
520514,
521135,
521450,
522092,
522665,
523292,
523885,
524458,
525105,
525673,
526244,
526850,
527402,
527876,
528457,
529088,
529689,
530401,
530973,
531647,
532250,
532789,
533313,
533956,
534548,
535202,
535918,
536621,
537249,
537890,
538520,
539163,
539758,
540275,
541012,
541760,
542400,
543119,
543867,
544628,
545324,
546062,
546767,
547505,
548247,
548972,
549722,
550454,
551096,
551688,
552295,
552951,
553505,
554133,
554719,
555317,
556015,
556588,
557251,
557824,
558410,
558968,
559444,
559910,
560550,
561232,
561912,
562536,
563164,
563764,
564434,
564925,
565421,
565923,
566612,
567276,
567964,
568591,
569153,
569740,
570358,
570969,
571385,
571888,
572512,
573058,
573648,
574325,
574877,
575559,
576200,
576757,
577143,
577668,
578361,
579024,
579651,
580290,
580943,
581615,
582207,
582791,
583215,
583722,
584339,
584965,
585692,
586348,
586969,
587672,
588291,
588874,
589301,
589865,
590538,
591132,
591803,
592460,
593081,
593668,
594405,
594925,
595333,
595800,
596492,
597168,
597769,
598486,
599141,
599789,
600473,
601048,
601669,
602264,
603015,
603729,
604461,
605186,
605880,
606578,
607272,
607992,
608467,
608994,
609610,
610223,
610774,
611545,
612762,
613880,
615061,
616217,
616852,
617907,
619205,
620327,
621599,
622791,
624044,
625342,
626580,
627671,
628412,
629548,
631007,
632430,
633821,
635078,
636448,
637739,
639043,
640159,
641240,
642669,
644238,
645568,
647161,
648601,
650097,
651558,
652868,
654148,
655475,
656959,
658449,
660091,
661785,
663420,
665177,
666889,
668508,
670119,
671656,
673430,
675240,
677105,
678899,
680601,
682423,
684210,
685998,
687698,
689329,
691200,
693112,
694906,
696729,
698519,
700536,
702279,
704191,
706053,
707742,
709783,
711619,
713830,
715862,
717868,
719934,
721999,
723897,
725922,
727575,
729668,
731954,
734238,
736537,
738920,
741153,
743488,
745811,
748275,
750387,
752738,
755048,
757462,
759889,
762412,
764965,
767314,
769598,
772312,
774600,
777209,
779801,
782503,
785146,
787826,
790413,
792691,
795558,
798553,
801406,
804296,
807249,
810014,
812994,
815885,
818739,
821679,
824790,
827959,
831057,
834456,
837878,
841325,
844852,
848120,
851544,
854861,
858359,
861812,
865045,
868587,
872231,
875994,
879877,
883450,
886906,
890703,
894606,
898290,
901690,
905453,
909738,
913707,
917621,
921588,
925164,
929180,
933431,
937610,
941237,
945378,
949607,
954030,
958295,
962206,
966235,
970783,
975512,
980137,
984022,
988328,
992849,
997486,
1.00236e+06,
1.00637e+06,
1.01093e+06,
1.01608e+06,
1.02122e+06,
1.02625e+06,
1.03113e+06,
1.03623e+06,
1.0414e+06,
1.04677e+06,
1.05217e+06,
1.05735e+06,
1.06295e+06,
1.06827e+06,
1.07357e+06,
1.07883e+06,
1.08402e+06,
1.08975e+06,
1.09559e+06,
1.10112e+06,
1.10655e+06,
1.11212e+06,
1.11817e+06,
1.12401e+06,
1.12978e+06,
1.13566e+06,
1.14072e+06,
1.14636e+06,
1.15256e+06,
1.15859e+06,
1.16398e+06,
1.16992e+06,
1.176e+06,
1.18234e+06,
1.18867e+06,
1.19479e+06,
1.20049e+06,
1.20682e+06,
1.21314e+06,
1.21935e+06,
1.22522e+06,
1.23169e+06,
1.23843e+06,
1.24508e+06,
1.25194e+06,
1.25873e+06,
1.26511e+06,
1.27187e+06,
1.27859e+06,
1.28516e+06,
1.29171e+06,
1.29916e+06,
1.30633e+06,
1.31385e+06,
1.3213e+06,
1.3289e+06,
1.33572e+06,
1.34302e+06,
1.35021e+06,
1.35712e+06,
1.3647e+06,
1.37261e+06,
1.38058e+06,
1.38859e+06,
1.39627e+06,
1.40429e+06,
1.41122e+06,
1.41881e+06,
1.42603e+06,
1.43298e+06,
1.44119e+06,
1.44991e+06,
1.45867e+06,
1.46711e+06,
1.47572e+06,
1.48419e+06,
1.49234e+06,
1.50052e+06,
1.50884e+06,
1.51736e+06,
1.52653e+06,
1.53558e+06,
1.54506e+06,
1.55448e+06,
1.56372e+06,
1.57309e+06,
1.58186e+06,
1.59115e+06,
1.60052e+06,
1.61006e+06,
1.62019e+06,
1.6302e+06,
1.63997e+06,
1.65013e+06,
1.66033e+06,
1.67062e+06,
1.68007e+06,
1.68988e+06,
1.6994e+06,
1.70964e+06,
1.72035e+06,
1.73097e+06,
1.74179e+06,
1.75281e+06,
1.76359e+06,
1.77405e+06,
1.78401e+06,
1.79414e+06,
1.80438e+06,
1.81583e+06,
1.82796e+06,
1.83948e+06,
1.85134e+06,
1.86325e+06,
1.8747e+06,
1.88606e+06,
1.89719e+06,
1.90853e+06,
1.91976e+06,
1.93182e+06,
1.94475e+06,
1.95718e+06,
1.97013e+06,
1.98349e+06,
1.99645e+06,
2.00937e+06,
2.02135e+06,
2.03365e+06,
2.04653e+06,
2.06049e+06,
2.07428e+06,
2.08875e+06,
2.10321e+06,
2.11802e+06,
2.13292e+06,
2.14763e+06,
2.16101e+06,
2.17452e+06,
2.18953e+06,
2.20548e+06,
2.22129e+06,
2.23701e+06,
2.25196e+06,
2.26781e+06,
2.28399e+06,
2.30002e+06,
2.3144e+06,
2.32954e+06,
2.34512e+06,
2.36155e+06,
2.37842e+06,
2.39512e+06,
2.4118e+06,
2.42861e+06,
2.464e+06,
2.50315e+06,
2.53456e+06,
2.56828e+06,
2.61086e+06,
2.65582e+06,
2.69977e+06,
2.7434e+06,
2.78721e+06,
2.83064e+06,
2.87711e+06,
2.92462e+06,
2.97258e+06,
3.02007e+06,
3.06778e+06,
3.11487e+06,
3.16349e+06,
3.21092e+06,
3.25927e+06,
3.30732e+06,
3.35894e+06,
3.41195e+06,
3.46343e+06,
3.51684e+06,
3.56998e+06,
3.6223e+06,
3.67667e+06,
3.73185e+06,
3.78588e+06,
3.84185e+06,
3.90111e+06,
3.96134e+06,
4.02198e+06,
4.08517e+06,
4.14911e+06,
4.21376e+06,
4.28176e+06,
4.35743e+06,
4.43305e+06,
4.50589e+06,
4.57829e+06,
4.64465e+06,
4.70914e+06,
4.77347e+06,
4.83646e+06,
4.89819e+06,
4.95993e+06,
5.02254e+06,
5.0829e+06,
5.14513e+06,
5.20802e+06,
5.27043e+06,
5.33203e+06,
5.39353e+06,
5.45403e+06,
5.51417e+06,
5.57258e+06,
5.63109e+06,
5.6893e+06,
5.74898e+06,
5.8088e+06,
5.8705e+06,
5.93239e+06,
5.99472e+06,
6.0547e+06,
6.11308e+06,
6.17086e+06,
6.2283e+06,
6.28664e+06,
6.34642e+06,
6.40744e+06,
6.4687e+06,
6.52808e+06,
6.58885e+06,
6.64961e+06,
6.71003e+06,
6.77044e+06,
6.82979e+06,
6.88905e+06,
6.94941e+06,
7.0094e+06,
7.06983e+06,
7.13002e+06,
7.18991e+06,
7.24945e+06,
7.31019e+06,
7.37097e+06,
7.43325e+06,
7.49398e+06,
7.5568e+06,
7.61963e+06,
7.68218e+06,
7.74416e+06,
7.8067e+06,
7.86931e+06,
7.9319e+06,
7.99345e+06,
8.05557e+06,
8.11797e+06,
8.18233e+06,
8.24739e+06,
8.31195e+06,
8.37529e+06,
8.43898e+06,
478966,
478527,
478207,
477881,
477529,
477219,
476998,
476763,
476584,
476459,
476259,
476037,
475932,
475701,
475475,
475368,
475200,
475051,
474904,
474781,
474610,
474446,
474456,
474434,
474517,
474480,
474514,
474494,
474405,
474333,
474219,
474189,
474207,
474215,
474259,
474301,
474392,
474448,
474504,
474500,
474597,
474711,
474852,
474886,
474945,
475024,
475176,
475333,
475352,
475378,
475473,
475515,
475623,
475638,
475710,
475774,
475794,
475864,
475935,
475991,
476104,
476154,
476190,
476210,
476268,
476369,
476487,
476596,
476634,
476732,
476883,
476989,
477152,
477265,
477360,
477452,
477494,
477624,
477720,
477820,
477948,
478137,
478215,
478381,
478454,
478623,
478689,
478776,
478839,
478916,
479102,
479172,
479249,
479399,
479514,
479631,
479712,
479724,
479811,
479860,
479982,
480119,
480166,
480215,
480252,
480349,
480499,
480552,
480598,
480638,
480802,
480916,
481067,
481207,
481325,
481274,
481393,
481573,
481531,
481661,
481788,
481941,
482146,
482329,
482482,
482624,
482732,
482877,
483021,
483208,
483349,
483521,
483670,
483838,
483935,
484105,
484231,
484360,
484421,
484527,
484693,
484908,
485113,
485322,
485525,
485738,
485970,
486080,
486178,
486364,
486532,
486760,
487077,
487244,
487499,
487755,
487979,
488151,
488253,
488473,
488733,
489034,
489310,
489649,
489980,
490292,
490478,
490700,
490801,
491035,
491329,
491615,
491977,
492272,
492640,
492952,
493246,
493534,
493735,
493942,
494234,
494574,
494952,
495273,
495599,
495912,
496227,
496592,
496844,
497023,
497368,
497677,
498023,
498432,
498876,
499383,
499857,
500185,
500476,
500759,
501079,
501569,
502024,
502431,
502851,
503315,
503767,
504144,
504373,
504719,
505050,
505482,
505940,
506439,
506905,
507354,
507822,
508261,
508662,
509102,
509447,
509913,
510432,
510962,
511439,
511916,
512386,
512914,
513209,
513626,
514044,
514475,
514986,
515578,
516285,
516831,
517335,
517826,
518243,
518752,
519237,
519789,
520332,
520876,
521460,
522123,
522678,
523190,
523709,
524321,
524895,
525472,
526106,
526721,
527533,
528155,
528796,
529466,
529988,
530568,
531150,
531785,
532447,
533068,
533797,
534510,
535138,
535738,
536382,
537044,
537779,
538352,
538969,
539651,
540359,
541046,
541741,
542424,
543090,
543777,
544443,
545197,
545918,
546660,
547263,
547911,
548498,
549082,
549613,
550234,
550810,
551373,
551975,
552636,
553251,
554019,
554561,
555236,
555606,
556129,
556712,
557283,
557863,
558489,
559138,
559695,
560284,
560823,
561305,
561854,
562453,
563017,
563568,
564220,
564890,
565553,
566152,
566664,
567089,
567639,
568182,
568679,
569263,
569920,
570495,
571173,
571810,
572363,
572877,
573400,
573890,
574293,
574947,
575589,
576198,
576873,
577492,
578102,
578602,
579187,
579718,
580227,
580829,
581459,
582133,
582770,
583440,
583993,
584505,
585036,
585591,
586059,
586631,
587290,
587968,
588615,
589310,
589951,
590445,
590963,
591535,
592112,
592660,
593300,
594435,
595721,
597038,
598428,
599856,
601145,
602452,
603764,
605086,
606558,
607889,
609210,
610583,
611993,
613199,
614368,
615729,
617280,
618550,
619889,
621286,
622676,
623949,
625208,
626172,
627213,
628239,
629392,
630811,
632269,
633684,
635184,
636473,
637907,
638840,
640006,
641135,
642584,
644255,
645868,
647350,
648833,
650464,
651971,
653329,
654785,
656078,
657881,
659545,
661394,
663075,
664717,
666477,
668050,
669531,
671081,
672790,
674598,
676343,
678129,
680156,
681955,
683796,
685532,
687092,
688576,
690436,
692338,
694238,
696182,
698049,
699973,
701832,
703666,
705206,
707059,
709293,
711557,
713850,
716150,
718252,
720442,
722556,
724528,
726227,
728357,
730411,
732764,
735217,
737465,
739720,
742025,
744407,
746562,
748392,
750651,
753006,
755493,
757890,
760532,
763074,
765395,
768011,
770256,
772108,
774671,
777174,
779755,
782582,
785273,
788023,
790862,
793745,
796224,
798753,
801565,
804399,
807169,
810231,
813327,
816414,
819514,
822568,
825450,
828302,
831434,
834659,
837841,
841088,
844388,
847791,
851135,
854334,
857584,
861168,
864641,
868170,
871844,
875361,
879075,
882619,
886307,
889792,
893405,
897064,
901113,
905176,
909207,
913148,
917292,
921202,
925010,
928932,
933117,
937069,
941219,
945613,
949927,
954070,
958272,
962246,
966242,
970732,
975389,
979299,
983856,
988412,
993235,
997942,
1.00266e+06,
1.00719e+06,
1.01137e+06,
1.01607e+06,
1.02109e+06,
1.02537e+06,
1.03027e+06,
1.03524e+06,
1.04029e+06,
1.04547e+06,
1.05051e+06,
1.05504e+06,
1.0603e+06,
1.06589e+06,
1.07158e+06,
1.07713e+06,
1.08266e+06,
1.08858e+06,
1.09436e+06,
1.10002e+06,
1.10566e+06,
1.11114e+06,
1.11693e+06,
1.12306e+06,
1.12916e+06,
1.13484e+06,
1.14086e+06,
1.14689e+06,
1.15281e+06,
1.15902e+06,
1.16487e+06,
1.17063e+06,
1.17678e+06,
1.18299e+06,
1.18937e+06,
1.1952e+06,
1.20123e+06,
1.20749e+06,
1.21384e+06,
1.22021e+06,
1.226e+06,
1.23262e+06,
1.23953e+06,
1.24663e+06,
1.25348e+06,
1.26011e+06,
1.26691e+06,
1.27362e+06,
1.28042e+06,
1.28702e+06,
1.29381e+06,
1.30111e+06,
1.30859e+06,
1.3161e+06,
1.32333e+06,
1.33009e+06,
1.33715e+06,
1.34435e+06,
1.35181e+06,
1.3589e+06,
1.36642e+06,
1.37451e+06,
1.38277e+06,
1.39062e+06,
1.3985e+06,
1.40561e+06,
1.41347e+06,
1.42125e+06,
1.4293e+06,
1.43707e+06,
1.44564e+06,
1.45434e+06,
1.46318e+06,
1.47172e+06,
1.48021e+06,
1.48816e+06,
1.49651e+06,
1.50499e+06,
1.5136e+06,
1.52183e+06,
1.53108e+06,
1.5405e+06,
1.54962e+06,
1.55901e+06,
1.56863e+06,
1.57775e+06,
1.58711e+06,
1.59626e+06,
1.60546e+06,
1.61489e+06,
1.62513e+06,
1.63531e+06,
1.64574e+06,
1.65614e+06,
1.6663e+06,
1.67604e+06,
1.68609e+06,
1.69606e+06,
1.7061e+06,
1.71688e+06,
1.72826e+06,
1.73937e+06,
1.75063e+06,
1.76141e+06,
1.77235e+06,
1.78292e+06,
1.79373e+06,
1.80483e+06,
1.81617e+06,
1.8278e+06,
1.83942e+06,
1.8515e+06,
1.8636e+06,
1.87536e+06,
1.88715e+06,
1.89892e+06,
1.91044e+06,
1.92229e+06,
1.93455e+06,
1.94721e+06,
1.9601e+06,
1.97348e+06,
1.98703e+06,
2.00061e+06,
2.01399e+06,
2.02699e+06,
2.04062e+06,
2.05374e+06,
2.06829e+06,
2.08342e+06,
2.09852e+06,
2.1139e+06,
2.1291e+06,
2.14448e+06,
2.15982e+06,
2.17467e+06,
2.18994e+06,
2.20527e+06,
2.22097e+06,
2.23706e+06,
2.25298e+06,
2.26937e+06,
2.28661e+06,
2.30332e+06,
2.31942e+06,
2.33481e+06,
2.35074e+06,
2.36698e+06,
2.38447e+06,
2.40256e+06,
2.42106e+06,
2.439e+06,
2.45701e+06,
2.47561e+06,
2.50978e+06,
2.55297e+06,
2.59838e+06,
2.64538e+06,
2.69203e+06,
2.73789e+06,
2.78422e+06,
2.82946e+06,
2.8749e+06,
2.91966e+06,
2.96612e+06,
3.005e+06,
3.04463e+06,
3.0919e+06,
3.14294e+06,
3.19359e+06,
3.24563e+06,
3.2969e+06,
3.3482e+06,
3.3994e+06,
3.45462e+06,
3.5116e+06,
3.56789e+06,
3.62601e+06,
3.68422e+06,
3.74174e+06,
3.8012e+06,
3.86156e+06,
3.92115e+06,
3.98339e+06,
4.05086e+06,
4.11858e+06,
4.18771e+06,
4.26816e+06,
4.34817e+06,
4.42454e+06,
4.49879e+06,
4.56581e+06,
4.63056e+06,
4.69517e+06,
4.76014e+06,
4.82579e+06,
4.89145e+06,
4.95775e+06,
5.02096e+06,
5.0846e+06,
5.14819e+06,
5.21095e+06,
5.27285e+06,
5.33463e+06,
5.3976e+06,
5.46089e+06,
5.52224e+06,
5.58306e+06,
5.64384e+06,
5.70475e+06,
5.76508e+06,
5.82739e+06,
5.89027e+06,
5.95209e+06,
6.01408e+06,
6.07624e+06,
6.13667e+06,
6.1968e+06,
6.25666e+06,
6.31726e+06,
6.37883e+06,
6.43856e+06,
6.49857e+06,
6.56125e+06,
6.62439e+06,
6.68698e+06,
6.74981e+06,
6.81206e+06,
6.87286e+06,
6.9329e+06,
6.99218e+06,
7.05219e+06,
7.11267e+06,
7.17539e+06,
7.23778e+06,
7.30215e+06,
7.36501e+06,
7.4266e+06,
7.48869e+06,
7.54992e+06,
7.61054e+06,
7.67105e+06,
7.73381e+06,
7.79963e+06,
7.86476e+06,
7.92946e+06,
7.99246e+06,
8.05695e+06,
8.12173e+06,
8.18546e+06,
8.24983e+06,
8.3139e+06,
8.37897e+06,
8.44375e+06,
8.50779e+06,
8.5722e+06,
8.63597e+06,
8.70014e+06,
8.76425e+06,
8.8296e+06,
8.89579e+06,
8.96028e+06,
9.02667e+06,
9.09274e+06,
9.15844e+06,
9.22354e+06,
9.28859e+06,
478966,
478508,
478220,
477874,
477495,
477182,
476985,
476739,
476519,
476359,
476175,
475991,
475796,
475603,
475388,
475290,
475093,
475002,
474811,
474689,
474505,
474322,
474275,
474331,
474329,
474350,
474326,
474324,
474225,
474113,
474033,
473942,
473925,
473848,
473866,
473978,
474026,
474101,
474125,
474236,
474302,
474332,
474415,
474430,
474462,
474604,
474609,
474734,
474890,
474893,
474993,
475107,
475177,
475200,
475197,
475212,
475317,
475394,
475394,
475441,
475510,
475568,
475640,
475723,
475831,
475810,
475823,
475942,
475923,
476021,
476108,
476310,
476393,
476486,
476646,
476749,
476748,
476817,
476897,
477000,
477165,
477316,
477455,
477550,
477643,
477777,
477772,
477837,
477899,
478009,
478086,
478241,
478332,
478370,
478483,
478586,
478671,
478707,
478760,
478823,
478901,
479006,
479114,
479129,
479177,
479251,
479241,
479243,
479336,
479445,
479506,
479575,
479707,
479967,
480110,
480157,
480233,
480316,
480354,
480480,
480584,
480728,
480860,
480935,
481118,
481258,
481401,
481531,
481554,
481657,
481891,
482010,
482182,
482303,
482526,
482633,
482751,
482885,
482878,
482994,
483180,
483322,
483457,
483667,
483882,
484066,
484344,
484484,
484512,
484634,
484833,
485019,
485272,
485465,
485658,
485883,
486097,
486303,
486466,
486542,
486678,
486895,
487221,
487483,
487809,
488113,
488444,
488696,
488836,
489039,
489263,
489555,
489769,
490118,
490389,
490694,
490969,
491206,
491437,
491623,
491936,
492146,
492497,
492801,
493142,
493520,
493920,
494206,
494469,
494684,
495031,
495253,
495609,
496012,
496435,
496780,
497142,
497561,
497799,
498107,
498490,
498864,
499121,
499482,
499924,
500448,
500872,
501286,
501671,
502039,
502397,
502764,
503149,
503519,
503889,
504387,
504829,
505188,
505616,
505942,
506370,
506746,
507234,
507661,
508192,
508761,
509270,
509828,
510236,
510712,
511102,
511579,
511986,
512447,
512942,
513455,
513933,
514509,
514979,
515439,
516005,
516610,
517218,
517739,
518242,
518851,
519486,
520108,
520773,
521279,
521915,
522437,
522992,
523524,
524126,
524781,
525408,
526053,
526573,
527217,
527862,
528447,
529148,
529883,
530551,
531172,
531791,
532387,
533135,
533794,
534420,
535035,
535566,
536123,
536661,
537347,
537998,
538667,
539367,
539982,
540629,
541312,
541971,
542713,
543445,
544145,
544723,
545371,
545942,
546426,
547053,
547613,
548242,
548832,
549394,
550036,
550659,
551160,
551704,
552237,
552741,
553317,
553945,
554441,
554956,
555525,
556160,
556748,
557252,
557757,
558238,
558799,
559374,
559876,
560333,
560937,
561587,
562178,
562677,
563204,
563681,
564296,
564853,
565379,
565800,
566437,
567028,
567622,
568180,
568753,
569286,
569815,
570374,
570946,
571389,
571991,
572578,
573202,
573818,
574289,
574901,
575569,
576176,
576702,
577195,
577785,
578787,
580094,
581261,
582460,
583699,
584939,
586195,
587493,
588721,
590104,
591522,
592801,
593971,
595137,
596474,
597790,
599161,
600368,
601735,
603174,
604562,
605971,
607466,
608955,
610591,
612008,
613369,
614633,
616081,
617590,
619007,
620541,
621918,
623436,
624951,
626478,
627896,
629378,
630882,
632343,
633926,
635426,
636663,
638019,
639332,
640802,
642212,
643527,
645087,
646770,
648336,
649938,
651213,
652726,
654444,
655964,
657268,
658844,
660623,
662445,
664147,
665696,
667277,
668738,
670356,
671984,
673410,
675045,
676874,
678668,
680651,
682632,
684283,
685841,
687683,
689598,
691391,
693247,
695200,
697335,
699408,
701631,
703662,
705607,
707585,
709629,
711674,
713695,
715781,
718070,
720505,
722532,
724546,
726714,
729031,
731189,
733413,
735635,
737898,
740108,
742418,
744664,
746770,
748819,
750946,
753167,
755747,
758164,
760830,
763261,
765924,
768439,
770722,
773087,
775558,
778284,
780950,
783835,
786683,
789346,
792124,
794677,
797109,
799479,
801907,
804852,
807802,
810742,
813898,
816927,
819966,
822968,
825593,
827959,
831079,
834237,
837524,
840818,
844290,
847713,
850950,
854290,
857111,
860155,
863718,
867366,
870848,
874570,
878438,
882058,
885725,
889292,
892777,
896491,
900200,
904042,
908028,
912085,
916105,
920078,
924031,
927928,
931774,
935806,
940154,
944335,
948423,
952519,
956715,
960995,
965317,
969483,
973294,
977542,
982230,
986932,
991471,
996086,
1.00077e+06,
1.00563e+06,
1.0102e+06,
1.01491e+06,
1.01947e+06,
1.02439e+06,
1.02951e+06,
1.03479e+06,
1.03962e+06,
1.04462e+06,
1.05001e+06,
1.05501e+06,
1.05987e+06,
1.06498e+06,
1.06977e+06,
1.0747e+06,
1.08009e+06,
1.08573e+06,
1.09106e+06,
1.09663e+06,
1.10193e+06,
1.10722e+06,
1.11263e+06,
1.11844e+06,
1.12439e+06,
1.13011e+06,
1.13631e+06,
1.14239e+06,
1.14828e+06,
1.15443e+06,
1.1607e+06,
1.16704e+06,
1.17346e+06,
1.18008e+06,
1.18654e+06,
1.19308e+06,
1.19968e+06,
1.20578e+06,
1.2124e+06,
1.21909e+06,
1.22569e+06,
1.23239e+06,
1.23926e+06,
1.24608e+06,
1.25232e+06,
1.25905e+06,
1.26563e+06,
1.27238e+06,
1.27932e+06,
1.28608e+06,
1.2926e+06,
1.2998e+06,
1.30743e+06,
1.31495e+06,
1.32194e+06,
1.32885e+06,
1.33608e+06,
1.3433e+06,
1.35083e+06,
1.3583e+06,
1.36583e+06,
1.37355e+06,
1.38194e+06,
1.39009e+06,
1.39743e+06,
1.40496e+06,
1.41296e+06,
1.42125e+06,
1.42966e+06,
1.43748e+06,
1.44596e+06,
1.45453e+06,
1.46314e+06,
1.4717e+06,
1.47992e+06,
1.48862e+06,
1.4976e+06,
1.5066e+06,
1.51524e+06,
1.52385e+06,
1.53289e+06,
1.5423e+06,
1.55179e+06,
1.56138e+06,
1.57031e+06,
1.57927e+06,
1.58843e+06,
1.5976e+06,
1.60671e+06,
1.61674e+06,
1.62697e+06,
1.63764e+06,
1.64843e+06,
1.65885e+06,
1.66868e+06,
1.6787e+06,
1.68898e+06,
1.69948e+06,
1.70994e+06,
1.72062e+06,
1.73198e+06,
1.74298e+06,
1.75437e+06,
1.76559e+06,
1.77641e+06,
1.78763e+06,
1.79917e+06,
1.81071e+06,
1.82211e+06,
1.83405e+06,
1.84579e+06,
1.8581e+06,
1.87028e+06,
1.88266e+06,
1.89439e+06,
1.90645e+06,
1.91892e+06,
1.93099e+06,
1.94395e+06,
1.9573e+06,
1.97129e+06,
1.98541e+06,
1.99957e+06,
2.01366e+06,
2.02738e+06,
2.04125e+06,
2.05564e+06,
2.07044e+06,
2.0853e+06,
2.10076e+06,
2.11615e+06,
2.13196e+06,
2.14758e+06,
2.16363e+06,
2.17938e+06,
2.19506e+06,
2.21039e+06,
2.22621e+06,
2.24307e+06,
2.25935e+06,
2.27657e+06,
2.29495e+06,
2.31264e+06,
2.32952e+06,
2.34679e+06,
2.3636e+06,
2.38034e+06,
2.39835e+06,
2.41705e+06,
2.43601e+06,
2.45468e+06,
2.47398e+06,
2.49283e+06,
2.51219e+06,
2.53123e+06,
2.5748e+06,
2.62349e+06,
2.67355e+06,
2.7244e+06,
2.77465e+06,
2.82459e+06,
2.87545e+06,
2.92494e+06,
2.97378e+06,
3.0223e+06,
3.07378e+06,
3.12602e+06,
3.18028e+06,
3.23402e+06,
3.28828e+06,
3.34158e+06,
3.39607e+06,
3.44838e+06,
3.50139e+06,
3.54949e+06,
3.60006e+06,
3.65596e+06,
3.71736e+06,
3.78157e+06,
3.84475e+06,
3.90931e+06,
3.97697e+06,
4.04439e+06,
4.11402e+06,
4.19729e+06,
4.28141e+06,
4.36148e+06,
4.43941e+06,
4.51019e+06,
4.5781e+06,
4.64487e+06,
4.71071e+06,
4.77571e+06,
4.84065e+06,
4.90947e+06,
4.97594e+06,
5.04348e+06,
5.10944e+06,
5.17528e+06,
5.23939e+06,
5.30304e+06,
5.36649e+06,
5.42813e+06,
5.48927e+06,
5.55336e+06,
5.61769e+06,
5.68054e+06,
5.74527e+06,
5.81059e+06,
5.87492e+06,
5.93815e+06,
5.99911e+06,
6.05956e+06,
6.12265e+06,
6.18557e+06,
6.24836e+06,
6.31119e+06,
6.37337e+06,
6.43561e+06,
6.49801e+06,
6.56157e+06,
6.62419e+06,
6.68661e+06,
6.75158e+06,
6.81523e+06,
6.87755e+06,
6.93963e+06,
7.00144e+06,
7.06441e+06,
7.12715e+06,
7.18918e+06,
7.25293e+06,
7.31615e+06,
7.38094e+06,
7.44491e+06,
7.50894e+06,
7.57218e+06,
7.63531e+06,
7.69744e+06,
7.75985e+06,
7.82159e+06,
7.88365e+06,
7.94733e+06,
8.01415e+06,
8.08181e+06,
8.14837e+06,
8.21574e+06,
8.28184e+06,
8.34615e+06,
8.41021e+06,
8.47422e+06,
8.53772e+06,
8.60394e+06,
8.67041e+06,
8.73773e+06,
8.80597e+06,
8.87356e+06,
8.93991e+06,
9.00644e+06,
9.07185e+06,
9.13699e+06,
9.20253e+06,
9.27014e+06,
9.33795e+06,
9.40511e+06,
9.47238e+06,
9.53915e+06,
9.60643e+06,
9.67383e+06,
9.7416e+06,
9.80945e+06,
9.87816e+06,
9.9478e+06,
1.00174e+07,
1.0086e+07,
1.01573e+07,
478966,
478502,
478197,
477875,
477474,
477191,
476933,
476704,
476485,
476285,
476119,
475952,
475758,
475547,
475352,
475202,
474990,
474834,
474684,
474536,
474391,
474199,
474099,
474087,
474161,
474194,
474186,
474119,
473970,
473876,
473798,
473713,
473638,
473589,
473601,
473603,
473762,
473791,
473783,
473819,
473836,
473855,
473945,
474022,
474080,
474112,
474187,
474292,
474320,
474486,
474515,
474556,
474561,
474661,
474660,
474706,
474705,
474724,
474872,
474923,
474951,
475032,
475092,
475175,
475217,
475280,
475326,
475268,
475363,
475480,
475540,
475668,
475710,
475833,
475981,
476062,
476212,
476210,
476212,
476307,
476412,
476540,
476612,
476759,
476835,
476956,
476993,
477044,
477053,
477118,
477243,
477399,
477434,
477503,
477605,
477653,
477715,
477754,
477807,
477856,
477860,
477944,
478010,
478049,
478185,
478213,
478274,
478287,
478220,
478322,
478389,
478441,
478477,
478583,
478674,
478837,
478991,
479044,
479079,
479143,
479239,
479380,
479468,
479562,
479706,
479815,
479898,
479993,
480051,
480140,
480309,
480449,
480595,
480755,
480966,
481183,
481335,
481510,
481566,
481674,
481718,
481823,
482041,
482221,
482382,
482578,
482751,
482899,
482958,
483083,
483174,
483300,
483486,
483720,
483941,
484091,
484322,
484462,
484629,
484784,
484977,
485213,
485294,
485520,
485750,
485941,
486286,
486563,
486796,
487081,
487342,
487619,
487837,
487995,
488255,
488544,
488814,
489046,
489261,
489525,
489702,
490020,
490275,
490495,
490826,
491098,
491443,
491768,
491989,
492223,
492498,
492745,
493086,
493392,
493603,
493964,
494341,
494816,
495097,
495496,
495850,
496254,
496589,
497053,
497328,
497557,
497983,
498361,
498664,
499073,
499471,
499989,
500448,
500758,
501110,
501486,
501885,
502364,
502706,
503195,
503609,
503974,
504441,
504842,
505236,
505627,
506084,
506596,
506985,
507352,
507861,
508418,
508965,
509493,
509951,
510421,
510840,
511337,
511863,
512472,
512987,
513599,
514193,
514731,
515240,
515815,
516292,
516920,
517680,
518467,
519088,
519686,
520247,
520973,
521536,
522120,
522565,
523069,
523541,
524060,
524689,
525311,
525896,
526523,
527157,
527806,
528440,
528990,
529681,
530255,
530911,
531598,
532205,
532852,
533411,
534013,
534528,
534973,
535558,
536177,
536765,
537367,
538053,
538682,
539245,
539874,
540541,
541172,
541742,
542322,
542926,
543574,
544174,
544728,
545298,
545877,
546428,
546983,
547492,
548001,
548525,
549124,
549650,
550243,
550818,
551316,
551915,
552341,
552750,
553299,
553870,
554460,
555047,
555619,
556122,
556704,
557250,
557662,
558227,
558739,
559322,
559941,
560497,
561063,
561687,
562302,
562830,
563272,
563741,
564294,
565471,
566597,
567898,
569243,
570563,
571714,
572998,
574196,
575378,
576580,
577746,
579115,
580511,
581783,
583186,
584430,
585624,
586881,
588258,
589604,
590959,
592361,
593698,
595105,
596550,
597859,
599197,
600603,
601899,
603083,
604564,
605893,
607233,
608759,
610174,
611495,
612880,
614583,
616252,
617911,
619584,
621254,
622856,
624566,
626080,
627735,
629243,
630868,
632434,
633832,
635413,
637179,
638912,
640594,
642166,
643876,
645443,
647078,
648539,
649945,
651470,
652976,
654614,
656347,
658035,
659425,
661010,
662748,
664219,
665651,
667375,
668932,
670624,
672543,
674295,
675921,
677849,
679814,
681506,
683230,
685149,
687140,
689048,
690957,
692803,
694593,
696912,
698922,
700913,
702898,
705025,
707029,
708942,
710837,
712699,
714889,
717220,
719397,
721582,
723715,
725960,
728151,
730319,
732335,
734403,
736760,
739035,
741586,
743983,
746248,
748556,
751191,
753626,
755866,
758379,
761015,
763474,
766147,
768390,
771035,
773704,
776354,
778884,
781618,
784399,
787201,
789897,
792679,
795302,
797934,
800614,
803398,
806076,
808856,
811815,
814635,
817641,
820447,
823183,
825993,
829011,
831876,
835035,
838281,
841375,
844839,
848174,
851593,
854592,
857689,
860926,
863958,
867456,
870966,
874383,
877935,
881548,
884982,
888366,
891660,
894976,
898404,
902214,
906177,
910124,
914077,
917988,
921549,
925337,
929061,
932772,
937054,
941071,
945274,
949577,
953962,
958258,
962781,
966745,
970965,
975493,
980115,
984626,
989313,
994113,
998807,
1.0036e+06,
1.00813e+06,
1.01238e+06,
1.01681e+06,
1.02156e+06,
1.02659e+06,
1.03154e+06,
1.03657e+06,
1.0414e+06,
1.04663e+06,
1.05154e+06,
1.05664e+06,
1.06126e+06,
1.06593e+06,
1.07113e+06,
1.07639e+06,
1.0817e+06,
1.08716e+06,
1.09282e+06,
1.09842e+06,
1.10395e+06,
1.10932e+06,
1.11412e+06,
1.11978e+06,
1.12568e+06,
1.13155e+06,
1.13742e+06,
1.1435e+06,
1.1494e+06,
1.15547e+06,
1.16144e+06,
1.16709e+06,
1.17317e+06,
1.17961e+06,
1.18608e+06,
1.19287e+06,
1.19957e+06,
1.20604e+06,
1.21274e+06,
1.2196e+06,
1.22651e+06,
1.2334e+06,
1.24001e+06,
1.24677e+06,
1.25377e+06,
1.26053e+06,
1.26781e+06,
1.27502e+06,
1.2823e+06,
1.28933e+06,
1.29635e+06,
1.30371e+06,
1.31071e+06,
1.31794e+06,
1.32518e+06,
1.33267e+06,
1.34027e+06,
1.34782e+06,
1.35561e+06,
1.36253e+06,
1.37051e+06,
1.37862e+06,
1.38595e+06,
1.39371e+06,
1.40173e+06,
1.40991e+06,
1.41791e+06,
1.42622e+06,
1.43427e+06,
1.44262e+06,
1.45088e+06,
1.45946e+06,
1.4677e+06,
1.47646e+06,
1.48529e+06,
1.49455e+06,
1.5035e+06,
1.51243e+06,
1.52077e+06,
1.52995e+06,
1.53985e+06,
1.54943e+06,
1.55903e+06,
1.56844e+06,
1.57784e+06,
1.58757e+06,
1.59711e+06,
1.60684e+06,
1.6164e+06,
1.62693e+06,
1.63732e+06,
1.64799e+06,
1.65765e+06,
1.66723e+06,
1.67743e+06,
1.688e+06,
1.6986e+06,
1.70875e+06,
1.7199e+06,
1.73103e+06,
1.74238e+06,
1.75361e+06,
1.76472e+06,
1.77561e+06,
1.78743e+06,
1.799e+06,
1.81051e+06,
1.82212e+06,
1.83438e+06,
1.84681e+06,
1.85937e+06,
1.87249e+06,
1.88485e+06,
1.89709e+06,
1.9099e+06,
1.92268e+06,
1.93529e+06,
1.9485e+06,
1.96239e+06,
1.97666e+06,
1.99077e+06,
2.00508e+06,
2.01932e+06,
2.03351e+06,
2.04827e+06,
2.06353e+06,
2.07868e+06,
2.09391e+06,
2.11005e+06,
2.1258e+06,
2.14162e+06,
2.15799e+06,
2.17423e+06,
2.19032e+06,
2.20699e+06,
2.22386e+06,
2.24067e+06,
2.25831e+06,
2.27601e+06,
2.29427e+06,
2.31241e+06,
2.33037e+06,
2.34745e+06,
2.3652e+06,
2.38323e+06,
2.40164e+06,
2.42051e+06,
2.43948e+06,
2.45916e+06,
2.47825e+06,
2.49792e+06,
2.51784e+06,
2.53774e+06,
2.55737e+06,
2.57724e+06,
2.6181e+06,
2.67096e+06,
2.72529e+06,
2.78105e+06,
2.83604e+06,
2.8908e+06,
2.94396e+06,
2.99684e+06,
3.04838e+06,
3.10098e+06,
3.15879e+06,
3.21681e+06,
3.27537e+06,
3.33398e+06,
3.39251e+06,
3.45085e+06,
3.51032e+06,
3.56937e+06,
3.62831e+06,
3.68807e+06,
3.75374e+06,
3.82032e+06,
3.88835e+06,
3.96004e+06,
4.03077e+06,
4.10397e+06,
4.18742e+06,
4.26432e+06,
4.33564e+06,
4.40414e+06,
4.47538e+06,
4.54736e+06,
4.61745e+06,
4.6863e+06,
4.7553e+06,
4.82494e+06,
4.89116e+06,
4.95728e+06,
5.02403e+06,
5.09274e+06,
5.16143e+06,
5.22851e+06,
5.29602e+06,
5.36146e+06,
5.42491e+06,
5.48828e+06,
5.55191e+06,
5.61561e+06,
5.67956e+06,
5.74917e+06,
5.81642e+06,
5.883e+06,
5.94844e+06,
6.01217e+06,
6.07485e+06,
6.13766e+06,
6.20162e+06,
6.26295e+06,
6.32697e+06,
6.39084e+06,
6.45613e+06,
6.52276e+06,
6.58861e+06,
6.65372e+06,
6.71751e+06,
6.78073e+06,
6.84356e+06,
6.90608e+06,
6.97014e+06,
7.03513e+06,
7.10091e+06,
7.16706e+06,
7.23278e+06,
7.29779e+06,
7.36263e+06,
7.42671e+06,
7.48964e+06,
7.55366e+06,
7.61926e+06,
7.68493e+06,
7.74912e+06,
7.81307e+06,
7.87704e+06,
7.94076e+06,
8.00632e+06,
8.07062e+06,
8.13546e+06,
8.20286e+06,
8.27047e+06,
8.33661e+06,
8.40328e+06,
8.46983e+06,
8.53648e+06,
8.60394e+06,
8.67023e+06,
8.73705e+06,
8.80508e+06,
8.87485e+06,
8.94417e+06,
9.01243e+06,
9.08021e+06,
9.14761e+06,
9.21535e+06,
9.28228e+06,
9.34892e+06,
9.41612e+06,
9.48404e+06,
9.55365e+06,
9.62428e+06,
9.69533e+06,
9.76624e+06,
9.83624e+06,
9.90479e+06,
9.9739e+06,
1.00417e+07,
1.01098e+07,
1.0181e+07,
1.02527e+07,
1.0324e+07,
1.03972e+07,
1.04703e+07,
1.05423e+07,
1.06158e+07,
1.06916e+07,
1.07668e+07,
1.08423e+07,
1.09191e+07,
1.09973e+07,
1.10749e+07,
478966,
478490,
478176,
477856,
477440,
477198,
476887,
476676,
476434,
476231,
476062,
475894,
475692,
475472,
475293,
475138,
474941,
474729,
474557,
474433,
474254,
474073,
473894,
473830,
473856,
473947,
473885,
473870,
473760,
473651,
473605,
473510,
473418,
473350,
473311,
473315,
473366,
473402,
473454,
473419,
473438,
473497,
473516,
473627,
473669,
473677,
473746,
473820,
473850,
473870,
474049,
474100,
474126,
474183,
474217,
474270,
474298,
474321,
474412,
474440,
474480,
474566,
474582,
474648,
474681,
474723,
474791,
474799,
474753,
474791,
474833,
474860,
475001,
475105,
475177,
475219,
475325,
475385,
475398,
475495,
475564,
475635,
475688,
475854,
475994,
476112,
476179,
476288,
476207,
476325,
476373,
476438,
476516,
476573,
476636,
476711,
476797,
476753,
476764,
476746,
476767,
476799,
476908,
476907,
476968,
477043,
477068,
477168,
477146,
477059,
477066,
477171,
477259,
477436,
477545,
477635,
477681,
477778,
477760,
477726,
477816,
477908,
478043,
478137,
478193,
478291,
478417,
478561,
478704,
478813,
478878,
478957,
479126,
479308,
479512,
479635,
479792,
479910,
480020,
480124,
480186,
480394,
480533,
480657,
480744,
480966,
481094,
481295,
481342,
481493,
481592,
481709,
481881,
482003,
482149,
482327,
482524,
482690,
482879,
483044,
483317,
483509,
483744,
483930,
484112,
484287,
484490,
484651,
484824,
485017,
485279,
485509,
485742,
485985,
486252,
486393,
486664,
486927,
487143,
487354,
487611,
487851,
488076,
488367,
488614,
488845,
489009,
489181,
489470,
489741,
489998,
490325,
490565,
490916,
491317,
491647,
491935,
492253,
492530,
492885,
493211,
493557,
493888,
494256,
494681,
495027,
495331,
495672,
495961,
496315,
496726,
497058,
497478,
497942,
498392,
498742,
499132,
499446,
499659,
500051,
500471,
500871,
501348,
501747,
502323,
502748,
503189,
503665,
504028,
504420,
504933,
505533,
506035,
506583,
507189,
507786,
508249,
508790,
509247,
509668,
510264,
510831,
511394,
511959,
512538,
513072,
513574,
514097,
514620,
515148,
515628,
516228,
516721,
517304,
517911,
518404,
518970,
519619,
520162,
520543,
521151,
521749,
522440,
523040,
523655,
524180,
524749,
525435,
526001,
526627,
527191,
527793,
528372,
529021,
529571,
530200,
530829,
531331,
531834,
532348,
532783,
533362,
533948,
534542,
535237,
535879,
536521,
537065,
537507,
538005,
538666,
539302,
539921,
540479,
541087,
541711,
542328,
542960,
543394,
543958,
544452,
544967,
545516,
546036,
546621,
547206,
547752,
548233,
548705,
549198,
549721,
550299,
550827,
551362,
551942,
552963,
554153,
555355,
556600,
557770,
558925,
560081,
561349,
562663,
563994,
565376,
566657,
567968,
569166,
570331,
571669,
572927,
574181,
575556,
576931,
578241,
579628,
580957,
582244,
583343,
584606,
585890,
587278,
588799,
590094,
591501,
592979,
594385,
595602,
596848,
598149,
599747,
601389,
602972,
604521,
606027,
607579,
609089,
610644,
612101,
613597,
615281,
616787,
618400,
619940,
621622,
623279,
624828,
626489,
628163,
629757,
631479,
633185,
634975,
636675,
638423,
640089,
641797,
643155,
644745,
646431,
648280,
650009,
651818,
653501,
655242,
657149,
658909,
660683,
662429,
664126,
666134,
668001,
669865,
671626,
673551,
675302,
677012,
678556,
680201,
681951,
683915,
685815,
687702,
689805,
691819,
693758,
695647,
697362,
699196,
701202,
703249,
705491,
707602,
709634,
711546,
713587,
715569,
717471,
719701,
722013,
724298,
726616,
729037,
731230,
733602,
735989,
738270,
740653,
743031,
745697,
748268,
750687,
753134,
755490,
758048,
760435,
762985,
765448,
767920,
770428,
773008,
775659,
778379,
781129,
783668,
786345,
789158,
791598,
794423,
797214,
800001,
802645,
805465,
808288,
811351,
814316,
817370,
820229,
823063,
826040,
829249,
832473,
835373,
838278,
841640,
844945,
848119,
851150,
853892,
857178,
860675,
863799,
867034,
870152,
873690,
877224,
880487,
883763,
887001,
890216,
893810,
897164,
900398,
904153,
908089,
911963,
915769,
919392,
923095,
926929,
931072,
934870,
938711,
943108,
947433,
951690,
955848,
959861,
963975,
968176,
972249,
976236,
980685,
985535,
990144,
994877,
999533,
1.004e+06,
1.00851e+06,
1.01287e+06,
1.01743e+06,
1.0221e+06,
1.02714e+06,
1.03207e+06,
1.03714e+06,
1.04212e+06,
1.047e+06,
1.05173e+06,
1.05654e+06,
1.06153e+06,
1.06662e+06,
1.07178e+06,
1.07724e+06,
1.08252e+06,
1.08805e+06,
1.09351e+06,
1.09892e+06,
1.10409e+06,
1.10915e+06,
1.1145e+06,
1.12011e+06,
1.12583e+06,
1.13159e+06,
1.13773e+06,
1.14349e+06,
1.14963e+06,
1.15577e+06,
1.161e+06,
1.16626e+06,
1.17232e+06,
1.17861e+06,
1.18499e+06,
1.19153e+06,
1.19816e+06,
1.20461e+06,
1.21119e+06,
1.21757e+06,
1.22366e+06,
1.23011e+06,
1.23715e+06,
1.2439e+06,
1.25102e+06,
1.25841e+06,
1.26558e+06,
1.27301e+06,
1.28041e+06,
1.28797e+06,
1.29488e+06,
1.3022e+06,
1.30967e+06,
1.3171e+06,
1.32484e+06,
1.33291e+06,
1.34079e+06,
1.34841e+06,
1.35592e+06,
1.36343e+06,
1.37089e+06,
1.37854e+06,
1.38639e+06,
1.39449e+06,
1.40288e+06,
1.41114e+06,
1.4192e+06,
1.42736e+06,
1.43548e+06,
1.44358e+06,
1.45151e+06,
1.46005e+06,
1.46924e+06,
1.47819e+06,
1.4874e+06,
1.49651e+06,
1.50559e+06,
1.5147e+06,
1.5233e+06,
1.53268e+06,
1.54239e+06,
1.55188e+06,
1.56161e+06,
1.57162e+06,
1.58145e+06,
1.59109e+06,
1.60091e+06,
1.61083e+06,
1.62092e+06,
1.63139e+06,
1.64173e+06,
1.652e+06,
1.66242e+06,
1.67293e+06,
1.68347e+06,
1.69447e+06,
1.70533e+06,
1.71586e+06,
1.72692e+06,
1.73814e+06,
1.74902e+06,
1.75994e+06,
1.77168e+06,
1.78384e+06,
1.79559e+06,
1.80732e+06,
1.81861e+06,
1.83043e+06,
1.84309e+06,
1.85581e+06,
1.86856e+06,
1.88123e+06,
1.8943e+06,
1.90749e+06,
1.92022e+06,
1.93344e+06,
1.94677e+06,
1.96093e+06,
1.97511e+06,
1.98943e+06,
2.00351e+06,
2.01778e+06,
2.03261e+06,
2.04812e+06,
2.06351e+06,
2.07904e+06,
2.09514e+06,
2.11128e+06,
2.12781e+06,
2.14422e+06,
2.16088e+06,
2.17813e+06,
2.19518e+06,
2.21277e+06,
2.2299e+06,
2.24703e+06,
2.26512e+06,
2.28385e+06,
2.30231e+06,
2.32046e+06,
2.33884e+06,
2.35644e+06,
2.375e+06,
2.39415e+06,
2.41341e+06,
2.43253e+06,
2.45228e+06,
2.47217e+06,
2.492e+06,
2.51254e+06,
2.5327e+06,
2.55321e+06,
2.57434e+06,
2.59553e+06,
2.61659e+06,
2.6397e+06,
2.69326e+06,
2.75249e+06,
2.81167e+06,
2.87097e+06,
2.92965e+06,
2.98693e+06,
3.04488e+06,
3.10251e+06,
3.16028e+06,
3.21878e+06,
3.28234e+06,
3.34522e+06,
3.40834e+06,
3.47257e+06,
3.53656e+06,
3.60084e+06,
3.66483e+06,
3.72957e+06,
3.7954e+06,
3.86686e+06,
3.94401e+06,
4.02197e+06,
4.10923e+06,
4.19946e+06,
4.28442e+06,
4.36477e+06,
4.4373e+06,
4.50721e+06,
4.57521e+06,
4.64749e+06,
4.71971e+06,
4.79144e+06,
4.86008e+06,
4.92759e+06,
4.99074e+06,
5.0511e+06,
5.11051e+06,
5.17372e+06,
5.24185e+06,
5.31005e+06,
5.37779e+06,
5.4449e+06,
5.51191e+06,
5.57872e+06,
5.64595e+06,
5.71501e+06,
5.78143e+06,
5.84661e+06,
5.91524e+06,
5.98249e+06,
6.0494e+06,
6.11552e+06,
6.18119e+06,
6.24546e+06,
6.31089e+06,
6.37455e+06,
6.43882e+06,
6.50606e+06,
6.57454e+06,
6.6433e+06,
6.7096e+06,
6.77499e+06,
6.84006e+06,
6.90483e+06,
6.9693e+06,
7.03431e+06,
7.09905e+06,
7.16634e+06,
7.23571e+06,
7.30381e+06,
7.37107e+06,
7.43718e+06,
7.50263e+06,
7.56861e+06,
7.63281e+06,
7.69603e+06,
7.76122e+06,
7.82788e+06,
7.89472e+06,
7.96209e+06,
8.03002e+06,
8.09708e+06,
8.16324e+06,
8.22805e+06,
8.29243e+06,
8.35685e+06,
8.42482e+06,
8.4939e+06,
8.56363e+06,
8.63145e+06,
8.69991e+06,
8.76944e+06,
8.83936e+06,
8.90863e+06,
8.97688e+06,
9.04531e+06,
9.11533e+06,
9.18526e+06,
9.25447e+06,
9.32381e+06,
9.39316e+06,
9.46191e+06,
9.53219e+06,
9.60321e+06,
9.67393e+06,
9.74664e+06,
9.81847e+06,
9.89047e+06,
9.96202e+06,
1.00327e+07,
1.01036e+07,
1.01753e+07,
1.02465e+07,
1.03175e+07,
1.03901e+07,
1.04648e+07,
1.0539e+07,
1.06125e+07,
1.06859e+07,
1.076e+07,
1.08328e+07,
1.0907e+07,
1.09811e+07,
1.10544e+07,
1.1133e+07,
1.12135e+07,
1.12958e+07,
1.13774e+07,
1.14594e+07,
1.15394e+07,
1.16184e+07,
1.16969e+07,
1.17744e+07,
1.1853e+07,
1.19325e+07,
1.20121e+07,
478966,
478493,
478161,
477858,
477422,
477162,
476867,
476644,
476444,
476213,
475952,
475816,
475657,
475461,
475233,
475053,
474864,
474672,
474446,
474313,
474156,
473986,
473758,
473609,
473580,
473659,
473678,
473597,
473540,
473459,
473319,
473322,
473220,
473163,
473137,
473087,
473038,
473055,
473069,
473055,
473060,
473070,
473130,
473274,
473301,
473352,
473370,
473405,
473472,
473493,
473515,
473668,
473747,
473855,
473847,
473866,
473841,
473852,
473906,
473975,
474015,
474028,
474039,
474075,
474126,
474155,
474159,
474124,
474143,
474133,
474191,
474262,
474354,
474373,
474471,
474502,
474562,
474616,
474602,
474699,
474741,
474779,
474798,
474925,
475042,
475063,
475253,
475298,
475234,
475305,
475448,
475514,
475557,
475584,
475607,
475637,
475756,
475767,
475749,
475747,
475708,
475711,
475745,
475807,
475832,
475891,
475888,
475906,
475962,
475960,
476065,
476108,
476125,
476185,
476283,
476399,
476514,
476598,
476614,
476626,
476699,
476673,
476675,
476764,
476923,
477096,
477184,
477311,
477367,
477423,
477566,
477733,
477874,
477931,
478009,
478121,
478245,
478400,
478468,
478548,
478724,
478864,
479039,
479217,
479289,
479339,
479479,
479627,
479751,
479869,
480094,
480274,
480424,
480548,
480750,
480880,
480948,
481108,
481270,
481416,
481555,
481735,
481892,
482096,
482332,
482594,
482852,
482901,
483045,
483207,
483444,
483597,
483813,
484085,
484312,
484597,
484799,
484943,
485083,
485316,
485562,
485838,
486152,
486421,
486690,
486943,
487230,
487488,
487614,
487759,
488070,
488345,
488617,
488868,
489195,
489543,
489826,
490071,
490337,
490440,
490648,
491105,
491539,
491926,
492242,
492584,
492993,
493272,
493508,
493775,
494081,
494419,
494791,
495185,
495633,
496093,
496489,
496970,
497443,
497790,
498152,
498504,
498901,
499373,
499791,
500197,
500797,
501186,
501701,
502170,
502591,
503074,
503578,
504092,
504569,
505086,
505598,
506073,
506550,
507012,
507500,
508031,
508523,
508932,
509416,
509952,
510515,
511062,
511527,
512034,
512503,
513068,
513585,
514023,
514637,
515194,
515792,
516347,
516810,
517259,
517871,
518310,
518830,
519238,
519707,
520293,
520954,
521577,
522328,
522950,
523559,
524170,
524749,
525372,
526016,
526494,
527098,
527678,
528208,
528694,
529188,
529737,
530300,
530785,
531241,
531814,
532447,
533072,
533623,
534177,
534799,
535422,
535991,
536521,
537114,
537669,
538202,
538788,
539299,
539764,
540465,
541369,
542494,
543672,
544829,
546232,
547392,
548634,
549739,
551037,
552327,
553692,
554973,
556187,
557353,
558764,
560123,
561550,
562818,
563942,
565127,
566481,
567801,
569128,
570417,
571757,
573078,
574351,
575696,
576889,
578322,
579683,
580983,
582250,
583612,
584925,
586314,
587792,
589327,
590861,
592358,
593761,
595254,
596737,
598147,
599783,
601330,
602980,
604385,
606069,
607606,
609227,
610869,
612331,
613866,
615393,
617000,
618612,
620353,
621962,
623550,
625013,
626634,
628272,
630058,
631710,
633265,
634989,
636681,
638592,
640576,
642494,
644330,
646081,
647872,
649761,
651682,
653571,
655223,
656842,
658803,
660499,
662344,
664336,
666509,
668479,
670425,
672278,
674082,
675970,
677982,
679911,
681983,
684078,
686095,
687960,
690020,
691950,
693717,
695558,
697484,
699314,
701452,
703492,
705633,
707691,
709942,
712066,
714077,
716068,
718076,
720274,
722580,
724794,
727198,
729745,
732117,
734319,
736579,
738728,
740980,
743273,
745709,
748115,
750648,
753191,
755870,
758391,
760726,
763163,
765706,
768230,
770930,
773515,
775986,
778632,
781252,
783752,
786405,
789054,
791721,
794798,
797710,
800727,
803697,
806781,
809606,
812495,
815132,
818004,
821249,
824376,
827564,
830746,
833687,
837029,
839982,
843058,
846118,
849120,
852297,
855498,
859034,
862247,
865749,
868974,
872172,
875453,
878545,
881812,
885119,
888373,
892168,
895815,
899505,
903329,
906665,
910220,
914009,
917453,
921392,
925194,
928949,
932842,
936896,
940657,
944724,
948711,
952725,
956695,
960787,
964958,
969242,
973279,
977303,
981434,
985801,
990323,
994725,
999124,
1.00369e+06,
1.00836e+06,
1.01272e+06,
1.0171e+06,
1.02148e+06,
1.0265e+06,
1.0315e+06,
1.03651e+06,
1.04135e+06,
1.04609e+06,
1.05121e+06,
1.05628e+06,
1.06116e+06,
1.06593e+06,
1.07116e+06,
1.07648e+06,
1.08192e+06,
1.08744e+06,
1.09254e+06,
1.09749e+06,
1.10284e+06,
1.10835e+06,
1.11355e+06,
1.11916e+06,
1.1248e+06,
1.13042e+06,
1.13651e+06,
1.14228e+06,
1.14796e+06,
1.15334e+06,
1.15926e+06,
1.16502e+06,
1.17094e+06,
1.17692e+06,
1.18322e+06,
1.18951e+06,
1.19601e+06,
1.20262e+06,
1.20878e+06,
1.21467e+06,
1.22095e+06,
1.22715e+06,
1.23387e+06,
1.2409e+06,
1.2478e+06,
1.25485e+06,
1.26214e+06,
1.26913e+06,
1.27594e+06,
1.28284e+06,
1.28987e+06,
1.2972e+06,
1.3045e+06,
1.31215e+06,
1.31987e+06,
1.3276e+06,
1.33539e+06,
1.34337e+06,
1.35112e+06,
1.35867e+06,
1.36626e+06,
1.37443e+06,
1.38256e+06,
1.39086e+06,
1.39942e+06,
1.40806e+06,
1.4166e+06,
1.42497e+06,
1.43339e+06,
1.44154e+06,
1.45017e+06,
1.4594e+06,
1.4685e+06,
1.47741e+06,
1.48623e+06,
1.49555e+06,
1.50456e+06,
1.51371e+06,
1.52249e+06,
1.53188e+06,
1.54154e+06,
1.55096e+06,
1.5607e+06,
1.57075e+06,
1.58075e+06,
1.5904e+06,
1.60028e+06,
1.61e+06,
1.62e+06,
1.63011e+06,
1.64031e+06,
1.65105e+06,
1.66205e+06,
1.67291e+06,
1.68435e+06,
1.69556e+06,
1.70661e+06,
1.71795e+06,
1.72913e+06,
1.74063e+06,
1.75214e+06,
1.76384e+06,
1.77622e+06,
1.78833e+06,
1.80024e+06,
1.81222e+06,
1.82405e+06,
1.83638e+06,
1.84853e+06,
1.86069e+06,
1.87388e+06,
1.88665e+06,
1.89941e+06,
1.91278e+06,
1.92566e+06,
1.93854e+06,
1.95244e+06,
1.96685e+06,
1.98103e+06,
1.99521e+06,
2.00986e+06,
2.02485e+06,
2.0403e+06,
2.05619e+06,
2.072e+06,
2.0883e+06,
2.10501e+06,
2.12168e+06,
2.13857e+06,
2.15556e+06,
2.17358e+06,
2.19144e+06,
2.20873e+06,
2.22627e+06,
2.24399e+06,
2.26195e+06,
2.28093e+06,
2.29974e+06,
2.31775e+06,
2.33658e+06,
2.35561e+06,
2.37415e+06,
2.39372e+06,
2.41372e+06,
2.43358e+06,
2.45355e+06,
2.47436e+06,
2.49523e+06,
2.51618e+06,
2.53737e+06,
2.55893e+06,
2.58049e+06,
2.60262e+06,
2.62441e+06,
2.64714e+06,
2.6708e+06,
2.69474e+06,
2.74619e+06,
2.80894e+06,
2.87224e+06,
2.93536e+06,
2.99914e+06,
3.06245e+06,
3.12542e+06,
3.18865e+06,
3.25194e+06,
3.31427e+06,
3.38287e+06,
3.45293e+06,
3.52189e+06,
3.59215e+06,
3.66206e+06,
3.73341e+06,
3.80556e+06,
3.88155e+06,
3.95805e+06,
4.04463e+06,
4.14178e+06,
4.23374e+06,
4.31991e+06,
4.39853e+06,
4.47281e+06,
4.54515e+06,
4.61746e+06,
4.68799e+06,
4.76025e+06,
4.83335e+06,
4.90562e+06,
4.97852e+06,
5.05018e+06,
5.12054e+06,
5.18833e+06,
5.25706e+06,
5.32351e+06,
5.3884e+06,
5.45449e+06,
5.52356e+06,
5.59253e+06,
5.65805e+06,
5.72073e+06,
5.78212e+06,
5.84689e+06,
5.91279e+06,
5.97958e+06,
6.04447e+06,
6.1137e+06,
6.18219e+06,
6.24971e+06,
6.31833e+06,
6.38578e+06,
6.45393e+06,
6.52264e+06,
6.59058e+06,
6.65656e+06,
6.72421e+06,
6.79198e+06,
6.86048e+06,
6.92851e+06,
6.99686e+06,
7.06458e+06,
7.13115e+06,
7.19805e+06,
7.2665e+06,
7.33414e+06,
7.40395e+06,
7.47364e+06,
7.54218e+06,
7.60968e+06,
7.67611e+06,
7.74183e+06,
7.8081e+06,
7.87412e+06,
7.94016e+06,
8.00979e+06,
8.08031e+06,
8.14939e+06,
8.21794e+06,
8.28567e+06,
8.35224e+06,
8.41849e+06,
8.48552e+06,
8.55121e+06,
8.6173e+06,
8.68791e+06,
8.76012e+06,
8.8322e+06,
8.9041e+06,
8.97497e+06,
9.04439e+06,
9.11326e+06,
9.18263e+06,
9.25133e+06,
9.32299e+06,
9.39497e+06,
9.46731e+06,
9.54147e+06,
9.61523e+06,
9.68826e+06,
9.76123e+06,
9.83308e+06,
9.90404e+06,
9.97611e+06,
1.00499e+07,
1.0124e+07,
1.01983e+07,
1.02721e+07,
1.03454e+07,
1.04199e+07,
1.04936e+07,
1.05675e+07,
1.06409e+07,
1.07164e+07,
1.07924e+07,
1.08675e+07,
1.09431e+07,
1.10189e+07,
1.10944e+07,
1.11709e+07,
1.12487e+07,
1.13276e+07,
1.14072e+07,
1.14865e+07,
1.15655e+07,
1.16477e+07,
1.17279e+07,
1.18089e+07,
1.18902e+07,
1.19711e+07,
1.20517e+07,
1.21322e+07,
1.22144e+07,
1.22977e+07,
1.23807e+07,
1.24623e+07,
1.25442e+07,
1.26257e+07,
1.27069e+07,
1.27879e+07,
1.28684e+07,
1.29488e+07,
478966,
478487,
478167,
477835,
477412,
477149,
476826,
476605,
476419,
476165,
475902,
475773,
475588,
475400,
475183,
475009,
474787,
474603,
474388,
474179,
474044,
473870,
473655,
473405,
473365,
473357,
473344,
473400,
473336,
473222,
473165,
473069,
472984,
472938,
472927,
472845,
472765,
472706,
472714,
472710,
472714,
472688,
472733,
472765,
472860,
473007,
473014,
473012,
473087,
473144,
473146,
473093,
473204,
473376,
473367,
473392,
473415,
473359,
473314,
473340,
473369,
473466,
473452,
473461,
473452,
473459,
473558,
473582,
473583,
473573,
473541,
473582,
473646,
473664,
473720,
473776,
473830,
473819,
473865,
473881,
473911,
473995,
473952,
474021,
474092,
474218,
474321,
474292,
474398,
474334,
474377,
474485,
474487,
474561,
474587,
474606,
474570,
474586,
474651,
474689,
474702,
474743,
474769,
474742,
474689,
474743,
474789,
474790,
474761,
474819,
474878,
474894,
474944,
474941,
474955,
475089,
475195,
475221,
475207,
475289,
475338,
475465,
475613,
475697,
475709,
475757,
475871,
475975,
476062,
476107,
476181,
476331,
476512,
476707,
476800,
476908,
477000,
476996,
477094,
477166,
477211,
477374,
477494,
477639,
477792,
477914,
478078,
478198,
478192,
478254,
478442,
478568,
478684,
478883,
479109,
479323,
479432,
479605,
479638,
479708,
479936,
480136,
480349,
480490,
480669,
480795,
480966,
481128,
481235,
481351,
481465,
481661,
481976,
482198,
482443,
482714,
482948,
483256,
483462,
483663,
483819,
483948,
484179,
484453,
484710,
484947,
485213,
485463,
485629,
485818,
486041,
486341,
486588,
486806,
487098,
487483,
487774,
488066,
488283,
488534,
488847,
489128,
489406,
489680,
490038,
490337,
490751,
491148,
491480,
491779,
492209,
492540,
492898,
493240,
493515,
493895,
494263,
494637,
495080,
495375,
495821,
496346,
496887,
497373,
497855,
498162,
498683,
499158,
499530,
499904,
500399,
500931,
501280,
501751,
502160,
502594,
503014,
503486,
503926,
504399,
504815,
505351,
505848,
506249,
506736,
507210,
507665,
508153,
508769,
509337,
509890,
510352,
510935,
511385,
511938,
512404,
512886,
513297,
513786,
514265,
514782,
515263,
515873,
516481,
517043,
517477,
517877,
518309,
518869,
519520,
520144,
520769,
521319,
521904,
522438,
523023,
523673,
524285,
524938,
525442,
525941,
526512,
527107,
527707,
528316,
528889,
529405,
529849,
530249,
531253,
532238,
533573,
534824,
536041,
537486,
538794,
540179,
541380,
542664,
543899,
545143,
546426,
547697,
549071,
550438,
551717,
553013,
554336,
555547,
556810,
558100,
559450,
560783,
562222,
563658,
564980,
566183,
567380,
568618,
569863,
571224,
572531,
573939,
575389,
576743,
578056,
579683,
581109,
582429,
583947,
585512,
587023,
588630,
590110,
591545,
593120,
594563,
596097,
597564,
599227,
600911,
602557,
604141,
605736,
607301,
608797,
610328,
611698,
613234,
614901,
616547,
618268,
619934,
621572,
623219,
624823,
626511,
628215,
630002,
631665,
633397,
635313,
637188,
639179,
641050,
642687,
644532,
646360,
648399,
650648,
652625,
654526,
656536,
658518,
660574,
662429,
664472,
666362,
668214,
670227,
672143,
674110,
676155,
678154,
680179,
682063,
684064,
686041,
688035,
689806,
691756,
693866,
696057,
698314,
700708,
702892,
705196,
707416,
709541,
711479,
713517,
715610,
717870,
719990,
722394,
724510,
726886,
729071,
731237,
733508,
735894,
738096,
740348,
742555,
744846,
747187,
749754,
752345,
754975,
757371,
759795,
762085,
764525,
766848,
769473,
772193,
774891,
777736,
780330,
783104,
785929,
788855,
791704,
794506,
797310,
800229,
803097,
806012,
808977,
811773,
814666,
817747,
820906,
824020,
827083,
830214,
833372,
836564,
839613,
842529,
845400,
848549,
851824,
855221,
858496,
861939,
865152,
868642,
872127,
875400,
878650,
882168,
885754,
889566,
893014,
896653,
900295,
903837,
907148,
910681,
914408,
918106,
921896,
925718,
929701,
933525,
937386,
941306,
945007,
948614,
952675,
956800,
960780,
964979,
968949,
973206,
977506,
981714,
985839,
989847,
994138,
998685,
1.00326e+06,
1.00772e+06,
1.01238e+06,
1.0171e+06,
1.02144e+06,
1.02602e+06,
1.03073e+06,
1.03526e+06,
1.03983e+06,
1.04484e+06,
1.04984e+06,
1.05466e+06,
1.05965e+06,
1.0647e+06,
1.06959e+06,
1.07461e+06,
1.07947e+06,
1.08467e+06,
1.09002e+06,
1.09535e+06,
1.10072e+06,
1.106e+06,
1.11132e+06,
1.1164e+06,
1.12183e+06,
1.12737e+06,
1.13304e+06,
1.13852e+06,
1.1444e+06,
1.15007e+06,
1.15592e+06,
1.16184e+06,
1.1677e+06,
1.17373e+06,
1.17983e+06,
1.18611e+06,
1.19213e+06,
1.19795e+06,
1.2041e+06,
1.21058e+06,
1.21689e+06,
1.2233e+06,
1.22992e+06,
1.23645e+06,
1.24348e+06,
1.25026e+06,
1.25717e+06,
1.26405e+06,
1.27071e+06,
1.27771e+06,
1.28447e+06,
1.29113e+06,
1.29836e+06,
1.30577e+06,
1.31343e+06,
1.32116e+06,
1.32868e+06,
1.33593e+06,
1.34356e+06,
1.35109e+06,
1.35875e+06,
1.36679e+06,
1.37528e+06,
1.38371e+06,
1.39236e+06,
1.40096e+06,
1.4097e+06,
1.41834e+06,
1.42687e+06,
1.43534e+06,
1.44412e+06,
1.45365e+06,
1.46297e+06,
1.47188e+06,
1.48123e+06,
1.49032e+06,
1.49942e+06,
1.50805e+06,
1.51717e+06,
1.52681e+06,
1.5363e+06,
1.54615e+06,
1.55613e+06,
1.56557e+06,
1.57531e+06,
1.58541e+06,
1.59554e+06,
1.60526e+06,
1.61566e+06,
1.62645e+06,
1.63722e+06,
1.64838e+06,
1.65945e+06,
1.67056e+06,
1.68178e+06,
1.69315e+06,
1.70409e+06,
1.71501e+06,
1.72656e+06,
1.73853e+06,
1.75035e+06,
1.76221e+06,
1.77452e+06,
1.7868e+06,
1.79868e+06,
1.81088e+06,
1.82299e+06,
1.83514e+06,
1.84771e+06,
1.86103e+06,
1.87432e+06,
1.88773e+06,
1.9009e+06,
1.91441e+06,
1.92771e+06,
1.94123e+06,
1.95536e+06,
1.96905e+06,
1.98374e+06,
1.9983e+06,
2.01291e+06,
2.02743e+06,
2.04259e+06,
2.05848e+06,
2.07402e+06,
2.09041e+06,
2.10728e+06,
2.12428e+06,
2.14185e+06,
2.15956e+06,
2.17737e+06,
2.19485e+06,
2.2127e+06,
2.23023e+06,
2.24835e+06,
2.26699e+06,
2.2858e+06,
2.30468e+06,
2.32317e+06,
2.34299e+06,
2.36273e+06,
2.3824e+06,
2.40247e+06,
2.42288e+06,
2.44363e+06,
2.46479e+06,
2.48575e+06,
2.50665e+06,
2.52865e+06,
2.55086e+06,
2.57271e+06,
2.59523e+06,
2.61789e+06,
2.64084e+06,
2.66494e+06,
2.68907e+06,
2.71334e+06,
2.73755e+06,
2.76856e+06,
2.83286e+06,
2.90111e+06,
2.9696e+06,
3.0394e+06,
3.10889e+06,
3.1785e+06,
3.2471e+06,
3.31486e+06,
3.38368e+06,
3.45591e+06,
3.53048e+06,
3.60736e+06,
3.68423e+06,
3.76277e+06,
3.84552e+06,
3.92806e+06,
4.01964e+06,
4.11598e+06,
4.20517e+06,
4.2941e+06,
4.37752e+06,
4.45576e+06,
4.53365e+06,
4.61004e+06,
4.68655e+06,
4.76155e+06,
4.83309e+06,
4.90489e+06,
4.97788e+06,
5.05309e+06,
5.12797e+06,
5.20224e+06,
5.27228e+06,
5.34268e+06,
5.41202e+06,
5.4806e+06,
5.54848e+06,
5.61756e+06,
5.68859e+06,
5.76225e+06,
5.83447e+06,
5.90505e+06,
5.97452e+06,
6.04317e+06,
6.11006e+06,
6.17513e+06,
6.23934e+06,
6.30228e+06,
6.36578e+06,
6.43113e+06,
6.49867e+06,
6.56632e+06,
6.63659e+06,
6.7051e+06,
6.77322e+06,
6.83967e+06,
6.90761e+06,
6.97913e+06,
7.04983e+06,
7.11987e+06,
7.18941e+06,
7.26163e+06,
7.33255e+06,
7.40358e+06,
7.47144e+06,
7.53792e+06,
7.60664e+06,
7.67637e+06,
7.74626e+06,
7.81583e+06,
7.88529e+06,
7.95448e+06,
8.02463e+06,
8.09336e+06,
8.16199e+06,
8.23057e+06,
8.30126e+06,
8.3714e+06,
8.44115e+06,
8.50957e+06,
8.57856e+06,
8.6465e+06,
8.71485e+06,
8.78369e+06,
8.85386e+06,
8.92851e+06,
9.00197e+06,
9.07383e+06,
9.14544e+06,
9.21749e+06,
9.28851e+06,
9.35949e+06,
9.43097e+06,
9.50225e+06,
9.57708e+06,
9.65454e+06,
9.73099e+06,
9.80677e+06,
9.88134e+06,
9.95506e+06,
1.00283e+07,
1.01015e+07,
1.01745e+07,
1.02483e+07,
1.03247e+07,
1.04011e+07,
1.04793e+07,
1.05574e+07,
1.06343e+07,
1.07096e+07,
1.07842e+07,
1.08588e+07,
1.09329e+07,
1.10113e+07,
1.10903e+07,
1.11695e+07,
1.12486e+07,
1.13309e+07,
1.14123e+07,
1.14928e+07,
1.15707e+07,
1.16473e+07,
1.17256e+07,
1.18061e+07,
1.18852e+07,
1.19652e+07,
1.20438e+07,
1.21265e+07,
1.22109e+07,
1.22951e+07,
1.23801e+07,
1.24633e+07,
1.25473e+07,
1.26306e+07,
1.27139e+07,
1.27971e+07,
1.28798e+07,
1.29635e+07,
1.3047e+07,
1.31311e+07,
1.32158e+07,
1.33009e+07,
1.33852e+07,
1.34678e+07,
1.35501e+07,
1.36315e+07,
1.37143e+07,
1.37977e+07,
1.38812e+07,
478966,
478492,
478175,
477813,
477404,
477088,
476824,
476563,
476378,
476124,
475881,
475677,
475531,
475318,
475140,
474944,
474740,
474534,
474313,
474086,
473941,
473764,
473573,
473358,
473161,
473104,
473035,
473015,
473059,
473073,
472943,
472867,
472851,
472777,
472695,
472651,
472535,
472493,
472481,
472465,
472416,
472389,
472347,
472422,
472490,
472443,
472564,
472565,
472621,
472639,
472607,
472593,
472657,
472653,
472803,
472796,
472851,
472849,
472878,
472838,
472873,
472797,
472817,
472791,
472825,
472881,
472918,
472971,
472963,
472982,
472989,
473013,
472971,
472989,
473025,
473057,
473111,
473165,
473187,
473130,
473123,
473057,
473122,
473135,
473171,
473241,
473246,
473341,
473402,
473440,
473432,
473448,
473483,
473493,
473564,
473552,
473550,
473612,
473628,
473582,
473556,
473594,
473654,
473669,
473671,
473705,
473714,
473710,
473723,
473686,
473727,
473799,
473814,
473883,
473912,
473971,
473958,
474057,
474092,
474171,
474138,
474201,
474331,
474470,
474587,
474667,
474705,
474719,
474699,
474700,
474796,
474928,
475084,
475213,
475385,
475506,
475577,
475684,
475716,
475659,
475736,
475901,
475979,
476072,
476230,
476381,
476518,
476602,
476672,
476758,
476858,
476963,
477159,
477289,
477456,
477582,
477698,
477833,
477952,
478026,
478231,
478411,
478597,
478811,
478996,
479245,
479385,
479594,
479681,
479748,
479992,
480161,
480363,
480566,
480645,
480943,
481186,
481386,
481578,
481705,
481871,
482063,
482281,
482589,
482852,
483076,
483315,
483514,
483727,
484026,
484236,
484471,
484766,
484969,
485208,
485446,
485754,
486108,
486349,
486583,
486920,
487258,
487552,
487920,
488254,
488542,
488864,
489127,
489467,
489746,
490125,
490460,
490919,
491262,
491584,
491992,
492457,
492829,
493086,
493432,
493905,
494319,
494710,
495176,
495616,
495987,
496375,
496781,
497106,
497440,
498005,
498516,
498957,
499416,
499881,
500360,
500781,
501232,
501666,
501968,
502346,
502754,
503264,
503832,
504327,
504875,
505287,
505774,
506227,
506705,
507111,
507607,
508192,
508741,
509270,
509785,
510289,
510840,
511352,
511683,
512196,
512565,
513101,
513653,
514200,
514779,
515277,
515844,
516355,
516893,
517355,
517797,
518248,
518686,
519179,
519749,
520297,
520921,
522088,
523179,
524649,
525963,
527182,
528388,
529620,
530882,
532025,
533282,
534556,
536051,
537436,
538591,
539767,
541128,
542532,
543848,
545291,
546661,
547989,
549216,
550404,
551825,
553236,
554548,
555914,
557196,
558664,
559995,
561373,
562685,
564055,
565426,
566863,
568241,
569654,
571116,
572533,
573953,
575579,
577038,
578496,
579855,
581225,
582862,
584331,
585949,
587444,
589108,
590819,
592343,
593778,
595292,
596924,
598416,
600076,
601630,
603221,
604834,
606350,
607900,
609546,
611023,
612631,
614157,
615806,
617725,
619518,
621182,
622960,
624635,
626502,
628357,
630118,
631990,
633856,
635796,
637656,
639526,
641273,
643164,
645054,
646930,
648845,
650812,
652784,
654655,
656665,
658562,
660580,
662667,
664677,
666715,
668731,
670757,
672727,
674634,
676853,
678940,
680932,
682911,
684981,
687065,
689265,
691717,
693917,
696181,
698370,
700534,
702691,
704530,
706577,
708837,
711214,
713595,
715886,
718175,
720608,
723095,
725388,
727558,
729775,
732007,
734176,
736498,
738803,
741033,
743254,
745630,
747870,
750209,
752761,
755415,
758059,
760572,
763148,
765675,
768254,
770853,
773355,
776031,
778961,
781774,
784528,
787288,
789987,
792907,
795647,
798355,
801142,
803847,
806801,
809888,
812958,
815913,
819112,
822068,
825113,
828178,
831204,
834255,
837314,
840322,
843455,
846806,
850167,
853477,
856945,
860464,
863787,
867089,
870657,
874065,
877557,
881070,
884551,
888171,
891869,
895614,
898979,
902304,
906085,
909705,
913498,
917159,
920966,
924832,
928881,
932650,
936259,
939950,
943515,
947254,
951012,
955093,
959220,
963510,
967568,
971801,
975889,
979795,
983953,
988168,
992455,
997008,
1.00153e+06,
1.00613e+06,
1.01068e+06,
1.01528e+06,
1.01947e+06,
1.0239e+06,
1.02855e+06,
1.03324e+06,
1.03796e+06,
1.04289e+06,
1.0478e+06,
1.05267e+06,
1.05732e+06,
1.06224e+06,
1.06695e+06,
1.07175e+06,
1.0767e+06,
1.08162e+06,
1.08674e+06,
1.09178e+06,
1.09698e+06,
1.10214e+06,
1.10745e+06,
1.11303e+06,
1.11828e+06,
1.12357e+06,
1.12895e+06,
1.13458e+06,
1.14031e+06,
1.14609e+06,
1.15202e+06,
1.1581e+06,
1.16387e+06,
1.16951e+06,
1.17516e+06,
1.18105e+06,
1.18701e+06,
1.19326e+06,
1.19971e+06,
1.20622e+06,
1.21227e+06,
1.21837e+06,
1.22466e+06,
1.23084e+06,
1.23731e+06,
1.24385e+06,
1.25066e+06,
1.25718e+06,
1.26407e+06,
1.27069e+06,
1.27774e+06,
1.28439e+06,
1.29137e+06,
1.29865e+06,
1.3057e+06,
1.31289e+06,
1.32038e+06,
1.32792e+06,
1.33564e+06,
1.34333e+06,
1.35095e+06,
1.35869e+06,
1.36661e+06,
1.3751e+06,
1.38334e+06,
1.39164e+06,
1.40004e+06,
1.4081e+06,
1.41679e+06,
1.42503e+06,
1.43337e+06,
1.44252e+06,
1.45154e+06,
1.46083e+06,
1.46998e+06,
1.47894e+06,
1.48826e+06,
1.49778e+06,
1.50657e+06,
1.51574e+06,
1.52615e+06,
1.53643e+06,
1.54668e+06,
1.55664e+06,
1.56709e+06,
1.577e+06,
1.58722e+06,
1.59734e+06,
1.60838e+06,
1.61934e+06,
1.63026e+06,
1.64112e+06,
1.65216e+06,
1.66319e+06,
1.67416e+06,
1.68502e+06,
1.69587e+06,
1.70731e+06,
1.7188e+06,
1.73083e+06,
1.74273e+06,
1.75448e+06,
1.7668e+06,
1.77949e+06,
1.79179e+06,
1.80346e+06,
1.81566e+06,
1.82835e+06,
1.8413e+06,
1.85455e+06,
1.86813e+06,
1.88199e+06,
1.89528e+06,
1.90912e+06,
1.92264e+06,
1.93588e+06,
1.94984e+06,
1.96508e+06,
1.97981e+06,
1.99454e+06,
2.00975e+06,
2.02504e+06,
2.03974e+06,
2.05507e+06,
2.07057e+06,
2.08655e+06,
2.10348e+06,
2.12142e+06,
2.13879e+06,
2.15623e+06,
2.17459e+06,
2.19254e+06,
2.20989e+06,
2.22745e+06,
2.24548e+06,
2.26338e+06,
2.28259e+06,
2.30213e+06,
2.32156e+06,
2.34187e+06,
2.36159e+06,
2.38119e+06,
2.40145e+06,
2.42213e+06,
2.44317e+06,
2.46434e+06,
2.48607e+06,
2.5072e+06,
2.52928e+06,
2.55186e+06,
2.57487e+06,
2.59721e+06,
2.62059e+06,
2.64397e+06,
2.66786e+06,
2.69281e+06,
2.71779e+06,
2.74309e+06,
2.76915e+06,
2.79538e+06,
2.82554e+06,
2.89538e+06,
2.96967e+06,
3.04374e+06,
3.11902e+06,
3.19393e+06,
3.26957e+06,
3.34613e+06,
3.42074e+06,
3.4964e+06,
3.57495e+06,
3.65815e+06,
3.74451e+06,
3.83468e+06,
3.92477e+06,
4.03032e+06,
4.12977e+06,
4.22291e+06,
4.30653e+06,
4.38395e+06,
4.46519e+06,
4.54676e+06,
4.62896e+06,
4.70973e+06,
4.78708e+06,
4.86252e+06,
4.9399e+06,
5.01617e+06,
5.08909e+06,
5.16246e+06,
5.23818e+06,
5.31313e+06,
5.38677e+06,
5.46077e+06,
5.53293e+06,
5.60533e+06,
5.67584e+06,
5.74869e+06,
5.8188e+06,
5.89239e+06,
5.96688e+06,
6.04034e+06,
6.11152e+06,
6.18174e+06,
6.25035e+06,
6.31847e+06,
6.38707e+06,
6.45611e+06,
6.52733e+06,
6.60046e+06,
6.67389e+06,
6.74617e+06,
6.81608e+06,
6.88452e+06,
6.94964e+06,
7.01116e+06,
7.07558e+06,
7.13743e+06,
7.20696e+06,
7.28199e+06,
7.35746e+06,
7.43004e+06,
7.50117e+06,
7.57047e+06,
7.63932e+06,
7.70856e+06,
7.77698e+06,
7.84829e+06,
7.92104e+06,
7.99306e+06,
8.06622e+06,
8.13923e+06,
8.21101e+06,
8.28103e+06,
8.35042e+06,
8.41854e+06,
8.48759e+06,
8.55993e+06,
8.63183e+06,
8.704e+06,
8.7768e+06,
8.8494e+06,
8.92096e+06,
8.99111e+06,
9.06004e+06,
9.12954e+06,
9.20471e+06,
9.28078e+06,
9.35613e+06,
9.43032e+06,
9.50431e+06,
9.57861e+06,
9.65339e+06,
9.72838e+06,
9.8025e+06,
9.8797e+06,
9.95722e+06,
1.00342e+07,
1.01109e+07,
1.01871e+07,
1.02635e+07,
1.03392e+07,
1.04147e+07,
1.04913e+07,
1.05712e+07,
1.06518e+07,
1.07303e+07,
1.08084e+07,
1.08866e+07,
1.09646e+07,
1.10433e+07,
1.11215e+07,
1.11991e+07,
1.12778e+07,
1.1362e+07,
1.14466e+07,
1.15304e+07,
1.16121e+07,
1.16933e+07,
1.1774e+07,
1.18535e+07,
1.19319e+07,
1.20105e+07,
1.20915e+07,
1.21737e+07,
1.22567e+07,
1.23411e+07,
1.24238e+07,
1.25048e+07,
1.25858e+07,
1.26706e+07,
1.27553e+07,
1.28409e+07,
1.29281e+07,
1.30146e+07,
1.31001e+07,
1.31864e+07,
1.32737e+07,
1.33603e+07,
1.34457e+07,
1.35308e+07,
1.36155e+07,
1.3701e+07,
1.3787e+07,
1.38728e+07,
1.39574e+07,
1.40417e+07,
1.41275e+07,
1.42145e+07,
1.43023e+07,
1.43887e+07,
1.44774e+07,
1.45679e+07,
1.46579e+07,
1.47499e+07,
1.48434e+07,
478966,
478492,
478165,
477818,
477408,
477097,
476778,
476525,
476316,
476090,
475799,
475599,
475460,
475277,
475084,
474885,
474662,
474461,
474190,
474017,
473857,
473641,
473469,
473251,
473058,
472898,
472795,
472878,
472804,
472796,
472776,
472696,
472545,
472511,
472412,
472307,
472268,
472185,
472147,
472100,
472057,
471991,
471992,
472032,
472068,
472064,
472124,
472126,
472096,
472154,
472136,
472193,
472141,
472155,
472201,
472221,
472314,
472275,
472351,
472379,
472308,
472283,
472177,
472183,
472208,
472264,
472314,
472380,
472367,
472303,
472279,
472271,
472296,
472381,
472346,
472359,
472330,
472336,
472360,
472374,
472299,
472247,
472246,
472237,
472206,
472270,
472207,
472227,
472276,
472355,
472366,
472418,
472417,
472513,
472474,
472446,
472451,
472397,
472412,
472464,
472371,
472377,
472369,
472435,
472524,
472611,
472629,
472618,
472653,
472580,
472629,
472634,
472682,
472755,
472795,
472837,
472891,
472910,
472871,
472841,
472939,
472995,
473049,
473173,
473221,
473327,
473364,
473454,
473529,
473552,
473534,
473541,
473703,
473824,
473842,
473952,
474111,
474157,
474233,
474331,
474423,
474437,
474499,
474602,
474689,
474895,
475035,
475189,
475291,
475349,
475564,
475649,
475770,
475843,
475918,
476116,
476225,
476339,
476509,
476621,
476845,
477054,
477251,
477418,
477592,
477684,
477784,
477994,
478158,
478295,
478492,
478683,
478891,
479072,
479248,
479425,
479551,
479653,
479797,
479974,
480200,
480435,
480661,
480865,
481091,
481350,
481612,
481807,
482005,
482166,
482434,
482763,
483069,
483386,
483649,
483995,
484267,
484571,
484796,
485051,
485232,
485490,
485804,
486056,
486375,
486740,
487104,
487417,
487829,
488096,
488463,
488832,
489267,
489711,
490099,
490449,
490800,
491166,
491507,
491868,
492314,
492663,
492993,
493352,
493735,
494182,
494523,
494967,
495328,
495625,
496080,
496524,
496852,
497170,
497602,
498144,
498709,
499192,
499569,
499997,
500559,
501013,
501518,
501974,
502342,
502812,
503345,
503829,
504317,
504759,
505252,
505713,
506163,
506564,
506963,
507419,
507840,
508309,
508670,
509053,
509513,
510011,
510486,
510941,
511319,
511696,
512136,
512790,
514054,
515393,
516594,
517808,
519063,
520322,
521631,
522807,
524045,
525336,
526684,
527985,
529242,
530553,
531873,
533150,
534413,
535878,
537197,
538651,
539790,
540946,
542331,
543675,
545068,
546273,
547597,
549014,
550361,
551574,
552853,
554144,
555778,
557278,
558721,
560122,
561601,
563153,
564620,
566269,
567748,
569252,
570789,
572340,
573881,
575325,
576889,
578499,
579935,
581578,
583075,
584652,
586299,
587833,
589409,
590953,
592471,
594034,
595511,
597203,
598700,
600227,
601846,
603408,
605004,
606716,
608448,
610226,
611875,
613648,
615357,
617101,
618960,
620848,
622692,
624533,
626431,
628368,
630239,
632084,
633915,
635791,
637590,
639440,
641371,
643353,
645369,
647128,
648913,
650884,
652777,
654535,
656526,
658484,
660436,
662540,
664495,
666373,
668580,
670630,
672806,
674922,
677138,
679371,
681604,
683770,
685955,
688206,
690550,
692725,
694857,
696985,
699240,
701442,
703674,
705800,
707959,
710284,
712595,
715026,
717247,
719563,
721742,
724033,
726443,
728588,
730977,
733379,
735917,
738176,
740520,
742982,
745588,
748160,
750717,
753371,
755915,
758560,
761224,
763751,
766270,
768742,
771218,
774061,
776563,
779491,
782270,
785108,
788017,
790739,
793388,
795943,
798780,
801434,
804288,
807373,
810259,
813362,
816280,
819213,
822084,
824885,
827798,
830734,
834122,
837314,
840528,
844062,
847232,
850560,
853873,
857110,
860301,
863840,
867367,
870683,
874226,
877797,
881446,
885002,
888773,
892123,
895883,
899468,
903207,
907081,
910567,
914149,
918014,
921355,
924948,
928622,
932574,
936562,
940640,
944561,
948472,
952403,
956393,
960733,
964824,
968995,
973147,
977504,
981847,
986109,
990247,
994479,
998920,
1.00322e+06,
1.00766e+06,
1.01184e+06,
1.01631e+06,
1.02104e+06,
1.02539e+06,
1.02986e+06,
1.03421e+06,
1.03892e+06,
1.04367e+06,
1.04849e+06,
1.05303e+06,
1.05766e+06,
1.0624e+06,
1.06708e+06,
1.07201e+06,
1.07701e+06,
1.08225e+06,
1.08736e+06,
1.0927e+06,
1.09807e+06,
1.10326e+06,
1.10832e+06,
1.11364e+06,
1.11889e+06,
1.12421e+06,
1.12998e+06,
1.13577e+06,
1.1414e+06,
1.14708e+06,
1.15266e+06,
1.1583e+06,
1.16367e+06,
1.16936e+06,
1.17513e+06,
1.1814e+06,
1.18753e+06,
1.19359e+06,
1.19941e+06,
1.20558e+06,
1.21168e+06,
1.2179e+06,
1.22386e+06,
1.23011e+06,
1.23655e+06,
1.24317e+06,
1.24977e+06,
1.25661e+06,
1.26343e+06,
1.27032e+06,
1.27717e+06,
1.284e+06,
1.29063e+06,
1.29766e+06,
1.30476e+06,
1.31213e+06,
1.31969e+06,
1.32702e+06,
1.3346e+06,
1.34207e+06,
1.34978e+06,
1.35707e+06,
1.3644e+06,
1.37234e+06,
1.38026e+06,
1.38821e+06,
1.3967e+06,
1.40492e+06,
1.41302e+06,
1.4214e+06,
1.42946e+06,
1.43814e+06,
1.44693e+06,
1.45599e+06,
1.46526e+06,
1.47457e+06,
1.48411e+06,
1.49371e+06,
1.50297e+06,
1.5125e+06,
1.52259e+06,
1.53282e+06,
1.54315e+06,
1.55321e+06,
1.56353e+06,
1.57376e+06,
1.58392e+06,
1.59463e+06,
1.6056e+06,
1.61625e+06,
1.62729e+06,
1.6383e+06,
1.64903e+06,
1.65988e+06,
1.67086e+06,
1.68204e+06,
1.694e+06,
1.70573e+06,
1.71772e+06,
1.72971e+06,
1.74143e+06,
1.75338e+06,
1.76552e+06,
1.77809e+06,
1.79031e+06,
1.80291e+06,
1.81573e+06,
1.82863e+06,
1.84191e+06,
1.85523e+06,
1.86891e+06,
1.88233e+06,
1.89577e+06,
1.90948e+06,
1.92331e+06,
1.93734e+06,
1.95171e+06,
1.96659e+06,
1.9819e+06,
1.99687e+06,
2.01207e+06,
2.02742e+06,
2.04218e+06,
2.05747e+06,
2.07421e+06,
2.09124e+06,
2.10908e+06,
2.12683e+06,
2.14424e+06,
2.16189e+06,
2.18018e+06,
2.19793e+06,
2.2153e+06,
2.23384e+06,
2.25235e+06,
2.27102e+06,
2.29047e+06,
2.31045e+06,
2.33033e+06,
2.35043e+06,
2.3707e+06,
2.3902e+06,
2.4104e+06,
2.43181e+06,
2.45298e+06,
2.47472e+06,
2.49739e+06,
2.51942e+06,
2.5419e+06,
2.5653e+06,
2.58806e+06,
2.61142e+06,
2.63478e+06,
2.65906e+06,
2.68371e+06,
2.70996e+06,
2.73561e+06,
2.7621e+06,
2.78914e+06,
2.81601e+06,
2.84397e+06,
2.87273e+06,
2.9272e+06,
3.00548e+06,
3.08399e+06,
3.1644e+06,
3.24675e+06,
3.32979e+06,
3.41245e+06,
3.49535e+06,
3.57819e+06,
3.66385e+06,
3.75816e+06,
3.85665e+06,
3.96835e+06,
4.07747e+06,
4.17954e+06,
4.26846e+06,
4.35271e+06,
4.43409e+06,
4.51381e+06,
4.59329e+06,
4.67855e+06,
4.76119e+06,
4.84286e+06,
4.92601e+06,
5.00655e+06,
5.08514e+06,
5.16146e+06,
5.2344e+06,
5.3064e+06,
5.38184e+06,
5.45956e+06,
5.538e+06,
5.61487e+06,
5.69014e+06,
5.7666e+06,
5.84208e+06,
5.91487e+06,
5.98745e+06,
6.05819e+06,
6.13202e+06,
6.20641e+06,
6.28139e+06,
6.35415e+06,
6.42754e+06,
6.49991e+06,
6.57418e+06,
6.64597e+06,
6.71629e+06,
6.79073e+06,
6.86618e+06,
6.93817e+06,
7.01055e+06,
7.08285e+06,
7.1539e+06,
7.22432e+06,
7.29627e+06,
7.36825e+06,
7.44086e+06,
7.5144e+06,
7.58384e+06,
7.65023e+06,
7.7185e+06,
7.78477e+06,
7.85074e+06,
7.91932e+06,
7.98951e+06,
8.06189e+06,
8.13883e+06,
8.21592e+06,
8.28993e+06,
8.36283e+06,
8.43418e+06,
8.50485e+06,
8.57538e+06,
8.6461e+06,
8.71638e+06,
8.79125e+06,
8.8677e+06,
8.94415e+06,
9.01842e+06,
9.09129e+06,
9.16381e+06,
9.23508e+06,
9.30537e+06,
9.3762e+06,
9.45215e+06,
9.5314e+06,
9.61051e+06,
9.69051e+06,
9.77011e+06,
9.84744e+06,
9.92294e+06,
9.99831e+06,
1.00726e+07,
1.01495e+07,
1.02295e+07,
1.03083e+07,
1.03887e+07,
1.04682e+07,
1.05489e+07,
1.06292e+07,
1.07084e+07,
1.07852e+07,
1.08637e+07,
1.09452e+07,
1.10271e+07,
1.11092e+07,
1.11904e+07,
1.12709e+07,
1.13522e+07,
1.14362e+07,
1.15201e+07,
1.16027e+07,
1.16869e+07,
1.17697e+07,
1.18533e+07,
1.19361e+07,
1.20196e+07,
1.21028e+07,
1.21842e+07,
1.22647e+07,
1.23468e+07,
1.24327e+07,
1.25176e+07,
1.26023e+07,
1.26861e+07,
1.27692e+07,
1.28531e+07,
1.2935e+07,
1.3017e+07,
1.31e+07,
1.3188e+07,
1.32789e+07,
1.33704e+07,
1.34599e+07,
1.35482e+07,
1.36349e+07,
1.37224e+07,
1.38092e+07,
1.38958e+07,
1.39833e+07,
1.40716e+07,
1.41601e+07,
1.42509e+07,
1.43408e+07,
1.4429e+07,
1.4516e+07,
1.46018e+07,
1.46893e+07,
1.47768e+07,
1.48685e+07,
1.4962e+07,
1.50554e+07,
1.5151e+07,
1.52481e+07,
1.53418e+07,
1.54337e+07,
1.55234e+07,
1.56109e+07,
1.57013e+07,
1.57931e+07,
478966,
478480,
478152,
477806,
477397,
477106,
476814,
476508,
476256,
476033,
475748,
475564,
475410,
475273,
475072,
474841,
474609,
474400,
474157,
473931,
473738,
473540,
473347,
473130,
472957,
472762,
472643,
472584,
472606,
472537,
472527,
472457,
472399,
472272,
472186,
472130,
472019,
471977,
471878,
471807,
471702,
471686,
471687,
471634,
471610,
471626,
471597,
471655,
471642,
471615,
471624,
471657,
471686,
471654,
471674,
471680,
471683,
471707,
471771,
471771,
471825,
471809,
471741,
471721,
471628,
471600,
471593,
471672,
471732,
471689,
471679,
471648,
471601,
471587,
471488,
471484,
471520,
471530,
471503,
471500,
471505,
471485,
471452,
471425,
471364,
471357,
471347,
471370,
471370,
471342,
471413,
471386,
471361,
471327,
471338,
471377,
471490,
471506,
471332,
471297,
471294,
471324,
471378,
471433,
471507,
471582,
471620,
471655,
471640,
471597,
471609,
471691,
471667,
471727,
471732,
471729,
471734,
471783,
471812,
471792,
471774,
471826,
471819,
471856,
471928,
472030,
472082,
472216,
472206,
472217,
472281,
472379,
472465,
472510,
472541,
472568,
472648,
472700,
472780,
472811,
472966,
473083,
473191,
473343,
473433,
473541,
473589,
473699,
473844,
473861,
474005,
474170,
474280,
474389,
474580,
474750,
474932,
475019,
475135,
475206,
475400,
475670,
475861,
476012,
476169,
476240,
476415,
476469,
476627,
476739,
476869,
477090,
477259,
477488,
477685,
477783,
478040,
478267,
478431,
478532,
478745,
478955,
479189,
479435,
479736,
480017,
480206,
480469,
480689,
480889,
481098,
481342,
481601,
481754,
482100,
482339,
482619,
482932,
483179,
483382,
483641,
484022,
484355,
484643,
484944,
485309,
485734,
486111,
486507,
486736,
487137,
487490,
487938,
488326,
488649,
489035,
489339,
489671,
489948,
490291,
490606,
490976,
491344,
491770,
492154,
492534,
492897,
493246,
493744,
494152,
494661,
495214,
495625,
495926,
496279,
496686,
497053,
497287,
497516,
497869,
498236,
498661,
499059,
499464,
499880,
500349,
500816,
501216,
501567,
501999,
502453,
502948,
503465,
503979,
504437,
504863,
505307,
505780,
506518,
507499,
508643,
509863,
511067,
512277,
513551,
514869,
516162,
517399,
518588,
519888,
521150,
522440,
523781,
525109,
526502,
527789,
529084,
530360,
531712,
532951,
534272,
535446,
536874,
538319,
539754,
541032,
542281,
543519,
544834,
546175,
547622,
549159,
550624,
552173,
553665,
555169,
556651,
558040,
559347,
560707,
562164,
563645,
565366,
566926,
568432,
569993,
571580,
573112,
574441,
575917,
577521,
579279,
580858,
582614,
584118,
585854,
587381,
589009,
590470,
592069,
593717,
595279,
597030,
598837,
600593,
602369,
604219,
606010,
607633,
609480,
611208,
612985,
614873,
616801,
618595,
620420,
622128,
624075,
625915,
627680,
629470,
631282,
633257,
635173,
637070,
638885,
640736,
642583,
644505,
646346,
648066,
649914,
651847,
653794,
655916,
658167,
660368,
662358,
664548,
666609,
668697,
670808,
672933,
675075,
677212,
679398,
681502,
683939,
686252,
688554,
690781,
693126,
695410,
697663,
699946,
702363,
704566,
706931,
709078,
711093,
713545,
715898,
718289,
720695,
723009,
725348,
727747,
730285,
732542,
734851,
737319,
739874,
742370,
744890,
747587,
750179,
752799,
755319,
757802,
760372,
763040,
765883,
768464,
771316,
774141,
777056,
779816,
782542,
785019,
787568,
790309,
793128,
795739,
798426,
801332,
804035,
807000,
809979,
812848,
815804,
818791,
821892,
825109,
828194,
831331,
834339,
837462,
840789,
844028,
847198,
850679,
854023,
857199,
860400,
863609,
867048,
870671,
874249,
877560,
880620,
884464,
888082,
891570,
895176,
898779,
902395,
905998,
909971,
913713,
917453,
921065,
924728,
928693,
932621,
936778,
940739,
944855,
948903,
952846,
956676,
960569,
964452,
968638,
973148,
977524,
981996,
986280,
990451,
994579,
998645,
1.00292e+06,
1.00734e+06,
1.01176e+06,
1.01636e+06,
1.02086e+06,
1.02547e+06,
1.03019e+06,
1.0349e+06,
1.03914e+06,
1.04353e+06,
1.04832e+06,
1.05314e+06,
1.05817e+06,
1.06278e+06,
1.06774e+06,
1.07274e+06,
1.07768e+06,
1.08273e+06,
1.0876e+06,
1.09255e+06,
1.09772e+06,
1.10295e+06,
1.10834e+06,
1.1136e+06,
1.11862e+06,
1.12407e+06,
1.12949e+06,
1.13513e+06,
1.14065e+06,
1.146e+06,
1.15159e+06,
1.15727e+06,
1.16313e+06,
1.16879e+06,
1.1743e+06,
1.18014e+06,
1.18621e+06,
1.19231e+06,
1.19829e+06,
1.20409e+06,
1.21042e+06,
1.21645e+06,
1.22256e+06,
1.22891e+06,
1.23543e+06,
1.24235e+06,
1.24907e+06,
1.25577e+06,
1.26228e+06,
1.26854e+06,
1.2752e+06,
1.282e+06,
1.28898e+06,
1.29589e+06,
1.30308e+06,
1.31052e+06,
1.31765e+06,
1.32523e+06,
1.33232e+06,
1.33936e+06,
1.34642e+06,
1.35382e+06,
1.36163e+06,
1.36938e+06,
1.37753e+06,
1.38549e+06,
1.39339e+06,
1.4014e+06,
1.40919e+06,
1.41684e+06,
1.42535e+06,
1.43395e+06,
1.44279e+06,
1.45179e+06,
1.46094e+06,
1.46999e+06,
1.47936e+06,
1.48872e+06,
1.49781e+06,
1.50688e+06,
1.51673e+06,
1.52656e+06,
1.53656e+06,
1.5466e+06,
1.55669e+06,
1.56664e+06,
1.5767e+06,
1.58674e+06,
1.597e+06,
1.60815e+06,
1.61916e+06,
1.63017e+06,
1.64124e+06,
1.65229e+06,
1.66355e+06,
1.67484e+06,
1.68623e+06,
1.69806e+06,
1.70999e+06,
1.72197e+06,
1.73407e+06,
1.74636e+06,
1.75851e+06,
1.771e+06,
1.78389e+06,
1.79669e+06,
1.80988e+06,
1.82287e+06,
1.836e+06,
1.84871e+06,
1.86202e+06,
1.87591e+06,
1.88959e+06,
1.90345e+06,
1.9174e+06,
1.93186e+06,
1.94625e+06,
1.96091e+06,
1.97625e+06,
1.99095e+06,
2.00626e+06,
2.02183e+06,
2.03707e+06,
2.05273e+06,
2.06907e+06,
2.0865e+06,
2.10437e+06,
2.12207e+06,
2.13982e+06,
2.15751e+06,
2.17489e+06,
2.19309e+06,
2.21191e+06,
2.23073e+06,
2.24997e+06,
2.26901e+06,
2.28844e+06,
2.30845e+06,
2.32866e+06,
2.34802e+06,
2.36799e+06,
2.38867e+06,
2.40942e+06,
2.43127e+06,
2.45308e+06,
2.47544e+06,
2.49769e+06,
2.52024e+06,
2.54239e+06,
2.56485e+06,
2.58856e+06,
2.61309e+06,
2.63775e+06,
2.66275e+06,
2.68805e+06,
2.71428e+06,
2.74092e+06,
2.76798e+06,
2.79503e+06,
2.82197e+06,
2.8504e+06,
2.88031e+06,
2.91069e+06,
2.94159e+06,
3.0057e+06,
3.08978e+06,
3.17465e+06,
3.26172e+06,
3.35044e+06,
3.44043e+06,
3.53145e+06,
3.62473e+06,
3.72107e+06,
3.82093e+06,
3.94472e+06,
4.05879e+06,
4.16423e+06,
4.25801e+06,
4.34912e+06,
4.43537e+06,
4.52007e+06,
4.60511e+06,
4.68483e+06,
4.76567e+06,
4.85198e+06,
4.93961e+06,
5.02522e+06,
5.10899e+06,
5.18774e+06,
5.26466e+06,
5.34059e+06,
5.41644e+06,
5.49242e+06,
5.56962e+06,
5.6504e+06,
5.73182e+06,
5.81339e+06,
5.89361e+06,
5.9705e+06,
6.04384e+06,
6.11662e+06,
6.18828e+06,
6.26143e+06,
6.34e+06,
6.41795e+06,
6.49455e+06,
6.57415e+06,
6.65217e+06,
6.7271e+06,
6.80041e+06,
6.87254e+06,
6.94257e+06,
7.01661e+06,
7.09363e+06,
7.17037e+06,
7.24622e+06,
7.32161e+06,
7.39826e+06,
7.47345e+06,
7.54538e+06,
7.61579e+06,
7.68829e+06,
7.76482e+06,
7.84036e+06,
7.91438e+06,
7.98741e+06,
8.05994e+06,
8.13318e+06,
8.20384e+06,
8.26985e+06,
8.33723e+06,
8.40945e+06,
8.47985e+06,
8.55195e+06,
8.62692e+06,
8.70107e+06,
8.77471e+06,
8.84726e+06,
8.92073e+06,
8.9945e+06,
9.07406e+06,
9.15205e+06,
9.22702e+06,
9.30212e+06,
9.37655e+06,
9.45132e+06,
9.52501e+06,
9.59913e+06,
9.67225e+06,
9.753e+06,
9.83696e+06,
9.91997e+06,
1.00006e+07,
1.00797e+07,
1.01586e+07,
1.02356e+07,
1.03129e+07,
1.03897e+07,
1.04699e+07,
1.05524e+07,
1.06372e+07,
1.07209e+07,
1.08036e+07,
1.08847e+07,
1.09652e+07,
1.10456e+07,
1.11253e+07,
1.12078e+07,
1.12934e+07,
1.13782e+07,
1.14642e+07,
1.15532e+07,
1.16391e+07,
1.1723e+07,
1.18055e+07,
1.18878e+07,
1.19717e+07,
1.20581e+07,
1.21437e+07,
1.22293e+07,
1.2315e+07,
1.24012e+07,
1.24881e+07,
1.25733e+07,
1.26571e+07,
1.27399e+07,
1.28266e+07,
1.29131e+07,
1.29986e+07,
1.30844e+07,
1.31707e+07,
1.32558e+07,
1.33423e+07,
1.34282e+07,
1.35135e+07,
1.36e+07,
1.36905e+07,
1.37813e+07,
1.38719e+07,
1.39626e+07,
1.40511e+07,
1.41412e+07,
1.42313e+07,
1.43229e+07,
1.44161e+07,
1.4509e+07,
1.45993e+07,
1.46902e+07,
1.47804e+07,
1.48701e+07,
1.49589e+07,
1.50473e+07,
1.51371e+07,
1.52294e+07,
1.53272e+07,
1.54264e+07,
1.55257e+07,
1.56249e+07,
1.57186e+07,
1.58111e+07,
1.59037e+07,
1.59943e+07,
1.60837e+07,
1.6177e+07,
1.62703e+07,
1.6364e+07,
1.6457e+07,
1.65486e+07,
1.66391e+07,
1.67293e+07,
478966,
478483,
478144,
477815,
477405,
477092,
476783,
476504,
476236,
475995,
475735,
475551,
475341,
475208,
475074,
474834,
474650,
474398,
474102,
473897,
473671,
473411,
473236,
473042,
472869,
472662,
472425,
472406,
472335,
472319,
472234,
472199,
472134,
472050,
471953,
471943,
471817,
471696,
471621,
471514,
471418,
471393,
471321,
471249,
471206,
471160,
471186,
471171,
471195,
471125,
471152,
471081,
471041,
471076,
471111,
471134,
471119,
471192,
471089,
471132,
471202,
471262,
471222,
471154,
471103,
470998,
470992,
470959,
470932,
470933,
470959,
470844,
470857,
470910,
470843,
470815,
470769,
470708,
470716,
470705,
470599,
470589,
470528,
470522,
470492,
470488,
470467,
470527,
470513,
470466,
470396,
470368,
470329,
470371,
470353,
470367,
470370,
470334,
470370,
470270,
470376,
470364,
470372,
470331,
470377,
470391,
470419,
470461,
470483,
470536,
470518,
470515,
470592,
470590,
470654,
470706,
470723,
470776,
470733,
470755,
470712,
470723,
470784,
470818,
470796,
470817,
470902,
470961,
470978,
471032,
471034,
471057,
471169,
471228,
471345,
471482,
471555,
471505,
471507,
471545,
471621,
471770,
471904,
471968,
472111,
472263,
472412,
472520,
472670,
472709,
472748,
472906,
473067,
473219,
473411,
473553,
473635,
473767,
473879,
473937,
474033,
474169,
474300,
474471,
474734,
474839,
475061,
475189,
475333,
475446,
475533,
475690,
475872,
476050,
476170,
476433,
476620,
476881,
477087,
477243,
477504,
477739,
477968,
478200,
478401,
478611,
478836,
479122,
479382,
479597,
479799,
480090,
480397,
480602,
480800,
481091,
481305,
481557,
481805,
482050,
482318,
482597,
482990,
483366,
483837,
484238,
484565,
484800,
485103,
485376,
485797,
486179,
486491,
486878,
487224,
487598,
488050,
488443,
488850,
489207,
489577,
489888,
490350,
490763,
491098,
491435,
491863,
492155,
492454,
492694,
493016,
493202,
493480,
493831,
494176,
494572,
494926,
495318,
495685,
495920,
496206,
496562,
496899,
497242,
497663,
498039,
498378,
498819,
499206,
499826,
500922,
502078,
503337,
504685,
505830,
506976,
508275,
509468,
510659,
511827,
512999,
514272,
515604,
516970,
518202,
519450,
520690,
521982,
523408,
524746,
526100,
527309,
528652,
529947,
531210,
532423,
533905,
535170,
536449,
537707,
539054,
540294,
541814,
543389,
544991,
546518,
548019,
549373,
550952,
552405,
553858,
555218,
556712,
558299,
559926,
561346,
563011,
564578,
566100,
567448,
568988,
570592,
572086,
573753,
575336,
577009,
578632,
580163,
581808,
583357,
584967,
586549,
588172,
589956,
591848,
593663,
595327,
597034,
598823,
600617,
602390,
604277,
606133,
607888,
609821,
611613,
613374,
615214,
616937,
618771,
620589,
622359,
624161,
626028,
627916,
629840,
631829,
633665,
635573,
637596,
639706,
641607,
643538,
645401,
647342,
649494,
651394,
653611,
655713,
657909,
659985,
662192,
664470,
666633,
668844,
670840,
673078,
675051,
677105,
679320,
681508,
683800,
686000,
688259,
690488,
692807,
695064,
697327,
699703,
702045,
704286,
706665,
709013,
711255,
713472,
715941,
718382,
720971,
723613,
725918,
728421,
730984,
733453,
736049,
738587,
741212,
743872,
746474,
749107,
751494,
754140,
756795,
759406,
761982,
764596,
767462,
770043,
772821,
775504,
778192,
780834,
783436,
786075,
788752,
791823,
794676,
797741,
800734,
803713,
806721,
809812,
812907,
815897,
818999,
822050,
825160,
828147,
831224,
834226,
837186,
840506,
843627,
846939,
850302,
853680,
856957,
860239,
863467,
866634,
869754,
873036,
876557,
879979,
883538,
886910,
890607,
894171,
897627,
901162,
904755,
908266,
912192,
915877,
919793,
924031,
928164,
932111,
936092,
940055,
943845,
947802,
951829,
955839,
959902,
963956,
968174,
972618,
976928,
980934,
984920,
989112,
993407,
997691,
1.00208e+06,
1.00637e+06,
1.01065e+06,
1.01515e+06,
1.01954e+06,
1.02405e+06,
1.02843e+06,
1.0331e+06,
1.03799e+06,
1.0426e+06,
1.04742e+06,
1.05267e+06,
1.05767e+06,
1.06244e+06,
1.06733e+06,
1.07214e+06,
1.07713e+06,
1.08213e+06,
1.08711e+06,
1.09217e+06,
1.09726e+06,
1.10225e+06,
1.10763e+06,
1.11296e+06,
1.11788e+06,
1.12304e+06,
1.12807e+06,
1.13345e+06,
1.13897e+06,
1.14459e+06,
1.15009e+06,
1.15569e+06,
1.16123e+06,
1.16699e+06,
1.17277e+06,
1.17836e+06,
1.18425e+06,
1.19037e+06,
1.19667e+06,
1.2026e+06,
1.20874e+06,
1.21496e+06,
1.22127e+06,
1.22768e+06,
1.23403e+06,
1.24008e+06,
1.24632e+06,
1.25323e+06,
1.25975e+06,
1.26648e+06,
1.27339e+06,
1.27983e+06,
1.28635e+06,
1.2932e+06,
1.30008e+06,
1.30713e+06,
1.31434e+06,
1.32155e+06,
1.32881e+06,
1.33637e+06,
1.34373e+06,
1.35097e+06,
1.35863e+06,
1.36623e+06,
1.37415e+06,
1.38245e+06,
1.39039e+06,
1.39826e+06,
1.40629e+06,
1.41445e+06,
1.42256e+06,
1.43101e+06,
1.43981e+06,
1.44867e+06,
1.45768e+06,
1.46634e+06,
1.47472e+06,
1.48359e+06,
1.49239e+06,
1.5015e+06,
1.51131e+06,
1.52084e+06,
1.53058e+06,
1.54036e+06,
1.55025e+06,
1.55968e+06,
1.56963e+06,
1.57967e+06,
1.59002e+06,
1.60046e+06,
1.61136e+06,
1.62213e+06,
1.63317e+06,
1.64394e+06,
1.65496e+06,
1.66605e+06,
1.67695e+06,
1.68826e+06,
1.70031e+06,
1.71252e+06,
1.72471e+06,
1.7369e+06,
1.74954e+06,
1.76172e+06,
1.77438e+06,
1.78649e+06,
1.79916e+06,
1.81217e+06,
1.8257e+06,
1.83892e+06,
1.85203e+06,
1.86545e+06,
1.87911e+06,
1.89325e+06,
1.90755e+06,
1.92177e+06,
1.93623e+06,
1.95077e+06,
1.96549e+06,
1.98042e+06,
1.99626e+06,
2.01172e+06,
2.02746e+06,
2.04356e+06,
2.05971e+06,
2.07609e+06,
2.09375e+06,
2.11094e+06,
2.12875e+06,
2.14675e+06,
2.16435e+06,
2.18202e+06,
2.20052e+06,
2.21984e+06,
2.2393e+06,
2.25878e+06,
2.27791e+06,
2.29784e+06,
2.31745e+06,
2.33801e+06,
2.35854e+06,
2.37948e+06,
2.40115e+06,
2.42231e+06,
2.44435e+06,
2.46656e+06,
2.48845e+06,
2.51145e+06,
2.53374e+06,
2.55767e+06,
2.58231e+06,
2.60728e+06,
2.63221e+06,
2.65744e+06,
2.68322e+06,
2.70864e+06,
2.73541e+06,
2.7618e+06,
2.78965e+06,
2.81777e+06,
2.8468e+06,
2.87678e+06,
2.90744e+06,
2.93892e+06,
2.97079e+06,
3.00274e+06,
3.05738e+06,
3.1464e+06,
3.2376e+06,
3.33075e+06,
3.42586e+06,
3.52353e+06,
3.62573e+06,
3.73258e+06,
3.85289e+06,
3.97273e+06,
4.08684e+06,
4.19018e+06,
4.28923e+06,
4.38349e+06,
4.47559e+06,
4.56726e+06,
4.65412e+06,
4.73817e+06,
4.82075e+06,
4.9056e+06,
4.99564e+06,
5.08466e+06,
5.16881e+06,
5.25195e+06,
5.33402e+06,
5.41496e+06,
5.49543e+06,
5.5727e+06,
5.64829e+06,
5.72956e+06,
5.81493e+06,
5.90143e+06,
5.98257e+06,
6.06165e+06,
6.14e+06,
6.21645e+06,
6.29254e+06,
6.36792e+06,
6.44062e+06,
6.51899e+06,
6.60266e+06,
6.6861e+06,
6.76707e+06,
6.84499e+06,
6.92153e+06,
6.9958e+06,
7.06933e+06,
7.14286e+06,
7.21805e+06,
7.29707e+06,
7.37642e+06,
7.45888e+06,
7.5386e+06,
7.61525e+06,
7.69e+06,
7.763e+06,
7.83561e+06,
7.90808e+06,
7.98541e+06,
8.06447e+06,
8.14219e+06,
8.22008e+06,
8.29798e+06,
8.37431e+06,
8.44733e+06,
8.52008e+06,
8.59095e+06,
8.66588e+06,
8.74374e+06,
8.81813e+06,
8.8876e+06,
8.96049e+06,
9.03585e+06,
9.10681e+06,
9.17723e+06,
9.24807e+06,
9.32256e+06,
9.4033e+06,
9.48408e+06,
9.56247e+06,
9.63905e+06,
9.71561e+06,
9.79295e+06,
9.87182e+06,
9.94929e+06,
1.0026e+07,
1.01116e+07,
1.01956e+07,
1.02802e+07,
1.03619e+07,
1.04429e+07,
1.05237e+07,
1.06038e+07,
1.0685e+07,
1.07685e+07,
1.08553e+07,
1.09399e+07,
1.10244e+07,
1.11078e+07,
1.11918e+07,
1.12759e+07,
1.13593e+07,
1.14421e+07,
1.1526e+07,
1.16187e+07,
1.17108e+07,
1.18003e+07,
1.18865e+07,
1.19726e+07,
1.20577e+07,
1.21414e+07,
1.22242e+07,
1.23084e+07,
1.23986e+07,
1.24893e+07,
1.25814e+07,
1.26712e+07,
1.27583e+07,
1.28453e+07,
1.29308e+07,
1.3016e+07,
1.31003e+07,
1.31894e+07,
1.32788e+07,
1.33681e+07,
1.34579e+07,
1.35494e+07,
1.36388e+07,
1.37257e+07,
1.38115e+07,
1.38969e+07,
1.39841e+07,
1.40708e+07,
1.41613e+07,
1.42538e+07,
1.43482e+07,
1.44432e+07,
1.45383e+07,
1.46321e+07,
1.47244e+07,
1.48175e+07,
1.49106e+07,
1.50033e+07,
1.50968e+07,
1.51897e+07,
1.5282e+07,
1.53744e+07,
1.54685e+07,
1.55628e+07,
1.56587e+07,
1.57565e+07,
1.58549e+07,
1.59567e+07,
1.60574e+07,
1.61533e+07,
1.62484e+07,
1.63429e+07,
1.64365e+07,
1.65302e+07,
1.66266e+07,
1.67215e+07,
1.68175e+07,
1.69114e+07,
1.70052e+07,
1.70986e+07,
1.71903e+07,
1.72821e+07,
1.73729e+07,
1.74663e+07,
1.7561e+07,
1.76552e+07,
478966,
478483,
478156,
477816,
477370,
477071,
476737,
476467,
476201,
475966,
475700,
475499,
475301,
475142,
474966,
474828,
474603,
474341,
474078,
473842,
473577,
473348,
473179,
472982,
472770,
472543,
472339,
472152,
472015,
472009,
472009,
471921,
471903,
471807,
471718,
471644,
471572,
471510,
471394,
471250,
471236,
471083,
470973,
470947,
470842,
470869,
470793,
470813,
470736,
470658,
470654,
470646,
470640,
470563,
470532,
470512,
470550,
470530,
470518,
470516,
470529,
470492,
470481,
470495,
470478,
470423,
470392,
470382,
470231,
470245,
470216,
470216,
470153,
470092,
470094,
470059,
470048,
469989,
469953,
469864,
469844,
469840,
469794,
469778,
469698,
469679,
469650,
469585,
469562,
469544,
469493,
469475,
469523,
469457,
469426,
469422,
469341,
469320,
469370,
469384,
469360,
469360,
469306,
469279,
469268,
469328,
469409,
469489,
469411,
469435,
469387,
469405,
469452,
469461,
469505,
469533,
469569,
469580,
469598,
469547,
469592,
469549,
469648,
469644,
469683,
469751,
469789,
469811,
469796,
469722,
469795,
469814,
469894,
470006,
470071,
470155,
470293,
470424,
470478,
470484,
470573,
470674,
470786,
470944,
471094,
471276,
471374,
471506,
471564,
471611,
471708,
471814,
471865,
472014,
472116,
472286,
472378,
472477,
472577,
472651,
472837,
472966,
473183,
473398,
473551,
473691,
473743,
473908,
474073,
474181,
474379,
474560,
474732,
475005,
475253,
475512,
475771,
476009,
476163,
476279,
476417,
476638,
476859,
477169,
477438,
477775,
478014,
478258,
478437,
478629,
478738,
478931,
479229,
479472,
479792,
480074,
480391,
480732,
481040,
481258,
481588,
481871,
482151,
482508,
482859,
483240,
483540,
483827,
484157,
484413,
484759,
484992,
485233,
485618,
485930,
486291,
486798,
487120,
487469,
487875,
488152,
488502,
488736,
489128,
489440,
489715,
489990,
490381,
490667,
490956,
491226,
491531,
491887,
492242,
492525,
492844,
493119,
493369,
493761,
493979,
494328,
494752,
495860,
496972,
498213,
499474,
500528,
501603,
502635,
503955,
505209,
506482,
507561,
508894,
510226,
511476,
512703,
514022,
515115,
516230,
517546,
518843,
520257,
521623,
522845,
524114,
525380,
526746,
528059,
529365,
530625,
531969,
533359,
534799,
536279,
537619,
538992,
540556,
541998,
543430,
544919,
546261,
547721,
549237,
550703,
552217,
553779,
555449,
557068,
558652,
560199,
561617,
563161,
564745,
566267,
567872,
569441,
571144,
572811,
574189,
575847,
577311,
579038,
580638,
582372,
584096,
585938,
587641,
589359,
591083,
592875,
594729,
596445,
598413,
600225,
602081,
603924,
605782,
607634,
609506,
611397,
613179,
615087,
617002,
618857,
620581,
622395,
624352,
626374,
628217,
630092,
632033,
634026,
635904,
637957,
640089,
641999,
644049,
645966,
648030,
650033,
652163,
654316,
656400,
658641,
660826,
663152,
665266,
667440,
669524,
671596,
673605,
675824,
678053,
680340,
682504,
684832,
687019,
689336,
691558,
693835,
696010,
698421,
700595,
703009,
705501,
707985,
710561,
713221,
715830,
718377,
720937,
723585,
726134,
728714,
731324,
733954,
736536,
739020,
741312,
743948,
746378,
748891,
751601,
754211,
756853,
759522,
762216,
764696,
767327,
770088,
772842,
775530,
778354,
781075,
783699,
786757,
789679,
792616,
795361,
798319,
801318,
804535,
807671,
810819,
813915,
816956,
820042,
822922,
825991,
829206,
832331,
835559,
838790,
842242,
845590,
848917,
852228,
855416,
858474,
861810,
865155,
868495,
871962,
875047,
878244,
881698,
885228,
888755,
892288,
895803,
899633,
903278,
906832,
910583,
914368,
918242,
922075,
925825,
929505,
933394,
937267,
941173,
945247,
949253,
953335,
957495,
961457,
965385,
969126,
973140,
977380,
981769,
986079,
990431,
994614,
998962,
1.00329e+06,
1.00786e+06,
1.01223e+06,
1.0169e+06,
1.02142e+06,
1.02608e+06,
1.03093e+06,
1.03581e+06,
1.04053e+06,
1.04521e+06,
1.04972e+06,
1.05457e+06,
1.0594e+06,
1.06448e+06,
1.0693e+06,
1.07415e+06,
1.07901e+06,
1.08406e+06,
1.08917e+06,
1.09438e+06,
1.09946e+06,
1.10452e+06,
1.10946e+06,
1.11479e+06,
1.12011e+06,
1.1253e+06,
1.13045e+06,
1.13576e+06,
1.14127e+06,
1.14695e+06,
1.15285e+06,
1.15862e+06,
1.16424e+06,
1.1701e+06,
1.17559e+06,
1.18158e+06,
1.18717e+06,
1.1933e+06,
1.19934e+06,
1.20547e+06,
1.21171e+06,
1.21769e+06,
1.22377e+06,
1.2299e+06,
1.23607e+06,
1.24237e+06,
1.24897e+06,
1.2556e+06,
1.26222e+06,
1.26869e+06,
1.27564e+06,
1.28223e+06,
1.28873e+06,
1.2957e+06,
1.30245e+06,
1.30963e+06,
1.31675e+06,
1.32421e+06,
1.33158e+06,
1.33896e+06,
1.3464e+06,
1.35402e+06,
1.36138e+06,
1.36923e+06,
1.37708e+06,
1.38503e+06,
1.39316e+06,
1.40141e+06,
1.40972e+06,
1.41754e+06,
1.42591e+06,
1.43408e+06,
1.44228e+06,
1.45096e+06,
1.45969e+06,
1.46835e+06,
1.47731e+06,
1.48605e+06,
1.49499e+06,
1.50425e+06,
1.51371e+06,
1.52307e+06,
1.53185e+06,
1.54121e+06,
1.551e+06,
1.56092e+06,
1.57092e+06,
1.58069e+06,
1.5908e+06,
1.60132e+06,
1.61183e+06,
1.62222e+06,
1.63303e+06,
1.64386e+06,
1.6548e+06,
1.66578e+06,
1.67688e+06,
1.68885e+06,
1.70001e+06,
1.71235e+06,
1.72428e+06,
1.73593e+06,
1.74791e+06,
1.75999e+06,
1.77209e+06,
1.7848e+06,
1.79779e+06,
1.81088e+06,
1.82398e+06,
1.83726e+06,
1.85085e+06,
1.8644e+06,
1.87765e+06,
1.89143e+06,
1.90546e+06,
1.92003e+06,
1.93527e+06,
1.9503e+06,
1.96542e+06,
1.9802e+06,
1.99602e+06,
2.01137e+06,
2.02691e+06,
2.04305e+06,
2.05948e+06,
2.07614e+06,
2.093e+06,
2.11037e+06,
2.12815e+06,
2.1455e+06,
2.16342e+06,
2.18152e+06,
2.19944e+06,
2.21828e+06,
2.23783e+06,
2.25718e+06,
2.27717e+06,
2.29706e+06,
2.31683e+06,
2.3372e+06,
2.35896e+06,
2.38043e+06,
2.40179e+06,
2.42354e+06,
2.44574e+06,
2.46831e+06,
2.49197e+06,
2.51551e+06,
2.53924e+06,
2.56335e+06,
2.58807e+06,
2.6132e+06,
2.63787e+06,
2.66346e+06,
2.68966e+06,
2.71564e+06,
2.74306e+06,
2.7712e+06,
2.79977e+06,
2.82884e+06,
2.85819e+06,
2.88873e+06,
2.9199e+06,
2.9515e+06,
2.98345e+06,
3.01697e+06,
3.05121e+06,
3.08823e+06,
3.1693e+06,
3.26599e+06,
3.36437e+06,
3.46522e+06,
3.57196e+06,
3.6844e+06,
3.81277e+06,
3.94078e+06,
4.05594e+06,
4.15713e+06,
4.26043e+06,
4.36229e+06,
4.46133e+06,
4.559e+06,
4.65097e+06,
4.74114e+06,
4.83104e+06,
4.92309e+06,
5.0114e+06,
5.09495e+06,
5.1851e+06,
5.27294e+06,
5.35975e+06,
5.44625e+06,
5.52929e+06,
5.61127e+06,
5.69393e+06,
5.77758e+06,
5.86189e+06,
5.94501e+06,
6.02999e+06,
6.11349e+06,
6.19505e+06,
6.27813e+06,
6.35748e+06,
6.43572e+06,
6.51328e+06,
6.59114e+06,
6.67268e+06,
6.75849e+06,
6.84118e+06,
6.9227e+06,
7.00384e+06,
7.083e+06,
7.16208e+06,
7.23875e+06,
7.31383e+06,
7.38991e+06,
7.47011e+06,
7.55609e+06,
7.63856e+06,
7.71836e+06,
7.79821e+06,
7.876e+06,
7.95144e+06,
8.02843e+06,
8.10316e+06,
8.17775e+06,
8.25835e+06,
8.34346e+06,
8.42592e+06,
8.50639e+06,
8.5828e+06,
8.65868e+06,
8.73371e+06,
8.8069e+06,
8.87969e+06,
8.95545e+06,
9.03763e+06,
9.12023e+06,
9.20129e+06,
9.27897e+06,
9.35504e+06,
9.42877e+06,
9.49739e+06,
9.56742e+06,
9.63954e+06,
9.71802e+06,
9.79728e+06,
9.87734e+06,
9.9593e+06,
1.00398e+07,
1.01188e+07,
1.01964e+07,
1.02727e+07,
1.03495e+07,
1.04402e+07,
1.05281e+07,
1.06147e+07,
1.07014e+07,
1.07868e+07,
1.08736e+07,
1.09575e+07,
1.10388e+07,
1.11209e+07,
1.12109e+07,
1.12998e+07,
1.13857e+07,
1.14721e+07,
1.15594e+07,
1.16467e+07,
1.17372e+07,
1.18268e+07,
1.19138e+07,
1.20057e+07,
1.20965e+07,
1.2186e+07,
1.22746e+07,
1.2362e+07,
1.24496e+07,
1.25365e+07,
1.26234e+07,
1.27141e+07,
1.28103e+07,
1.29035e+07,
1.29943e+07,
1.30842e+07,
1.31734e+07,
1.32618e+07,
1.33497e+07,
1.34367e+07,
1.35247e+07,
1.36186e+07,
1.37138e+07,
1.38072e+07,
1.38989e+07,
1.39888e+07,
1.40777e+07,
1.41668e+07,
1.4254e+07,
1.43413e+07,
1.44318e+07,
1.45226e+07,
1.46161e+07,
1.47131e+07,
1.48081e+07,
1.49029e+07,
1.49959e+07,
1.50914e+07,
1.51864e+07,
1.52826e+07,
1.53787e+07,
1.54745e+07,
1.55716e+07,
1.56699e+07,
1.57681e+07,
1.58624e+07,
1.59569e+07,
1.60508e+07,
1.61501e+07,
1.62521e+07,
1.63571e+07,
1.64611e+07,
1.65604e+07,
1.66596e+07,
1.67579e+07,
1.68545e+07,
1.69492e+07,
1.70453e+07,
1.71429e+07,
1.72409e+07,
1.73377e+07,
1.74352e+07,
1.75312e+07,
1.7626e+07,
1.77216e+07,
1.78166e+07,
1.79111e+07,
1.80082e+07,
1.81056e+07,
1.82026e+07,
1.82993e+07,
1.83972e+07,
1.84943e+07,
1.85907e+07,
478966,
478476,
478153,
477797,
477386,
477042,
476693,
476437,
476196,
475946,
475679,
475400,
475204,
475080,
474902,
474697,
474563,
474320,
474046,
473789,
473513,
473251,
473081,
472864,
472627,
472414,
472185,
472007,
471812,
471714,
471661,
471656,
471611,
471559,
471483,
471411,
471331,
471262,
471195,
471138,
471042,
470912,
470833,
470739,
470607,
470558,
470474,
470411,
470351,
470339,
470287,
470225,
470193,
470154,
470106,
470047,
470045,
469955,
469941,
469998,
469956,
469903,
469839,
469852,
469778,
469717,
469837,
469772,
469763,
469668,
469648,
469587,
469529,
469398,
469298,
469274,
469216,
469203,
469163,
469092,
469001,
469003,
468951,
468925,
468841,
468744,
468703,
468670,
468614,
468611,
468636,
468634,
468618,
468576,
468509,
468494,
468436,
468380,
468373,
468268,
468227,
468221,
468277,
468359,
468407,
468456,
468400,
468370,
468318,
468208,
468255,
468232,
468266,
468290,
468325,
468386,
468447,
468463,
468488,
468493,
468491,
468482,
468532,
468579,
468637,
468703,
468701,
468742,
468737,
468693,
468745,
468872,
468953,
468986,
469130,
469275,
469371,
469538,
469598,
469658,
469779,
469849,
469984,
470134,
470260,
470351,
470415,
470481,
470626,
470608,
470707,
470748,
470850,
470974,
471107,
471261,
471344,
471500,
471584,
471634,
471780,
471915,
472059,
472196,
472376,
472529,
472710,
472920,
473064,
473169,
473381,
473511,
473838,
474029,
474282,
474509,
474710,
474944,
475123,
475289,
475497,
475708,
475970,
476211,
476438,
476703,
476924,
477096,
477325,
477467,
477653,
477937,
478261,
478624,
479033,
479293,
479567,
479936,
480278,
480609,
480824,
481153,
481433,
481730,
481982,
482299,
482583,
482869,
483021,
483208,
483471,
483790,
484117,
484483,
484824,
485156,
485416,
485706,
485959,
486116,
486409,
486741,
487066,
487446,
487757,
488042,
488297,
488605,
488948,
489183,
489485,
489749,
490008,
490326,
490928,
492057,
493218,
494303,
495410,
496518,
497597,
498733,
499862,
501098,
502307,
503490,
504671,
505875,
507248,
508427,
509656,
510859,
512044,
513284,
514496,
515955,
517274,
518538,
519714,
520808,
522081,
523389,
524811,
526057,
527465,
528677,
530094,
531513,
532957,
534341,
535831,
537440,
538978,
540527,
541984,
543520,
544910,
546338,
547831,
549400,
551002,
552538,
554105,
555688,
557219,
558785,
560273,
561671,
563266,
564809,
566355,
567918,
569501,
571068,
572668,
574370,
576168,
577910,
579653,
581455,
583365,
585144,
587060,
588845,
590686,
592485,
594319,
596088,
597910,
599730,
601592,
603361,
605199,
606952,
608873,
610648,
612501,
614436,
616152,
618023,
619843,
621630,
623652,
625481,
627547,
629493,
631694,
633705,
635845,
637888,
639973,
642045,
644151,
646283,
648411,
650770,
652935,
654971,
656969,
659024,
661203,
663457,
665683,
667892,
670084,
672262,
674369,
676529,
678861,
680909,
683166,
685558,
687940,
690412,
692477,
694747,
697037,
699463,
701936,
704260,
706658,
709280,
711730,
714190,
716611,
718915,
721513,
724057,
726603,
729248,
731923,
734660,
737337,
739987,
742605,
745252,
748031,
750499,
753066,
755694,
758111,
760806,
763529,
766282,
768931,
771937,
775025,
777957,
780841,
783643,
786504,
789421,
792385,
795402,
798334,
801552,
804539,
807622,
810711,
813656,
816775,
819739,
822746,
826016,
829259,
832533,
835527,
838878,
841906,
845261,
848278,
851415,
854844,
858229,
861611,
865099,
868439,
871933,
875480,
879083,
882595,
886243,
890069,
893569,
897368,
900816,
904288,
907823,
911535,
915082,
918873,
922576,
926409,
930235,
934065,
938110,
941927,
945652,
949657,
953557,
957592,
961765,
965900,
969843,
973897,
978015,
982331,
986642,
990724,
994957,
999348,
1.00388e+06,
1.00832e+06,
1.01285e+06,
1.01722e+06,
1.022e+06,
1.02681e+06,
1.03157e+06,
1.03605e+06,
1.04055e+06,
1.04515e+06,
1.04999e+06,
1.05479e+06,
1.05968e+06,
1.06465e+06,
1.06965e+06,
1.07456e+06,
1.0796e+06,
1.08472e+06,
1.08941e+06,
1.09439e+06,
1.09956e+06,
1.10465e+06,
1.11003e+06,
1.11509e+06,
1.12069e+06,
1.1259e+06,
1.13144e+06,
1.13691e+06,
1.14213e+06,
1.14773e+06,
1.15323e+06,
1.15924e+06,
1.16497e+06,
1.17076e+06,
1.17644e+06,
1.18232e+06,
1.18818e+06,
1.1941e+06,
1.19993e+06,
1.20596e+06,
1.21203e+06,
1.21808e+06,
1.22427e+06,
1.23081e+06,
1.23676e+06,
1.24291e+06,
1.24928e+06,
1.25586e+06,
1.26235e+06,
1.26883e+06,
1.2756e+06,
1.2824e+06,
1.28914e+06,
1.29583e+06,
1.30276e+06,
1.30979e+06,
1.31699e+06,
1.32421e+06,
1.33138e+06,
1.3388e+06,
1.34622e+06,
1.35351e+06,
1.36117e+06,
1.36898e+06,
1.37682e+06,
1.38473e+06,
1.39279e+06,
1.40067e+06,
1.40852e+06,
1.4165e+06,
1.4246e+06,
1.43327e+06,
1.44179e+06,
1.45024e+06,
1.45879e+06,
1.46752e+06,
1.47645e+06,
1.48531e+06,
1.49373e+06,
1.50304e+06,
1.51214e+06,
1.52129e+06,
1.5307e+06,
1.54024e+06,
1.54996e+06,
1.55969e+06,
1.56944e+06,
1.57934e+06,
1.58898e+06,
1.59926e+06,
1.60952e+06,
1.61981e+06,
1.63055e+06,
1.64135e+06,
1.65222e+06,
1.66309e+06,
1.674e+06,
1.68533e+06,
1.6965e+06,
1.7077e+06,
1.71955e+06,
1.73173e+06,
1.74364e+06,
1.75558e+06,
1.76746e+06,
1.78007e+06,
1.79286e+06,
1.80561e+06,
1.81857e+06,
1.83176e+06,
1.845e+06,
1.85807e+06,
1.87161e+06,
1.88549e+06,
1.90017e+06,
1.91448e+06,
1.92965e+06,
1.94411e+06,
1.95864e+06,
1.97395e+06,
1.989e+06,
2.00425e+06,
2.02012e+06,
2.03677e+06,
2.05311e+06,
2.06969e+06,
2.08671e+06,
2.10361e+06,
2.12056e+06,
2.13839e+06,
2.1561e+06,
2.17406e+06,
2.19238e+06,
2.21105e+06,
2.22978e+06,
2.24909e+06,
2.26887e+06,
2.28851e+06,
2.30808e+06,
2.32853e+06,
2.34959e+06,
2.37105e+06,
2.39307e+06,
2.41505e+06,
2.43764e+06,
2.46002e+06,
2.48307e+06,
2.50735e+06,
2.53099e+06,
2.55579e+06,
2.58032e+06,
2.60512e+06,
2.63098e+06,
2.65743e+06,
2.68394e+06,
2.71103e+06,
2.73827e+06,
2.76666e+06,
2.79544e+06,
2.82475e+06,
2.85424e+06,
2.8852e+06,
2.91629e+06,
2.94912e+06,
2.98213e+06,
3.01635e+06,
3.05148e+06,
3.08756e+06,
3.12585e+06,
3.1643e+06,
3.25167e+06,
3.35528e+06,
3.46216e+06,
3.57523e+06,
3.69657e+06,
3.83968e+06,
3.96755e+06,
4.07807e+06,
4.17842e+06,
4.27648e+06,
4.38162e+06,
4.48801e+06,
4.58849e+06,
4.68694e+06,
4.78453e+06,
4.88274e+06,
4.97979e+06,
5.07036e+06,
5.15611e+06,
5.2406e+06,
5.33386e+06,
5.4261e+06,
5.51553e+06,
5.60351e+06,
5.69093e+06,
5.78062e+06,
5.87145e+06,
5.95709e+06,
6.03681e+06,
6.11971e+06,
6.20812e+06,
6.29447e+06,
6.37899e+06,
6.46188e+06,
6.54565e+06,
6.62865e+06,
6.71506e+06,
6.79731e+06,
6.87485e+06,
6.95795e+06,
7.04259e+06,
7.12733e+06,
7.21041e+06,
7.29238e+06,
7.37305e+06,
7.45356e+06,
7.53675e+06,
7.61728e+06,
7.69485e+06,
7.77956e+06,
7.86358e+06,
7.94739e+06,
8.02958e+06,
8.10996e+06,
8.18903e+06,
8.26736e+06,
8.34767e+06,
8.4274e+06,
8.50829e+06,
8.5915e+06,
8.67521e+06,
8.75739e+06,
8.8375e+06,
8.91466e+06,
8.99131e+06,
9.06753e+06,
9.14396e+06,
9.22135e+06,
9.30846e+06,
9.3945e+06,
9.47711e+06,
9.55717e+06,
9.63507e+06,
9.71267e+06,
9.78955e+06,
9.86424e+06,
9.93898e+06,
1.00201e+07,
1.01047e+07,
1.0188e+07,
1.02683e+07,
1.03446e+07,
1.04185e+07,
1.04957e+07,
1.05716e+07,
1.06485e+07,
1.07361e+07,
1.08333e+07,
1.09281e+07,
1.10207e+07,
1.11104e+07,
1.11967e+07,
1.12822e+07,
1.1366e+07,
1.1449e+07,
1.15379e+07,
1.16319e+07,
1.17239e+07,
1.18155e+07,
1.19113e+07,
1.20038e+07,
1.2093e+07,
1.218e+07,
1.22656e+07,
1.23576e+07,
1.24528e+07,
1.2546e+07,
1.26371e+07,
1.27287e+07,
1.28214e+07,
1.29151e+07,
1.30059e+07,
1.3095e+07,
1.31904e+07,
1.32855e+07,
1.33797e+07,
1.34723e+07,
1.35633e+07,
1.36546e+07,
1.37463e+07,
1.38398e+07,
1.39308e+07,
1.40257e+07,
1.41205e+07,
1.42146e+07,
1.43089e+07,
1.44013e+07,
1.44926e+07,
1.45834e+07,
1.46746e+07,
1.47676e+07,
1.48638e+07,
1.4958e+07,
1.50501e+07,
1.5143e+07,
1.52374e+07,
1.53317e+07,
1.54262e+07,
1.55227e+07,
1.56197e+07,
1.57205e+07,
1.58241e+07,
1.5926e+07,
1.60252e+07,
1.61231e+07,
1.62211e+07,
1.63171e+07,
1.64141e+07,
1.65099e+07,
1.66128e+07,
1.67186e+07,
1.683e+07,
1.69361e+07,
1.7039e+07,
1.71396e+07,
1.72385e+07,
1.73365e+07,
1.74328e+07,
1.75318e+07,
1.76324e+07,
1.77336e+07,
1.78345e+07,
1.7936e+07,
1.80352e+07,
1.81343e+07,
1.82321e+07,
1.83289e+07,
1.84273e+07,
1.85284e+07,
1.86295e+07,
1.87314e+07,
1.88336e+07,
1.89368e+07,
1.90401e+07,
1.91416e+07,
1.924e+07,
1.93383e+07,
1.9439e+07,
1.95388e+07,
478966,
478490,
478159,
477824,
477419,
477066,
476709,
476395,
476196,
475973,
475674,
475402,
475203,
475031,
474858,
474630,
474468,
474232,
474016,
473787,
473501,
473229,
473056,
472755,
472513,
472307,
472144,
471942,
471762,
471521,
471399,
471391,
471337,
471339,
471283,
471258,
471141,
471048,
471007,
470928,
470799,
470681,
470567,
470431,
470333,
470296,
470194,
470034,
469987,
469938,
469875,
469835,
469712,
469643,
469633,
469592,
469628,
469552,
469464,
469364,
469234,
469232,
469224,
469195,
469186,
469154,
469063,
469054,
468970,
468945,
468884,
468805,
468746,
468632,
468571,
468567,
468522,
468457,
468460,
468436,
468341,
468254,
468241,
468164,
468017,
467919,
467908,
467843,
467761,
467703,
467640,
467627,
467657,
467674,
467645,
467607,
467594,
467611,
467599,
467466,
467448,
467415,
467343,
467305,
467287,
467285,
467269,
467312,
467275,
467247,
467263,
467277,
467263,
467244,
467306,
467283,
467337,
467371,
467370,
467384,
467419,
467457,
467532,
467586,
467707,
467799,
467892,
467969,
468106,
468078,
468123,
468141,
468226,
468382,
468438,
468569,
468660,
468645,
468796,
468849,
468935,
469061,
469116,
469238,
469292,
469377,
469461,
469563,
469586,
469559,
469689,
469814,
469923,
470067,
470236,
470330,
470488,
470633,
470705,
470796,
470940,
471054,
471169,
471256,
471486,
471738,
471859,
472032,
472189,
472261,
472443,
472643,
472850,
473048,
473349,
473526,
473696,
474015,
474224,
474465,
474668,
474873,
475126,
475384,
475596,
475828,
476158,
476421,
476643,
476777,
477027,
477323,
477578,
477873,
478205,
478528,
478886,
479136,
479338,
479547,
479732,
479954,
480260,
480522,
480802,
481064,
481253,
481504,
481767,
482018,
482322,
482638,
482927,
483236,
483474,
483724,
484020,
484324,
484526,
484687,
485009,
485359,
485667,
485948,
486288,
486564,
486844,
487118,
488073,
489113,
490096,
491261,
492368,
493570,
494744,
495783,
496863,
497970,
499180,
500338,
501442,
502699,
503966,
505135,
506338,
507687,
508893,
510179,
511242,
512524,
513686,
515043,
516239,
517492,
518789,
520105,
521485,
522870,
524280,
525609,
526927,
528233,
529575,
531136,
532653,
534177,
535867,
537255,
538706,
540147,
541710,
543044,
544501,
545987,
547451,
549117,
550650,
552150,
553669,
555186,
556794,
558299,
559819,
561511,
563215,
564870,
566322,
568041,
569731,
571407,
573284,
575141,
577025,
578830,
580736,
582561,
584265,
585976,
587746,
589426,
591254,
592938,
594732,
596496,
598335,
600324,
602053,
603850,
605731,
607579,
609436,
611377,
613285,
615050,
616954,
618807,
620774,
622703,
624943,
627007,
629192,
631191,
633221,
635265,
637341,
639430,
641685,
643935,
646036,
648117,
650194,
652210,
654481,
656698,
658930,
661036,
663225,
665383,
667711,
669833,
672060,
674448,
676648,
678920,
681122,
683405,
685549,
687899,
690198,
692511,
694832,
697201,
699553,
702033,
704618,
707106,
709839,
712371,
714675,
717141,
719680,
721979,
724564,
726929,
729489,
732095,
734796,
737490,
740220,
743104,
745759,
748514,
751252,
753907,
756470,
759138,
761834,
764725,
767568,
770456,
773591,
776476,
779636,
782532,
785479,
788372,
791534,
794401,
797278,
800024,
802890,
806046,
809102,
812186,
815349,
818355,
821500,
824653,
827743,
830762,
833749,
836841,
840143,
843359,
846787,
850138,
853548,
856956,
860443,
863786,
867344,
870799,
874415,
878012,
881643,
885268,
888803,
892508,
896117,
899720,
903116,
906731,
910476,
914348,
918193,
921928,
925909,
929750,
933409,
937313,
941144,
945071,
948947,
952810,
956776,
960794,
964917,
969012,
973045,
977185,
981304,
985453,
989791,
994272,
998561,
1.00308e+06,
1.00764e+06,
1.0122e+06,
1.01681e+06,
1.02126e+06,
1.02591e+06,
1.03029e+06,
1.03481e+06,
1.03968e+06,
1.04446e+06,
1.04922e+06,
1.05389e+06,
1.05861e+06,
1.06332e+06,
1.06804e+06,
1.07298e+06,
1.07776e+06,
1.08272e+06,
1.08757e+06,
1.09263e+06,
1.09788e+06,
1.10269e+06,
1.10826e+06,
1.11383e+06,
1.11897e+06,
1.12427e+06,
1.12972e+06,
1.1351e+06,
1.14082e+06,
1.1465e+06,
1.15219e+06,
1.15787e+06,
1.16368e+06,
1.16924e+06,
1.17465e+06,
1.18045e+06,
1.18625e+06,
1.19198e+06,
1.19801e+06,
1.20407e+06,
1.21032e+06,
1.2164e+06,
1.22268e+06,
1.2288e+06,
1.23482e+06,
1.24092e+06,
1.24734e+06,
1.25376e+06,
1.2602e+06,
1.26685e+06,
1.27353e+06,
1.28039e+06,
1.28692e+06,
1.29374e+06,
1.30058e+06,
1.30773e+06,
1.31515e+06,
1.32246e+06,
1.32963e+06,
1.33699e+06,
1.3446e+06,
1.35201e+06,
1.3593e+06,
1.36675e+06,
1.37425e+06,
1.38211e+06,
1.38979e+06,
1.39778e+06,
1.40555e+06,
1.41348e+06,
1.42182e+06,
1.43019e+06,
1.43876e+06,
1.44728e+06,
1.45536e+06,
1.46389e+06,
1.47261e+06,
1.48143e+06,
1.49002e+06,
1.49911e+06,
1.50793e+06,
1.51751e+06,
1.52716e+06,
1.53651e+06,
1.54577e+06,
1.55529e+06,
1.56487e+06,
1.57466e+06,
1.58486e+06,
1.59501e+06,
1.60547e+06,
1.61572e+06,
1.62629e+06,
1.63651e+06,
1.64673e+06,
1.65703e+06,
1.66824e+06,
1.67903e+06,
1.6901e+06,
1.70149e+06,
1.71292e+06,
1.72489e+06,
1.73649e+06,
1.74827e+06,
1.76041e+06,
1.7725e+06,
1.78497e+06,
1.79742e+06,
1.8098e+06,
1.82292e+06,
1.83607e+06,
1.84938e+06,
1.86294e+06,
1.87678e+06,
1.89036e+06,
1.90412e+06,
1.91831e+06,
1.93306e+06,
1.94776e+06,
1.96246e+06,
1.97778e+06,
1.99259e+06,
2.00823e+06,
2.02401e+06,
2.03969e+06,
2.05588e+06,
2.07248e+06,
2.08984e+06,
2.10672e+06,
2.1241e+06,
2.14161e+06,
2.16001e+06,
2.17826e+06,
2.19651e+06,
2.21465e+06,
2.23324e+06,
2.25225e+06,
2.27267e+06,
2.29287e+06,
2.3134e+06,
2.334e+06,
2.3548e+06,
2.3762e+06,
2.39801e+06,
2.41977e+06,
2.4424e+06,
2.46517e+06,
2.48845e+06,
2.51255e+06,
2.53739e+06,
2.56266e+06,
2.5874e+06,
2.61303e+06,
2.63862e+06,
2.66534e+06,
2.69243e+06,
2.72052e+06,
2.7483e+06,
2.77717e+06,
2.80732e+06,
2.83726e+06,
2.86798e+06,
2.89921e+06,
2.93139e+06,
2.96447e+06,
2.99925e+06,
3.03433e+06,
3.07054e+06,
3.10743e+06,
3.14648e+06,
3.18637e+06,
3.22786e+06,
3.29911e+06,
3.41031e+06,
3.52705e+06,
3.65395e+06,
3.80336e+06,
3.9369e+06,
4.05066e+06,
4.15389e+06,
4.25464e+06,
4.35236e+06,
4.45695e+06,
4.5615e+06,
4.66601e+06,
4.76978e+06,
4.87652e+06,
4.98144e+06,
5.07902e+06,
5.17155e+06,
5.26178e+06,
5.35097e+06,
5.44588e+06,
5.54029e+06,
5.63409e+06,
5.72865e+06,
5.82231e+06,
5.91829e+06,
6.00775e+06,
6.095e+06,
6.17874e+06,
6.26299e+06,
6.35179e+06,
6.44154e+06,
6.52855e+06,
6.61709e+06,
6.70454e+06,
6.79522e+06,
6.88248e+06,
6.9657e+06,
7.04838e+06,
7.12894e+06,
7.21516e+06,
7.30166e+06,
7.38606e+06,
7.47102e+06,
7.55759e+06,
7.64448e+06,
7.73086e+06,
7.81421e+06,
7.89408e+06,
7.97518e+06,
8.06038e+06,
8.14517e+06,
8.22855e+06,
8.31425e+06,
8.39906e+06,
8.48332e+06,
8.56756e+06,
8.64868e+06,
8.72686e+06,
8.80938e+06,
8.89317e+06,
8.97808e+06,
9.06225e+06,
9.14406e+06,
9.22637e+06,
9.3071e+06,
9.38889e+06,
9.46851e+06,
9.54677e+06,
9.63333e+06,
9.72091e+06,
9.80622e+06,
9.88773e+06,
9.96796e+06,
1.00479e+07,
1.01279e+07,
1.02074e+07,
1.0287e+07,
1.0373e+07,
1.04646e+07,
1.05503e+07,
1.06326e+07,
1.07098e+07,
1.07866e+07,
1.08645e+07,
1.0942e+07,
1.10175e+07,
1.11069e+07,
1.12116e+07,
1.13085e+07,
1.14014e+07,
1.14917e+07,
1.15807e+07,
1.16687e+07,
1.17559e+07,
1.18411e+07,
1.19346e+07,
1.20403e+07,
1.21408e+07,
1.22359e+07,
1.23279e+07,
1.24175e+07,
1.25064e+07,
1.2593e+07,
1.26804e+07,
1.27758e+07,
1.2877e+07,
1.29767e+07,
1.30755e+07,
1.31713e+07,
1.32642e+07,
1.33568e+07,
1.34486e+07,
1.35401e+07,
1.36359e+07,
1.37336e+07,
1.38319e+07,
1.39288e+07,
1.40279e+07,
1.41242e+07,
1.42165e+07,
1.43072e+07,
1.43988e+07,
1.44951e+07,
1.45923e+07,
1.46899e+07,
1.47868e+07,
1.48834e+07,
1.49813e+07,
1.50783e+07,
1.51731e+07,
1.52669e+07,
1.53615e+07,
1.54558e+07,
1.5549e+07,
1.56426e+07,
1.57394e+07,
1.58364e+07,
1.59336e+07,
1.60344e+07,
1.6136e+07,
1.62383e+07,
1.63407e+07,
1.64438e+07,
1.65453e+07,
1.66462e+07,
1.67467e+07,
1.6846e+07,
1.6945e+07,
1.70487e+07,
1.71591e+07,
1.72741e+07,
1.73829e+07,
1.74881e+07,
1.75927e+07,
1.76945e+07,
1.77952e+07,
1.78946e+07,
1.79955e+07,
1.80994e+07,
1.82045e+07,
1.83106e+07,
1.84139e+07,
1.85161e+07,
1.86193e+07,
1.87208e+07,
1.88231e+07,
1.89241e+07,
1.90292e+07,
1.91348e+07,
1.92435e+07,
1.93527e+07,
1.94577e+07,
1.95612e+07,
1.96647e+07,
1.97663e+07,
1.98667e+07,
1.99687e+07,
2.00718e+07,
2.01745e+07,
2.02789e+07,
2.03866e+07,
2.04914e+07,
478966,
478517,
478153,
477827,
477436,
477064,
476704,
476384,
476162,
475953,
475621,
475381,
475179,
475021,
474835,
474554,
474400,
474169,
473954,
473744,
473448,
473186,
472989,
472760,
472501,
472250,
471972,
471839,
471667,
471532,
471323,
471228,
471101,
471050,
471064,
471042,
470990,
470949,
470832,
470720,
470542,
470381,
470286,
470191,
470126,
469975,
469882,
469730,
469651,
469608,
469508,
469440,
469333,
469272,
469148,
469075,
469061,
468961,
468821,
468739,
468715,
468617,
468505,
468493,
468420,
468342,
468320,
468264,
468255,
468237,
468113,
468059,
467919,
467994,
467964,
467927,
467830,
467820,
467670,
467594,
467466,
467429,
467388,
467326,
467226,
467181,
467144,
467047,
466974,
466989,
466905,
466810,
466805,
466770,
466833,
466837,
466818,
466788,
466770,
466638,
466564,
466487,
466524,
466515,
466476,
466463,
466378,
466403,
466382,
466322,
466345,
466309,
466268,
466281,
466347,
466423,
466431,
466476,
466550,
466534,
466591,
466661,
466752,
466852,
466969,
467073,
467202,
467280,
467332,
467278,
467348,
467381,
467524,
467600,
467705,
467755,
467812,
467948,
468078,
468202,
468203,
468235,
468239,
468337,
468482,
468550,
468626,
468726,
468750,
468809,
468870,
468962,
469096,
469239,
469394,
469451,
469509,
469628,
469798,
469880,
469976,
470132,
470277,
470390,
470526,
470770,
470951,
471146,
471379,
471510,
471787,
472051,
472234,
472457,
472603,
472807,
473104,
473304,
473571,
473765,
473950,
474087,
474218,
474427,
474671,
474959,
475262,
475526,
475715,
475923,
476084,
476309,
476607,
476902,
477193,
477442,
477723,
478000,
478235,
478430,
478617,
478851,
479082,
479304,
479505,
479709,
479919,
480356,
480585,
480868,
481113,
481348,
481613,
481947,
482190,
482358,
482634,
482885,
483171,
483310,
483512,
483876,
484804,
485908,
487017,
488084,
489285,
490570,
491706,
492823,
493943,
495054,
496220,
497328,
498491,
499698,
500936,
502265,
503379,
504477,
505647,
506885,
507941,
509087,
510308,
511450,
512713,
513962,
515209,
516501,
517864,
519239,
520666,
522107,
523614,
524958,
526299,
527608,
529107,
530494,
531844,
533338,
534827,
536200,
537716,
539225,
540786,
542281,
543817,
545433,
546977,
548571,
550140,
551691,
553192,
554802,
556414,
557966,
559629,
561333,
562990,
564762,
566469,
568263,
569912,
571565,
573402,
575183,
576978,
578768,
580622,
582344,
584119,
585904,
587729,
589629,
591358,
593113,
594919,
596684,
598654,
600403,
602395,
604264,
606265,
608034,
609971,
611927,
613728,
615604,
617380,
619538,
621714,
623845,
625945,
627955,
630224,
632413,
634229,
636254,
638441,
640504,
642693,
644829,
647081,
649306,
651375,
653527,
655571,
657630,
659695,
661888,
664039,
666170,
668380,
670702,
673043,
675434,
677795,
680245,
682522,
684959,
687295,
689727,
692205,
694475,
696886,
699438,
701786,
704347,
706803,
709472,
711949,
714362,
716837,
719369,
721937,
724369,
726660,
729215,
731606,
734338,
736989,
739810,
742469,
745196,
747946,
750617,
753327,
756353,
759340,
762211,
765157,
768252,
771246,
774222,
777115,
780133,
783039,
785907,
788778,
791932,
794859,
797951,
800971,
804067,
806967,
809987,
813168,
816313,
819227,
822350,
825657,
828778,
832118,
835250,
838320,
841572,
844859,
848103,
851518,
854963,
858389,
861877,
865160,
868721,
872309,
875826,
879211,
882673,
886152,
889660,
893274,
897072,
900814,
904353,
908175,
911911,
915611,
919085,
922756,
926392,
930214,
933992,
937914,
941962,
945964,
949928,
953882,
958002,
962112,
966197,
970359,
974514,
979149,
983503,
987750,
991872,
996198,
1.00057e+06,
1.00495e+06,
1.00935e+06,
1.01405e+06,
1.01839e+06,
1.023e+06,
1.02727e+06,
1.0319e+06,
1.03663e+06,
1.04146e+06,
1.04653e+06,
1.05138e+06,
1.05616e+06,
1.0612e+06,
1.06607e+06,
1.07088e+06,
1.07572e+06,
1.0806e+06,
1.08547e+06,
1.09066e+06,
1.09573e+06,
1.10092e+06,
1.10617e+06,
1.1112e+06,
1.11641e+06,
1.12182e+06,
1.1273e+06,
1.13263e+06,
1.13802e+06,
1.14339e+06,
1.14894e+06,
1.15448e+06,
1.16007e+06,
1.16563e+06,
1.1715e+06,
1.17726e+06,
1.18302e+06,
1.18893e+06,
1.19458e+06,
1.20042e+06,
1.20614e+06,
1.21225e+06,
1.21829e+06,
1.22449e+06,
1.23074e+06,
1.2371e+06,
1.24323e+06,
1.24965e+06,
1.25603e+06,
1.2625e+06,
1.26902e+06,
1.2756e+06,
1.28246e+06,
1.28963e+06,
1.29672e+06,
1.30377e+06,
1.31056e+06,
1.31769e+06,
1.32518e+06,
1.33248e+06,
1.33982e+06,
1.34733e+06,
1.35478e+06,
1.36243e+06,
1.36994e+06,
1.37781e+06,
1.38553e+06,
1.39343e+06,
1.40128e+06,
1.40936e+06,
1.41708e+06,
1.42494e+06,
1.43308e+06,
1.44153e+06,
1.44998e+06,
1.45822e+06,
1.46678e+06,
1.47548e+06,
1.48416e+06,
1.49299e+06,
1.50161e+06,
1.51079e+06,
1.52022e+06,
1.52957e+06,
1.53932e+06,
1.54872e+06,
1.55816e+06,
1.56769e+06,
1.57755e+06,
1.58775e+06,
1.59761e+06,
1.60784e+06,
1.61789e+06,
1.62817e+06,
1.63883e+06,
1.64921e+06,
1.65969e+06,
1.67037e+06,
1.68152e+06,
1.69251e+06,
1.70378e+06,
1.71488e+06,
1.72602e+06,
1.73729e+06,
1.74915e+06,
1.76133e+06,
1.7736e+06,
1.78579e+06,
1.79844e+06,
1.81123e+06,
1.82394e+06,
1.8363e+06,
1.84925e+06,
1.86292e+06,
1.87677e+06,
1.89058e+06,
1.9046e+06,
1.91892e+06,
1.9329e+06,
1.94709e+06,
1.96187e+06,
1.97672e+06,
1.99202e+06,
2.00771e+06,
2.02315e+06,
2.03894e+06,
2.05503e+06,
2.07164e+06,
2.08815e+06,
2.10508e+06,
2.12203e+06,
2.13936e+06,
2.15722e+06,
2.17563e+06,
2.19403e+06,
2.2128e+06,
2.23173e+06,
2.25096e+06,
2.27038e+06,
2.29061e+06,
2.31096e+06,
2.33128e+06,
2.35207e+06,
2.37348e+06,
2.39468e+06,
2.41748e+06,
2.44068e+06,
2.46366e+06,
2.48692e+06,
2.51079e+06,
2.53475e+06,
2.55982e+06,
2.58485e+06,
2.61029e+06,
2.63678e+06,
2.66306e+06,
2.69131e+06,
2.71931e+06,
2.74797e+06,
2.77696e+06,
2.80576e+06,
2.83661e+06,
2.86775e+06,
2.90021e+06,
2.93316e+06,
2.96629e+06,
3.00134e+06,
3.03762e+06,
3.07435e+06,
3.11171e+06,
3.14973e+06,
3.19045e+06,
3.2321e+06,
3.27579e+06,
3.3207e+06,
3.42092e+06,
3.54736e+06,
3.6876e+06,
3.84608e+06,
3.97703e+06,
4.0863e+06,
4.1894e+06,
4.29026e+06,
4.38977e+06,
4.48519e+06,
4.58819e+06,
4.69425e+06,
4.80331e+06,
4.91733e+06,
5.02561e+06,
5.12858e+06,
5.22849e+06,
5.32734e+06,
5.42081e+06,
5.51152e+06,
5.61226e+06,
5.71313e+06,
5.81413e+06,
5.91708e+06,
6.01626e+06,
6.1084e+06,
6.19925e+06,
6.28611e+06,
6.37143e+06,
6.45666e+06,
6.55188e+06,
6.64661e+06,
6.73954e+06,
6.83352e+06,
6.92766e+06,
7.01657e+06,
7.10179e+06,
7.18541e+06,
7.26903e+06,
7.35403e+06,
7.44555e+06,
7.53535e+06,
7.6242e+06,
7.71303e+06,
7.80655e+06,
7.89402e+06,
7.97839e+06,
8.06218e+06,
8.1438e+06,
8.22717e+06,
8.31582e+06,
8.40223e+06,
8.48921e+06,
8.57651e+06,
8.66875e+06,
8.75745e+06,
8.83973e+06,
8.92102e+06,
8.99985e+06,
9.08531e+06,
9.17077e+06,
9.257e+06,
9.34406e+06,
9.43296e+06,
9.52106e+06,
9.60641e+06,
9.68729e+06,
9.76553e+06,
9.84348e+06,
9.9311e+06,
1.00182e+07,
1.01088e+07,
1.01951e+07,
1.02805e+07,
1.03661e+07,
1.04509e+07,
1.05319e+07,
1.06095e+07,
1.0692e+07,
1.07841e+07,
1.08776e+07,
1.09645e+07,
1.10499e+07,
1.11342e+07,
1.1217e+07,
1.12989e+07,
1.13777e+07,
1.14563e+07,
1.1566e+07,
1.1667e+07,
1.17598e+07,
1.18516e+07,
1.19423e+07,
1.2035e+07,
1.21271e+07,
1.22214e+07,
1.23163e+07,
1.24208e+07,
1.25228e+07,
1.26199e+07,
1.27143e+07,
1.28056e+07,
1.28964e+07,
1.29859e+07,
1.30757e+07,
1.31727e+07,
1.3279e+07,
1.3386e+07,
1.34856e+07,
1.35836e+07,
1.36799e+07,
1.37752e+07,
1.38685e+07,
1.39611e+07,
1.40576e+07,
1.41576e+07,
1.42671e+07,
1.43705e+07,
1.44684e+07,
1.45648e+07,
1.46591e+07,
1.4751e+07,
1.48452e+07,
1.49419e+07,
1.50408e+07,
1.5144e+07,
1.52501e+07,
1.5354e+07,
1.54526e+07,
1.55485e+07,
1.56438e+07,
1.57391e+07,
1.58339e+07,
1.59293e+07,
1.60257e+07,
1.61238e+07,
1.62254e+07,
1.63282e+07,
1.64274e+07,
1.65241e+07,
1.66223e+07,
1.67225e+07,
1.68246e+07,
1.69312e+07,
1.70376e+07,
1.71434e+07,
1.72486e+07,
1.73546e+07,
1.74591e+07,
1.75668e+07,
1.76822e+07,
1.77955e+07,
1.79043e+07,
1.80115e+07,
1.81193e+07,
1.82262e+07,
1.83312e+07,
1.84366e+07,
1.85422e+07,
1.86484e+07,
1.87544e+07,
1.88618e+07,
1.89696e+07,
1.90767e+07,
1.91851e+07,
1.92918e+07,
1.9399e+07,
1.95087e+07,
1.96215e+07,
1.97308e+07,
1.9839e+07,
1.99476e+07,
2.00548e+07,
2.01612e+07,
2.02671e+07,
2.03723e+07,
2.04762e+07,
2.0583e+07,
2.06938e+07,
2.08014e+07,
2.09081e+07,
2.10155e+07,
2.11205e+07,
2.12237e+07,
2.13262e+07,
2.14294e+07,
478966,
478524,
478146,
477824,
477436,
477059,
476699,
476369,
476142,
475932,
475623,
475392,
475185,
475043,
474762,
474543,
474402,
474148,
473981,
473674,
473434,
473193,
472959,
472730,
472440,
472221,
471938,
471785,
471568,
471413,
471244,
471111,
470888,
470820,
470841,
470729,
470729,
470602,
470517,
470446,
470266,
470151,
470071,
469958,
469880,
469711,
469518,
469379,
469262,
469149,
469111,
469038,
468944,
468874,
468786,
468619,
468482,
468435,
468399,
468251,
468200,
468130,
468011,
467905,
467832,
467696,
467664,
467591,
467534,
467410,
467334,
467334,
467282,
467174,
467157,
467095,
466963,
466982,
466921,
466842,
466730,
466573,
466498,
466447,
466408,
466401,
466360,
466358,
466238,
466171,
466132,
466116,
466096,
466028,
466036,
465980,
465955,
465887,
465856,
465814,
465778,
465737,
465807,
465724,
465727,
465730,
465718,
465752,
465780,
465662,
465647,
465630,
465609,
465651,
465644,
465753,
465769,
465817,
465890,
465905,
465917,
466011,
466042,
466136,
466165,
466245,
466321,
466366,
466454,
466472,
466468,
466551,
466643,
466821,
466888,
467000,
467023,
467138,
467175,
467197,
467257,
467364,
467418,
467522,
467602,
467688,
467742,
467848,
467947,
468015,
468078,
468175,
468322,
468433,
468575,
468692,
468822,
468946,
469038,
469063,
469134,
469195,
469368,
469537,
469700,
469863,
470058,
470262,
470560,
470751,
470972,
471238,
471575,
471773,
471870,
472071,
472323,
472500,
472689,
472954,
473107,
473292,
473483,
473655,
473866,
474125,
474370,
474514,
474650,
474805,
475057,
475293,
475628,
475897,
476111,
476392,
476759,
476951,
477077,
477256,
477393,
477524,
477683,
477991,
478213,
478542,
478881,
479122,
479414,
479648,
479735,
479976,
480192,
480415,
480597,
480903,
481528,
482622,
483747,
484904,
485982,
487139,
488287,
489423,
490617,
491758,
492870,
493930,
495077,
496248,
497332,
498601,
499818,
501139,
502358,
503511,
504686,
505992,
507125,
508238,
509343,
510625,
511811,
513022,
514340,
515746,
517216,
518590,
520030,
521324,
522685,
524075,
525412,
526799,
528286,
529778,
531383,
532715,
534292,
535582,
536946,
538415,
539913,
541360,
542933,
544578,
546113,
547644,
549132,
550768,
552417,
553970,
555617,
557294,
558870,
560741,
562563,
564095,
565928,
567646,
569502,
571169,
573069,
575012,
576864,
578550,
580367,
582241,
583978,
585712,
587357,
589184,
590923,
592930,
594920,
596702,
598528,
600501,
602328,
604156,
605985,
607891,
609948,
611850,
613785,
615866,
617895,
619945,
622075,
624154,
626148,
628212,
630220,
632295,
634513,
636589,
638621,
640653,
642856,
645087,
647440,
649478,
651677,
653883,
656293,
658473,
660585,
662701,
664777,
666922,
669053,
671226,
673779,
676341,
678809,
681129,
683417,
685753,
688164,
690568,
692856,
695144,
697610,
700098,
702607,
705290,
707828,
710363,
712919,
715327,
717830,
720408,
723229,
725683,
728124,
730717,
733368,
736057,
738814,
741487,
744278,
747038,
749922,
752716,
755734,
758662,
761598,
764520,
767499,
770458,
773580,
776636,
779735,
782723,
785812,
788718,
791845,
794802,
797979,
800949,
803890,
807005,
810091,
813225,
816321,
819635,
822695,
825721,
828920,
832047,
835277,
838466,
841665,
845106,
848380,
851910,
855371,
858831,
862215,
865470,
868795,
872209,
875709,
879345,
882778,
886455,
889957,
893372,
896884,
900534,
904147,
907893,
911695,
915555,
919358,
923229,
927112,
930899,
934617,
938688,
942321,
946536,
950598,
954817,
958911,
963071,
967262,
971352,
975490,
979738,
983889,
988268,
992562,
997012,
1.00139e+06,
1.00601e+06,
1.01067e+06,
1.01527e+06,
1.01986e+06,
1.0243e+06,
1.02884e+06,
1.03331e+06,
1.0377e+06,
1.04228e+06,
1.04726e+06,
1.05194e+06,
1.05673e+06,
1.06187e+06,
1.06668e+06,
1.07141e+06,
1.07639e+06,
1.08131e+06,
1.08635e+06,
1.09128e+06,
1.09651e+06,
1.1017e+06,
1.10698e+06,
1.11226e+06,
1.11758e+06,
1.12296e+06,
1.12825e+06,
1.13359e+06,
1.1388e+06,
1.14452e+06,
1.15012e+06,
1.15565e+06,
1.16129e+06,
1.16691e+06,
1.17267e+06,
1.17825e+06,
1.1839e+06,
1.18982e+06,
1.19553e+06,
1.20122e+06,
1.20701e+06,
1.21304e+06,
1.21904e+06,
1.22519e+06,
1.23123e+06,
1.23729e+06,
1.24367e+06,
1.25013e+06,
1.25648e+06,
1.26314e+06,
1.27009e+06,
1.27683e+06,
1.28381e+06,
1.29071e+06,
1.29741e+06,
1.30458e+06,
1.31126e+06,
1.31841e+06,
1.32588e+06,
1.33335e+06,
1.34041e+06,
1.34816e+06,
1.35552e+06,
1.36305e+06,
1.37055e+06,
1.37814e+06,
1.38586e+06,
1.39365e+06,
1.4016e+06,
1.40936e+06,
1.41727e+06,
1.42524e+06,
1.4334e+06,
1.44168e+06,
1.45052e+06,
1.45882e+06,
1.46725e+06,
1.47602e+06,
1.48477e+06,
1.4934e+06,
1.50223e+06,
1.51158e+06,
1.52101e+06,
1.53034e+06,
1.53971e+06,
1.54871e+06,
1.55803e+06,
1.56751e+06,
1.5772e+06,
1.58725e+06,
1.59734e+06,
1.60742e+06,
1.61785e+06,
1.6281e+06,
1.63854e+06,
1.64873e+06,
1.6588e+06,
1.66954e+06,
1.68047e+06,
1.69183e+06,
1.70295e+06,
1.71405e+06,
1.72539e+06,
1.7371e+06,
1.74839e+06,
1.76029e+06,
1.77198e+06,
1.78427e+06,
1.7969e+06,
1.8094e+06,
1.82218e+06,
1.83484e+06,
1.84751e+06,
1.86106e+06,
1.87474e+06,
1.88816e+06,
1.9018e+06,
1.91566e+06,
1.92953e+06,
1.94362e+06,
1.95808e+06,
1.97304e+06,
1.98815e+06,
2.00356e+06,
2.01885e+06,
2.03435e+06,
2.0499e+06,
2.06588e+06,
2.08274e+06,
2.09972e+06,
2.11682e+06,
2.13436e+06,
2.15185e+06,
2.16923e+06,
2.18706e+06,
2.20566e+06,
2.22407e+06,
2.2432e+06,
2.26236e+06,
2.28189e+06,
2.30201e+06,
2.32281e+06,
2.34376e+06,
2.36487e+06,
2.38634e+06,
2.4076e+06,
2.42959e+06,
2.45278e+06,
2.47599e+06,
2.49986e+06,
2.52355e+06,
2.54776e+06,
2.57316e+06,
2.59875e+06,
2.62504e+06,
2.65169e+06,
2.67841e+06,
2.7064e+06,
2.73488e+06,
2.76419e+06,
2.79412e+06,
2.82479e+06,
2.85596e+06,
2.88815e+06,
2.92112e+06,
2.95427e+06,
2.98808e+06,
3.0231e+06,
3.06028e+06,
3.09807e+06,
3.13649e+06,
3.17619e+06,
3.21807e+06,
3.26189e+06,
3.30624e+06,
3.35228e+06,
3.40147e+06,
3.50866e+06,
3.6547e+06,
3.82737e+06,
3.96743e+06,
4.08128e+06,
4.18729e+06,
4.28935e+06,
4.38942e+06,
4.4857e+06,
4.57871e+06,
4.6821e+06,
4.79079e+06,
4.90479e+06,
5.0131e+06,
5.11852e+06,
5.22487e+06,
5.33352e+06,
5.43832e+06,
5.53968e+06,
5.63698e+06,
5.74405e+06,
5.85087e+06,
5.96164e+06,
6.06766e+06,
6.16896e+06,
6.26437e+06,
6.35649e+06,
6.44801e+06,
6.53638e+06,
6.62345e+06,
6.71962e+06,
6.8191e+06,
6.92159e+06,
7.02242e+06,
7.11498e+06,
7.205e+06,
7.2912e+06,
7.37903e+06,
7.46303e+06,
7.54859e+06,
7.6454e+06,
7.74093e+06,
7.83648e+06,
7.93157e+06,
8.02178e+06,
8.10939e+06,
8.19533e+06,
8.28134e+06,
8.36732e+06,
8.45102e+06,
8.54233e+06,
8.63498e+06,
8.72552e+06,
8.81906e+06,
8.90957e+06,
8.99746e+06,
9.08679e+06,
9.17039e+06,
9.25177e+06,
9.33498e+06,
9.42411e+06,
9.51354e+06,
9.60199e+06,
9.69433e+06,
9.79016e+06,
9.87785e+06,
9.9601e+06,
1.00404e+07,
1.0118e+07,
1.02034e+07,
1.02925e+07,
1.03811e+07,
1.04772e+07,
1.05727e+07,
1.06637e+07,
1.07485e+07,
1.083e+07,
1.09098e+07,
1.09891e+07,
1.10775e+07,
1.11716e+07,
1.12716e+07,
1.13641e+07,
1.14562e+07,
1.15468e+07,
1.16321e+07,
1.17135e+07,
1.17936e+07,
1.18787e+07,
1.19853e+07,
1.20961e+07,
1.21966e+07,
1.2293e+07,
1.23887e+07,
1.24874e+07,
1.25797e+07,
1.26686e+07,
1.27611e+07,
1.28667e+07,
1.29743e+07,
1.3074e+07,
1.31707e+07,
1.32659e+07,
1.33601e+07,
1.34564e+07,
1.35526e+07,
1.36468e+07,
1.37491e+07,
1.38635e+07,
1.39677e+07,
1.40691e+07,
1.41695e+07,
1.42673e+07,
1.4363e+07,
1.4465e+07,
1.45661e+07,
1.46657e+07,
1.47758e+07,
1.488e+07,
1.498e+07,
1.50775e+07,
1.51741e+07,
1.52706e+07,
1.53693e+07,
1.5471e+07,
1.55757e+07,
1.56838e+07,
1.57913e+07,
1.58939e+07,
1.59932e+07,
1.60902e+07,
1.61889e+07,
1.62862e+07,
1.63842e+07,
1.64841e+07,
1.65884e+07,
1.66921e+07,
1.67929e+07,
1.68927e+07,
1.699e+07,
1.70891e+07,
1.71891e+07,
1.72883e+07,
1.73893e+07,
1.74978e+07,
1.76158e+07,
1.77299e+07,
1.78399e+07,
1.79483e+07,
1.80599e+07,
1.81781e+07,
1.82909e+07,
1.8401e+07,
1.85099e+07,
1.86233e+07,
1.87372e+07,
1.88503e+07,
1.8958e+07,
1.90667e+07,
1.91761e+07,
1.92856e+07,
1.9395e+07,
1.95052e+07,
1.96172e+07,
1.97315e+07,
1.98486e+07,
1.99666e+07,
2.00783e+07,
2.01904e+07,
2.03004e+07,
2.04102e+07,
2.05205e+07,
2.06303e+07,
2.07409e+07,
2.08516e+07,
2.09636e+07,
2.1077e+07,
2.11881e+07,
2.12979e+07,
2.14058e+07,
2.15135e+07,
2.16217e+07,
2.17297e+07,
2.18372e+07,
2.19454e+07,
2.20531e+07,
2.21613e+07,
2.22695e+07,
2.23753e+07,
478966,
478533,
478143,
477830,
477452,
477057,
476671,
476378,
476137,
475891,
475626,
475383,
475173,
475027,
474770,
474566,
474400,
474142,
473947,
473664,
473436,
473166,
472917,
472683,
472372,
472177,
471927,
471713,
471501,
471389,
471224,
471049,
470867,
470712,
470587,
470487,
470373,
470285,
470254,
470148,
470013,
469976,
469815,
469633,
469548,
469389,
469271,
469133,
469024,
468803,
468695,
468567,
468477,
468412,
468329,
468232,
468098,
467969,
467840,
467704,
467676,
467533,
467437,
467397,
467310,
467227,
467112,
466976,
466835,
466729,
466656,
466552,
466547,
466453,
466396,
466324,
466189,
466117,
466007,
465886,
465840,
465828,
465753,
465739,
465724,
465586,
465525,
465467,
465451,
465482,
465487,
465340,
465188,
465209,
465186,
465209,
465222,
465194,
465138,
465069,
465011,
465031,
465058,
465120,
465137,
465148,
465155,
465133,
465115,
465110,
465042,
464983,
465060,
464996,
465092,
465047,
465116,
465223,
465312,
465253,
465305,
465338,
465332,
465395,
465447,
465505,
465536,
465560,
465599,
465682,
465706,
465739,
465816,
465896,
465967,
466042,
466141,
466189,
466242,
466282,
466330,
466440,
466524,
466683,
466788,
466862,
466984,
467141,
467280,
467333,
467392,
467524,
467551,
467613,
467775,
467933,
468111,
468238,
468333,
468433,
468514,
468647,
468748,
468937,
469127,
469321,
469493,
469668,
469861,
470055,
470261,
470431,
470680,
470934,
471200,
471342,
471471,
471709,
471868,
472020,
472136,
472315,
472526,
472751,
472995,
473216,
473394,
473562,
473849,
474038,
474352,
474627,
474885,
475142,
475367,
475477,
475667,
475935,
476132,
476256,
476433,
476574,
476861,
477176,
477391,
477619,
477825,
477960,
478147,
478338,
478539,
479178,
480305,
481485,
482646,
483804,
484890,
485996,
487052,
488126,
489225,
490308,
491401,
492531,
493730,
494887,
496115,
497284,
498513,
499638,
500811,
501893,
503148,
504417,
505584,
506704,
507921,
509099,
510334,
511657,
513100,
514552,
516135,
517431,
518705,
520162,
521610,
522990,
524456,
525860,
527286,
528853,
530381,
531806,
533264,
534790,
536242,
537618,
539060,
540534,
541890,
543539,
544990,
546543,
547972,
549584,
551092,
552749,
554588,
556327,
558207,
560105,
561915,
563621,
565364,
567051,
568777,
570682,
572447,
574278,
576114,
577905,
579721,
581591,
583320,
585285,
587007,
588748,
590521,
592361,
594144,
595980,
597831,
599899,
601712,
603612,
605777,
607855,
609909,
611762,
613729,
615744,
617890,
619739,
621798,
623899,
626060,
628261,
630317,
632433,
634398,
636492,
638686,
640799,
642956,
645096,
647250,
649420,
651516,
653779,
656046,
658114,
660178,
662393,
664318,
666755,
669172,
671522,
674060,
676424,
678853,
681192,
683615,
686140,
688460,
690851,
693112,
695520,
698052,
700564,
703059,
705844,
708323,
710851,
713330,
715742,
718389,
720910,
723515,
726281,
728846,
731640,
734312,
737199,
740191,
742923,
745674,
748585,
751489,
754335,
757059,
759929,
762948,
765986,
768966,
772020,
775071,
778076,
781252,
784419,
787240,
790097,
793066,
796229,
799346,
802453,
805565,
808824,
811974,
815115,
818261,
821562,
824534,
827737,
830908,
834395,
837849,
841225,
844486,
847635,
850987,
854457,
857983,
861366,
864967,
868439,
872037,
875317,
878730,
882422,
885836,
889407,
892957,
896709,
900369,
904248,
908009,
911541,
915406,
919112,
922914,
926781,
930535,
934341,
938258,
942276,
946359,
950199,
954180,
958258,
962254,
966298,
970700,
974841,
978738,
982966,
987392,
991844,
996230,
1.00049e+06,
1.00485e+06,
1.00942e+06,
1.01406e+06,
1.01843e+06,
1.02308e+06,
1.02768e+06,
1.03246e+06,
1.03728e+06,
1.04194e+06,
1.04668e+06,
1.05138e+06,
1.05607e+06,
1.06078e+06,
1.06573e+06,
1.07053e+06,
1.07564e+06,
1.08087e+06,
1.08593e+06,
1.09095e+06,
1.09609e+06,
1.10125e+06,
1.1066e+06,
1.11181e+06,
1.11733e+06,
1.12287e+06,
1.12836e+06,
1.13367e+06,
1.13907e+06,
1.1447e+06,
1.15014e+06,
1.15554e+06,
1.16109e+06,
1.16658e+06,
1.17222e+06,
1.17807e+06,
1.18375e+06,
1.18966e+06,
1.19562e+06,
1.20128e+06,
1.20701e+06,
1.21257e+06,
1.21847e+06,
1.22476e+06,
1.23122e+06,
1.23784e+06,
1.24432e+06,
1.25085e+06,
1.25749e+06,
1.26384e+06,
1.27041e+06,
1.27714e+06,
1.28406e+06,
1.29078e+06,
1.29763e+06,
1.3046e+06,
1.31181e+06,
1.31897e+06,
1.32608e+06,
1.33354e+06,
1.34062e+06,
1.34778e+06,
1.35483e+06,
1.36231e+06,
1.36982e+06,
1.37757e+06,
1.38521e+06,
1.39287e+06,
1.40045e+06,
1.40861e+06,
1.41639e+06,
1.42394e+06,
1.43207e+06,
1.44035e+06,
1.44883e+06,
1.45737e+06,
1.46616e+06,
1.47469e+06,
1.4836e+06,
1.49222e+06,
1.50086e+06,
1.50954e+06,
1.51881e+06,
1.52801e+06,
1.53725e+06,
1.54676e+06,
1.55626e+06,
1.56597e+06,
1.57575e+06,
1.58534e+06,
1.59516e+06,
1.60497e+06,
1.61512e+06,
1.62547e+06,
1.63567e+06,
1.64571e+06,
1.65629e+06,
1.66687e+06,
1.67774e+06,
1.68835e+06,
1.6992e+06,
1.71009e+06,
1.72161e+06,
1.73281e+06,
1.74448e+06,
1.75628e+06,
1.76802e+06,
1.77966e+06,
1.79221e+06,
1.80458e+06,
1.81701e+06,
1.82935e+06,
1.84226e+06,
1.85531e+06,
1.86865e+06,
1.88196e+06,
1.89546e+06,
1.90901e+06,
1.9226e+06,
1.93663e+06,
1.9511e+06,
1.96557e+06,
1.9801e+06,
1.99516e+06,
2.01036e+06,
2.02552e+06,
2.04078e+06,
2.05656e+06,
2.07282e+06,
2.08921e+06,
2.10586e+06,
2.12357e+06,
2.141e+06,
2.15823e+06,
2.17597e+06,
2.19322e+06,
2.21153e+06,
2.23059e+06,
2.24989e+06,
2.26897e+06,
2.28813e+06,
2.30723e+06,
2.32675e+06,
2.34788e+06,
2.36924e+06,
2.39055e+06,
2.41246e+06,
2.43461e+06,
2.45712e+06,
2.48012e+06,
2.50318e+06,
2.52654e+06,
2.55095e+06,
2.57578e+06,
2.60157e+06,
2.62805e+06,
2.65517e+06,
2.68257e+06,
2.71042e+06,
2.73914e+06,
2.76906e+06,
2.79872e+06,
2.83043e+06,
2.86131e+06,
2.89355e+06,
2.92644e+06,
2.96017e+06,
2.99502e+06,
3.03079e+06,
3.0675e+06,
3.10579e+06,
3.14486e+06,
3.18492e+06,
3.22584e+06,
3.26986e+06,
3.31544e+06,
3.36297e+06,
3.41211e+06,
3.46494e+06,
3.54856e+06,
3.71693e+06,
3.8946e+06,
4.02924e+06,
4.14289e+06,
4.24957e+06,
4.35236e+06,
4.45276e+06,
4.54667e+06,
4.6409e+06,
4.73906e+06,
4.8503e+06,
4.96152e+06,
5.06758e+06,
5.17185e+06,
5.27666e+06,
5.38241e+06,
5.49301e+06,
5.60744e+06,
5.71968e+06,
5.82979e+06,
5.94736e+06,
6.06661e+06,
6.1776e+06,
6.27987e+06,
6.38123e+06,
6.48171e+06,
6.57831e+06,
6.67094e+06,
6.76057e+06,
6.85614e+06,
6.96049e+06,
7.06718e+06,
7.17142e+06,
7.27086e+06,
7.36492e+06,
7.45594e+06,
7.54373e+06,
7.63129e+06,
7.71741e+06,
7.81026e+06,
7.9135e+06,
8.0182e+06,
8.11774e+06,
8.20952e+06,
8.29777e+06,
8.38514e+06,
8.47135e+06,
8.55736e+06,
8.64832e+06,
8.74279e+06,
8.84004e+06,
8.93856e+06,
9.03308e+06,
9.12317e+06,
9.21036e+06,
9.29674e+06,
9.39009e+06,
9.47829e+06,
9.56216e+06,
9.65195e+06,
9.74443e+06,
9.83913e+06,
9.93133e+06,
1.00195e+07,
1.01107e+07,
1.02054e+07,
1.02906e+07,
1.03727e+07,
1.0454e+07,
1.0545e+07,
1.06364e+07,
1.07279e+07,
1.08272e+07,
1.09275e+07,
1.10187e+07,
1.11049e+07,
1.11895e+07,
1.12707e+07,
1.13526e+07,
1.14452e+07,
1.15408e+07,
1.16422e+07,
1.17506e+07,
1.18447e+07,
1.19331e+07,
1.20188e+07,
1.21034e+07,
1.2184e+07,
1.22765e+07,
1.23846e+07,
1.24983e+07,
1.26142e+07,
1.27247e+07,
1.28255e+07,
1.29181e+07,
1.30072e+07,
1.30949e+07,
1.31851e+07,
1.32856e+07,
1.33989e+07,
1.35081e+07,
1.36109e+07,
1.37154e+07,
1.38137e+07,
1.39075e+07,
1.40022e+07,
1.40962e+07,
1.41921e+07,
1.4312e+07,
1.44287e+07,
1.45373e+07,
1.46424e+07,
1.47467e+07,
1.48501e+07,
1.49489e+07,
1.5046e+07,
1.51426e+07,
1.52491e+07,
1.53668e+07,
1.54726e+07,
1.55748e+07,
1.5676e+07,
1.57807e+07,
1.58861e+07,
1.59869e+07,
1.60862e+07,
1.61859e+07,
1.63042e+07,
1.64118e+07,
1.65162e+07,
1.66193e+07,
1.67214e+07,
1.6824e+07,
1.69288e+07,
1.70293e+07,
1.71271e+07,
1.72315e+07,
1.73362e+07,
1.74382e+07,
1.75388e+07,
1.76395e+07,
1.77401e+07,
1.78416e+07,
1.79454e+07,
1.80501e+07,
1.81651e+07,
1.82912e+07,
1.84082e+07,
1.85249e+07,
1.86485e+07,
1.87684e+07,
1.88817e+07,
1.89917e+07,
1.91027e+07,
1.92147e+07,
1.9335e+07,
1.94539e+07,
1.9569e+07,
1.96838e+07,
1.97982e+07,
1.99113e+07,
2.00244e+07,
2.01382e+07,
2.02578e+07,
2.03802e+07,
2.05022e+07,
2.06197e+07,
2.07358e+07,
2.08505e+07,
2.09639e+07,
2.10777e+07,
2.11895e+07,
2.13016e+07,
2.14178e+07,
2.15392e+07,
2.16557e+07,
2.17697e+07,
2.18829e+07,
2.19941e+07,
2.21052e+07,
2.22152e+07,
2.23247e+07,
2.24348e+07,
2.25474e+07,
2.26649e+07,
2.27774e+07,
2.28883e+07,
2.29965e+07,
2.3103e+07,
2.32093e+07,
2.33158e+07,
478966,
478534,
478154,
477841,
477491,
477083,
476677,
476371,
476104,
475863,
475587,
475370,
475214,
475016,
474807,
474524,
474389,
474127,
473902,
473643,
473437,
473133,
472876,
472641,
472327,
472103,
471899,
471753,
471614,
471407,
471154,
470982,
470791,
470607,
470420,
470199,
470068,
469957,
469829,
469754,
469736,
469576,
469465,
469367,
469230,
469102,
469004,
468935,
468796,
468674,
468483,
468302,
468195,
468026,
467948,
467818,
467687,
467551,
467445,
467310,
467154,
467026,
466991,
466931,
466847,
466770,
466665,
466505,
466329,
466124,
465977,
465862,
465759,
465608,
465592,
465487,
465388,
465294,
465260,
465193,
465048,
464990,
465010,
464834,
464787,
464760,
464767,
464717,
464735,
464760,
464646,
464635,
464641,
464642,
464581,
464550,
464565,
464540,
464564,
464632,
464572,
464547,
464511,
464562,
464601,
464622,
464621,
464537,
464537,
464570,
464500,
464499,
464527,
464588,
464602,
464631,
464670,
464677,
464670,
464704,
464614,
464695,
464706,
464822,
464884,
464899,
464950,
465035,
465031,
465086,
465052,
465093,
465114,
465204,
465227,
465327,
465383,
465414,
465425,
465507,
465568,
465696,
465755,
465912,
466016,
466092,
466213,
466365,
466379,
466429,
466545,
466653,
466730,
466893,
467028,
467194,
467409,
467577,
467708,
467814,
467898,
468094,
468263,
468416,
468584,
468738,
468868,
469055,
469209,
469487,
469721,
469866,
470018,
470193,
470263,
470447,
470601,
470783,
470941,
471060,
471240,
471424,
471627,
471814,
472061,
472246,
472399,
472781,
473020,
473371,
473478,
473674,
473877,
474135,
474343,
474509,
474668,
474871,
475005,
475159,
475289,
475524,
475796,
476019,
476286,
476477,
476930,
477952,
479021,
480136,
481228,
482249,
483400,
484590,
485760,
486682,
487677,
488885,
490106,
491129,
492298,
493558,
494793,
496071,
497116,
498197,
499418,
500559,
501698,
502837,
504009,
505171,
506334,
507598,
508970,
510322,
511677,
513115,
514634,
515970,
517404,
518809,
520199,
521589,
523135,
524664,
526148,
527596,
529054,
530461,
531942,
533383,
534748,
536317,
537942,
539275,
540857,
542399,
543833,
545247,
546745,
548239,
549967,
551772,
553625,
555296,
557013,
558686,
560535,
562277,
564132,
565941,
567535,
569351,
571231,
573173,
574822,
576643,
578472,
580295,
582231,
584127,
585964,
587676,
589515,
591449,
593357,
595434,
597289,
599240,
601067,
603009,
605019,
607080,
609060,
611068,
613163,
615366,
617523,
619492,
621532,
623427,
625499,
627573,
629726,
631984,
634088,
636159,
638271,
640229,
642201,
644505,
646629,
648877,
651077,
653243,
655435,
657715,
660002,
662093,
664408,
666755,
668957,
671311,
673831,
676181,
678658,
681084,
683483,
685845,
688012,
690551,
693065,
695573,
698066,
700458,
703052,
705807,
708337,
711128,
713570,
716052,
718573,
721202,
723733,
726470,
729045,
731760,
734692,
737595,
740420,
743223,
745991,
748889,
751838,
754685,
757665,
760565,
763448,
766258,
769295,
772396,
775452,
778419,
781700,
784792,
787907,
790971,
794107,
797226,
800438,
803669,
806804,
809936,
813063,
816460,
819917,
823299,
826692,
829796,
833000,
836317,
839682,
843047,
846281,
849758,
853225,
856613,
859964,
863427,
866741,
870184,
873889,
877377,
880904,
884488,
888068,
891534,
895091,
898714,
902340,
905909,
909654,
913312,
916949,
920834,
924702,
928728,
932677,
936579,
940361,
944551,
948556,
952556,
956803,
960795,
964893,
969153,
973435,
977700,
981904,
985949,
990277,
994701,
999252,
1.0038e+06,
1.00809e+06,
1.01267e+06,
1.0172e+06,
1.02168e+06,
1.02605e+06,
1.03074e+06,
1.03551e+06,
1.04006e+06,
1.04478e+06,
1.04965e+06,
1.05486e+06,
1.0599e+06,
1.06473e+06,
1.0696e+06,
1.07451e+06,
1.07958e+06,
1.08463e+06,
1.08955e+06,
1.09478e+06,
1.10002e+06,
1.10517e+06,
1.11045e+06,
1.11614e+06,
1.12128e+06,
1.12662e+06,
1.13195e+06,
1.13728e+06,
1.14277e+06,
1.14838e+06,
1.1538e+06,
1.15941e+06,
1.16484e+06,
1.17052e+06,
1.17635e+06,
1.1819e+06,
1.18806e+06,
1.1938e+06,
1.19953e+06,
1.20556e+06,
1.21146e+06,
1.21749e+06,
1.2235e+06,
1.22943e+06,
1.23586e+06,
1.2423e+06,
1.24862e+06,
1.25512e+06,
1.26207e+06,
1.26867e+06,
1.27542e+06,
1.28203e+06,
1.28888e+06,
1.29592e+06,
1.30278e+06,
1.30977e+06,
1.31682e+06,
1.32377e+06,
1.33085e+06,
1.33777e+06,
1.34501e+06,
1.35269e+06,
1.36006e+06,
1.36712e+06,
1.37454e+06,
1.38183e+06,
1.3896e+06,
1.39736e+06,
1.4052e+06,
1.41345e+06,
1.42152e+06,
1.4295e+06,
1.43768e+06,
1.44607e+06,
1.4545e+06,
1.46284e+06,
1.47169e+06,
1.48039e+06,
1.4891e+06,
1.49793e+06,
1.50676e+06,
1.51553e+06,
1.52464e+06,
1.5336e+06,
1.54289e+06,
1.55239e+06,
1.5619e+06,
1.57113e+06,
1.58057e+06,
1.59036e+06,
1.60037e+06,
1.61055e+06,
1.62045e+06,
1.63057e+06,
1.64064e+06,
1.65069e+06,
1.66118e+06,
1.67168e+06,
1.68266e+06,
1.69379e+06,
1.70502e+06,
1.71609e+06,
1.7273e+06,
1.73889e+06,
1.75007e+06,
1.76166e+06,
1.77332e+06,
1.7854e+06,
1.79748e+06,
1.8095e+06,
1.82198e+06,
1.83489e+06,
1.84788e+06,
1.86104e+06,
1.87439e+06,
1.8873e+06,
1.90017e+06,
1.91353e+06,
1.92696e+06,
1.94119e+06,
1.95549e+06,
1.96962e+06,
1.98404e+06,
1.99886e+06,
2.01358e+06,
2.02878e+06,
2.04479e+06,
2.06056e+06,
2.07674e+06,
2.09318e+06,
2.10929e+06,
2.12595e+06,
2.14357e+06,
2.16081e+06,
2.17827e+06,
2.19597e+06,
2.2141e+06,
2.23205e+06,
2.2511e+06,
2.26995e+06,
2.28927e+06,
2.30857e+06,
2.32881e+06,
2.34869e+06,
2.36911e+06,
2.38999e+06,
2.41092e+06,
2.43256e+06,
2.45445e+06,
2.47659e+06,
2.49995e+06,
2.5243e+06,
2.54884e+06,
2.57331e+06,
2.59878e+06,
2.62389e+06,
2.65077e+06,
2.67761e+06,
2.70554e+06,
2.73389e+06,
2.7627e+06,
2.7923e+06,
2.82356e+06,
2.8547e+06,
2.8866e+06,
2.91925e+06,
2.95323e+06,
2.98822e+06,
3.02391e+06,
3.06019e+06,
3.0973e+06,
3.13668e+06,
3.17684e+06,
3.21895e+06,
3.26126e+06,
3.30588e+06,
3.35319e+06,
3.40202e+06,
3.45313e+06,
3.50749e+06,
3.5684e+06,
3.69412e+06,
3.89923e+06,
4.04656e+06,
4.16484e+06,
4.27421e+06,
4.37927e+06,
4.48097e+06,
4.57666e+06,
4.67152e+06,
4.76599e+06,
4.86996e+06,
4.98484e+06,
5.09176e+06,
5.19398e+06,
5.29525e+06,
5.39648e+06,
5.49981e+06,
5.60751e+06,
5.72062e+06,
5.8516e+06,
5.98544e+06,
6.12293e+06,
6.24406e+06,
6.35525e+06,
6.46078e+06,
6.56512e+06,
6.66669e+06,
6.77044e+06,
6.86964e+06,
6.96425e+06,
7.06644e+06,
7.17895e+06,
7.28563e+06,
7.38438e+06,
7.48661e+06,
7.58701e+06,
7.68292e+06,
7.77258e+06,
7.86192e+06,
7.94917e+06,
8.04776e+06,
8.15507e+06,
8.26618e+06,
8.36682e+06,
8.46118e+06,
8.55216e+06,
8.63948e+06,
8.72693e+06,
8.81359e+06,
8.90006e+06,
9.0049e+06,
9.11669e+06,
9.2195e+06,
9.31208e+06,
9.40176e+06,
9.48983e+06,
9.57561e+06,
9.66365e+06,
9.75548e+06,
9.84934e+06,
9.94594e+06,
1.00465e+07,
1.01447e+07,
1.02343e+07,
1.03221e+07,
1.0412e+07,
1.05028e+07,
1.05973e+07,
1.06864e+07,
1.07708e+07,
1.08661e+07,
1.09644e+07,
1.10626e+07,
1.11564e+07,
1.12482e+07,
1.13441e+07,
1.14407e+07,
1.15287e+07,
1.16133e+07,
1.16965e+07,
1.17933e+07,
1.18942e+07,
1.19986e+07,
1.20971e+07,
1.21994e+07,
1.22958e+07,
1.23852e+07,
1.24718e+07,
1.25565e+07,
1.26492e+07,
1.27613e+07,
1.28772e+07,
1.30008e+07,
1.31248e+07,
1.32265e+07,
1.3324e+07,
1.34155e+07,
1.35077e+07,
1.3599e+07,
1.3694e+07,
1.38013e+07,
1.39121e+07,
1.4035e+07,
1.41414e+07,
1.42407e+07,
1.43374e+07,
1.44337e+07,
1.45281e+07,
1.46226e+07,
1.4732e+07,
1.48532e+07,
1.4985e+07,
1.51024e+07,
1.52095e+07,
1.5312e+07,
1.54121e+07,
1.55104e+07,
1.56076e+07,
1.57042e+07,
1.5819e+07,
1.59449e+07,
1.60573e+07,
1.61705e+07,
1.62792e+07,
1.63811e+07,
1.64812e+07,
1.65798e+07,
1.66778e+07,
1.67787e+07,
1.69093e+07,
1.70243e+07,
1.71341e+07,
1.72449e+07,
1.73526e+07,
1.74532e+07,
1.75531e+07,
1.76502e+07,
1.77496e+07,
1.78571e+07,
1.79669e+07,
1.80722e+07,
1.81759e+07,
1.82804e+07,
1.83844e+07,
1.84862e+07,
1.85882e+07,
1.86909e+07,
1.87991e+07,
1.8952e+07,
1.90826e+07,
1.92177e+07,
1.93387e+07,
1.94557e+07,
1.95689e+07,
1.96786e+07,
1.97883e+07,
1.98978e+07,
2.00265e+07,
2.01613e+07,
2.02848e+07,
2.04073e+07,
2.05275e+07,
2.06475e+07,
2.0771e+07,
2.08874e+07,
2.10019e+07,
2.11173e+07,
2.1252e+07,
2.13769e+07,
2.14974e+07,
2.1617e+07,
2.17343e+07,
2.18519e+07,
2.1973e+07,
2.20877e+07,
2.22017e+07,
2.23209e+07,
2.24462e+07,
2.25645e+07,
2.26801e+07,
2.27963e+07,
2.291e+07,
2.30238e+07,
2.31406e+07,
2.32537e+07,
2.33659e+07,
2.34841e+07,
2.36009e+07,
2.37147e+07,
2.38242e+07,
2.39359e+07,
2.40452e+07,
2.41552e+07,
2.42674e+07,
478966,
478543,
478161,
477862,
477541,
477101,
476684,
476419,
476113,
475850,
475604,
475381,
475240,
475039,
474778,
474550,
474368,
474102,
473847,
473593,
473395,
473141,
472884,
472587,
472355,
472148,
471946,
471743,
471568,
471332,
471101,
470911,
470674,
470583,
470288,
470066,
469893,
469716,
469565,
469479,
469343,
469202,
469170,
469125,
468983,
468848,
468757,
468645,
468465,
468299,
468184,
468090,
467975,
467834,
467679,
467413,
467343,
467232,
467097,
466930,
466853,
466651,
466526,
466476,
466404,
466305,
466153,
466031,
465805,
465689,
465549,
465344,
465212,
465053,
464928,
464734,
464670,
464598,
464542,
464439,
464399,
464367,
464348,
464316,
464202,
464068,
464012,
463946,
463928,
463912,
463853,
463823,
463841,
463847,
463933,
463977,
463967,
464016,
464071,
464014,
463971,
464006,
464002,
463977,
463990,
463945,
463959,
463913,
463879,
463847,
463835,
463915,
463977,
464072,
464061,
464099,
464132,
464139,
464139,
464174,
464076,
464122,
464211,
464227,
464267,
464302,
464311,
464388,
464345,
464361,
464313,
464360,
464476,
464481,
464598,
464662,
464747,
464783,
464750,
464838,
464880,
465010,
465086,
465196,
465315,
465421,
465529,
465570,
465619,
465760,
465937,
466015,
466204,
466388,
466544,
466692,
466909,
467033,
467173,
467234,
467292,
467316,
467450,
467648,
467835,
468114,
468291,
468453,
468565,
468673,
468791,
468907,
469172,
469301,
469493,
469615,
469806,
470018,
470227,
470322,
470423,
470599,
470791,
470974,
471253,
471504,
471793,
472055,
472354,
472499,
472674,
472750,
472965,
473142,
473276,
473419,
473536,
473675,
473886,
474133,
474386,
474657,
475298,
476438,
477485,
478602,
479852,
480953,
482012,
483163,
484216,
485138,
486243,
487553,
488641,
489756,
490848,
491970,
493317,
494496,
495567,
496729,
497854,
498968,
500039,
501182,
502396,
503573,
504744,
506104,
507432,
508700,
510133,
511582,
512874,
514476,
515970,
517384,
518962,
520316,
521640,
523112,
524450,
525867,
527297,
528739,
530199,
531512,
533141,
534604,
536176,
537756,
539200,
540712,
542243,
543900,
545384,
547202,
548858,
550461,
551988,
553873,
555571,
557270,
559138,
561009,
562745,
564472,
566085,
567897,
569724,
571464,
573393,
575172,
576982,
578828,
580718,
582641,
584681,
586480,
588226,
590153,
592013,
593943,
595936,
597943,
599987,
601913,
603884,
605800,
607672,
609719,
611803,
613986,
616225,
618316,
620521,
622615,
624499,
626472,
628506,
630550,
632700,
634890,
637146,
639360,
641378,
643544,
645717,
647832,
650104,
652289,
654319,
656568,
658997,
661348,
663626,
666018,
668343,
670791,
673012,
675505,
677788,
680361,
682769,
685201,
687753,
690229,
692775,
695039,
697529,
700261,
702806,
705244,
707842,
710449,
713139,
715656,
718134,
720651,
723110,
725727,
728412,
731191,
734194,
737239,
740214,
743178,
746061,
748870,
751754,
754474,
757446,
760429,
763408,
766403,
769397,
772414,
775466,
778515,
781347,
784605,
787807,
791053,
794185,
797427,
800586,
803758,
807051,
810241,
813376,
816721,
819935,
823380,
826664,
830088,
833463,
836861,
840178,
843566,
846930,
850271,
853690,
857202,
860733,
864323,
867846,
871282,
874734,
878162,
881795,
885470,
889077,
892897,
896435,
900171,
903806,
907558,
911270,
914999,
918899,
922686,
926668,
930700,
934972,
938911,
942993,
946880,
950960,
954921,
959017,
962996,
967080,
971184,
975506,
979849,
984089,
988135,
992480,
996824,
1.00113e+06,
1.00543e+06,
1.00994e+06,
1.01478e+06,
1.01932e+06,
1.0238e+06,
1.02829e+06,
1.03274e+06,
1.03741e+06,
1.04204e+06,
1.04676e+06,
1.05158e+06,
1.05662e+06,
1.06153e+06,
1.06624e+06,
1.07116e+06,
1.07634e+06,
1.08141e+06,
1.08656e+06,
1.09154e+06,
1.09653e+06,
1.10173e+06,
1.10667e+06,
1.11201e+06,
1.11727e+06,
1.12282e+06,
1.12822e+06,
1.13358e+06,
1.13896e+06,
1.14462e+06,
1.14992e+06,
1.15544e+06,
1.16087e+06,
1.16628e+06,
1.17169e+06,
1.1772e+06,
1.18284e+06,
1.18847e+06,
1.19442e+06,
1.20066e+06,
1.20669e+06,
1.21316e+06,
1.21941e+06,
1.22567e+06,
1.23209e+06,
1.23846e+06,
1.24502e+06,
1.25176e+06,
1.25836e+06,
1.2652e+06,
1.27171e+06,
1.27828e+06,
1.28495e+06,
1.29191e+06,
1.29871e+06,
1.30586e+06,
1.31275e+06,
1.31998e+06,
1.327e+06,
1.33427e+06,
1.34133e+06,
1.34856e+06,
1.35585e+06,
1.36341e+06,
1.37133e+06,
1.37885e+06,
1.38645e+06,
1.39433e+06,
1.40245e+06,
1.41059e+06,
1.41857e+06,
1.427e+06,
1.43492e+06,
1.44325e+06,
1.45152e+06,
1.45992e+06,
1.46848e+06,
1.47706e+06,
1.4857e+06,
1.49455e+06,
1.50329e+06,
1.51219e+06,
1.5211e+06,
1.53037e+06,
1.53999e+06,
1.54904e+06,
1.55844e+06,
1.56798e+06,
1.57778e+06,
1.58725e+06,
1.59716e+06,
1.60694e+06,
1.61672e+06,
1.6269e+06,
1.637e+06,
1.6469e+06,
1.65737e+06,
1.66784e+06,
1.67858e+06,
1.68928e+06,
1.69961e+06,
1.71046e+06,
1.72142e+06,
1.73247e+06,
1.74379e+06,
1.75555e+06,
1.76758e+06,
1.77945e+06,
1.79113e+06,
1.80282e+06,
1.81462e+06,
1.82708e+06,
1.83944e+06,
1.85206e+06,
1.86526e+06,
1.87821e+06,
1.89135e+06,
1.90485e+06,
1.91761e+06,
1.93124e+06,
1.94435e+06,
1.95822e+06,
1.97248e+06,
1.98687e+06,
2.00162e+06,
2.01643e+06,
2.03124e+06,
2.04659e+06,
2.06165e+06,
2.07733e+06,
2.09327e+06,
2.10921e+06,
2.12573e+06,
2.14175e+06,
2.15911e+06,
2.1765e+06,
2.19434e+06,
2.21212e+06,
2.23026e+06,
2.24822e+06,
2.26616e+06,
2.28509e+06,
2.30455e+06,
2.32424e+06,
2.34406e+06,
2.3641e+06,
2.38417e+06,
2.40498e+06,
2.42602e+06,
2.44729e+06,
2.4693e+06,
2.49205e+06,
2.5148e+06,
2.53808e+06,
2.56253e+06,
2.58761e+06,
2.61287e+06,
2.63852e+06,
2.66431e+06,
2.69134e+06,
2.71881e+06,
2.74695e+06,
2.77581e+06,
2.80498e+06,
2.83568e+06,
2.8676e+06,
2.90014e+06,
2.93284e+06,
2.96625e+06,
3.00134e+06,
3.03712e+06,
3.07398e+06,
3.11182e+06,
3.15096e+06,
3.19161e+06,
3.23439e+06,
3.27743e+06,
3.32168e+06,
3.36892e+06,
3.41945e+06,
3.47177e+06,
3.52667e+06,
3.58658e+06,
3.65328e+06,
3.79438e+06,
3.99967e+06,
4.14079e+06,
4.25881e+06,
4.36882e+06,
4.47514e+06,
4.57435e+06,
4.67013e+06,
4.76491e+06,
4.86097e+06,
4.96365e+06,
5.07969e+06,
5.18539e+06,
5.28788e+06,
5.3873e+06,
5.48802e+06,
5.58963e+06,
5.6909e+06,
5.79541e+06,
5.90708e+06,
6.04598e+06,
6.2336e+06,
6.37213e+06,
6.49555e+06,
6.60848e+06,
6.7169e+06,
6.82128e+06,
6.92397e+06,
7.03395e+06,
7.13785e+06,
7.24664e+06,
7.36496e+06,
7.47139e+06,
7.57061e+06,
7.66968e+06,
7.76801e+06,
7.87683e+06,
7.97514e+06,
8.06914e+06,
8.15945e+06,
8.2595e+06,
8.37223e+06,
8.47289e+06,
8.57506e+06,
8.68162e+06,
8.78095e+06,
8.87228e+06,
8.9615e+06,
9.0508e+06,
9.13801e+06,
9.23611e+06,
9.35161e+06,
9.46151e+06,
9.56267e+06,
9.65688e+06,
9.74657e+06,
9.83396e+06,
9.92258e+06,
1.00115e+07,
1.0102e+07,
1.02052e+07,
1.03222e+07,
1.04219e+07,
1.05149e+07,
1.0605e+07,
1.06941e+07,
1.07839e+07,
1.0875e+07,
1.09659e+07,
1.10637e+07,
1.11636e+07,
1.12707e+07,
1.13677e+07,
1.1462e+07,
1.15546e+07,
1.16468e+07,
1.17389e+07,
1.18347e+07,
1.19316e+07,
1.20202e+07,
1.21188e+07,
1.22284e+07,
1.23307e+07,
1.24283e+07,
1.25249e+07,
1.26209e+07,
1.27247e+07,
1.28198e+07,
1.29108e+07,
1.30024e+07,
1.31157e+07,
1.32419e+07,
1.33604e+07,
1.34712e+07,
1.35824e+07,
1.37032e+07,
1.38009e+07,
1.38982e+07,
1.39937e+07,
1.40871e+07,
1.41945e+07,
1.43086e+07,
1.44196e+07,
1.45294e+07,
1.46457e+07,
1.47478e+07,
1.4847e+07,
1.4945e+07,
1.50415e+07,
1.51402e+07,
1.52619e+07,
1.53889e+07,
1.55147e+07,
1.56454e+07,
1.57549e+07,
1.58579e+07,
1.59589e+07,
1.6057e+07,
1.61544e+07,
1.62557e+07,
1.6376e+07,
1.65041e+07,
1.66417e+07,
1.67532e+07,
1.68586e+07,
1.69605e+07,
1.70607e+07,
1.7158e+07,
1.72557e+07,
1.73626e+07,
1.7488e+07,
1.76306e+07,
1.77513e+07,
1.78584e+07,
1.79622e+07,
1.80619e+07,
1.81611e+07,
1.82594e+07,
1.8359e+07,
1.84654e+07,
1.85835e+07,
1.86979e+07,
1.88071e+07,
1.89121e+07,
1.90141e+07,
1.91157e+07,
1.92185e+07,
1.93214e+07,
1.94309e+07,
1.95855e+07,
1.97586e+07,
1.98919e+07,
2.00156e+07,
2.01313e+07,
2.02434e+07,
2.03536e+07,
2.04648e+07,
2.05764e+07,
2.06931e+07,
2.08638e+07,
2.10022e+07,
2.11337e+07,
2.12669e+07,
2.13872e+07,
2.15035e+07,
2.16176e+07,
2.17302e+07,
2.18454e+07,
2.19747e+07,
2.21295e+07,
2.22597e+07,
2.23858e+07,
2.25147e+07,
2.26334e+07,
2.27488e+07,
2.28617e+07,
2.29747e+07,
2.30896e+07,
2.32322e+07,
2.33602e+07,
2.34836e+07,
2.36053e+07,
2.37289e+07,
2.38442e+07,
2.39563e+07,
2.40663e+07,
2.41775e+07,
2.42923e+07,
2.44291e+07,
2.45486e+07,
2.46671e+07,
2.47825e+07,
2.49e+07,
2.50128e+07,
2.51223e+07,
2.52307e+07,
478966,
478547,
478159,
477851,
477531,
477126,
476700,
476419,
476149,
475847,
475619,
475375,
475214,
474985,
474794,
474509,
474365,
474084,
473821,
473601,
473372,
473159,
472883,
472567,
472346,
472127,
471916,
471723,
471534,
471358,
471122,
470927,
470647,
470521,
470273,
470052,
469831,
469588,
469416,
469210,
469035,
468935,
468862,
468727,
468691,
468572,
468525,
468331,
468187,
468083,
467959,
467811,
467658,
467502,
467333,
467224,
467027,
466855,
466761,
466586,
466406,
466215,
466079,
465923,
465845,
465704,
465553,
465449,
465280,
465141,
465073,
464844,
464727,
464676,
464482,
464346,
464252,
464161,
464142,
464043,
463924,
463771,
463669,
463655,
463551,
463505,
463410,
463325,
463315,
463317,
463309,
463353,
463381,
463387,
463420,
463440,
463342,
463344,
463312,
463225,
463227,
463196,
463275,
463397,
463403,
463432,
463421,
463427,
463468,
463518,
463498,
463555,
463489,
463516,
463507,
463500,
463566,
463573,
463600,
463556,
463543,
463575,
463606,
463632,
463626,
463647,
463640,
463635,
463656,
463683,
463686,
463817,
463830,
463903,
463960,
464033,
464113,
464175,
464261,
464359,
464415,
464451,
464547,
464675,
464766,
464827,
464974,
465159,
465313,
465383,
465524,
465642,
465734,
465912,
466031,
466170,
466287,
466355,
466424,
466496,
466581,
466756,
466869,
467029,
467140,
467342,
467500,
467676,
467785,
467827,
467955,
468134,
468304,
468360,
468528,
468740,
468980,
469212,
469323,
469498,
469741,
469936,
470083,
470246,
470489,
470777,
471003,
471251,
471417,
471532,
471625,
471730,
471909,
472118,
472275,
472459,
472582,
472796,
473436,
474658,
475796,
476808,
477916,
479117,
480187,
481345,
482511,
483676,
484672,
485774,
487011,
488202,
489292,
490350,
491591,
492798,
494037,
495195,
496224,
497273,
498241,
499483,
500719,
501923,
503262,
504645,
506026,
507367,
508673,
510153,
511573,
513011,
514502,
515884,
517356,
518750,
520171,
521466,
522814,
524225,
525615,
527066,
528486,
529850,
531406,
532851,
534350,
535952,
537616,
539169,
540693,
542197,
543744,
545427,
547119,
548924,
550585,
552398,
553985,
555629,
557397,
559187,
561021,
562815,
564594,
566429,
568199,
569912,
571697,
573475,
575406,
577225,
579020,
580890,
582697,
584582,
586491,
588406,
590247,
592295,
594219,
596184,
598127,
600168,
602260,
604233,
606225,
608169,
610339,
612332,
614437,
616496,
618578,
620915,
622968,
625189,
627464,
629544,
631523,
633556,
635687,
637924,
640175,
642482,
644625,
646861,
649032,
651238,
653447,
655606,
657760,
660098,
662406,
664830,
667176,
669615,
672094,
674672,
677197,
679610,
681936,
684425,
686754,
689267,
691715,
694076,
696631,
699294,
701803,
704338,
706907,
709502,
712178,
714764,
717365,
720014,
722733,
725668,
728306,
731012,
733745,
736512,
739394,
742299,
745345,
748225,
751277,
754168,
757143,
759945,
762904,
766010,
769120,
772093,
775308,
778221,
781209,
784280,
787380,
790522,
793376,
796570,
799767,
802909,
806031,
809277,
812575,
815895,
819232,
822675,
826023,
829323,
832869,
836287,
839873,
843410,
847080,
850834,
854199,
857712,
861253,
864762,
868309,
871793,
875347,
878852,
882332,
886022,
889744,
893532,
896921,
900612,
904211,
907942,
911932,
915790,
919802,
923712,
927651,
931677,
935383,
939236,
943024,
946872,
950848,
955078,
959178,
963592,
967603,
971763,
975862,
980141,
984573,
988882,
993320,
997683,
1.00207e+06,
1.00627e+06,
1.01075e+06,
1.01502e+06,
1.01936e+06,
1.02407e+06,
1.02875e+06,
1.03335e+06,
1.03804e+06,
1.04282e+06,
1.04746e+06,
1.05216e+06,
1.05699e+06,
1.0619e+06,
1.06682e+06,
1.07175e+06,
1.07677e+06,
1.08162e+06,
1.08662e+06,
1.09187e+06,
1.09731e+06,
1.10268e+06,
1.10783e+06,
1.11281e+06,
1.11776e+06,
1.12319e+06,
1.12857e+06,
1.13392e+06,
1.13935e+06,
1.14463e+06,
1.15027e+06,
1.15587e+06,
1.16147e+06,
1.16709e+06,
1.17279e+06,
1.17864e+06,
1.18447e+06,
1.19047e+06,
1.19663e+06,
1.20279e+06,
1.20905e+06,
1.21524e+06,
1.22143e+06,
1.22767e+06,
1.23398e+06,
1.24057e+06,
1.247e+06,
1.25334e+06,
1.26016e+06,
1.26692e+06,
1.27402e+06,
1.28086e+06,
1.28786e+06,
1.29453e+06,
1.30142e+06,
1.30874e+06,
1.31603e+06,
1.32343e+06,
1.33095e+06,
1.33828e+06,
1.34561e+06,
1.35295e+06,
1.36061e+06,
1.36803e+06,
1.37563e+06,
1.38346e+06,
1.39111e+06,
1.39925e+06,
1.40731e+06,
1.41525e+06,
1.4236e+06,
1.43186e+06,
1.44005e+06,
1.44819e+06,
1.45639e+06,
1.46475e+06,
1.47308e+06,
1.4819e+06,
1.49053e+06,
1.49947e+06,
1.50823e+06,
1.51734e+06,
1.5263e+06,
1.53533e+06,
1.54443e+06,
1.55366e+06,
1.56325e+06,
1.57249e+06,
1.58196e+06,
1.59123e+06,
1.60095e+06,
1.61081e+06,
1.62057e+06,
1.63053e+06,
1.64048e+06,
1.6507e+06,
1.66096e+06,
1.67125e+06,
1.68204e+06,
1.69263e+06,
1.70359e+06,
1.71448e+06,
1.72536e+06,
1.73611e+06,
1.74701e+06,
1.75861e+06,
1.77013e+06,
1.7817e+06,
1.79353e+06,
1.80554e+06,
1.81752e+06,
1.8296e+06,
1.84181e+06,
1.85381e+06,
1.86603e+06,
1.87839e+06,
1.89132e+06,
1.90425e+06,
1.91756e+06,
1.93109e+06,
1.94465e+06,
1.95815e+06,
1.97206e+06,
1.98584e+06,
1.99961e+06,
2.01408e+06,
2.02843e+06,
2.04338e+06,
2.05877e+06,
2.07389e+06,
2.08908e+06,
2.1049e+06,
2.12094e+06,
2.13715e+06,
2.15342e+06,
2.17035e+06,
2.18802e+06,
2.20558e+06,
2.22328e+06,
2.24121e+06,
2.25905e+06,
2.27706e+06,
2.29533e+06,
2.31452e+06,
2.33352e+06,
2.35283e+06,
2.37251e+06,
2.39248e+06,
2.41315e+06,
2.43432e+06,
2.45595e+06,
2.47836e+06,
2.50031e+06,
2.52254e+06,
2.54506e+06,
2.56837e+06,
2.59294e+06,
2.61786e+06,
2.6432e+06,
2.66928e+06,
2.69484e+06,
2.72165e+06,
2.749e+06,
2.7777e+06,
2.8069e+06,
2.83662e+06,
2.86727e+06,
2.89863e+06,
2.9312e+06,
2.96441e+06,
2.99848e+06,
3.03393e+06,
3.07101e+06,
3.10879e+06,
3.14747e+06,
3.18711e+06,
3.22913e+06,
3.27285e+06,
3.31782e+06,
3.36431e+06,
3.41353e+06,
3.46641e+06,
3.52074e+06,
3.57803e+06,
3.6403e+06,
3.70965e+06,
3.79591e+06,
4.0335e+06,
4.18739e+06,
4.31085e+06,
4.42452e+06,
4.53285e+06,
4.63471e+06,
4.73137e+06,
4.82698e+06,
4.92431e+06,
5.0201e+06,
5.14013e+06,
5.24868e+06,
5.34986e+06,
5.44825e+06,
5.54878e+06,
5.64896e+06,
5.7484e+06,
5.84951e+06,
5.95491e+06,
6.06311e+06,
6.20431e+06,
6.37536e+06,
6.56937e+06,
6.70713e+06,
6.83077e+06,
6.94317e+06,
7.05038e+06,
7.15485e+06,
7.26179e+06,
7.37552e+06,
7.51156e+06,
7.62673e+06,
7.73047e+06,
7.83198e+06,
7.93059e+06,
8.02938e+06,
8.13074e+06,
8.23825e+06,
8.34273e+06,
8.43983e+06,
8.55778e+06,
8.66334e+06,
8.7642e+06,
8.86344e+06,
8.96438e+06,
9.06797e+06,
9.17128e+06,
9.26342e+06,
9.35394e+06,
9.44629e+06,
9.56233e+06,
9.66784e+06,
9.77047e+06,
9.87316e+06,
9.97973e+06,
1.00731e+07,
1.0163e+07,
1.02532e+07,
1.03442e+07,
1.04369e+07,
1.05518e+07,
1.06595e+07,
1.07701e+07,
1.08662e+07,
1.09581e+07,
1.10509e+07,
1.11418e+07,
1.12317e+07,
1.13218e+07,
1.1416e+07,
1.15382e+07,
1.16497e+07,
1.17476e+07,
1.18432e+07,
1.1937e+07,
1.20289e+07,
1.21209e+07,
1.22129e+07,
1.23083e+07,
1.24158e+07,
1.2535e+07,
1.26414e+07,
1.27413e+07,
1.28392e+07,
1.29348e+07,
1.30309e+07,
1.31277e+07,
1.32288e+07,
1.33397e+07,
1.34405e+07,
1.35776e+07,
1.36981e+07,
1.38083e+07,
1.39165e+07,
1.40234e+07,
1.41338e+07,
1.4252e+07,
1.43668e+07,
1.44645e+07,
1.45651e+07,
1.46876e+07,
1.47997e+07,
1.49054e+07,
1.50089e+07,
1.5117e+07,
1.52344e+07,
1.53446e+07,
1.54451e+07,
1.55443e+07,
1.56515e+07,
1.5785e+07,
1.5907e+07,
1.60244e+07,
1.61441e+07,
1.62755e+07,
1.63896e+07,
1.64917e+07,
1.65917e+07,
1.66911e+07,
1.67991e+07,
1.69304e+07,
1.70556e+07,
1.71764e+07,
1.73059e+07,
1.74225e+07,
1.75261e+07,
1.76279e+07,
1.77277e+07,
1.78273e+07,
1.79387e+07,
1.80722e+07,
1.8202e+07,
1.83333e+07,
1.84573e+07,
1.85608e+07,
1.86622e+07,
1.87636e+07,
1.8864e+07,
1.89656e+07,
1.90716e+07,
1.919e+07,
1.93083e+07,
1.94271e+07,
1.95319e+07,
1.96362e+07,
1.97405e+07,
1.98458e+07,
1.99544e+07,
2.00652e+07,
2.02147e+07,
2.03854e+07,
2.05559e+07,
2.06819e+07,
2.07987e+07,
2.09154e+07,
2.10289e+07,
2.11438e+07,
2.12577e+07,
2.13726e+07,
2.15229e+07,
2.17086e+07,
2.18666e+07,
2.19928e+07,
2.21137e+07,
2.22312e+07,
2.23469e+07,
2.2463e+07,
2.25796e+07,
2.26965e+07,
2.28542e+07,
2.30314e+07,
2.31689e+07,
2.32919e+07,
2.34102e+07,
2.35269e+07,
2.36436e+07,
2.37597e+07,
2.38739e+07,
2.39905e+07,
2.41561e+07,
2.43031e+07,
2.4433e+07,
2.45526e+07,
2.46673e+07,
2.47804e+07,
2.48946e+07,
2.50082e+07,
2.51217e+07,
2.5242e+07,
2.54004e+07,
2.55298e+07,
2.56539e+07,
2.57693e+07,
2.58806e+07,
2.59912e+07,
2.61044e+07,
2.62166e+07,
478966,
478569,
478201,
477862,
477526,
477138,
476749,
476448,
476164,
475880,
475633,
475368,
475182,
474979,
474724,
474480,
474325,
474054,
473838,
473591,
473399,
473178,
472889,
472636,
472364,
472190,
471901,
471720,
471544,
471340,
471095,
470934,
470642,
470415,
470240,
470050,
469829,
469540,
469335,
469167,
468910,
468774,
468585,
468449,
468312,
468181,
468098,
467999,
467804,
467802,
467688,
467570,
467481,
467308,
467107,
466925,
466805,
466642,
466472,
466314,
466088,
465923,
465700,
465470,
465276,
465114,
465053,
464974,
464852,
464682,
464580,
464489,
464341,
464254,
464168,
464087,
464020,
463893,
463795,
463635,
463552,
463405,
463284,
463175,
463060,
463022,
463011,
463018,
463032,
463005,
463084,
463064,
463052,
462991,
463035,
463048,
462992,
462925,
462919,
462851,
462835,
462845,
462838,
462787,
462843,
462807,
462787,
462838,
462845,
462862,
462887,
462912,
462833,
462896,
463018,
463014,
463023,
463022,
463138,
463102,
463049,
463028,
462961,
462984,
462971,
462992,
463128,
463151,
463236,
463262,
463238,
463250,
463296,
463289,
463439,
463423,
463507,
463638,
463729,
463739,
463755,
463877,
464028,
464214,
464259,
464434,
464599,
464769,
464908,
465034,
465085,
465192,
465248,
465303,
465370,
465494,
465607,
465792,
465946,
466062,
466080,
466164,
466339,
466513,
466641,
466782,
466871,
467060,
467128,
467212,
467288,
467343,
467492,
467548,
467749,
467938,
468055,
468240,
468381,
468558,
468710,
468948,
469131,
469330,
469538,
469738,
469960,
470174,
470426,
470557,
470743,
470895,
471044,
471194,
471430,
472316,
473592,
474622,
475881,
477054,
478141,
479377,
480413,
481478,
482583,
483671,
484880,
486126,
487247,
488441,
489575,
490768,
492062,
493116,
494262,
495248,
496448,
497429,
498678,
499975,
501339,
502835,
504258,
505660,
507005,
508228,
509643,
511112,
512480,
513887,
515269,
516680,
518155,
519581,
521030,
522390,
523871,
525333,
526794,
528192,
529659,
531076,
532495,
533923,
535419,
537019,
538681,
540331,
541912,
543477,
545186,
546826,
548510,
550363,
552180,
553984,
555631,
557428,
559146,
560953,
562659,
564459,
566270,
568086,
569896,
571609,
573426,
575205,
577069,
578852,
580620,
582395,
584372,
586062,
587929,
589949,
592057,
594241,
596274,
598265,
600231,
602060,
604067,
606187,
608265,
610345,
612393,
614483,
616698,
618899,
620913,
623134,
625280,
627507,
629747,
631741,
633907,
635950,
638231,
640311,
642580,
644772,
647126,
649347,
651724,
653953,
656226,
658664,
661097,
663546,
665872,
668281,
670653,
673065,
675474,
677997,
680584,
683080,
685469,
687893,
690415,
692848,
695383,
697970,
700483,
703025,
705622,
708279,
710838,
713526,
716125,
718868,
721676,
724381,
727254,
730129,
733021,
735756,
738667,
741395,
744216,
747206,
750173,
753206,
756062,
759038,
761847,
765038,
768036,
770940,
773813,
776871,
779851,
782895,
786047,
789122,
792152,
795261,
798462,
801651,
804978,
808469,
811701,
815227,
818569,
821933,
825412,
828948,
832515,
836020,
839516,
842877,
846336,
849770,
853328,
856872,
860353,
863938,
867362,
870927,
874349,
878160,
881648,
885252,
889075,
892755,
896259,
899769,
903686,
907467,
911188,
914983,
918979,
922950,
926751,
930736,
934681,
938770,
942629,
946868,
950818,
954920,
958956,
962996,
967312,
971627,
976204,
980501,
984857,
988820,
993156,
997437,
1.00177e+06,
1.00614e+06,
1.01063e+06,
1.01496e+06,
1.01951e+06,
1.024e+06,
1.0287e+06,
1.03351e+06,
1.03823e+06,
1.04289e+06,
1.04764e+06,
1.05253e+06,
1.05723e+06,
1.06208e+06,
1.06707e+06,
1.07204e+06,
1.07697e+06,
1.08207e+06,
1.08718e+06,
1.09217e+06,
1.09719e+06,
1.10227e+06,
1.10752e+06,
1.11282e+06,
1.1181e+06,
1.12356e+06,
1.12894e+06,
1.13402e+06,
1.13947e+06,
1.14486e+06,
1.15056e+06,
1.15633e+06,
1.16229e+06,
1.16804e+06,
1.17398e+06,
1.18005e+06,
1.18637e+06,
1.19267e+06,
1.1985e+06,
1.20466e+06,
1.21084e+06,
1.21735e+06,
1.2238e+06,
1.23024e+06,
1.23676e+06,
1.24333e+06,
1.25e+06,
1.25642e+06,
1.26307e+06,
1.26975e+06,
1.27669e+06,
1.28339e+06,
1.29044e+06,
1.2973e+06,
1.30416e+06,
1.31134e+06,
1.31801e+06,
1.32538e+06,
1.33222e+06,
1.33941e+06,
1.34691e+06,
1.35436e+06,
1.36196e+06,
1.36995e+06,
1.37776e+06,
1.38562e+06,
1.39341e+06,
1.40135e+06,
1.4091e+06,
1.41698e+06,
1.42529e+06,
1.43367e+06,
1.44239e+06,
1.45088e+06,
1.45945e+06,
1.46784e+06,
1.47608e+06,
1.4843e+06,
1.4926e+06,
1.50129e+06,
1.51003e+06,
1.51891e+06,
1.52795e+06,
1.53713e+06,
1.54638e+06,
1.55561e+06,
1.56483e+06,
1.57403e+06,
1.58307e+06,
1.59258e+06,
1.60189e+06,
1.61181e+06,
1.62202e+06,
1.63205e+06,
1.64213e+06,
1.6519e+06,
1.66197e+06,
1.67228e+06,
1.68259e+06,
1.69317e+06,
1.70363e+06,
1.71462e+06,
1.7256e+06,
1.73649e+06,
1.74775e+06,
1.75898e+06,
1.77009e+06,
1.78158e+06,
1.79289e+06,
1.80417e+06,
1.8161e+06,
1.82813e+06,
1.84022e+06,
1.85209e+06,
1.86427e+06,
1.87675e+06,
1.88906e+06,
1.90151e+06,
1.91434e+06,
1.92773e+06,
1.94101e+06,
1.95468e+06,
1.96846e+06,
1.98208e+06,
1.99582e+06,
2.01009e+06,
2.02446e+06,
2.03877e+06,
2.05276e+06,
2.06746e+06,
2.08233e+06,
2.09739e+06,
2.11283e+06,
2.1288e+06,
2.145e+06,
2.16132e+06,
2.17759e+06,
2.19436e+06,
2.21171e+06,
2.22929e+06,
2.24685e+06,
2.26476e+06,
2.28276e+06,
2.30137e+06,
2.31967e+06,
2.33761e+06,
2.35669e+06,
2.37622e+06,
2.39603e+06,
2.41656e+06,
2.43725e+06,
2.45789e+06,
2.4791e+06,
2.50126e+06,
2.52346e+06,
2.54619e+06,
2.56934e+06,
2.59265e+06,
2.61603e+06,
2.64075e+06,
2.66592e+06,
2.69147e+06,
2.71823e+06,
2.74475e+06,
2.77238e+06,
2.80064e+06,
2.8294e+06,
2.8587e+06,
2.88872e+06,
2.91951e+06,
2.95194e+06,
2.98527e+06,
3.01897e+06,
3.054e+06,
3.09023e+06,
3.12832e+06,
3.16774e+06,
3.20915e+06,
3.25139e+06,
3.29598e+06,
3.34197e+06,
3.38939e+06,
3.43862e+06,
3.49063e+06,
3.5464e+06,
3.60476e+06,
3.6675e+06,
3.73579e+06,
3.81501e+06,
3.9379e+06,
4.17112e+06,
4.3169e+06,
4.4394e+06,
4.55302e+06,
4.66126e+06,
4.76052e+06,
4.85763e+06,
4.95561e+06,
5.05274e+06,
5.15423e+06,
5.27556e+06,
5.38149e+06,
5.48153e+06,
5.58106e+06,
5.68054e+06,
5.77817e+06,
5.87849e+06,
5.98047e+06,
6.08301e+06,
6.19529e+06,
6.33331e+06,
6.46958e+06,
6.62996e+06,
6.82877e+06,
7.00829e+06,
7.13494e+06,
7.25137e+06,
7.36161e+06,
7.47171e+06,
7.5877e+06,
7.72332e+06,
7.85174e+06,
7.96351e+06,
8.06687e+06,
8.16698e+06,
8.26821e+06,
8.36941e+06,
8.47099e+06,
8.57715e+06,
8.69779e+06,
8.82403e+06,
8.93003e+06,
9.03152e+06,
9.13272e+06,
9.23138e+06,
9.3308e+06,
9.43102e+06,
9.53923e+06,
9.64156e+06,
9.73953e+06,
9.85987e+06,
9.96386e+06,
1.00651e+07,
1.01645e+07,
1.02641e+07,
1.03685e+07,
1.04741e+07,
1.05682e+07,
1.06616e+07,
1.07579e+07,
1.08759e+07,
1.09781e+07,
1.1079e+07,
1.11818e+07,
1.12951e+07,
1.13898e+07,
1.14835e+07,
1.15756e+07,
1.16681e+07,
1.17643e+07,
1.1884e+07,
1.19904e+07,
1.21046e+07,
1.22073e+07,
1.23036e+07,
1.23961e+07,
1.24886e+07,
1.25817e+07,
1.2676e+07,
1.2779e+07,
1.29101e+07,
1.30321e+07,
1.31355e+07,
1.32341e+07,
1.33315e+07,
1.34283e+07,
1.35265e+07,
1.36293e+07,
1.37352e+07,
1.38578e+07,
1.40133e+07,
1.41306e+07,
1.42414e+07,
1.43481e+07,
1.44554e+07,
1.45639e+07,
1.46739e+07,
1.47882e+07,
1.49142e+07,
1.50319e+07,
1.51612e+07,
1.52709e+07,
1.5377e+07,
1.54826e+07,
1.55873e+07,
1.56943e+07,
1.58064e+07,
1.59283e+07,
1.60386e+07,
1.61496e+07,
1.62888e+07,
1.64098e+07,
1.65259e+07,
1.66401e+07,
1.67556e+07,
1.68785e+07,
1.70088e+07,
1.71209e+07,
1.72241e+07,
1.73346e+07,
1.74731e+07,
1.7594e+07,
1.77101e+07,
1.7827e+07,
1.79487e+07,
1.8076e+07,
1.81905e+07,
1.82936e+07,
1.83982e+07,
1.85107e+07,
1.86517e+07,
1.87737e+07,
1.88925e+07,
1.90152e+07,
1.9144e+07,
1.92616e+07,
1.93655e+07,
1.94679e+07,
1.95714e+07,
1.96784e+07,
1.98e+07,
1.99122e+07,
2.00264e+07,
2.01453e+07,
2.0258e+07,
2.03662e+07,
2.04765e+07,
2.05882e+07,
2.0703e+07,
2.08471e+07,
2.10164e+07,
2.11655e+07,
2.13266e+07,
2.14657e+07,
2.15869e+07,
2.17055e+07,
2.18258e+07,
2.19467e+07,
2.20674e+07,
2.22088e+07,
2.23857e+07,
2.2551e+07,
2.27071e+07,
2.28435e+07,
2.29639e+07,
2.30826e+07,
2.32042e+07,
2.33276e+07,
2.34488e+07,
2.35918e+07,
2.37661e+07,
2.39326e+07,
2.40734e+07,
2.41992e+07,
2.43166e+07,
2.44339e+07,
2.45529e+07,
2.46766e+07,
2.47968e+07,
2.49389e+07,
2.51135e+07,
2.52623e+07,
2.53925e+07,
2.55089e+07,
2.56232e+07,
2.5738e+07,
2.58538e+07,
2.59768e+07,
2.60984e+07,
2.62394e+07,
2.64081e+07,
2.65447e+07,
2.66681e+07,
2.6782e+07,
2.68956e+07,
2.7009e+07,
2.71227e+07,
2.72403e+07,
478966,
478577,
478201,
477865,
477539,
477174,
476774,
476477,
476218,
475878,
475649,
475376,
475170,
474974,
474719,
474519,
474333,
474100,
473845,
473614,
473375,
473138,
472858,
472645,
472397,
472251,
471982,
471719,
471560,
471377,
471154,
470913,
470709,
470462,
470243,
470072,
469820,
469538,
469378,
469095,
468916,
468745,
468493,
468266,
468044,
467828,
467711,
467524,
467433,
467331,
467318,
467240,
467126,
466902,
466791,
466688,
466556,
466290,
466118,
465920,
465769,
465542,
465374,
465238,
465076,
464904,
464768,
464632,
464438,
464316,
464138,
464011,
463903,
463841,
463693,
463597,
463520,
463434,
463331,
463140,
463097,
463048,
463029,
463004,
462928,
462971,
462898,
462870,
462853,
462809,
462781,
462752,
462740,
462750,
462686,
462645,
462637,
462627,
462633,
462509,
462448,
462472,
462434,
462400,
462439,
462500,
462444,
462456,
462373,
462344,
462327,
462343,
462263,
462333,
462424,
462406,
462392,
462344,
462385,
462371,
462306,
462289,
462275,
462338,
462339,
462373,
462456,
462551,
462538,
462573,
462617,
462664,
462690,
462790,
462869,
462936,
463001,
463108,
463208,
463251,
463361,
463417,
463524,
463643,
463781,
463917,
464041,
464082,
464124,
464172,
464217,
464265,
464444,
464526,
464691,
464871,
464974,
465048,
465139,
465329,
465438,
465543,
465592,
465733,
465884,
466057,
466115,
466255,
466386,
466469,
466541,
466711,
466771,
466894,
467118,
467255,
467348,
467446,
467629,
467805,
468024,
468168,
468358,
468529,
468699,
468875,
469103,
469300,
469466,
469578,
469705,
470018,
470973,
472210,
473272,
474469,
475665,
476788,
478070,
479216,
480259,
481424,
482563,
483714,
484923,
486038,
487208,
488401,
489500,
490682,
491829,
492971,
494143,
495311,
496555,
497752,
499040,
500398,
501854,
503223,
504564,
505869,
507367,
508781,
510170,
511677,
512965,
514461,
515980,
517391,
518849,
520264,
521846,
523227,
524784,
526155,
527571,
528866,
530400,
531979,
533293,
534855,
536431,
537953,
539782,
541447,
543150,
544841,
546592,
548271,
550126,
551887,
553733,
555380,
557032,
558696,
560476,
562372,
564294,
566012,
567641,
569370,
571214,
572957,
574830,
576563,
578435,
580407,
582227,
583797,
585699,
587596,
589680,
591747,
593860,
595883,
597961,
599961,
601973,
604087,
606070,
608183,
610205,
612274,
614400,
616623,
618703,
620869,
623074,
625370,
627285,
629486,
631645,
633862,
635861,
637958,
640169,
642254,
644603,
646812,
649218,
651592,
653992,
656462,
658647,
661190,
663596,
666005,
668417,
670855,
673293,
675795,
678418,
681184,
683653,
685994,
688578,
691145,
693725,
696387,
698827,
701204,
703848,
706464,
709113,
711671,
714440,
717256,
720002,
722660,
725475,
728268,
731127,
733970,
736802,
739626,
742533,
745526,
748519,
751320,
754170,
757306,
760243,
763312,
766280,
769362,
772465,
775599,
778602,
781689,
784755,
787787,
791067,
794139,
797472,
800830,
804191,
807402,
810562,
813823,
817169,
820363,
823741,
826959,
830492,
834026,
837454,
840927,
844300,
847790,
851325,
854919,
858410,
861933,
865577,
869174,
872890,
876489,
880119,
883754,
887046,
890769,
894482,
898139,
902010,
905725,
909709,
913635,
917644,
921459,
925424,
929478,
933596,
937976,
942352,
946342,
950540,
954650,
958646,
962678,
966485,
970661,
974911,
979197,
983368,
987886,
992028,
996530,
1.00099e+06,
1.00527e+06,
1.00951e+06,
1.01385e+06,
1.01841e+06,
1.02289e+06,
1.02763e+06,
1.03225e+06,
1.03712e+06,
1.0418e+06,
1.0466e+06,
1.05143e+06,
1.05604e+06,
1.06081e+06,
1.06588e+06,
1.07071e+06,
1.07571e+06,
1.08102e+06,
1.08631e+06,
1.09151e+06,
1.09702e+06,
1.10228e+06,
1.10759e+06,
1.11297e+06,
1.11833e+06,
1.12385e+06,
1.12962e+06,
1.1351e+06,
1.14084e+06,
1.14641e+06,
1.15184e+06,
1.15737e+06,
1.16301e+06,
1.16909e+06,
1.17515e+06,
1.18131e+06,
1.18754e+06,
1.19375e+06,
1.19977e+06,
1.20609e+06,
1.21239e+06,
1.21867e+06,
1.22487e+06,
1.23107e+06,
1.23765e+06,
1.24417e+06,
1.25074e+06,
1.25737e+06,
1.26444e+06,
1.27099e+06,
1.27767e+06,
1.28447e+06,
1.29091e+06,
1.29776e+06,
1.30479e+06,
1.31194e+06,
1.31928e+06,
1.3264e+06,
1.33379e+06,
1.3411e+06,
1.3482e+06,
1.35584e+06,
1.36334e+06,
1.3708e+06,
1.37865e+06,
1.38626e+06,
1.39429e+06,
1.40229e+06,
1.41043e+06,
1.41835e+06,
1.42628e+06,
1.43405e+06,
1.4418e+06,
1.45003e+06,
1.45819e+06,
1.46651e+06,
1.47512e+06,
1.4836e+06,
1.49226e+06,
1.50078e+06,
1.5093e+06,
1.51801e+06,
1.52713e+06,
1.53589e+06,
1.54472e+06,
1.55372e+06,
1.56289e+06,
1.57226e+06,
1.58173e+06,
1.59123e+06,
1.6009e+06,
1.61058e+06,
1.62016e+06,
1.62995e+06,
1.64e+06,
1.65e+06,
1.6604e+06,
1.67084e+06,
1.68127e+06,
1.69141e+06,
1.70194e+06,
1.71228e+06,
1.72301e+06,
1.73396e+06,
1.74479e+06,
1.75591e+06,
1.7672e+06,
1.77844e+06,
1.78952e+06,
1.80094e+06,
1.81246e+06,
1.82389e+06,
1.83553e+06,
1.84727e+06,
1.85958e+06,
1.87162e+06,
1.88399e+06,
1.89617e+06,
1.90894e+06,
1.92171e+06,
1.93475e+06,
1.94782e+06,
1.96109e+06,
1.9746e+06,
1.98805e+06,
2.00187e+06,
2.01573e+06,
2.02972e+06,
2.04404e+06,
2.05912e+06,
2.07374e+06,
2.08851e+06,
2.10301e+06,
2.11817e+06,
2.13363e+06,
2.14947e+06,
2.1658e+06,
2.182e+06,
2.19822e+06,
2.21533e+06,
2.23239e+06,
2.24973e+06,
2.26692e+06,
2.28435e+06,
2.30246e+06,
2.32074e+06,
2.33951e+06,
2.35839e+06,
2.37747e+06,
2.39704e+06,
2.41737e+06,
2.43712e+06,
2.45728e+06,
2.47809e+06,
2.49952e+06,
2.52109e+06,
2.5432e+06,
2.56613e+06,
2.58873e+06,
2.61186e+06,
2.63589e+06,
2.65959e+06,
2.68462e+06,
2.71001e+06,
2.73558e+06,
2.76191e+06,
2.78858e+06,
2.81628e+06,
2.84517e+06,
2.87457e+06,
2.90438e+06,
2.93446e+06,
2.96518e+06,
2.99732e+06,
3.03058e+06,
3.06494e+06,
3.10052e+06,
3.1367e+06,
3.17505e+06,
3.21476e+06,
3.25605e+06,
3.29969e+06,
3.34741e+06,
3.39548e+06,
3.44378e+06,
3.49476e+06,
3.54789e+06,
3.60531e+06,
3.66656e+06,
3.73235e+06,
3.80503e+06,
3.88796e+06,
3.99639e+06,
4.24492e+06,
4.40269e+06,
4.5294e+06,
4.64486e+06,
4.75567e+06,
4.85697e+06,
4.95623e+06,
5.05572e+06,
5.15218e+06,
5.25117e+06,
5.37506e+06,
5.48257e+06,
5.58279e+06,
5.68304e+06,
5.78214e+06,
5.8799e+06,
5.98015e+06,
6.08041e+06,
6.18353e+06,
6.29275e+06,
6.42749e+06,
6.55332e+06,
6.69743e+06,
6.84728e+06,
7.01091e+06,
7.20784e+06,
7.41433e+06,
7.53704e+06,
7.6539e+06,
7.77054e+06,
7.908e+06,
8.02859e+06,
8.14542e+06,
8.26926e+06,
8.38057e+06,
8.48569e+06,
8.58899e+06,
8.69149e+06,
8.7955e+06,
8.9032e+06,
9.03526e+06,
9.16302e+06,
9.27907e+06,
9.38179e+06,
9.4818e+06,
9.58154e+06,
9.68107e+06,
9.78114e+06,
9.88487e+06,
1.00008e+07,
1.01342e+07,
1.02401e+07,
1.03424e+07,
1.04422e+07,
1.0539e+07,
1.06388e+07,
1.07415e+07,
1.08523e+07,
1.09627e+07,
1.10632e+07,
1.11812e+07,
1.12854e+07,
1.13857e+07,
1.1485e+07,
1.15883e+07,
1.16962e+07,
1.1806e+07,
1.19065e+07,
1.20025e+07,
1.20989e+07,
1.22178e+07,
1.23246e+07,
1.243e+07,
1.2536e+07,
1.26465e+07,
1.27512e+07,
1.2848e+07,
1.29429e+07,
1.30396e+07,
1.31409e+07,
1.32693e+07,
1.33826e+07,
1.3501e+07,
1.36123e+07,
1.37193e+07,
1.38172e+07,
1.39188e+07,
1.40228e+07,
1.41287e+07,
1.42411e+07,
1.43971e+07,
1.4533e+07,
1.46558e+07,
1.47697e+07,
1.48776e+07,
1.49857e+07,
1.50944e+07,
1.52062e+07,
1.53204e+07,
1.54451e+07,
1.55955e+07,
1.57227e+07,
1.58395e+07,
1.59465e+07,
1.60511e+07,
1.61574e+07,
1.6264e+07,
1.63776e+07,
1.65001e+07,
1.66222e+07,
1.67752e+07,
1.69014e+07,
1.70181e+07,
1.7132e+07,
1.72455e+07,
1.73609e+07,
1.74806e+07,
1.76126e+07,
1.77357e+07,
1.78577e+07,
1.80046e+07,
1.81269e+07,
1.82428e+07,
1.83574e+07,
1.8472e+07,
1.85896e+07,
1.87187e+07,
1.88404e+07,
1.89606e+07,
1.90781e+07,
1.92219e+07,
1.93451e+07,
1.9463e+07,
1.95799e+07,
1.97e+07,
1.98293e+07,
1.99484e+07,
2.00654e+07,
2.01818e+07,
2.02892e+07,
2.04124e+07,
2.05256e+07,
2.06381e+07,
2.07511e+07,
2.08707e+07,
2.09871e+07,
2.11046e+07,
2.12242e+07,
2.13476e+07,
2.14744e+07,
2.16544e+07,
2.18028e+07,
2.19469e+07,
2.21045e+07,
2.225e+07,
2.23851e+07,
2.25076e+07,
2.26309e+07,
2.27596e+07,
2.29012e+07,
2.30851e+07,
2.32407e+07,
2.33947e+07,
2.35507e+07,
2.36898e+07,
2.38224e+07,
2.39533e+07,
2.40764e+07,
2.42032e+07,
2.43479e+07,
2.45297e+07,
2.46848e+07,
2.48451e+07,
2.4988e+07,
2.51205e+07,
2.5249e+07,
2.53736e+07,
2.5493e+07,
2.56185e+07,
2.57594e+07,
2.5938e+07,
2.60956e+07,
2.62424e+07,
2.63767e+07,
2.65045e+07,
2.66299e+07,
2.675e+07,
2.68698e+07,
2.6993e+07,
2.71334e+07,
2.73097e+07,
2.74712e+07,
2.76101e+07,
2.77414e+07,
2.78682e+07,
2.79939e+07,
2.81158e+07,
2.8238e+07,
2.83643e+07,
478966,
478575,
478211,
477875,
477565,
477208,
476866,
476534,
476244,
475902,
475651,
475392,
475175,
474962,
474729,
474536,
474278,
474092,
473880,
473594,
473342,
473109,
472884,
472643,
472413,
472243,
471942,
471720,
471503,
471347,
471166,
470986,
470776,
470562,
470243,
470041,
469811,
469608,
469341,
469109,
468918,
468709,
468521,
468340,
468102,
467908,
467727,
467499,
467271,
467086,
466989,
466891,
466628,
466467,
466327,
466207,
466040,
465852,
465721,
465548,
465369,
465228,
465090,
464933,
464720,
464633,
464481,
464257,
464077,
463818,
463686,
463554,
463425,
463332,
463185,
463078,
463028,
462817,
462728,
462759,
462765,
462721,
462676,
462663,
462645,
462607,
462628,
462531,
462563,
462530,
462526,
462503,
462484,
462489,
462407,
462361,
462304,
462263,
462164,
462150,
462079,
462101,
462096,
462110,
462168,
462156,
462177,
462154,
462118,
462041,
462010,
461993,
462067,
461991,
461951,
462000,
461980,
462031,
461945,
461842,
461780,
461773,
461761,
461812,
461855,
461987,
462024,
462032,
461998,
462024,
462006,
462025,
462156,
462226,
462274,
462342,
462473,
462524,
462569,
462659,
462654,
462767,
462988,
463208,
463294,
463382,
463442,
463478,
463526,
463567,
463614,
463727,
463834,
463923,
463967,
464110,
464221,
464311,
464347,
464403,
464492,
464620,
464741,
464922,
465001,
465085,
465246,
465361,
465426,
465574,
465596,
465759,
465951,
466124,
466242,
466340,
466471,
466600,
466792,
466981,
467088,
467294,
467456,
467627,
467796,
467975,
468164,
468358,
468710,
469641,
470685,
471782,
472976,
474190,
475429,
476484,
477779,
479054,
480270,
481370,
482491,
483597,
484777,
485959,
487045,
488196,
489476,
490610,
491891,
493020,
494192,
495432,
496480,
497683,
499022,
500503,
501847,
503374,
504819,
506295,
507677,
509117,
510483,
511885,
513296,
514754,
516253,
517653,
519109,
520673,
522037,
523519,
524968,
526311,
527730,
529162,
530580,
532204,
533807,
535334,
537002,
538579,
540316,
542137,
543862,
545618,
547333,
549070,
550758,
552518,
554337,
556205,
557840,
559629,
561371,
563159,
564964,
566606,
568330,
570236,
571971,
573871,
575620,
577499,
579411,
581135,
582993,
584960,
586926,
588993,
591058,
593045,
595109,
597078,
599140,
601269,
603518,
605636,
607867,
609845,
611802,
613818,
615988,
618142,
620149,
622320,
624542,
626704,
628816,
630933,
632946,
635151,
637399,
639626,
641984,
644301,
646631,
648957,
651425,
653926,
656337,
658599,
661175,
663671,
666197,
668533,
671094,
673642,
676110,
678747,
681155,
683766,
686299,
688758,
691269,
693767,
696347,
698955,
701373,
703871,
706338,
709083,
711802,
714693,
717437,
720333,
723166,
726054,
728895,
731751,
734713,
737547,
740598,
743416,
746255,
749355,
752301,
755466,
758468,
761556,
764618,
767612,
770616,
773800,
776721,
779736,
782854,
785874,
788893,
792051,
795036,
798236,
801606,
804825,
808156,
811521,
814862,
818262,
821347,
824547,
827808,
831292,
834804,
838275,
841779,
845322,
848937,
852665,
856138,
859746,
863392,
866728,
870564,
874200,
877796,
881418,
885107,
888837,
892579,
896356,
900265,
904283,
908094,
911942,
915782,
919685,
923641,
927571,
931619,
935523,
939586,
943589,
947697,
951785,
955823,
959789,
964066,
968262,
972285,
976385,
980615,
984763,
989164,
993714,
998208,
1.00256e+06,
1.00692e+06,
1.0115e+06,
1.01626e+06,
1.02103e+06,
1.02583e+06,
1.03082e+06,
1.03566e+06,
1.04061e+06,
1.04558e+06,
1.05055e+06,
1.05555e+06,
1.06064e+06,
1.06574e+06,
1.07069e+06,
1.07601e+06,
1.08119e+06,
1.08615e+06,
1.09116e+06,
1.09662e+06,
1.10192e+06,
1.10747e+06,
1.11298e+06,
1.11837e+06,
1.12386e+06,
1.12918e+06,
1.1345e+06,
1.14023e+06,
1.14577e+06,
1.1514e+06,
1.15707e+06,
1.16293e+06,
1.16894e+06,
1.17513e+06,
1.18096e+06,
1.18715e+06,
1.19343e+06,
1.19949e+06,
1.20567e+06,
1.21223e+06,
1.21851e+06,
1.22495e+06,
1.23159e+06,
1.23776e+06,
1.24432e+06,
1.25068e+06,
1.25699e+06,
1.26357e+06,
1.27015e+06,
1.27683e+06,
1.28344e+06,
1.29046e+06,
1.29744e+06,
1.30423e+06,
1.31135e+06,
1.31802e+06,
1.32527e+06,
1.33253e+06,
1.33983e+06,
1.34717e+06,
1.35435e+06,
1.36164e+06,
1.36941e+06,
1.37712e+06,
1.38471e+06,
1.39243e+06,
1.40034e+06,
1.40823e+06,
1.41626e+06,
1.42449e+06,
1.43254e+06,
1.44064e+06,
1.44877e+06,
1.45696e+06,
1.46508e+06,
1.47346e+06,
1.48172e+06,
1.49013e+06,
1.49868e+06,
1.50732e+06,
1.51608e+06,
1.52468e+06,
1.53353e+06,
1.5423e+06,
1.55131e+06,
1.55991e+06,
1.56909e+06,
1.57839e+06,
1.58782e+06,
1.59714e+06,
1.60673e+06,
1.61631e+06,
1.62601e+06,
1.63608e+06,
1.64602e+06,
1.65578e+06,
1.6654e+06,
1.67559e+06,
1.68576e+06,
1.69614e+06,
1.70654e+06,
1.71723e+06,
1.72782e+06,
1.73856e+06,
1.74929e+06,
1.7599e+06,
1.77099e+06,
1.78213e+06,
1.79357e+06,
1.80506e+06,
1.81648e+06,
1.82817e+06,
1.83983e+06,
1.85136e+06,
1.86315e+06,
1.87506e+06,
1.88731e+06,
1.8999e+06,
1.91265e+06,
1.92515e+06,
1.9382e+06,
1.95128e+06,
1.96441e+06,
1.9776e+06,
1.99103e+06,
2.00444e+06,
2.018e+06,
2.03179e+06,
2.04589e+06,
2.05981e+06,
2.07418e+06,
2.08915e+06,
2.10423e+06,
2.11953e+06,
2.13497e+06,
2.1501e+06,
2.16573e+06,
2.1814e+06,
2.19759e+06,
2.21404e+06,
2.23094e+06,
2.24825e+06,
2.26577e+06,
2.28351e+06,
2.30112e+06,
2.31886e+06,
2.3371e+06,
2.35617e+06,
2.37532e+06,
2.39433e+06,
2.41355e+06,
2.43334e+06,
2.45369e+06,
2.47418e+06,
2.49536e+06,
2.51609e+06,
2.53746e+06,
2.5591e+06,
2.5811e+06,
2.60396e+06,
2.62735e+06,
2.65067e+06,
2.67461e+06,
2.6985e+06,
2.72297e+06,
2.74837e+06,
2.77445e+06,
2.80102e+06,
2.82779e+06,
2.85544e+06,
2.88351e+06,
2.91259e+06,
2.94298e+06,
2.97324e+06,
3.00476e+06,
3.0368e+06,
3.07008e+06,
3.10353e+06,
3.13855e+06,
3.17513e+06,
3.21303e+06,
3.25246e+06,
3.29344e+06,
3.33607e+06,
3.3801e+06,
3.42885e+06,
3.48174e+06,
3.53343e+06,
3.58713e+06,
3.64421e+06,
3.70553e+06,
3.77134e+06,
3.84472e+06,
3.92745e+06,
4.02492e+06,
4.19827e+06,
4.4403e+06,
4.5821e+06,
4.70283e+06,
4.81595e+06,
4.92431e+06,
5.02476e+06,
5.12432e+06,
5.22459e+06,
5.32207e+06,
5.43156e+06,
5.55379e+06,
5.6565e+06,
5.75684e+06,
5.85666e+06,
5.95381e+06,
6.05327e+06,
6.15269e+06,
6.25444e+06,
6.36137e+06,
6.48063e+06,
6.61596e+06,
6.75052e+06,
6.89018e+06,
7.03428e+06,
7.18385e+06,
7.34676e+06,
7.54008e+06,
7.77088e+06,
7.92793e+06,
8.05888e+06,
8.19658e+06,
8.31513e+06,
8.42949e+06,
8.54479e+06,
8.66643e+06,
8.78661e+06,
8.89589e+06,
9.00038e+06,
9.10787e+06,
9.22485e+06,
9.35408e+06,
9.47141e+06,
9.59512e+06,
9.70976e+06,
9.81832e+06,
9.91762e+06,
1.00169e+07,
1.0119e+07,
1.02239e+07,
1.03441e+07,
1.04824e+07,
1.05977e+07,
1.07068e+07,
1.08068e+07,
1.09042e+07,
1.10066e+07,
1.11087e+07,
1.12141e+07,
1.13305e+07,
1.14494e+07,
1.15737e+07,
1.16794e+07,
1.17819e+07,
1.18824e+07,
1.19839e+07,
1.20878e+07,
1.22007e+07,
1.23071e+07,
1.24136e+07,
1.25294e+07,
1.26493e+07,
1.27545e+07,
1.28582e+07,
1.29617e+07,
1.30705e+07,
1.31777e+07,
1.32822e+07,
1.33882e+07,
1.34932e+07,
1.36091e+07,
1.37339e+07,
1.38439e+07,
1.39555e+07,
1.40704e+07,
1.41796e+07,
1.42889e+07,
1.43985e+07,
1.45061e+07,
1.46193e+07,
1.47519e+07,
1.49024e+07,
1.50337e+07,
1.51564e+07,
1.52751e+07,
1.53902e+07,
1.5505e+07,
1.56153e+07,
1.57265e+07,
1.58436e+07,
1.59781e+07,
1.61331e+07,
1.62616e+07,
1.63821e+07,
1.64985e+07,
1.66145e+07,
1.6722e+07,
1.68284e+07,
1.69416e+07,
1.70679e+07,
1.72162e+07,
1.73684e+07,
1.74963e+07,
1.76166e+07,
1.77365e+07,
1.78499e+07,
1.7964e+07,
1.80833e+07,
1.82149e+07,
1.83447e+07,
1.84923e+07,
1.86419e+07,
1.87701e+07,
1.88926e+07,
1.90079e+07,
1.91218e+07,
1.92398e+07,
1.93674e+07,
1.94896e+07,
1.96123e+07,
1.9762e+07,
1.99141e+07,
2.00428e+07,
2.01636e+07,
2.02814e+07,
2.04013e+07,
2.05307e+07,
2.06524e+07,
2.07684e+07,
2.08859e+07,
2.1016e+07,
2.11512e+07,
2.12705e+07,
2.13842e+07,
2.15003e+07,
2.1621e+07,
2.17402e+07,
2.186e+07,
2.19817e+07,
2.21106e+07,
2.22738e+07,
2.24604e+07,
2.26086e+07,
2.27533e+07,
2.29083e+07,
2.30564e+07,
2.31928e+07,
2.33271e+07,
2.34609e+07,
2.35915e+07,
2.37602e+07,
2.39569e+07,
2.41164e+07,
2.4274e+07,
2.44336e+07,
2.45752e+07,
2.47119e+07,
2.48457e+07,
2.49797e+07,
2.51173e+07,
2.52884e+07,
2.5484e+07,
2.56453e+07,
2.58116e+07,
2.59596e+07,
2.60977e+07,
2.62331e+07,
2.6367e+07,
2.64999e+07,
2.66367e+07,
2.68008e+07,
2.69935e+07,
2.71602e+07,
2.73215e+07,
2.74697e+07,
2.76152e+07,
2.77645e+07,
2.7911e+07,
2.80513e+07,
2.81915e+07,
2.83513e+07,
2.85414e+07,
2.87077e+07,
2.88561e+07,
2.89942e+07,
2.91284e+07,
2.92581e+07,
2.93854e+07,
2.95121e+07,
2.96419e+07,
478966,
478577,
478225,
477911,
477604,
477253,
476893,
476564,
476312,
475961,
475667,
475377,
475133,
474988,
474743,
474574,
474293,
474086,
473883,
473586,
473380,
473185,
472929,
472638,
472404,
472172,
471928,
471751,
471532,
471408,
471197,
471054,
470831,
470534,
470327,
470084,
469813,
469568,
469289,
469150,
468991,
468779,
468573,
468357,
468189,
468022,
467808,
467554,
467282,
467102,
466931,
466724,
466466,
466169,
465951,
465775,
465565,
465367,
465149,
465063,
464929,
464852,
464654,
464518,
464370,
464142,
464026,
463792,
463590,
463408,
463281,
463110,
463004,
462916,
462769,
462648,
462558,
462521,
462531,
462492,
462377,
462320,
462289,
462261,
462244,
462205,
462219,
462211,
462228,
462191,
462159,
462147,
462113,
462071,
462049,
462018,
461982,
462001,
461976,
461944,
461899,
461838,
461763,
461779,
461766,
461727,
461807,
461839,
461834,
461800,
461794,
461787,
461815,
461714,
461667,
461684,
461749,
461736,
461684,
461664,
461647,
461612,
461584,
461625,
461650,
461587,
461693,
461778,
461742,
461783,
461804,
461743,
461807,
461879,
461911,
461986,
462076,
462224,
462400,
462456,
462436,
462534,
462617,
462688,
462752,
462792,
462833,
462929,
462935,
463069,
463041,
463077,
463140,
463278,
463348,
463458,
463521,
463649,
463732,
463870,
463995,
464080,
464115,
464197,
464339,
464461,
464577,
464677,
464728,
464824,
464991,
465071,
465203,
465329,
465419,
465542,
465626,
465714,
465869,
465975,
466143,
466324,
466527,
466723,
466837,
467053,
468039,
469169,
470324,
471397,
472533,
473711,
474837,
476048,
477366,
478557,
479752,
480939,
482147,
483356,
484517,
485708,
486818,
488009,
489168,
490506,
491858,
493099,
494146,
495306,
496207,
497436,
498823,
500377,
501869,
503371,
504946,
506367,
507830,
509259,
510738,
512040,
513356,
514759,
516141,
517556,
519130,
520763,
522259,
523752,
525231,
526607,
528038,
529556,
531032,
532556,
534123,
535985,
537754,
539435,
541267,
542977,
544653,
546433,
548018,
549656,
551427,
553091,
554778,
556705,
558487,
560335,
562126,
563887,
565557,
567292,
569218,
570901,
572787,
574750,
576604,
578332,
580122,
582014,
584027,
585909,
587931,
589950,
591985,
593984,
596061,
597942,
600082,
602213,
604419,
606364,
608552,
610788,
612782,
614860,
617082,
619308,
621378,
623483,
625672,
627759,
629890,
632022,
634437,
636505,
638870,
641122,
643520,
645899,
648445,
650907,
653329,
655804,
658194,
660715,
663146,
665558,
667800,
670295,
672722,
675168,
677797,
680358,
683082,
685441,
688065,
690602,
693216,
695845,
698438,
700923,
703305,
705993,
708793,
711652,
714392,
717321,
720141,
723282,
726222,
729052,
732120,
735080,
737925,
740877,
743917,
746813,
749665,
752480,
755496,
758642,
761663,
764641,
767734,
770856,
773763,
776840,
779972,
782978,
785993,
788986,
792108,
795415,
798682,
801976,
805274,
808637,
812078,
815424,
819036,
822469,
825856,
829215,
832753,
836248,
839526,
843006,
846466,
850011,
853365,
857027,
860659,
864431,
867965,
871319,
874939,
878467,
882063,
885675,
889530,
893438,
897206,
901129,
905014,
908897,
912646,
916482,
920452,
924294,
928433,
932391,
936505,
940615,
944588,
948510,
952612,
956636,
960687,
964772,
969097,
973408,
977905,
982424,
987076,
991684,
996178,
1.00069e+06,
1.0053e+06,
1.01018e+06,
1.01484e+06,
1.01968e+06,
1.02468e+06,
1.02954e+06,
1.03448e+06,
1.03944e+06,
1.04441e+06,
1.04914e+06,
1.05417e+06,
1.05932e+06,
1.06443e+06,
1.06946e+06,
1.07462e+06,
1.0797e+06,
1.08489e+06,
1.09011e+06,
1.09534e+06,
1.10051e+06,
1.10555e+06,
1.11097e+06,
1.11622e+06,
1.12163e+06,
1.12706e+06,
1.13289e+06,
1.13853e+06,
1.14421e+06,
1.14961e+06,
1.15545e+06,
1.1614e+06,
1.16743e+06,
1.17357e+06,
1.17971e+06,
1.18572e+06,
1.19199e+06,
1.19833e+06,
1.20429e+06,
1.21042e+06,
1.21662e+06,
1.22278e+06,
1.22936e+06,
1.23577e+06,
1.2421e+06,
1.24863e+06,
1.25521e+06,
1.2617e+06,
1.26825e+06,
1.27481e+06,
1.28151e+06,
1.28838e+06,
1.295e+06,
1.30164e+06,
1.30864e+06,
1.31574e+06,
1.32291e+06,
1.33002e+06,
1.33697e+06,
1.34417e+06,
1.3514e+06,
1.35881e+06,
1.36635e+06,
1.37391e+06,
1.38146e+06,
1.38917e+06,
1.39697e+06,
1.40471e+06,
1.41252e+06,
1.42023e+06,
1.42858e+06,
1.43675e+06,
1.44513e+06,
1.45394e+06,
1.46246e+06,
1.47115e+06,
1.4795e+06,
1.48791e+06,
1.49635e+06,
1.50473e+06,
1.51302e+06,
1.52159e+06,
1.53025e+06,
1.53915e+06,
1.54807e+06,
1.55698e+06,
1.56608e+06,
1.57502e+06,
1.58386e+06,
1.59301e+06,
1.60224e+06,
1.61192e+06,
1.62141e+06,
1.6311e+06,
1.64079e+06,
1.6504e+06,
1.66019e+06,
1.67003e+06,
1.67995e+06,
1.68981e+06,
1.7e+06,
1.71043e+06,
1.72084e+06,
1.7316e+06,
1.74222e+06,
1.75272e+06,
1.76356e+06,
1.7744e+06,
1.78513e+06,
1.79602e+06,
1.80736e+06,
1.81915e+06,
1.83043e+06,
1.84204e+06,
1.85373e+06,
1.86563e+06,
1.8776e+06,
1.88974e+06,
1.90216e+06,
1.91424e+06,
1.92725e+06,
1.93968e+06,
1.95243e+06,
1.96548e+06,
1.97843e+06,
1.99156e+06,
2.00527e+06,
2.01927e+06,
2.03278e+06,
2.0461e+06,
2.05982e+06,
2.07397e+06,
2.08844e+06,
2.10332e+06,
2.11859e+06,
2.13382e+06,
2.14904e+06,
2.16445e+06,
2.17961e+06,
2.1951e+06,
2.21156e+06,
2.22771e+06,
2.24422e+06,
2.26083e+06,
2.27827e+06,
2.29624e+06,
2.31417e+06,
2.33231e+06,
2.35038e+06,
2.36869e+06,
2.38763e+06,
2.4068e+06,
2.42616e+06,
2.44652e+06,
2.46673e+06,
2.48707e+06,
2.50732e+06,
2.52858e+06,
2.54963e+06,
2.57084e+06,
2.59246e+06,
2.61477e+06,
2.63717e+06,
2.66057e+06,
2.68421e+06,
2.70819e+06,
2.73244e+06,
2.757e+06,
2.78218e+06,
2.80731e+06,
2.83359e+06,
2.86038e+06,
2.88789e+06,
2.91612e+06,
2.94506e+06,
2.97441e+06,
3.00483e+06,
3.0355e+06,
3.06764e+06,
3.10012e+06,
3.13427e+06,
3.16983e+06,
3.20494e+06,
3.24213e+06,
3.28011e+06,
3.32035e+06,
3.3616e+06,
3.40458e+06,
3.44943e+06,
3.49839e+06,
3.55074e+06,
3.6068e+06,
3.6643e+06,
3.72293e+06,
3.78711e+06,
3.8559e+06,
3.93298e+06,
4.01963e+06,
4.12542e+06,
4.29172e+06,
4.57821e+06,
4.72349e+06,
4.84559e+06,
4.95849e+06,
5.067e+06,
5.16762e+06,
5.26691e+06,
5.36793e+06,
5.46728e+06,
5.5755e+06,
5.705e+06,
5.80737e+06,
5.90734e+06,
6.00807e+06,
6.10584e+06,
6.2064e+06,
6.30511e+06,
6.40792e+06,
6.51273e+06,
6.63138e+06,
6.78095e+06,
6.91818e+06,
7.05524e+06,
7.1942e+06,
7.33779e+06,
7.48824e+06,
7.65283e+06,
7.84673e+06,
8.07222e+06,
8.263e+06,
8.46171e+06,
8.5818e+06,
8.6977e+06,
8.81273e+06,
8.9279e+06,
9.0507e+06,
9.16711e+06,
9.28124e+06,
9.398e+06,
9.51532e+06,
9.65454e+06,
9.7689e+06,
9.88486e+06,
1.00061e+07,
1.01184e+07,
1.0228e+07,
1.03356e+07,
1.04429e+07,
1.0549e+07,
1.06673e+07,
1.08073e+07,
1.09276e+07,
1.10386e+07,
1.11477e+07,
1.12552e+07,
1.13615e+07,
1.14632e+07,
1.15675e+07,
1.16783e+07,
1.18026e+07,
1.19382e+07,
1.205e+07,
1.21597e+07,
1.22675e+07,
1.237e+07,
1.24732e+07,
1.25797e+07,
1.26916e+07,
1.28027e+07,
1.29218e+07,
1.30582e+07,
1.31703e+07,
1.32789e+07,
1.33815e+07,
1.34861e+07,
1.35966e+07,
1.3704e+07,
1.38111e+07,
1.39189e+07,
1.40401e+07,
1.41839e+07,
1.42967e+07,
1.44056e+07,
1.4522e+07,
1.46338e+07,
1.47442e+07,
1.4854e+07,
1.49663e+07,
1.50828e+07,
1.52188e+07,
1.53975e+07,
1.5527e+07,
1.5655e+07,
1.57743e+07,
1.58894e+07,
1.60047e+07,
1.61204e+07,
1.6237e+07,
1.63585e+07,
1.64904e+07,
1.66681e+07,
1.67982e+07,
1.69207e+07,
1.70388e+07,
1.71555e+07,
1.72715e+07,
1.73887e+07,
1.75092e+07,
1.76323e+07,
1.77752e+07,
1.79539e+07,
1.80868e+07,
1.82108e+07,
1.83315e+07,
1.84516e+07,
1.85736e+07,
1.86989e+07,
1.88274e+07,
1.89598e+07,
1.90981e+07,
1.92726e+07,
1.94087e+07,
1.95363e+07,
1.96611e+07,
1.97847e+07,
1.99097e+07,
2.00381e+07,
2.01608e+07,
2.02837e+07,
2.04182e+07,
2.05945e+07,
2.0735e+07,
2.08687e+07,
2.09976e+07,
2.1125e+07,
2.12582e+07,
2.13817e+07,
2.15015e+07,
2.16205e+07,
2.17465e+07,
2.18926e+07,
2.20229e+07,
2.21502e+07,
2.2278e+07,
2.24081e+07,
2.25314e+07,
2.2653e+07,
2.27769e+07,
2.29075e+07,
2.30649e+07,
2.32884e+07,
2.34456e+07,
2.3597e+07,
2.37552e+07,
2.39152e+07,
2.40588e+07,
2.41978e+07,
2.43374e+07,
2.44791e+07,
2.46442e+07,
2.48691e+07,
2.50419e+07,
2.52103e+07,
2.53843e+07,
2.55411e+07,
2.56923e+07,
2.58401e+07,
2.59864e+07,
2.61382e+07,
2.63187e+07,
2.65571e+07,
2.67467e+07,
2.69332e+07,
2.71001e+07,
2.7252e+07,
2.73992e+07,
2.75429e+07,
2.76847e+07,
2.78253e+07,
2.79819e+07,
2.81892e+07,
2.83631e+07,
2.85315e+07,
2.86814e+07,
2.88218e+07,
2.89577e+07,
2.90915e+07,
2.92241e+07,
2.93582e+07,
2.95051e+07,
2.97009e+07,
2.98688e+07,
3.00181e+07,
3.01558e+07,
3.02875e+07,
3.04182e+07,
3.05468e+07,
3.06745e+07,
3.08017e+07,
478966,
478579,
478239,
477934,
477625,
477317,
476950,
476616,
476335,
475999,
475712,
475410,
475207,
475038,
474788,
474554,
474323,
474133,
473940,
473696,
473412,
473184,
472897,
472619,
472417,
472226,
472029,
471842,
471613,
471467,
471305,
471080,
470863,
470599,
470400,
470119,
469912,
469612,
469392,
469241,
469083,
468851,
468612,
468391,
468260,
468027,
467778,
467571,
467346,
467111,
466956,
466703,
466393,
466213,
465870,
465623,
465427,
465173,
464948,
464667,
464478,
464279,
464145,
463918,
463728,
463528,
463349,
463197,
463052,
462812,
462680,
462567,
462498,
462435,
462330,
462352,
462276,
462267,
462265,
462212,
462160,
462085,
462093,
462058,
462043,
461963,
461908,
461851,
461831,
461760,
461720,
461740,
461748,
461716,
461734,
461768,
461713,
461697,
461719,
461662,
461576,
461601,
461536,
461514,
461541,
461574,
461602,
461598,
461560,
461545,
461539,
461576,
461569,
461537,
461554,
461519,
461514,
461461,
461483,
461455,
461371,
461367,
461334,
461362,
461401,
461449,
461521,
461558,
461579,
461628,
461671,
461658,
461651,
461756,
461880,
461903,
461952,
462021,
462095,
462170,
462075,
462107,
462199,
462316,
462385,
462473,
462536,
462671,
462704,
462700,
462760,
462820,
462923,
462964,
463082,
463216,
463208,
463260,
463380,
463441,
463507,
463635,
463741,
463857,
464013,
464078,
464215,
464276,
464357,
464440,
464503,
464608,
464760,
464821,
464962,
465070,
465194,
465282,
465395,
465572,
465684,
465778,
465899,
466279,
467345,
468550,
469708,
470938,
472114,
473282,
474391,
475455,
476825,
478023,
479176,
480332,
481654,
483021,
484175,
485311,
486479,
487615,
488864,
490324,
491589,
492735,
493878,
494944,
496272,
497565,
498938,
500452,
502034,
503569,
505055,
506679,
508094,
509552,
510860,
512320,
513726,
515167,
516476,
518005,
519404,
520930,
522483,
524035,
525567,
527133,
528705,
530096,
531602,
533075,
534853,
536562,
538271,
539932,
541670,
543302,
544988,
546714,
548473,
550294,
551939,
553642,
555577,
557369,
559134,
560989,
562801,
564525,
566342,
568075,
569791,
571698,
573560,
575409,
577306,
579249,
581147,
583216,
585080,
587085,
589142,
590971,
592894,
595058,
597099,
599216,
601399,
603637,
605769,
607827,
609889,
612088,
614155,
616448,
618574,
620511,
622767,
624932,
627131,
629259,
631508,
633794,
636121,
638494,
640906,
643288,
645495,
647946,
650176,
652544,
655069,
657559,
659942,
662327,
664722,
667297,
669764,
672218,
674682,
677205,
679686,
682115,
684649,
687315,
689970,
692693,
695301,
697943,
700277,
703054,
705864,
708645,
711461,
714288,
717277,
720275,
723045,
725996,
728905,
731806,
734611,
737679,
740504,
743506,
746592,
749473,
752379,
755432,
758445,
761553,
764490,
767513,
770788,
773805,
776745,
779942,
782982,
786029,
789182,
792519,
795864,
799222,
802653,
806098,
809414,
812869,
816152,
819544,
822943,
826286,
829876,
833307,
836711,
840092,
843289,
846725,
850174,
853744,
857240,
860863,
864142,
867557,
871017,
874698,
878318,
882104,
885993,
889871,
893819,
897967,
901693,
905638,
909619,
913585,
917447,
921306,
925312,
929154,
933103,
936948,
940911,
945282,
949748,
954113,
958675,
963217,
967429,
971645,
976127,
980810,
985065,
989517,
994025,
998501,
1.00328e+06,
1.00806e+06,
1.01279e+06,
1.01764e+06,
1.02274e+06,
1.02762e+06,
1.03244e+06,
1.03757e+06,
1.04246e+06,
1.04746e+06,
1.05237e+06,
1.05742e+06,
1.06243e+06,
1.06744e+06,
1.07242e+06,
1.07746e+06,
1.08268e+06,
1.08775e+06,
1.09306e+06,
1.09814e+06,
1.10356e+06,
1.10895e+06,
1.11427e+06,
1.11946e+06,
1.1248e+06,
1.13025e+06,
1.13589e+06,
1.14144e+06,
1.1473e+06,
1.15324e+06,
1.15898e+06,
1.16478e+06,
1.17062e+06,
1.17667e+06,
1.1827e+06,
1.1886e+06,
1.19459e+06,
1.20062e+06,
1.20684e+06,
1.21306e+06,
1.21947e+06,
1.22579e+06,
1.23216e+06,
1.23863e+06,
1.24513e+06,
1.2517e+06,
1.25816e+06,
1.26503e+06,
1.27168e+06,
1.27842e+06,
1.28519e+06,
1.29187e+06,
1.2986e+06,
1.30567e+06,
1.3125e+06,
1.3195e+06,
1.32652e+06,
1.33348e+06,
1.34098e+06,
1.34821e+06,
1.35543e+06,
1.36298e+06,
1.37026e+06,
1.3778e+06,
1.38534e+06,
1.39308e+06,
1.40085e+06,
1.40856e+06,
1.41632e+06,
1.42413e+06,
1.4321e+06,
1.44009e+06,
1.44806e+06,
1.45626e+06,
1.46463e+06,
1.473e+06,
1.48156e+06,
1.48999e+06,
1.4986e+06,
1.50748e+06,
1.51638e+06,
1.5251e+06,
1.53382e+06,
1.54255e+06,
1.5513e+06,
1.56004e+06,
1.56914e+06,
1.57832e+06,
1.58766e+06,
1.59694e+06,
1.60599e+06,
1.61547e+06,
1.62452e+06,
1.6338e+06,
1.6432e+06,
1.65296e+06,
1.66276e+06,
1.67252e+06,
1.68232e+06,
1.69252e+06,
1.70264e+06,
1.71265e+06,
1.72272e+06,
1.73293e+06,
1.74332e+06,
1.75379e+06,
1.76442e+06,
1.7751e+06,
1.78629e+06,
1.79743e+06,
1.80855e+06,
1.81961e+06,
1.83091e+06,
1.84217e+06,
1.854e+06,
1.866e+06,
1.878e+06,
1.8899e+06,
1.90219e+06,
1.91447e+06,
1.92685e+06,
1.93922e+06,
1.95188e+06,
1.96462e+06,
1.97792e+06,
1.99085e+06,
2.00422e+06,
2.01792e+06,
2.0316e+06,
2.04483e+06,
2.05845e+06,
2.07265e+06,
2.08658e+06,
2.1012e+06,
2.11563e+06,
2.13047e+06,
2.14498e+06,
2.16005e+06,
2.17535e+06,
2.19117e+06,
2.20683e+06,
2.22294e+06,
2.23869e+06,
2.25526e+06,
2.27191e+06,
2.28881e+06,
2.30638e+06,
2.32494e+06,
2.34298e+06,
2.36112e+06,
2.37923e+06,
2.39808e+06,
2.41658e+06,
2.43549e+06,
2.45505e+06,
2.47526e+06,
2.4952e+06,
2.51553e+06,
2.53625e+06,
2.55677e+06,
2.57872e+06,
2.59994e+06,
2.62156e+06,
2.64332e+06,
2.66625e+06,
2.68877e+06,
2.71227e+06,
2.73627e+06,
2.76051e+06,
2.78526e+06,
2.81018e+06,
2.8353e+06,
2.86169e+06,
2.88787e+06,
2.91529e+06,
2.94301e+06,
2.97147e+06,
3.00035e+06,
3.03048e+06,
3.06121e+06,
3.09233e+06,
3.12401e+06,
3.15641e+06,
3.19059e+06,
3.2256e+06,
3.26245e+06,
3.29955e+06,
3.33789e+06,
3.37803e+06,
3.41943e+06,
3.46194e+06,
3.5071e+06,
3.55351e+06,
3.60494e+06,
3.65975e+06,
3.71772e+06,
3.78015e+06,
3.84623e+06,
3.91664e+06,
3.99271e+06,
4.07768e+06,
4.17823e+06,
4.31961e+06,
4.63792e+06,
4.82645e+06,
4.95421e+06,
5.06889e+06,
5.17808e+06,
5.28193e+06,
5.38175e+06,
5.48169e+06,
5.58269e+06,
5.68673e+06,
5.82029e+06,
5.93386e+06,
6.03345e+06,
6.13434e+06,
6.23251e+06,
6.33196e+06,
6.43235e+06,
6.53379e+06,
6.63856e+06,
6.75042e+06,
6.91434e+06,
7.06097e+06,
7.19531e+06,
7.33404e+06,
7.47402e+06,
7.61901e+06,
7.7735e+06,
7.9412e+06,
8.14069e+06,
8.35883e+06,
8.56813e+06,
8.74835e+06,
8.90843e+06,
9.06562e+06,
9.18424e+06,
9.30003e+06,
9.4217e+06,
9.53863e+06,
9.65232e+06,
9.77285e+06,
9.92127e+06,
1.00559e+07,
1.01715e+07,
1.0287e+07,
1.04048e+07,
1.05159e+07,
1.06272e+07,
1.07391e+07,
1.08524e+07,
1.097e+07,
1.11119e+07,
1.12473e+07,
1.1363e+07,
1.1475e+07,
1.15821e+07,
1.16911e+07,
1.1799e+07,
1.19083e+07,
1.20209e+07,
1.21404e+07,
1.2278e+07,
1.24099e+07,
1.25207e+07,
1.26292e+07,
1.27365e+07,
1.28451e+07,
1.29544e+07,
1.30708e+07,
1.31825e+07,
1.32954e+07,
1.34303e+07,
1.35651e+07,
1.36762e+07,
1.37857e+07,
1.38962e+07,
1.40126e+07,
1.41227e+07,
1.42291e+07,
1.43373e+07,
1.44513e+07,
1.45866e+07,
1.47255e+07,
1.48481e+07,
1.49681e+07,
1.50885e+07,
1.52e+07,
1.53109e+07,
1.54229e+07,
1.55376e+07,
1.56628e+07,
1.58267e+07,
1.59961e+07,
1.61427e+07,
1.62733e+07,
1.63925e+07,
1.65091e+07,
1.66251e+07,
1.67437e+07,
1.68667e+07,
1.6996e+07,
1.71572e+07,
1.732e+07,
1.74581e+07,
1.75857e+07,
1.77066e+07,
1.78249e+07,
1.79441e+07,
1.80655e+07,
1.81938e+07,
1.83361e+07,
1.85069e+07,
1.86712e+07,
1.88075e+07,
1.89382e+07,
1.90663e+07,
1.91918e+07,
1.93185e+07,
1.94502e+07,
1.95905e+07,
1.97287e+07,
1.9892e+07,
2.00498e+07,
2.01874e+07,
2.03198e+07,
2.04516e+07,
2.05836e+07,
2.07192e+07,
2.08537e+07,
2.09834e+07,
2.11192e+07,
2.12827e+07,
2.14433e+07,
2.15865e+07,
2.17236e+07,
2.186e+07,
2.20001e+07,
2.21403e+07,
2.22727e+07,
2.24017e+07,
2.2534e+07,
2.26788e+07,
2.2824e+07,
2.29601e+07,
2.30951e+07,
2.32318e+07,
2.33702e+07,
2.35063e+07,
2.36446e+07,
2.37886e+07,
2.39462e+07,
2.41695e+07,
2.43621e+07,
2.45381e+07,
2.4711e+07,
2.48969e+07,
2.50692e+07,
2.52323e+07,
2.53897e+07,
2.55462e+07,
2.57133e+07,
2.59263e+07,
2.61323e+07,
2.63165e+07,
2.64976e+07,
2.66582e+07,
2.68114e+07,
2.69616e+07,
2.71128e+07,
2.7265e+07,
2.74264e+07,
2.76297e+07,
2.78251e+07,
2.80082e+07,
2.81736e+07,
2.8329e+07,
2.84775e+07,
2.86219e+07,
2.87662e+07,
2.89089e+07,
2.90613e+07,
2.92532e+07,
2.94394e+07,
2.96114e+07,
2.97638e+07,
2.99081e+07,
3.00477e+07,
3.01852e+07,
3.03211e+07,
3.04556e+07,
3.05985e+07,
3.07779e+07,
3.09576e+07,
3.11135e+07,
3.12587e+07,
3.13971e+07,
3.15307e+07,
3.16613e+07,
3.17904e+07,
3.19175e+07,
478966,
478575,
478265,
477957,
477627,
477339,
476973,
476657,
476345,
476049,
475732,
475450,
475248,
475009,
474782,
474583,
474421,
474164,
473954,
473721,
473441,
473192,
472888,
472628,
472388,
472250,
472043,
471958,
471762,
471593,
471313,
471061,
470882,
470640,
470469,
470231,
469973,
469724,
469488,
469334,
469181,
468947,
468762,
468549,
468321,
468114,
467874,
467628,
467446,
467257,
467058,
466743,
466482,
466151,
465876,
465687,
465474,
465207,
465071,
464807,
464492,
464272,
464042,
463754,
463523,
463233,
462943,
462726,
462474,
462252,
462157,
462000,
461920,
461920,
461896,
461887,
461875,
461945,
461947,
461900,
461844,
461813,
461771,
461775,
461694,
461699,
461615,
461560,
461579,
461538,
461502,
461449,
461439,
461416,
461362,
461278,
461285,
461273,
461284,
461327,
461244,
461198,
461186,
461197,
461290,
461367,
461364,
461377,
461387,
461410,
461335,
461341,
461303,
461282,
461263,
461231,
461193,
461234,
461273,
461247,
461320,
461344,
461390,
461390,
461428,
461445,
461488,
461461,
461552,
461586,
461607,
461651,
461735,
461797,
461830,
461820,
461931,
461982,
462027,
462102,
462105,
462102,
462100,
462192,
462274,
462392,
462435,
462528,
462533,
462591,
462618,
462612,
462621,
462645,
462699,
462782,
462885,
462925,
463001,
463042,
463095,
463201,
463314,
463438,
463521,
463530,
463601,
463690,
463806,
463912,
464057,
464162,
464326,
464419,
464555,
464656,
464711,
464818,
464919,
465008,
465236,
465704,
466837,
467970,
469112,
470347,
471542,
472813,
473894,
475121,
476347,
477391,
478517,
479795,
481157,
482427,
483711,
484905,
486042,
487196,
488478,
489770,
490945,
492275,
493512,
494676,
495991,
497437,
498791,
500295,
501907,
503356,
504869,
506256,
507672,
509216,
510708,
512219,
513626,
515161,
516574,
517987,
519361,
520902,
522438,
524105,
525691,
527178,
528658,
530105,
531674,
533284,
534931,
536644,
538304,
539993,
541770,
543664,
545307,
547135,
548718,
550578,
552325,
554213,
555839,
557686,
559391,
561220,
562980,
564786,
566619,
568466,
570381,
572224,
574028,
575737,
577595,
579679,
581585,
583633,
585577,
587723,
589741,
591759,
593730,
595911,
598055,
600192,
602358,
604394,
606623,
608656,
610823,
612779,
614960,
617105,
619325,
621667,
624128,
626232,
628463,
630703,
632816,
635147,
637589,
639989,
642339,
644720,
647005,
649435,
651701,
654012,
656533,
658994,
661398,
663928,
666529,
668999,
671618,
674278,
676728,
679266,
681770,
684334,
686892,
689511,
692163,
694655,
697404,
700043,
702511,
705457,
708387,
711181,
714081,
716820,
719717,
722513,
725426,
728334,
731030,
734115,
737037,
740145,
743127,
746147,
749286,
752458,
755580,
758670,
761605,
764578,
767753,
770823,
774129,
777208,
780495,
783560,
786684,
789912,
793148,
796357,
799660,
802895,
806134,
809354,
812757,
816108,
819489,
822888,
826205,
829590,
833040,
836567,
839761,
843166,
846439,
850090,
853450,
857082,
860504,
864079,
867688,
871298,
875025,
878665,
882491,
886074,
889984,
893732,
897647,
901666,
905593,
909494,
913397,
917358,
921404,
925872,
930199,
934469,
938718,
942992,
947408,
951679,
955912,
960247,
964589,
968958,
973582,
978211,
982687,
987078,
991479,
995943,
1.00067e+06,
1.00558e+06,
1.01026e+06,
1.01519e+06,
1.01993e+06,
1.02478e+06,
1.02968e+06,
1.03462e+06,
1.03983e+06,
1.04478e+06,
1.04973e+06,
1.05472e+06,
1.0598e+06,
1.0649e+06,
1.06974e+06,
1.07476e+06,
1.07981e+06,
1.08489e+06,
1.0901e+06,
1.09555e+06,
1.10069e+06,
1.10608e+06,
1.11139e+06,
1.11682e+06,
1.1224e+06,
1.12761e+06,
1.13288e+06,
1.13828e+06,
1.14363e+06,
1.14922e+06,
1.15495e+06,
1.16082e+06,
1.16675e+06,
1.17271e+06,
1.17859e+06,
1.18459e+06,
1.1908e+06,
1.19677e+06,
1.2029e+06,
1.20886e+06,
1.21526e+06,
1.22164e+06,
1.22786e+06,
1.23431e+06,
1.24053e+06,
1.24699e+06,
1.25349e+06,
1.25984e+06,
1.26624e+06,
1.27266e+06,
1.27934e+06,
1.28595e+06,
1.29294e+06,
1.29952e+06,
1.3064e+06,
1.31325e+06,
1.32036e+06,
1.32738e+06,
1.33459e+06,
1.34162e+06,
1.34873e+06,
1.35605e+06,
1.36333e+06,
1.37099e+06,
1.37844e+06,
1.38586e+06,
1.39353e+06,
1.40092e+06,
1.40901e+06,
1.417e+06,
1.42492e+06,
1.43288e+06,
1.44111e+06,
1.44906e+06,
1.45753e+06,
1.46535e+06,
1.47361e+06,
1.48195e+06,
1.49032e+06,
1.49897e+06,
1.50741e+06,
1.51587e+06,
1.52423e+06,
1.53318e+06,
1.54207e+06,
1.55097e+06,
1.56017e+06,
1.56906e+06,
1.57824e+06,
1.58768e+06,
1.59712e+06,
1.60658e+06,
1.61601e+06,
1.62534e+06,
1.63489e+06,
1.64419e+06,
1.65354e+06,
1.66272e+06,
1.67225e+06,
1.68209e+06,
1.69226e+06,
1.70239e+06,
1.71214e+06,
1.7223e+06,
1.73263e+06,
1.74296e+06,
1.75339e+06,
1.76387e+06,
1.77455e+06,
1.78526e+06,
1.79604e+06,
1.80717e+06,
1.81827e+06,
1.82927e+06,
1.84076e+06,
1.85211e+06,
1.86394e+06,
1.87544e+06,
1.88751e+06,
1.89967e+06,
1.91188e+06,
1.92416e+06,
1.93671e+06,
1.94923e+06,
1.96184e+06,
1.97494e+06,
1.98775e+06,
2.00072e+06,
2.01394e+06,
2.02754e+06,
2.04107e+06,
2.0547e+06,
2.06833e+06,
2.08248e+06,
2.09669e+06,
2.11139e+06,
2.12567e+06,
2.14011e+06,
2.15496e+06,
2.16958e+06,
2.18489e+06,
2.20017e+06,
2.21542e+06,
2.23127e+06,
2.24719e+06,
2.26365e+06,
2.28021e+06,
2.29688e+06,
2.31394e+06,
2.33149e+06,
2.34895e+06,
2.36696e+06,
2.38563e+06,
2.40418e+06,
2.42292e+06,
2.44191e+06,
2.461e+06,
2.48004e+06,
2.50017e+06,
2.52059e+06,
2.54074e+06,
2.56135e+06,
2.58212e+06,
2.60344e+06,
2.62473e+06,
2.64623e+06,
2.6682e+06,
2.69075e+06,
2.71345e+06,
2.73632e+06,
2.75972e+06,
2.78381e+06,
2.80824e+06,
2.83349e+06,
2.85835e+06,
2.88373e+06,
2.90986e+06,
2.93659e+06,
2.96411e+06,
2.99192e+06,
3.02062e+06,
3.04972e+06,
3.07916e+06,
3.11041e+06,
3.14234e+06,
3.17448e+06,
3.20687e+06,
3.24027e+06,
3.27467e+06,
3.31101e+06,
3.34846e+06,
3.38646e+06,
3.42545e+06,
3.46634e+06,
3.5088e+06,
3.55277e+06,
3.59922e+06,
3.64932e+06,
3.70255e+06,
3.75888e+06,
3.81801e+06,
3.88202e+06,
3.95025e+06,
4.02504e+06,
4.10618e+06,
4.19874e+06,
4.3171e+06,
4.51869e+06,
4.76489e+06,
5.02001e+06,
5.14674e+06,
5.26019e+06,
5.36756e+06,
5.47246e+06,
5.57102e+06,
5.67101e+06,
5.77598e+06,
5.88913e+06,
6.01034e+06,
6.13756e+06,
6.2373e+06,
6.33832e+06,
6.43803e+06,
6.53835e+06,
6.64084e+06,
6.74388e+06,
6.86053e+06,
7.00131e+06,
7.15419e+06,
7.31587e+06,
7.45224e+06,
7.59122e+06,
7.73213e+06,
7.88243e+06,
8.04006e+06,
8.20945e+06,
8.41916e+06,
8.63284e+06,
8.82418e+06,
9.01711e+06,
9.17963e+06,
9.33436e+06,
9.48701e+06,
9.63789e+06,
9.78557e+06,
9.90179e+06,
1.00204e+07,
1.01513e+07,
1.0285e+07,
1.04305e+07,
1.05555e+07,
1.06801e+07,
1.08029e+07,
1.09155e+07,
1.10278e+07,
1.11386e+07,
1.12537e+07,
1.13816e+07,
1.15141e+07,
1.16642e+07,
1.17948e+07,
1.19088e+07,
1.20178e+07,
1.2126e+07,
1.22351e+07,
1.23456e+07,
1.24636e+07,
1.25967e+07,
1.27288e+07,
1.28663e+07,
1.29855e+07,
1.30998e+07,
1.32086e+07,
1.33193e+07,
1.34344e+07,
1.35551e+07,
1.36717e+07,
1.37982e+07,
1.39268e+07,
1.40596e+07,
1.418e+07,
1.42984e+07,
1.44147e+07,
1.45324e+07,
1.46456e+07,
1.47588e+07,
1.48738e+07,
1.5e+07,
1.51293e+07,
1.52685e+07,
1.53969e+07,
1.55271e+07,
1.56499e+07,
1.57692e+07,
1.58846e+07,
1.6005e+07,
1.61288e+07,
1.6272e+07,
1.64217e+07,
1.65906e+07,
1.67376e+07,
1.68752e+07,
1.70066e+07,
1.71392e+07,
1.72688e+07,
1.73916e+07,
1.75192e+07,
1.76634e+07,
1.78194e+07,
1.79747e+07,
1.81148e+07,
1.82507e+07,
1.83841e+07,
1.85148e+07,
1.86418e+07,
1.87719e+07,
1.89119e+07,
1.90664e+07,
1.92243e+07,
1.9388e+07,
1.95376e+07,
1.96817e+07,
1.98212e+07,
1.99577e+07,
2.00941e+07,
2.02404e+07,
2.0383e+07,
2.05364e+07,
2.06905e+07,
2.08528e+07,
2.10025e+07,
2.11474e+07,
2.12883e+07,
2.14292e+07,
2.15761e+07,
2.17174e+07,
2.18624e+07,
2.20221e+07,
2.21847e+07,
2.23528e+07,
2.25101e+07,
2.26631e+07,
2.28142e+07,
2.29697e+07,
2.31174e+07,
2.32658e+07,
2.34173e+07,
2.35879e+07,
2.37604e+07,
2.39281e+07,
2.40853e+07,
2.42373e+07,
2.43885e+07,
2.45336e+07,
2.46779e+07,
2.48252e+07,
2.49827e+07,
2.51746e+07,
2.5383e+07,
2.55749e+07,
2.5759e+07,
2.59415e+07,
2.61049e+07,
2.62576e+07,
2.64076e+07,
2.65592e+07,
2.6718e+07,
2.69043e+07,
2.70934e+07,
2.72907e+07,
2.74844e+07,
2.76565e+07,
2.78203e+07,
2.79741e+07,
2.81238e+07,
2.82726e+07,
2.84275e+07,
2.86082e+07,
2.87941e+07,
2.899e+07,
2.9167e+07,
2.93274e+07,
2.9482e+07,
2.96322e+07,
2.97815e+07,
2.99297e+07,
3.00824e+07,
3.02587e+07,
3.04389e+07,
3.0624e+07,
3.07868e+07,
3.09374e+07,
3.10808e+07,
3.1221e+07,
3.13611e+07,
3.15026e+07,
3.1648e+07,
3.18175e+07,
3.1994e+07,
3.21603e+07,
3.23116e+07,
3.2453e+07,
3.25901e+07,
3.27239e+07,
3.28556e+07,
3.29896e+07,
478966,
478572,
478277,
477983,
477660,
477374,
477026,
476720,
476428,
476125,
475803,
475506,
475265,
475036,
474773,
474644,
474488,
474247,
473995,
473729,
473477,
473248,
472955,
472700,
472478,
472291,
472145,
472051,
471867,
471711,
471440,
471229,
471026,
470751,
470502,
470277,
470016,
469761,
469579,
469434,
469297,
469030,
468882,
468598,
468412,
468233,
467994,
467729,
467508,
467242,
467064,
466866,
466567,
466226,
465959,
465730,
465474,
465259,
465018,
464792,
464596,
464285,
464038,
463775,
463530,
463254,
462981,
462671,
462451,
462267,
462025,
461938,
461845,
461753,
461699,
461612,
461599,
461531,
461459,
461422,
461451,
461513,
461484,
461460,
461446,
461433,
461394,
461406,
461282,
461221,
461245,
461273,
461280,
461271,
461244,
461227,
461210,
461208,
461192,
461157,
461106,
461084,
461131,
461131,
461121,
461143,
461156,
461147,
461096,
461127,
461066,
461045,
460997,
460980,
460967,
460987,
460991,
461025,
461026,
461091,
461109,
461168,
461144,
461129,
461248,
461275,
461298,
461339,
461347,
461454,
461505,
461535,
461664,
461737,
461759,
461848,
461771,
461796,
461809,
461820,
461809,
461869,
461918,
462017,
462179,
462258,
462294,
462355,
462433,
462460,
462448,
462406,
462490,
462530,
462632,
462616,
462645,
462770,
462801,
462847,
462947,
463027,
463123,
463187,
463262,
463361,
463393,
463534,
463611,
463658,
463730,
463826,
463911,
463995,
464112,
464259,
464320,
464429,
464486,
464781,
465973,
467157,
468295,
469516,
470761,
471910,
472954,
474315,
475536,
476706,
478029,
479205,
480443,
481761,
482903,
484118,
485245,
486425,
487572,
488943,
490190,
491596,
492812,
494202,
495532,
496915,
498608,
500098,
501545,
502992,
504371,
505756,
507216,
508670,
510360,
511960,
513556,
515050,
516484,
517906,
519406,
520839,
522263,
523860,
525250,
526951,
528395,
530063,
531540,
533188,
534840,
536415,
538136,
539890,
541643,
543448,
545248,
546999,
548753,
550693,
552464,
554183,
555876,
557597,
559274,
561045,
562982,
564949,
566823,
568693,
570513,
572437,
574213,
575885,
577766,
579933,
582058,
584150,
586301,
588320,
590326,
592396,
594592,
596649,
598750,
600764,
602884,
605012,
607253,
609448,
611455,
613712,
615961,
618135,
620389,
622690,
624872,
627146,
629255,
631546,
633966,
636234,
638537,
641004,
643449,
645807,
648211,
650649,
653015,
655466,
657977,
660372,
663078,
665549,
668178,
670721,
673304,
675948,
678691,
681147,
683642,
686046,
688643,
691333,
693939,
696658,
699323,
702052,
704773,
707532,
710200,
713003,
715765,
718653,
721551,
724442,
727407,
730347,
733631,
736826,
739996,
742967,
746103,
749056,
752146,
755135,
758004,
761134,
764245,
767271,
770363,
773439,
776472,
779626,
782805,
785855,
788979,
792314,
795590,
798965,
802182,
805500,
808691,
811990,
815274,
818537,
821888,
825326,
828810,
832243,
835594,
838827,
842286,
845667,
849166,
852810,
856368,
860049,
863712,
867576,
870964,
874416,
878076,
881911,
885617,
889437,
893145,
896765,
900607,
904806,
909057,
913491,
917939,
922255,
926668,
931170,
935369,
939792,
944185,
948626,
952863,
957325,
961589,
966073,
970540,
975026,
979517,
984281,
988888,
993347,
997884,
1.0028e+06,
1.00765e+06,
1.01269e+06,
1.01745e+06,
1.0222e+06,
1.02705e+06,
1.03189e+06,
1.03665e+06,
1.04153e+06,
1.0463e+06,
1.05114e+06,
1.05604e+06,
1.06116e+06,
1.06621e+06,
1.07128e+06,
1.07663e+06,
1.08184e+06,
1.08693e+06,
1.09229e+06,
1.0975e+06,
1.10252e+06,
1.10777e+06,
1.11328e+06,
1.1188e+06,
1.12429e+06,
1.12958e+06,
1.13496e+06,
1.14044e+06,
1.14586e+06,
1.15164e+06,
1.15752e+06,
1.16341e+06,
1.16919e+06,
1.175e+06,
1.18103e+06,
1.18717e+06,
1.19314e+06,
1.19917e+06,
1.20509e+06,
1.21103e+06,
1.2171e+06,
1.22337e+06,
1.22966e+06,
1.23572e+06,
1.24209e+06,
1.24862e+06,
1.25489e+06,
1.26145e+06,
1.2679e+06,
1.27449e+06,
1.28097e+06,
1.28765e+06,
1.29409e+06,
1.30104e+06,
1.3078e+06,
1.31452e+06,
1.32137e+06,
1.32823e+06,
1.33521e+06,
1.34226e+06,
1.34948e+06,
1.35658e+06,
1.36376e+06,
1.37086e+06,
1.37822e+06,
1.38548e+06,
1.39303e+06,
1.40051e+06,
1.40819e+06,
1.4159e+06,
1.42338e+06,
1.43125e+06,
1.4394e+06,
1.44737e+06,
1.45525e+06,
1.46338e+06,
1.47161e+06,
1.47966e+06,
1.48791e+06,
1.49633e+06,
1.50459e+06,
1.51335e+06,
1.52216e+06,
1.53119e+06,
1.54017e+06,
1.54902e+06,
1.55817e+06,
1.56763e+06,
1.57684e+06,
1.586e+06,
1.59506e+06,
1.60486e+06,
1.61483e+06,
1.62451e+06,
1.63383e+06,
1.64314e+06,
1.6525e+06,
1.66221e+06,
1.67189e+06,
1.68175e+06,
1.69124e+06,
1.7012e+06,
1.71119e+06,
1.72121e+06,
1.73147e+06,
1.74154e+06,
1.75171e+06,
1.76223e+06,
1.77271e+06,
1.78319e+06,
1.79384e+06,
1.8046e+06,
1.81581e+06,
1.8266e+06,
1.83801e+06,
1.84934e+06,
1.86073e+06,
1.87258e+06,
1.88434e+06,
1.89642e+06,
1.9085e+06,
1.92077e+06,
1.93305e+06,
1.94557e+06,
1.95818e+06,
1.9709e+06,
1.98401e+06,
1.99704e+06,
2.01005e+06,
2.02279e+06,
2.03607e+06,
2.04933e+06,
2.06303e+06,
2.07682e+06,
2.09089e+06,
2.10499e+06,
2.11891e+06,
2.13306e+06,
2.14727e+06,
2.16173e+06,
2.17638e+06,
2.19131e+06,
2.20655e+06,
2.22167e+06,
2.23767e+06,
2.25363e+06,
2.26955e+06,
2.28601e+06,
2.30267e+06,
2.31918e+06,
2.33614e+06,
2.35313e+06,
2.37102e+06,
2.38871e+06,
2.40664e+06,
2.4251e+06,
2.44438e+06,
2.46332e+06,
2.48223e+06,
2.50178e+06,
2.52162e+06,
2.54141e+06,
2.56197e+06,
2.58241e+06,
2.60353e+06,
2.62463e+06,
2.64564e+06,
2.66706e+06,
2.68873e+06,
2.71116e+06,
2.73389e+06,
2.75709e+06,
2.78024e+06,
2.80342e+06,
2.82771e+06,
2.85271e+06,
2.87778e+06,
2.9034e+06,
2.92836e+06,
2.95423e+06,
2.98099e+06,
3.00796e+06,
3.03607e+06,
3.06514e+06,
3.09432e+06,
3.12403e+06,
3.15443e+06,
3.18575e+06,
3.21818e+06,
3.2515e+06,
3.2846e+06,
3.31874e+06,
3.35382e+06,
3.39004e+06,
3.4277e+06,
3.46648e+06,
3.50705e+06,
3.54821e+06,
3.59145e+06,
3.63648e+06,
3.68446e+06,
3.73593e+06,
3.7898e+06,
3.8466e+06,
3.90688e+06,
3.97143e+06,
4.0405e+06,
4.11576e+06,
4.19996e+06,
4.30349e+06,
4.46627e+06,
4.63376e+06,
4.82233e+06,
5.08087e+06,
5.30679e+06,
5.42274e+06,
5.531e+06,
5.63717e+06,
5.73944e+06,
5.8407e+06,
5.95283e+06,
6.0639e+06,
6.17588e+06,
6.29901e+06,
6.42178e+06,
6.52637e+06,
6.62991e+06,
6.73156e+06,
6.83462e+06,
6.95374e+06,
7.0886e+06,
7.22676e+06,
7.36834e+06,
7.52393e+06,
7.68106e+06,
7.83102e+06,
7.97779e+06,
8.12868e+06,
8.28946e+06,
8.46357e+06,
8.68417e+06,
8.88288e+06,
9.06552e+06,
9.24612e+06,
9.42337e+06,
9.58688e+06,
9.74137e+06,
9.89601e+06,
1.00514e+07,
1.02044e+07,
1.03613e+07,
1.05163e+07,
1.06446e+07,
1.07775e+07,
1.09188e+07,
1.1055e+07,
1.11833e+07,
1.13023e+07,
1.14194e+07,
1.15394e+07,
1.16622e+07,
1.17867e+07,
1.19175e+07,
1.20543e+07,
1.21917e+07,
1.23167e+07,
1.24395e+07,
1.25599e+07,
1.26769e+07,
1.27932e+07,
1.2921e+07,
1.30475e+07,
1.31729e+07,
1.33006e+07,
1.34323e+07,
1.35572e+07,
1.36809e+07,
1.38014e+07,
1.39254e+07,
1.40458e+07,
1.41697e+07,
1.42927e+07,
1.44176e+07,
1.45484e+07,
1.46834e+07,
1.48098e+07,
1.49366e+07,
1.50576e+07,
1.51764e+07,
1.52965e+07,
1.54242e+07,
1.55515e+07,
1.56811e+07,
1.58165e+07,
1.59625e+07,
1.60938e+07,
1.62207e+07,
1.63463e+07,
1.64716e+07,
1.6601e+07,
1.67459e+07,
1.68919e+07,
1.70399e+07,
1.71951e+07,
1.73542e+07,
1.74994e+07,
1.76396e+07,
1.77754e+07,
1.79115e+07,
1.80494e+07,
1.81982e+07,
1.83571e+07,
1.85093e+07,
1.86558e+07,
1.88075e+07,
1.89482e+07,
1.90875e+07,
1.92255e+07,
1.93648e+07,
1.95105e+07,
1.96715e+07,
1.98322e+07,
1.99894e+07,
2.01498e+07,
2.03126e+07,
2.0467e+07,
2.06188e+07,
2.07709e+07,
2.09292e+07,
2.10861e+07,
2.12517e+07,
2.14123e+07,
2.15727e+07,
2.17369e+07,
2.19088e+07,
2.20742e+07,
2.22403e+07,
2.24223e+07,
2.25953e+07,
2.2761e+07,
2.29324e+07,
2.30989e+07,
2.32655e+07,
2.34322e+07,
2.3603e+07,
2.37695e+07,
2.39362e+07,
2.40922e+07,
2.42441e+07,
2.43966e+07,
2.45515e+07,
2.47012e+07,
2.48512e+07,
2.5002e+07,
2.51565e+07,
2.53109e+07,
2.54605e+07,
2.56091e+07,
2.57584e+07,
2.5912e+07,
2.60881e+07,
2.62696e+07,
2.64627e+07,
2.66541e+07,
2.68442e+07,
2.70171e+07,
2.71829e+07,
2.73426e+07,
2.75017e+07,
2.76638e+07,
2.78393e+07,
2.80148e+07,
2.81952e+07,
2.83875e+07,
2.85712e+07,
2.87462e+07,
2.89098e+07,
2.90692e+07,
2.92267e+07,
2.93859e+07,
2.95592e+07,
2.97328e+07,
2.99158e+07,
3.00919e+07,
3.02614e+07,
3.04275e+07,
3.05865e+07,
3.07408e+07,
3.08931e+07,
3.10476e+07,
3.1218e+07,
3.13908e+07,
3.15687e+07,
3.17341e+07,
3.18948e+07,
3.20515e+07,
3.22028e+07,
3.23516e+07,
3.25003e+07,
3.26493e+07,
3.28133e+07,
3.2982e+07,
3.31425e+07,
3.32964e+07,
3.34474e+07,
3.35971e+07,
3.3739e+07,
3.38782e+07,
3.40179e+07,
478966,
478599,
478307,
477994,
477709,
477393,
477124,
476796,
476513,
476192,
475845,
475582,
475346,
475063,
474880,
474693,
474526,
474335,
474043,
473735,
473506,
473290,
473044,
472785,
472591,
472381,
472254,
472161,
471999,
471825,
471557,
471330,
471071,
470821,
470598,
470413,
470160,
469895,
469718,
469578,
469412,
469280,
469032,
468784,
468518,
468328,
468076,
467858,
467651,
467448,
467203,
466922,
466571,
466250,
465991,
465748,
465490,
465333,
465063,
464827,
464571,
464375,
464144,
463883,
463588,
463320,
463036,
462800,
462588,
462366,
462263,
462233,
462217,
462141,
461979,
461893,
461818,
461725,
461600,
461529,
461418,
461390,
461325,
461253,
461187,
461022,
460977,
460969,
460971,
460995,
460969,
461007,
461009,
461050,
461074,
461122,
461112,
461112,
461097,
461095,
461054,
461079,
461065,
461097,
461078,
461122,
461089,
461092,
461068,
461049,
461021,
460965,
460962,
461014,
460963,
460983,
460977,
461010,
461015,
461021,
460979,
460937,
460972,
460970,
461020,
461075,
461097,
461160,
461365,
461372,
461416,
461466,
461487,
461599,
461603,
461604,
461602,
461498,
461543,
461630,
461669,
461612,
461708,
461795,
461858,
461881,
461961,
462109,
462155,
462201,
462194,
462195,
462216,
462255,
462272,
462298,
462290,
462304,
462352,
462417,
462531,
462629,
462738,
462833,
462879,
462912,
463040,
463136,
463159,
463225,
463334,
463359,
463499,
463666,
463807,
463907,
463980,
464114,
465148,
466240,
467434,
468605,
469749,
470973,
472122,
473179,
474424,
475593,
476945,
478003,
479250,
480491,
481757,
482971,
484211,
485445,
486623,
487802,
489124,
490450,
491852,
493022,
494550,
496056,
497489,
499044,
500444,
501902,
503431,
504693,
506259,
507752,
509327,
510965,
512507,
514060,
515595,
517165,
518608,
520046,
521383,
522834,
524485,
526042,
527629,
529233,
530767,
532397,
534132,
535893,
537642,
539305,
541077,
542855,
544504,
546459,
548269,
550076,
551864,
553557,
555280,
557025,
558947,
560821,
562660,
564658,
566497,
568413,
570212,
572087,
574009,
575938,
577929,
580100,
582199,
584159,
586302,
588324,
590392,
592494,
594379,
596593,
598717,
600820,
603079,
605192,
607345,
609671,
611975,
614208,
616448,
618613,
620832,
623151,
625384,
627493,
629841,
632045,
634395,
636776,
639278,
641756,
644216,
646585,
649119,
651662,
654250,
656624,
659306,
661778,
664470,
667028,
669540,
672071,
674718,
677353,
679880,
682436,
684929,
687606,
690221,
692796,
695366,
697845,
700580,
703512,
706437,
709324,
712314,
714995,
717882,
720660,
723658,
726835,
729952,
732896,
735715,
738788,
741749,
744924,
747827,
750831,
753859,
756914,
759979,
763027,
766080,
769221,
772154,
775142,
778264,
781322,
784370,
787845,
791179,
794525,
797879,
801000,
804145,
807499,
810853,
814205,
817454,
820829,
824026,
827528,
830899,
834506,
838178,
841734,
845241,
848816,
852137,
855770,
859217,
862688,
866127,
869717,
873380,
877159,
880701,
884343,
888376,
892624,
896803,
901034,
905410,
909571,
913657,
918187,
922645,
927075,
931440,
936015,
940436,
944913,
949263,
953762,
958154,
962718,
967108,
971575,
976169,
980699,
985269,
989850,
994367,
999153,
1.00376e+06,
1.00846e+06,
1.01322e+06,
1.01773e+06,
1.02262e+06,
1.02745e+06,
1.03243e+06,
1.03742e+06,
1.04238e+06,
1.04734e+06,
1.05242e+06,
1.05745e+06,
1.06241e+06,
1.06737e+06,
1.0726e+06,
1.07778e+06,
1.08303e+06,
1.08827e+06,
1.09367e+06,
1.09901e+06,
1.10435e+06,
1.10946e+06,
1.11471e+06,
1.12001e+06,
1.12531e+06,
1.13085e+06,
1.13649e+06,
1.14191e+06,
1.14731e+06,
1.15301e+06,
1.15861e+06,
1.16454e+06,
1.17042e+06,
1.17626e+06,
1.18208e+06,
1.18806e+06,
1.19366e+06,
1.1998e+06,
1.20588e+06,
1.21194e+06,
1.21797e+06,
1.22419e+06,
1.23039e+06,
1.23651e+06,
1.24309e+06,
1.24949e+06,
1.25579e+06,
1.26247e+06,
1.26897e+06,
1.27561e+06,
1.28199e+06,
1.28842e+06,
1.29518e+06,
1.30191e+06,
1.30847e+06,
1.3151e+06,
1.3219e+06,
1.32876e+06,
1.33591e+06,
1.34274e+06,
1.34996e+06,
1.35699e+06,
1.36391e+06,
1.37115e+06,
1.3784e+06,
1.38604e+06,
1.39332e+06,
1.40082e+06,
1.40813e+06,
1.41552e+06,
1.42297e+06,
1.43068e+06,
1.43829e+06,
1.44622e+06,
1.45405e+06,
1.46194e+06,
1.47016e+06,
1.47817e+06,
1.48608e+06,
1.49401e+06,
1.50224e+06,
1.51046e+06,
1.51859e+06,
1.52689e+06,
1.5352e+06,
1.54365e+06,
1.55244e+06,
1.56158e+06,
1.57074e+06,
1.57988e+06,
1.58878e+06,
1.59802e+06,
1.60721e+06,
1.61637e+06,
1.6261e+06,
1.6359e+06,
1.64592e+06,
1.65623e+06,
1.6664e+06,
1.67653e+06,
1.68662e+06,
1.69657e+06,
1.70666e+06,
1.71634e+06,
1.72664e+06,
1.73688e+06,
1.74723e+06,
1.7581e+06,
1.76909e+06,
1.77974e+06,
1.79046e+06,
1.80142e+06,
1.81199e+06,
1.82325e+06,
1.83421e+06,
1.8458e+06,
1.85732e+06,
1.86884e+06,
1.8805e+06,
1.89228e+06,
1.90384e+06,
1.91576e+06,
1.92783e+06,
1.93992e+06,
1.95217e+06,
1.96462e+06,
1.97723e+06,
1.98991e+06,
2.00267e+06,
2.01573e+06,
2.02885e+06,
2.04206e+06,
2.05513e+06,
2.06829e+06,
2.08152e+06,
2.09544e+06,
2.10934e+06,
2.12351e+06,
2.13763e+06,
2.15222e+06,
2.16681e+06,
2.18131e+06,
2.19572e+06,
2.21057e+06,
2.22568e+06,
2.24109e+06,
2.25714e+06,
2.27314e+06,
2.28908e+06,
2.30532e+06,
2.32179e+06,
2.33829e+06,
2.35516e+06,
2.37203e+06,
2.3897e+06,
2.40709e+06,
2.42523e+06,
2.44354e+06,
2.46216e+06,
2.48116e+06,
2.50015e+06,
2.51965e+06,
2.53971e+06,
2.55977e+06,
2.57966e+06,
2.60026e+06,
2.62089e+06,
2.64165e+06,
2.66306e+06,
2.68489e+06,
2.70703e+06,
2.72874e+06,
2.75115e+06,
2.77378e+06,
2.79683e+06,
2.82075e+06,
2.84429e+06,
2.8683e+06,
2.89318e+06,
2.91815e+06,
2.94345e+06,
2.96969e+06,
2.99584e+06,
3.02282e+06,
3.04986e+06,
3.07767e+06,
3.10575e+06,
3.13556e+06,
3.16525e+06,
3.19484e+06,
3.22566e+06,
3.25742e+06,
3.28947e+06,
3.32255e+06,
3.35708e+06,
3.39175e+06,
3.4274e+06,
3.46398e+06,
3.50246e+06,
3.54262e+06,
3.58271e+06,
3.62523e+06,
3.66817e+06,
3.71459e+06,
3.76374e+06,
3.81552e+06,
3.86972e+06,
3.92597e+06,
3.98654e+06,
4.05082e+06,
4.12078e+06,
4.19699e+06,
4.28859e+06,
4.42937e+06,
4.56737e+06,
4.71252e+06,
4.86779e+06,
5.03962e+06,
5.24981e+06,
5.48491e+06,
5.65804e+06,
5.77869e+06,
5.88768e+06,
6.00107e+06,
6.1095e+06,
6.21896e+06,
6.33159e+06,
6.44251e+06,
6.55897e+06,
6.68373e+06,
6.79645e+06,
6.90924e+06,
7.03296e+06,
7.16479e+06,
7.29774e+06,
7.43227e+06,
7.57144e+06,
7.71536e+06,
7.86882e+06,
8.03491e+06,
8.19475e+06,
8.35807e+06,
8.52773e+06,
8.71476e+06,
8.93549e+06,
9.12409e+06,
9.30011e+06,
9.46989e+06,
9.63874e+06,
9.81271e+06,
9.9775e+06,
1.0143e+07,
1.03047e+07,
1.04653e+07,
1.06195e+07,
1.07733e+07,
1.09266e+07,
1.10842e+07,
1.12468e+07,
1.14118e+07,
1.1543e+07,
1.16703e+07,
1.17967e+07,
1.19279e+07,
1.20584e+07,
1.21868e+07,
1.23222e+07,
1.24548e+07,
1.2584e+07,
1.2719e+07,
1.2848e+07,
1.29735e+07,
1.31011e+07,
1.32349e+07,
1.33709e+07,
1.35028e+07,
1.36293e+07,
1.37542e+07,
1.38818e+07,
1.40156e+07,
1.41446e+07,
1.42753e+07,
1.4408e+07,
1.454e+07,
1.46717e+07,
1.48019e+07,
1.49285e+07,
1.50561e+07,
1.51871e+07,
1.53244e+07,
1.54597e+07,
1.55908e+07,
1.57223e+07,
1.5857e+07,
1.59884e+07,
1.61205e+07,
1.62545e+07,
1.63906e+07,
1.65328e+07,
1.66757e+07,
1.68152e+07,
1.69515e+07,
1.70892e+07,
1.72343e+07,
1.73788e+07,
1.75266e+07,
1.76809e+07,
1.78333e+07,
1.79868e+07,
1.81476e+07,
1.83058e+07,
1.84548e+07,
1.86011e+07,
1.8753e+07,
1.8916e+07,
1.90751e+07,
1.9231e+07,
1.93863e+07,
1.95412e+07,
1.97003e+07,
1.98617e+07,
2.00173e+07,
2.01751e+07,
2.03486e+07,
2.05177e+07,
2.06873e+07,
2.08597e+07,
2.10426e+07,
2.12331e+07,
2.14165e+07,
2.15987e+07,
2.1776e+07,
2.19494e+07,
2.21238e+07,
2.22922e+07,
2.24572e+07,
2.26204e+07,
2.27833e+07,
2.29484e+07,
2.31202e+07,
2.32993e+07,
2.34612e+07,
2.36199e+07,
2.37854e+07,
2.39474e+07,
2.41078e+07,
2.42673e+07,
2.44269e+07,
2.45895e+07,
2.47605e+07,
2.4928e+07,
2.50863e+07,
2.52411e+07,
2.53964e+07,
2.55491e+07,
2.57008e+07,
2.58527e+07,
2.60049e+07,
2.61606e+07,
2.63112e+07,
2.6463e+07,
2.66136e+07,
2.67681e+07,
2.69424e+07,
2.71164e+07,
2.72941e+07,
2.74791e+07,
2.76863e+07,
2.78693e+07,
2.80379e+07,
2.82034e+07,
2.83653e+07,
2.85282e+07,
2.87066e+07,
2.88843e+07,
2.90669e+07,
2.92595e+07,
2.94382e+07,
2.96095e+07,
2.97753e+07,
2.99453e+07,
3.01094e+07,
3.02728e+07,
3.04493e+07,
3.06255e+07,
3.08092e+07,
3.09863e+07,
3.11555e+07,
3.1319e+07,
3.14795e+07,
3.16405e+07,
3.18001e+07,
3.19581e+07,
3.21285e+07,
3.22955e+07,
3.24664e+07,
3.26255e+07,
3.27813e+07,
3.29341e+07,
3.30857e+07,
3.32384e+07,
3.33908e+07,
3.35413e+07,
3.3705e+07,
3.38733e+07,
3.40309e+07,
3.4182e+07,
3.43305e+07,
3.44764e+07,
3.46207e+07,
3.47628e+07,
3.49065e+07,
478966,
478625,
478327,
477988,
477715,
477445,
477173,
476850,
476558,
476244,
475969,
475688,
475443,
475224,
474975,
474749,
474600,
474359,
474099,
473833,
473580,
473359,
473097,
472886,
472732,
472512,
472376,
472222,
472114,
471918,
471690,
471483,
471234,
470987,
470786,
470540,
470292,
470088,
469904,
469711,
469551,
469337,
469151,
468851,
468657,
468428,
468150,
467918,
467820,
467563,
467383,
467073,
466712,
466406,
466124,
465988,
465746,
465446,
465217,
465003,
464761,
464554,
464215,
463982,
463688,
463411,
463145,
462860,
462685,
462600,
462557,
462509,
462437,
462353,
462300,
462210,
462145,
462028,
461955,
461851,
461832,
461752,
461698,
461615,
461527,
461424,
461377,
461389,
461247,
461154,
461154,
461148,
461131,
461130,
461072,
461007,
460984,
460995,
460951,
460876,
460862,
460804,
460841,
460897,
460896,
460957,
460921,
460937,
460944,
460898,
460935,
460954,
460949,
460905,
460899,
460918,
460916,
460936,
461003,
460965,
460963,
460944,
461022,
460964,
461015,
461099,
461089,
461216,
461289,
461344,
461280,
461376,
461502,
461506,
461531,
461541,
461562,
461589,
461600,
461565,
461596,
461663,
461716,
461769,
461781,
461872,
461961,
462082,
462117,
462135,
462070,
462013,
462042,
462060,
462156,
462193,
462233,
462276,
462291,
462365,
462403,
462493,
462600,
462624,
462741,
462778,
462840,
462908,
463021,
463034,
463091,
463108,
463267,
463405,
463428,
463538,
463950,
465164,
466231,
467425,
468513,
469596,
470932,
472094,
473359,
474509,
475805,
476945,
478169,
479522,
480727,
481950,
483254,
484447,
485637,
486828,
487965,
489238,
490503,
491841,
493323,
494738,
496257,
497790,
499189,
500726,
502037,
503718,
505102,
506615,
508240,
509772,
511528,
513093,
514670,
516108,
517570,
518990,
520588,
522130,
523656,
525107,
526650,
528024,
529674,
531524,
533198,
535010,
536723,
538575,
540272,
541966,
543795,
545546,
547324,
549126,
550924,
552709,
554463,
556283,
558229,
559967,
561892,
563794,
565621,
567585,
569393,
571156,
573134,
575054,
577095,
579240,
581282,
583535,
585545,
587732,
589974,
592003,
594070,
596215,
598382,
600470,
602625,
604945,
607069,
609618,
611835,
613903,
616217,
618400,
620621,
622895,
625219,
627491,
629827,
632157,
634484,
636946,
639646,
642139,
644719,
647269,
649737,
652281,
654865,
657535,
660009,
662549,
665065,
667430,
669989,
672634,
675200,
677767,
680434,
682932,
685681,
688358,
691093,
693684,
696335,
699017,
701886,
704650,
707635,
710436,
713422,
716475,
719427,
722273,
725213,
728242,
731119,
734014,
737106,
740003,
743074,
746318,
749223,
752162,
755220,
758348,
761319,
764359,
767636,
770822,
773995,
777002,
780233,
783268,
786625,
789835,
793226,
796310,
799653,
802867,
806214,
809431,
812851,
816209,
819667,
822902,
826195,
829499,
833101,
836571,
840137,
843691,
847323,
850748,
854318,
857657,
861219,
864824,
868382,
871787,
875734,
879812,
883932,
888185,
892330,
896597,
901021,
905250,
909661,
914024,
918274,
922785,
927219,
931586,
935981,
940304,
944640,
948961,
953426,
958102,
962461,
966993,
971430,
975909,
980541,
985109,
989766,
994190,
998792,
1.00339e+06,
1.00826e+06,
1.01318e+06,
1.01808e+06,
1.02307e+06,
1.02794e+06,
1.03267e+06,
1.03765e+06,
1.04272e+06,
1.04779e+06,
1.05304e+06,
1.05813e+06,
1.06327e+06,
1.06826e+06,
1.0734e+06,
1.07843e+06,
1.08331e+06,
1.08856e+06,
1.0938e+06,
1.09904e+06,
1.10427e+06,
1.10971e+06,
1.11496e+06,
1.12034e+06,
1.12572e+06,
1.13115e+06,
1.13639e+06,
1.14188e+06,
1.14756e+06,
1.15295e+06,
1.15898e+06,
1.1648e+06,
1.17051e+06,
1.17646e+06,
1.18226e+06,
1.18829e+06,
1.19433e+06,
1.20032e+06,
1.20648e+06,
1.21254e+06,
1.21859e+06,
1.22475e+06,
1.23093e+06,
1.23709e+06,
1.24324e+06,
1.24965e+06,
1.25559e+06,
1.26187e+06,
1.26836e+06,
1.27472e+06,
1.28136e+06,
1.28806e+06,
1.29471e+06,
1.30105e+06,
1.30775e+06,
1.31436e+06,
1.32109e+06,
1.32774e+06,
1.33448e+06,
1.34158e+06,
1.34859e+06,
1.35585e+06,
1.36301e+06,
1.36989e+06,
1.37711e+06,
1.38453e+06,
1.39183e+06,
1.39926e+06,
1.40706e+06,
1.41454e+06,
1.42225e+06,
1.42981e+06,
1.43778e+06,
1.44555e+06,
1.453e+06,
1.46062e+06,
1.46851e+06,
1.47627e+06,
1.48434e+06,
1.49234e+06,
1.50043e+06,
1.50836e+06,
1.51676e+06,
1.5249e+06,
1.53294e+06,
1.5413e+06,
1.54939e+06,
1.55823e+06,
1.56689e+06,
1.57586e+06,
1.58473e+06,
1.59405e+06,
1.60319e+06,
1.61212e+06,
1.62157e+06,
1.63071e+06,
1.63995e+06,
1.64936e+06,
1.65918e+06,
1.66871e+06,
1.67845e+06,
1.68862e+06,
1.69912e+06,
1.70966e+06,
1.72028e+06,
1.73003e+06,
1.74038e+06,
1.75083e+06,
1.7614e+06,
1.772e+06,
1.78278e+06,
1.79368e+06,
1.80464e+06,
1.8156e+06,
1.82673e+06,
1.83802e+06,
1.84921e+06,
1.86031e+06,
1.87169e+06,
1.88308e+06,
1.89501e+06,
1.90701e+06,
1.9192e+06,
1.93109e+06,
1.9431e+06,
1.95526e+06,
1.96739e+06,
1.98007e+06,
1.9925e+06,
2.00517e+06,
2.01775e+06,
2.03066e+06,
2.04408e+06,
2.05741e+06,
2.07081e+06,
2.0844e+06,
2.09791e+06,
2.11161e+06,
2.12541e+06,
2.13894e+06,
2.15309e+06,
2.16714e+06,
2.18192e+06,
2.19663e+06,
2.21181e+06,
2.22671e+06,
2.24149e+06,
2.2571e+06,
2.27294e+06,
2.2889e+06,
2.30471e+06,
2.32131e+06,
2.33788e+06,
2.35463e+06,
2.37155e+06,
2.38851e+06,
2.40545e+06,
2.42311e+06,
2.44133e+06,
2.45965e+06,
2.47798e+06,
2.49687e+06,
2.51652e+06,
2.53596e+06,
2.55581e+06,
2.57615e+06,
2.59675e+06,
2.61698e+06,
2.6373e+06,
2.65799e+06,
2.67905e+06,
2.70035e+06,
2.72164e+06,
2.744e+06,
2.76628e+06,
2.78894e+06,
2.81171e+06,
2.83458e+06,
2.85769e+06,
2.8816e+06,
2.90577e+06,
2.93032e+06,
2.95551e+06,
2.98101e+06,
3.0071e+06,
3.03371e+06,
3.06038e+06,
3.08786e+06,
3.11539e+06,
3.14387e+06,
3.17264e+06,
3.20217e+06,
3.23218e+06,
3.26306e+06,
3.29379e+06,
3.32539e+06,
3.35805e+06,
3.39167e+06,
3.42596e+06,
3.4617e+06,
3.49814e+06,
3.53575e+06,
3.57409e+06,
3.61385e+06,
3.65504e+06,
3.69752e+06,
3.7417e+06,
3.78923e+06,
3.83836e+06,
3.89032e+06,
3.94428e+06,
4.00126e+06,
4.06122e+06,
4.12575e+06,
4.19661e+06,
4.27951e+06,
4.40393e+06,
4.52451e+06,
4.64759e+06,
4.7758e+06,
4.91063e+06,
5.05237e+06,
5.20464e+06,
5.37444e+06,
5.59314e+06,
5.79111e+06,
5.95946e+06,
6.11472e+06,
6.24793e+06,
6.36019e+06,
6.46939e+06,
6.58032e+06,
6.69344e+06,
6.80627e+06,
6.93295e+06,
7.07324e+06,
7.21069e+06,
7.34915e+06,
7.48857e+06,
7.62533e+06,
7.76525e+06,
7.91004e+06,
8.05913e+06,
8.21623e+06,
8.38282e+06,
8.56102e+06,
8.74657e+06,
8.9507e+06,
9.16945e+06,
9.35572e+06,
9.53019e+06,
9.69548e+06,
9.86071e+06,
1.00258e+07,
1.01956e+07,
1.03722e+07,
1.05414e+07,
1.07041e+07,
1.08631e+07,
1.10212e+07,
1.11802e+07,
1.13404e+07,
1.15013e+07,
1.16605e+07,
1.18192e+07,
1.19826e+07,
1.21463e+07,
1.23043e+07,
1.24429e+07,
1.25783e+07,
1.27157e+07,
1.2851e+07,
1.29842e+07,
1.31185e+07,
1.32541e+07,
1.33952e+07,
1.35364e+07,
1.36772e+07,
1.38136e+07,
1.39464e+07,
1.40797e+07,
1.42132e+07,
1.4347e+07,
1.4483e+07,
1.46215e+07,
1.4767e+07,
1.49097e+07,
1.50462e+07,
1.51817e+07,
1.53155e+07,
1.54484e+07,
1.55832e+07,
1.57218e+07,
1.58647e+07,
1.60048e+07,
1.61489e+07,
1.62951e+07,
1.6434e+07,
1.65731e+07,
1.67127e+07,
1.68549e+07,
1.70033e+07,
1.71494e+07,
1.72929e+07,
1.74371e+07,
1.75893e+07,
1.77505e+07,
1.79069e+07,
1.8063e+07,
1.8226e+07,
1.83863e+07,
1.85442e+07,
1.87024e+07,
1.88635e+07,
1.90271e+07,
1.91973e+07,
1.93798e+07,
1.9565e+07,
1.9755e+07,
1.99482e+07,
2.01308e+07,
2.03027e+07,
2.04691e+07,
2.06341e+07,
2.07984e+07,
2.09721e+07,
2.11618e+07,
2.13378e+07,
2.15102e+07,
2.16796e+07,
2.18503e+07,
2.20191e+07,
2.21843e+07,
2.23529e+07,
2.25225e+07,
2.26971e+07,
2.28789e+07,
2.30491e+07,
2.32158e+07,
2.33809e+07,
2.3542e+07,
2.3704e+07,
2.38708e+07,
2.40428e+07,
2.42077e+07,
2.43724e+07,
2.45479e+07,
2.47162e+07,
2.48799e+07,
2.50423e+07,
2.52008e+07,
2.53625e+07,
2.55304e+07,
2.56919e+07,
2.58526e+07,
2.60136e+07,
2.61801e+07,
2.63398e+07,
2.64964e+07,
2.6649e+07,
2.68018e+07,
2.69587e+07,
2.71101e+07,
2.7262e+07,
2.7415e+07,
2.75744e+07,
2.77538e+07,
2.79291e+07,
2.81036e+07,
2.82801e+07,
2.84701e+07,
2.86493e+07,
2.88302e+07,
2.90056e+07,
2.91744e+07,
2.93437e+07,
2.95264e+07,
2.97084e+07,
2.98888e+07,
3.00731e+07,
3.02472e+07,
3.04123e+07,
3.0576e+07,
3.07372e+07,
3.08983e+07,
3.10602e+07,
3.12367e+07,
3.14175e+07,
3.15984e+07,
3.17767e+07,
3.1943e+07,
3.2104e+07,
3.22626e+07,
3.24199e+07,
3.25742e+07,
3.27288e+07,
3.28964e+07,
3.30695e+07,
3.32448e+07,
3.34052e+07,
3.35614e+07,
3.37153e+07,
3.38686e+07,
3.40196e+07,
3.41697e+07,
3.43213e+07,
3.44861e+07,
3.46592e+07,
3.48226e+07,
3.49743e+07,
3.51162e+07,
3.52564e+07,
3.53956e+07,
3.55361e+07,
3.56754e+07,
478966,
478652,
478329,
478015,
477728,
477518,
477242,
476924,
476636,
476360,
476061,
475823,
475569,
475312,
475029,
474868,
474671,
474399,
474206,
473953,
473666,
473373,
473245,
473015,
472878,
472699,
472568,
472388,
472248,
472048,
471857,
471614,
471429,
471206,
470899,
470677,
470447,
470290,
470079,
469929,
469678,
469475,
469280,
469025,
468770,
468546,
468262,
468142,
467950,
467774,
467460,
467205,
466949,
466658,
466382,
466177,
465921,
465621,
465385,
465136,
464867,
464566,
464327,
464084,
463804,
463519,
463276,
463112,
462984,
462941,
462832,
462749,
462705,
462695,
462622,
462531,
462461,
462391,
462292,
462250,
462253,
462144,
462084,
462051,
461983,
461884,
461891,
461894,
461812,
461795,
461733,
461680,
461690,
461618,
461555,
461535,
461480,
461384,
461342,
461338,
461338,
461301,
461253,
461284,
461268,
461308,
461247,
461174,
461204,
461142,
461035,
461001,
460965,
460922,
460977,
460962,
460980,
460948,
460924,
460942,
460877,
460851,
460851,
460882,
460966,
460927,
460993,
461113,
461203,
461255,
461316,
461383,
461439,
461480,
461489,
461521,
461594,
461633,
461622,
461683,
461768,
461763,
461791,
461861,
461877,
461945,
462018,
462013,
462030,
462065,
462080,
462007,
462035,
462045,
462117,
462174,
462210,
462256,
462277,
462254,
462360,
462343,
462411,
462541,
462628,
462648,
462699,
462795,
462827,
462829,
462951,
463007,
463160,
463332,
463489,
464139,
465209,
466382,
467574,
468602,
469729,
470873,
472107,
473342,
474673,
475981,
477172,
478286,
479398,
480654,
481933,
483411,
484652,
485761,
486869,
488006,
489384,
490627,
491964,
493435,
494934,
496324,
497829,
499420,
501002,
502644,
504145,
505745,
507212,
508663,
510223,
511618,
513224,
514775,
516283,
517848,
519549,
521038,
522640,
524115,
525683,
527085,
528543,
530162,
532069,
533782,
535660,
537336,
539158,
540796,
542469,
544314,
546043,
547809,
549736,
551668,
553469,
555244,
557135,
559134,
561015,
562870,
564676,
566562,
568452,
570470,
572411,
574294,
576365,
578555,
580511,
582614,
584796,
586957,
589168,
591460,
593691,
595933,
597935,
599913,
602133,
604180,
606336,
608817,
610969,
613217,
615533,
617790,
620235,
622527,
624867,
627235,
629738,
632153,
634551,
637029,
639602,
642087,
644522,
647197,
649652,
652158,
654683,
657215,
659699,
662327,
664918,
667474,
670216,
672610,
675420,
678113,
680836,
683504,
686300,
688856,
691625,
694247,
696917,
699608,
702303,
705169,
707924,
710996,
713984,
716947,
720035,
723024,
725892,
728826,
731926,
734781,
737809,
740881,
744021,
747100,
750272,
753433,
756464,
759447,
762564,
765627,
768725,
771958,
775105,
778229,
781546,
784617,
787926,
791268,
794277,
797439,
800721,
803962,
807342,
810698,
814181,
817611,
821009,
824376,
827824,
831080,
834596,
837995,
841679,
845104,
848756,
852303,
856106,
859671,
863228,
866829,
870995,
875049,
879019,
882904,
887210,
891331,
895493,
899820,
904175,
908517,
912827,
917002,
921240,
925683,
930185,
934542,
938910,
943310,
947770,
952142,
956663,
961273,
965863,
970546,
975240,
979845,
984587,
989004,
993724,
998315,
1.00292e+06,
1.00776e+06,
1.01259e+06,
1.01724e+06,
1.02232e+06,
1.02731e+06,
1.03249e+06,
1.03747e+06,
1.04255e+06,
1.04744e+06,
1.05254e+06,
1.05756e+06,
1.06267e+06,
1.0676e+06,
1.0727e+06,
1.07765e+06,
1.08276e+06,
1.08803e+06,
1.09313e+06,
1.09797e+06,
1.10306e+06,
1.10851e+06,
1.11393e+06,
1.11933e+06,
1.12466e+06,
1.13006e+06,
1.13569e+06,
1.14142e+06,
1.14706e+06,
1.15244e+06,
1.15824e+06,
1.16387e+06,
1.16981e+06,
1.17576e+06,
1.1817e+06,
1.18756e+06,
1.19351e+06,
1.19952e+06,
1.20534e+06,
1.21119e+06,
1.21739e+06,
1.22365e+06,
1.22965e+06,
1.23566e+06,
1.24188e+06,
1.24834e+06,
1.25442e+06,
1.26075e+06,
1.26714e+06,
1.27326e+06,
1.27958e+06,
1.28617e+06,
1.293e+06,
1.2994e+06,
1.306e+06,
1.31263e+06,
1.31933e+06,
1.326e+06,
1.33294e+06,
1.34e+06,
1.34722e+06,
1.35431e+06,
1.3614e+06,
1.36842e+06,
1.37564e+06,
1.38288e+06,
1.39023e+06,
1.39757e+06,
1.40488e+06,
1.41206e+06,
1.41957e+06,
1.42733e+06,
1.43486e+06,
1.44265e+06,
1.45037e+06,
1.45836e+06,
1.46624e+06,
1.47427e+06,
1.4819e+06,
1.48998e+06,
1.4977e+06,
1.50588e+06,
1.514e+06,
1.52216e+06,
1.53062e+06,
1.53896e+06,
1.54749e+06,
1.55599e+06,
1.56454e+06,
1.57344e+06,
1.58202e+06,
1.59121e+06,
1.60018e+06,
1.6088e+06,
1.61809e+06,
1.62722e+06,
1.63657e+06,
1.64585e+06,
1.65535e+06,
1.66465e+06,
1.67418e+06,
1.68386e+06,
1.69357e+06,
1.70329e+06,
1.71316e+06,
1.7233e+06,
1.73371e+06,
1.7442e+06,
1.75498e+06,
1.76537e+06,
1.77579e+06,
1.78629e+06,
1.79688e+06,
1.80754e+06,
1.81854e+06,
1.82952e+06,
1.84041e+06,
1.85174e+06,
1.86342e+06,
1.87491e+06,
1.8864e+06,
1.89805e+06,
1.91009e+06,
1.92211e+06,
1.93393e+06,
1.9458e+06,
1.95781e+06,
1.97002e+06,
1.98232e+06,
1.99475e+06,
2.00739e+06,
2.02031e+06,
2.03315e+06,
2.04595e+06,
2.05895e+06,
2.0724e+06,
2.0856e+06,
2.0988e+06,
2.11227e+06,
2.12559e+06,
2.13961e+06,
2.15369e+06,
2.16814e+06,
2.18221e+06,
2.19682e+06,
2.2118e+06,
2.22677e+06,
2.24219e+06,
2.25721e+06,
2.27215e+06,
2.28779e+06,
2.30363e+06,
2.31982e+06,
2.33606e+06,
2.35261e+06,
2.36958e+06,
2.38666e+06,
2.4036e+06,
2.42059e+06,
2.43799e+06,
2.45556e+06,
2.47355e+06,
2.49195e+06,
2.51038e+06,
2.52969e+06,
2.54919e+06,
2.56861e+06,
2.58867e+06,
2.6092e+06,
2.62958e+06,
2.64999e+06,
2.67089e+06,
2.69178e+06,
2.71314e+06,
2.73438e+06,
2.75555e+06,
2.77735e+06,
2.79953e+06,
2.82311e+06,
2.84633e+06,
2.86906e+06,
2.89225e+06,
2.91632e+06,
2.94038e+06,
2.96509e+06,
2.99037e+06,
3.01592e+06,
3.04187e+06,
3.06805e+06,
3.09463e+06,
3.12166e+06,
3.14939e+06,
3.1778e+06,
3.20657e+06,
3.23584e+06,
3.26525e+06,
3.29596e+06,
3.327e+06,
3.35909e+06,
3.39106e+06,
3.42416e+06,
3.45857e+06,
3.49389e+06,
3.53019e+06,
3.56687e+06,
3.6046e+06,
3.64326e+06,
3.68368e+06,
3.72484e+06,
3.76779e+06,
3.81382e+06,
3.86138e+06,
3.91114e+06,
3.96227e+06,
4.01636e+06,
4.07317e+06,
4.13342e+06,
4.19903e+06,
4.27557e+06,
4.38783e+06,
4.49708e+06,
4.60744e+06,
4.71902e+06,
4.835e+06,
4.95631e+06,
5.08133e+06,
5.2136e+06,
5.35289e+06,
5.50189e+06,
5.66891e+06,
5.86762e+06,
6.07241e+06,
6.23814e+06,
6.3933e+06,
6.54346e+06,
6.68809e+06,
6.81924e+06,
6.94005e+06,
7.0735e+06,
7.21294e+06,
7.35535e+06,
7.50563e+06,
7.65011e+06,
7.79432e+06,
7.94286e+06,
8.09414e+06,
8.24827e+06,
8.40933e+06,
8.57377e+06,
8.75353e+06,
8.94889e+06,
9.17734e+06,
9.37928e+06,
9.56268e+06,
9.73795e+06,
9.90947e+06,
1.00793e+07,
1.02477e+07,
1.04204e+07,
1.05936e+07,
1.07613e+07,
1.09334e+07,
1.10997e+07,
1.12626e+07,
1.14241e+07,
1.15882e+07,
1.17533e+07,
1.19128e+07,
1.20741e+07,
1.22396e+07,
1.24054e+07,
1.25731e+07,
1.27394e+07,
1.2906e+07,
1.30675e+07,
1.32292e+07,
1.33878e+07,
1.35278e+07,
1.36681e+07,
1.38132e+07,
1.3962e+07,
1.41177e+07,
1.42668e+07,
1.4409e+07,
1.45508e+07,
1.46911e+07,
1.48283e+07,
1.49688e+07,
1.5115e+07,
1.52653e+07,
1.54131e+07,
1.55619e+07,
1.5714e+07,
1.58606e+07,
1.60042e+07,
1.61466e+07,
1.62954e+07,
1.64417e+07,
1.65889e+07,
1.6741e+07,
1.68942e+07,
1.70484e+07,
1.72079e+07,
1.73651e+07,
1.75252e+07,
1.76851e+07,
1.7842e+07,
1.79998e+07,
1.81632e+07,
1.83366e+07,
1.85158e+07,
1.87128e+07,
1.89098e+07,
1.9093e+07,
1.92666e+07,
1.94379e+07,
1.96059e+07,
1.97732e+07,
1.994e+07,
2.01102e+07,
2.02879e+07,
2.04731e+07,
2.06548e+07,
2.08309e+07,
2.0998e+07,
2.11636e+07,
2.13265e+07,
2.14891e+07,
2.16558e+07,
2.18361e+07,
2.20097e+07,
2.21793e+07,
2.23509e+07,
2.25236e+07,
2.26928e+07,
2.28627e+07,
2.30306e+07,
2.3201e+07,
2.33778e+07,
2.35544e+07,
2.37251e+07,
2.38928e+07,
2.40612e+07,
2.42312e+07,
2.43968e+07,
2.45631e+07,
2.47365e+07,
2.49046e+07,
2.50697e+07,
2.52403e+07,
2.54053e+07,
2.55696e+07,
2.57356e+07,
2.59069e+07,
2.6076e+07,
2.62486e+07,
2.64147e+07,
2.65771e+07,
2.6739e+07,
2.69004e+07,
2.70581e+07,
2.72152e+07,
2.73739e+07,
2.75366e+07,
2.76968e+07,
2.78505e+07,
2.80006e+07,
2.81499e+07,
2.83039e+07,
2.84723e+07,
2.86376e+07,
2.88051e+07,
2.89771e+07,
2.91615e+07,
2.93378e+07,
2.95071e+07,
2.96749e+07,
2.98444e+07,
3.00238e+07,
3.02033e+07,
3.03795e+07,
3.05578e+07,
3.07429e+07,
3.09194e+07,
3.10907e+07,
3.12548e+07,
3.14185e+07,
3.15807e+07,
3.17481e+07,
3.19244e+07,
3.20987e+07,
3.22799e+07,
3.24626e+07,
3.26342e+07,
3.28052e+07,
3.29679e+07,
3.31273e+07,
3.32835e+07,
3.34369e+07,
3.35995e+07,
3.37604e+07,
3.39272e+07,
3.40828e+07,
3.42341e+07,
3.43867e+07,
3.45363e+07,
3.46803e+07,
3.48247e+07,
3.49709e+07,
3.51276e+07,
3.52863e+07,
3.54391e+07,
3.5585e+07,
3.57297e+07,
3.58744e+07,
3.60198e+07,
3.61622e+07,
3.63035e+07,
478966,
478659,
478344,
478036,
477792,
477539,
477289,
476980,
476720,
476449,
476191,
475913,
475716,
475434,
475184,
475027,
474816,
474526,
474355,
474046,
473720,
473515,
473394,
473202,
473036,
472841,
472680,
472471,
472369,
472131,
471954,
471781,
471546,
471341,
471113,
470840,
470619,
470432,
470234,
470054,
469879,
469633,
469447,
469145,
468956,
468753,
468510,
468246,
468096,
467880,
467673,
467369,
467142,
466824,
466614,
466312,
466039,
465802,
465572,
465283,
465013,
464742,
464530,
464219,
463968,
463726,
463531,
463463,
463363,
463252,
463226,
463182,
463118,
463089,
462998,
462920,
462839,
462777,
462715,
462672,
462641,
462564,
462556,
462380,
462371,
462294,
462344,
462318,
462248,
462175,
462186,
462164,
462180,
462132,
462114,
462122,
462117,
462003,
461920,
461908,
461856,
461785,
461778,
461761,
461751,
461718,
461709,
461667,
461708,
461647,
461646,
461558,
461493,
461540,
461643,
461553,
461563,
461578,
461613,
461616,
461600,
461592,
461540,
461506,
461520,
461557,
461548,
461599,
461594,
461639,
461670,
461667,
461676,
461681,
461774,
461758,
461762,
461825,
461812,
461885,
461932,
461842,
461878,
461915,
462020,
462011,
462030,
462031,
462078,
462143,
462119,
462015,
462031,
462104,
462109,
462130,
462214,
462277,
462320,
462342,
462362,
462302,
462384,
462466,
462542,
462622,
462717,
462791,
462848,
462952,
463008,
463024,
463200,
463346,
464215,
465388,
466593,
467763,
468740,
469760,
470958,
472176,
473327,
474534,
475800,
477065,
478121,
479349,
480497,
481782,
483098,
484496,
485768,
486936,
488113,
489382,
490657,
492092,
493604,
495056,
496364,
497824,
499311,
500941,
502601,
504274,
505774,
507316,
508707,
510119,
511581,
512987,
514613,
516214,
517850,
519608,
521083,
522609,
524045,
525649,
527339,
528888,
530607,
532271,
534135,
535771,
537572,
539424,
541240,
542941,
544858,
546538,
548404,
550302,
552322,
554227,
556068,
557795,
559797,
561671,
563476,
565360,
567287,
569104,
571111,
573170,
575125,
577372,
579391,
581571,
583729,
585948,
588129,
590492,
592716,
594968,
597218,
599298,
601446,
603618,
605825,
608072,
610361,
612784,
615114,
617383,
619843,
622131,
624512,
626919,
629317,
631660,
634016,
636511,
639089,
641462,
644050,
646670,
649294,
651720,
654327,
656893,
659579,
662211,
664830,
667485,
670057,
672662,
675430,
678347,
681004,
683647,
686419,
689195,
691812,
694631,
697282,
700108,
702646,
705385,
708295,
711437,
714393,
717183,
720090,
723115,
726110,
729271,
732227,
735402,
738680,
741649,
744855,
747813,
750870,
754002,
757156,
760309,
763402,
766389,
769488,
772642,
775634,
778831,
781836,
784957,
788226,
791753,
795199,
798601,
802026,
805169,
808419,
811819,
815435,
818886,
822326,
825774,
829128,
832687,
836137,
839622,
843096,
846926,
850555,
854163,
857917,
861602,
865524,
869467,
873397,
877477,
881465,
885688,
889877,
894063,
898220,
902558,
906623,
910844,
915361,
919620,
923951,
928235,
932764,
937030,
941577,
946030,
950553,
955114,
959690,
964300,
968840,
973574,
978346,
983025,
987761,
992500,
997135,
1.00189e+06,
1.00669e+06,
1.01144e+06,
1.01607e+06,
1.02095e+06,
1.02602e+06,
1.03094e+06,
1.03595e+06,
1.04096e+06,
1.04583e+06,
1.05094e+06,
1.05572e+06,
1.06038e+06,
1.06542e+06,
1.07084e+06,
1.07615e+06,
1.08127e+06,
1.08649e+06,
1.09184e+06,
1.09708e+06,
1.10211e+06,
1.10732e+06,
1.11263e+06,
1.11807e+06,
1.12351e+06,
1.129e+06,
1.13436e+06,
1.13971e+06,
1.14517e+06,
1.15076e+06,
1.15601e+06,
1.16175e+06,
1.16762e+06,
1.17336e+06,
1.17946e+06,
1.18534e+06,
1.19137e+06,
1.19733e+06,
1.20348e+06,
1.20949e+06,
1.21563e+06,
1.22197e+06,
1.22789e+06,
1.23401e+06,
1.24008e+06,
1.24644e+06,
1.25265e+06,
1.25904e+06,
1.26538e+06,
1.27174e+06,
1.2782e+06,
1.28488e+06,
1.29142e+06,
1.29797e+06,
1.30439e+06,
1.3111e+06,
1.3177e+06,
1.3245e+06,
1.33117e+06,
1.33782e+06,
1.34477e+06,
1.35148e+06,
1.35833e+06,
1.36541e+06,
1.37247e+06,
1.37965e+06,
1.38693e+06,
1.39447e+06,
1.40173e+06,
1.40914e+06,
1.41675e+06,
1.42423e+06,
1.43169e+06,
1.43932e+06,
1.44709e+06,
1.45511e+06,
1.46296e+06,
1.47071e+06,
1.47887e+06,
1.48678e+06,
1.49459e+06,
1.50279e+06,
1.51051e+06,
1.51864e+06,
1.52711e+06,
1.53546e+06,
1.54379e+06,
1.55221e+06,
1.56077e+06,
1.56955e+06,
1.57833e+06,
1.58706e+06,
1.59579e+06,
1.60461e+06,
1.61346e+06,
1.62285e+06,
1.63198e+06,
1.64121e+06,
1.65046e+06,
1.66036e+06,
1.6702e+06,
1.67976e+06,
1.68908e+06,
1.69862e+06,
1.70817e+06,
1.71839e+06,
1.72824e+06,
1.73836e+06,
1.74861e+06,
1.75881e+06,
1.76881e+06,
1.7794e+06,
1.78956e+06,
1.80043e+06,
1.81084e+06,
1.82149e+06,
1.83226e+06,
1.84349e+06,
1.85466e+06,
1.86607e+06,
1.87709e+06,
1.88869e+06,
1.90012e+06,
1.91186e+06,
1.92356e+06,
1.93537e+06,
1.9475e+06,
1.9596e+06,
1.97182e+06,
1.98417e+06,
1.99638e+06,
2.00896e+06,
2.02128e+06,
2.03431e+06,
2.04712e+06,
2.06002e+06,
2.0729e+06,
2.08591e+06,
2.09973e+06,
2.11301e+06,
2.12636e+06,
2.1398e+06,
2.15309e+06,
2.16736e+06,
2.18186e+06,
2.19624e+06,
2.21103e+06,
2.22578e+06,
2.24073e+06,
2.25591e+06,
2.27113e+06,
2.28653e+06,
2.30209e+06,
2.31805e+06,
2.33385e+06,
2.35003e+06,
2.36661e+06,
2.38314e+06,
2.39985e+06,
2.41613e+06,
2.43322e+06,
2.45074e+06,
2.46829e+06,
2.48624e+06,
2.50447e+06,
2.52304e+06,
2.54209e+06,
2.56136e+06,
2.58043e+06,
2.59996e+06,
2.61994e+06,
2.64078e+06,
2.66173e+06,
2.68252e+06,
2.70294e+06,
2.72388e+06,
2.74531e+06,
2.76633e+06,
2.78824e+06,
2.81016e+06,
2.83251e+06,
2.85488e+06,
2.87788e+06,
2.90149e+06,
2.92506e+06,
2.94875e+06,
2.97294e+06,
2.99754e+06,
3.02258e+06,
3.04809e+06,
3.07399e+06,
3.10018e+06,
3.12644e+06,
3.15395e+06,
3.18164e+06,
3.20964e+06,
3.23839e+06,
3.26726e+06,
3.29726e+06,
3.32758e+06,
3.35878e+06,
3.3902e+06,
3.42246e+06,
3.45509e+06,
3.48897e+06,
3.52384e+06,
3.55941e+06,
3.59604e+06,
3.63291e+06,
3.67096e+06,
3.71012e+06,
3.7511e+06,
3.79249e+06,
3.83714e+06,
3.88286e+06,
3.93003e+06,
3.98009e+06,
4.03211e+06,
4.08638e+06,
4.14326e+06,
4.20524e+06,
4.27681e+06,
4.38081e+06,
4.48112e+06,
4.58245e+06,
4.68501e+06,
4.79113e+06,
4.89849e+06,
5.00958e+06,
5.12358e+06,
5.24283e+06,
5.36739e+06,
5.50123e+06,
5.64069e+06,
5.7856e+06,
5.94075e+06,
6.10706e+06,
6.30786e+06,
6.49406e+06,
6.65472e+06,
6.81713e+06,
6.98372e+06,
7.15326e+06,
7.31675e+06,
7.48026e+06,
7.64242e+06,
7.79089e+06,
7.94446e+06,
8.10398e+06,
8.26134e+06,
8.41981e+06,
8.58726e+06,
8.768e+06,
8.95359e+06,
9.15752e+06,
9.37787e+06,
9.57064e+06,
9.75624e+06,
9.94043e+06,
1.01171e+07,
1.02909e+07,
1.04634e+07,
1.06425e+07,
1.08137e+07,
1.09837e+07,
1.11543e+07,
1.13227e+07,
1.14947e+07,
1.16707e+07,
1.18447e+07,
1.20106e+07,
1.21773e+07,
1.23458e+07,
1.25116e+07,
1.26781e+07,
1.28456e+07,
1.30173e+07,
1.31892e+07,
1.33632e+07,
1.35356e+07,
1.37031e+07,
1.38687e+07,
1.4039e+07,
1.4208e+07,
1.43844e+07,
1.45578e+07,
1.47242e+07,
1.48757e+07,
1.50297e+07,
1.51847e+07,
1.53371e+07,
1.54937e+07,
1.56595e+07,
1.58176e+07,
1.59737e+07,
1.61294e+07,
1.62836e+07,
1.64392e+07,
1.66023e+07,
1.67734e+07,
1.69437e+07,
1.71131e+07,
1.72886e+07,
1.74718e+07,
1.76634e+07,
1.7839e+07,
1.8011e+07,
1.81845e+07,
1.83582e+07,
1.85302e+07,
1.86975e+07,
1.88625e+07,
1.90343e+07,
1.92041e+07,
1.93733e+07,
1.95482e+07,
1.97229e+07,
1.98907e+07,
2.0058e+07,
2.02268e+07,
2.03952e+07,
2.05609e+07,
2.07294e+07,
2.09009e+07,
2.10793e+07,
2.12504e+07,
2.14203e+07,
2.15905e+07,
2.17597e+07,
2.19305e+07,
2.21028e+07,
2.22727e+07,
2.2452e+07,
2.26243e+07,
2.27938e+07,
2.29621e+07,
2.31307e+07,
2.32998e+07,
2.34722e+07,
2.3644e+07,
2.38218e+07,
2.40016e+07,
2.41757e+07,
2.43455e+07,
2.45127e+07,
2.46802e+07,
2.48479e+07,
2.5016e+07,
2.51855e+07,
2.53626e+07,
2.55396e+07,
2.57059e+07,
2.58713e+07,
2.60329e+07,
2.61925e+07,
2.63518e+07,
2.65117e+07,
2.66732e+07,
2.68416e+07,
2.70059e+07,
2.71688e+07,
2.73316e+07,
2.74907e+07,
2.76461e+07,
2.78034e+07,
2.79588e+07,
2.81143e+07,
2.82713e+07,
2.84275e+07,
2.85812e+07,
2.87375e+07,
2.88977e+07,
2.90694e+07,
2.92392e+07,
2.94086e+07,
2.95817e+07,
2.97659e+07,
2.99407e+07,
3.01097e+07,
3.02761e+07,
3.04414e+07,
3.06092e+07,
3.07886e+07,
3.09694e+07,
3.11602e+07,
3.13499e+07,
3.15281e+07,
3.16917e+07,
3.1851e+07,
3.20074e+07,
3.21629e+07,
3.23202e+07,
3.2487e+07,
3.26533e+07,
3.28265e+07,
3.30021e+07,
3.31664e+07,
3.33247e+07,
3.34812e+07,
3.36354e+07,
3.37907e+07,
3.39477e+07,
3.41163e+07,
3.42833e+07,
3.44549e+07,
3.46158e+07,
3.47724e+07,
3.49279e+07,
3.50784e+07,
3.52264e+07,
3.53746e+07,
3.55206e+07,
3.56781e+07,
3.58389e+07,
3.59931e+07,
3.61414e+07,
3.62852e+07,
3.64275e+07,
3.65689e+07,
3.67094e+07,
3.68487e+07,
478966,
478673,
478343,
478067,
477823,
477576,
477345,
477065,
476820,
476529,
476293,
476052,
475853,
475621,
475368,
475229,
474933,
474716,
474520,
474178,
473908,
473677,
473583,
473357,
473164,
472966,
472789,
472597,
472469,
472317,
472146,
471923,
471669,
471466,
471207,
470978,
470758,
470535,
470438,
470237,
470035,
469855,
469600,
469339,
469137,
468894,
468732,
468506,
468305,
468110,
467877,
467566,
467287,
467054,
466833,
466546,
466335,
466062,
465785,
465453,
465259,
465004,
464760,
464407,
464212,
463999,
463885,
463814,
463712,
463692,
463585,
463569,
463457,
463373,
463309,
463249,
463239,
463175,
463167,
463185,
463100,
463026,
462922,
462859,
462799,
462808,
462803,
462729,
462674,
462718,
462640,
462691,
462700,
462670,
462616,
462606,
462603,
462531,
462436,
462368,
462362,
462374,
462396,
462407,
462422,
462421,
462404,
462424,
462375,
462376,
462322,
462290,
462266,
462217,
462221,
462217,
462241,
462292,
462273,
462241,
462264,
462283,
462282,
462221,
462207,
462307,
462417,
462375,
462368,
462484,
462514,
462431,
462434,
462444,
462399,
462425,
462464,
462486,
462617,
462611,
462620,
462542,
462603,
462630,
462685,
462750,
462758,
462777,
462783,
462816,
462764,
462772,
462820,
462788,
462870,
462894,
462905,
462963,
462985,
463037,
463048,
463050,
463030,
463103,
463181,
463281,
463397,
463448,
463506,
463589,
463562,
463611,
463701,
464237,
465404,
466580,
467881,
469018,
469980,
471285,
472423,
473494,
474621,
475861,
477096,
478302,
479324,
480587,
481760,
483191,
484620,
485800,
486935,
488044,
489304,
490791,
492093,
493478,
494942,
496356,
497770,
499353,
500921,
502557,
504298,
505818,
507270,
508822,
510278,
511695,
513192,
514614,
516390,
518021,
519650,
521168,
522809,
524340,
525812,
527501,
529100,
530788,
532452,
534268,
536137,
537822,
539498,
541429,
543207,
544970,
546828,
548763,
550702,
552496,
554357,
556286,
558240,
560091,
562134,
564106,
565930,
567809,
569827,
571819,
573950,
575922,
578104,
580351,
582496,
584673,
586847,
588878,
591164,
593465,
595878,
598275,
600488,
602944,
605064,
607383,
609598,
611868,
614113,
616391,
618684,
621097,
623371,
625765,
628201,
630601,
632977,
635346,
637948,
640530,
643017,
645672,
648346,
650916,
653542,
656099,
658913,
661819,
664409,
667053,
669784,
672388,
675090,
677794,
680419,
683296,
685900,
688431,
691245,
694261,
697079,
699636,
702351,
705000,
707868,
711008,
713988,
716944,
719956,
722904,
726147,
729275,
732254,
735274,
738485,
741609,
744605,
747528,
750583,
753933,
757135,
760220,
763448,
766501,
769566,
772757,
776065,
779029,
782205,
785493,
788771,
792209,
795645,
798814,
802260,
805583,
809194,
812689,
816262,
819883,
823200,
826722,
830392,
834044,
837548,
841120,
844842,
848332,
851980,
855276,
859189,
863104,
867198,
871482,
875619,
879649,
883840,
887793,
891808,
895940,
900115,
904423,
908625,
912991,
917381,
921593,
926142,
930634,
935103,
939564,
944149,
948673,
953291,
957790,
962444,
967219,
971813,
976434,
981024,
985629,
990310,
994864,
999618,
1.00433e+06,
1.00909e+06,
1.01395e+06,
1.01886e+06,
1.02394e+06,
1.0288e+06,
1.03382e+06,
1.03879e+06,
1.044e+06,
1.04907e+06,
1.05429e+06,
1.05931e+06,
1.0643e+06,
1.06913e+06,
1.07407e+06,
1.07941e+06,
1.08472e+06,
1.09012e+06,
1.09539e+06,
1.10046e+06,
1.10588e+06,
1.11111e+06,
1.11645e+06,
1.12162e+06,
1.12686e+06,
1.13229e+06,
1.13752e+06,
1.14284e+06,
1.1485e+06,
1.15418e+06,
1.15971e+06,
1.16546e+06,
1.17135e+06,
1.17701e+06,
1.18293e+06,
1.18878e+06,
1.19499e+06,
1.20104e+06,
1.20709e+06,
1.21327e+06,
1.21925e+06,
1.22538e+06,
1.23183e+06,
1.23798e+06,
1.24432e+06,
1.25042e+06,
1.25658e+06,
1.26299e+06,
1.26958e+06,
1.27589e+06,
1.28259e+06,
1.28912e+06,
1.29534e+06,
1.30183e+06,
1.30814e+06,
1.31486e+06,
1.3215e+06,
1.32812e+06,
1.33492e+06,
1.34164e+06,
1.34856e+06,
1.35544e+06,
1.36267e+06,
1.37011e+06,
1.37698e+06,
1.38428e+06,
1.39136e+06,
1.39878e+06,
1.40642e+06,
1.41387e+06,
1.42145e+06,
1.42875e+06,
1.43635e+06,
1.44388e+06,
1.45127e+06,
1.45926e+06,
1.46698e+06,
1.47496e+06,
1.48288e+06,
1.49101e+06,
1.49912e+06,
1.50736e+06,
1.51557e+06,
1.5238e+06,
1.5318e+06,
1.53965e+06,
1.54794e+06,
1.55657e+06,
1.56507e+06,
1.57393e+06,
1.58276e+06,
1.59161e+06,
1.60078e+06,
1.60969e+06,
1.61872e+06,
1.62793e+06,
1.63727e+06,
1.64684e+06,
1.65609e+06,
1.66553e+06,
1.67472e+06,
1.68412e+06,
1.69352e+06,
1.70327e+06,
1.71277e+06,
1.72264e+06,
1.73225e+06,
1.7424e+06,
1.75239e+06,
1.76233e+06,
1.77233e+06,
1.78273e+06,
1.79295e+06,
1.80314e+06,
1.81354e+06,
1.8241e+06,
1.83505e+06,
1.84598e+06,
1.85721e+06,
1.86819e+06,
1.87926e+06,
1.89076e+06,
1.90234e+06,
1.91378e+06,
1.92508e+06,
1.93667e+06,
1.94834e+06,
1.9603e+06,
1.9725e+06,
1.98494e+06,
1.99745e+06,
2.00982e+06,
2.02212e+06,
2.03462e+06,
2.04732e+06,
2.05995e+06,
2.07263e+06,
2.08564e+06,
2.09921e+06,
2.11258e+06,
2.12579e+06,
2.13926e+06,
2.15296e+06,
2.16672e+06,
2.18033e+06,
2.19418e+06,
2.2084e+06,
2.22341e+06,
2.23837e+06,
2.25302e+06,
2.26803e+06,
2.28332e+06,
2.29887e+06,
2.31445e+06,
2.32971e+06,
2.3455e+06,
2.36168e+06,
2.37773e+06,
2.39421e+06,
2.4108e+06,
2.42807e+06,
2.44536e+06,
2.46273e+06,
2.4799e+06,
2.49741e+06,
2.515e+06,
2.53355e+06,
2.552e+06,
2.57093e+06,
2.58984e+06,
2.6092e+06,
2.62911e+06,
2.6494e+06,
2.67034e+06,
2.69167e+06,
2.71297e+06,
2.73358e+06,
2.75444e+06,
2.77579e+06,
2.79671e+06,
2.81865e+06,
2.84062e+06,
2.86317e+06,
2.88617e+06,
2.90937e+06,
2.93282e+06,
2.95641e+06,
2.97982e+06,
3.00395e+06,
3.02837e+06,
3.05336e+06,
3.07915e+06,
3.10545e+06,
3.13163e+06,
3.15809e+06,
3.185e+06,
3.21267e+06,
3.24066e+06,
3.2689e+06,
3.29792e+06,
3.32781e+06,
3.35849e+06,
3.38928e+06,
3.42088e+06,
3.45296e+06,
3.48588e+06,
3.51879e+06,
3.55322e+06,
3.58807e+06,
3.62413e+06,
3.66107e+06,
3.69855e+06,
3.73675e+06,
3.77625e+06,
3.81711e+06,
3.86041e+06,
3.90566e+06,
3.95174e+06,
3.99936e+06,
4.04982e+06,
4.10175e+06,
4.1571e+06,
4.21617e+06,
4.28435e+06,
4.38239e+06,
4.4774e+06,
4.57231e+06,
4.6691e+06,
4.76734e+06,
4.86711e+06,
4.96924e+06,
5.07339e+06,
5.18079e+06,
5.29251e+06,
5.41158e+06,
5.53299e+06,
5.65867e+06,
5.78911e+06,
5.92353e+06,
6.06308e+06,
6.20798e+06,
6.35933e+06,
6.53237e+06,
6.73404e+06,
6.94951e+06,
7.13692e+06,
7.31501e+06,
7.49187e+06,
7.6711e+06,
7.84529e+06,
8.02041e+06,
8.19938e+06,
8.38379e+06,
8.57126e+06,
8.76943e+06,
8.96008e+06,
9.15924e+06,
9.38266e+06,
9.58211e+06,
9.7702e+06,
9.95214e+06,
1.01319e+07,
1.0312e+07,
1.04926e+07,
1.06853e+07,
1.08704e+07,
1.10482e+07,
1.1223e+07,
1.13957e+07,
1.15674e+07,
1.17403e+07,
1.19168e+07,
1.20925e+07,
1.22685e+07,
1.245e+07,
1.26318e+07,
1.28074e+07,
1.29827e+07,
1.3159e+07,
1.33384e+07,
1.35125e+07,
1.36864e+07,
1.38588e+07,
1.40341e+07,
1.42157e+07,
1.44031e+07,
1.45918e+07,
1.47766e+07,
1.49581e+07,
1.51394e+07,
1.53207e+07,
1.55039e+07,
1.56911e+07,
1.58824e+07,
1.60887e+07,
1.62952e+07,
1.64969e+07,
1.66876e+07,
1.68665e+07,
1.70403e+07,
1.72132e+07,
1.7386e+07,
1.75612e+07,
1.77302e+07,
1.79023e+07,
1.80725e+07,
1.82429e+07,
1.84128e+07,
1.85811e+07,
1.87493e+07,
1.8919e+07,
1.90841e+07,
1.92479e+07,
1.9412e+07,
1.95817e+07,
1.9752e+07,
1.99251e+07,
2.00958e+07,
2.02713e+07,
2.04425e+07,
2.06101e+07,
2.07759e+07,
2.09405e+07,
2.11054e+07,
2.12728e+07,
2.14449e+07,
2.16285e+07,
2.1804e+07,
2.1973e+07,
2.21406e+07,
2.23092e+07,
2.2477e+07,
2.26423e+07,
2.28097e+07,
2.29876e+07,
2.31646e+07,
2.33424e+07,
2.3516e+07,
2.36826e+07,
2.38471e+07,
2.4011e+07,
2.41762e+07,
2.43421e+07,
2.45123e+07,
2.46818e+07,
2.48482e+07,
2.50116e+07,
2.51789e+07,
2.53436e+07,
2.55067e+07,
2.5672e+07,
2.58415e+07,
2.60102e+07,
2.61735e+07,
2.63387e+07,
2.65028e+07,
2.66673e+07,
2.68337e+07,
2.70001e+07,
2.71652e+07,
2.73348e+07,
2.75002e+07,
2.76608e+07,
2.78201e+07,
2.79829e+07,
2.8143e+07,
2.83017e+07,
2.84614e+07,
2.86237e+07,
2.87856e+07,
2.89436e+07,
2.90998e+07,
2.92531e+07,
2.94101e+07,
2.95809e+07,
2.97448e+07,
2.99102e+07,
3.00761e+07,
3.02569e+07,
3.04283e+07,
3.05903e+07,
3.07481e+07,
3.09027e+07,
3.10589e+07,
3.12273e+07,
3.1394e+07,
3.15657e+07,
3.17468e+07,
3.19249e+07,
3.20987e+07,
3.2269e+07,
3.24303e+07,
3.25872e+07,
3.27447e+07,
3.29124e+07,
3.30809e+07,
3.32525e+07,
3.34297e+07,
3.35978e+07,
3.37607e+07,
3.39202e+07,
3.40758e+07,
3.42294e+07,
3.43836e+07,
3.45467e+07,
3.47106e+07,
3.48821e+07,
3.50444e+07,
3.52031e+07,
3.53645e+07,
3.5522e+07,
3.56719e+07,
3.58204e+07,
3.59685e+07,
3.61245e+07,
3.62857e+07,
3.64425e+07,
3.65939e+07,
3.67413e+07,
3.68868e+07,
3.70349e+07,
3.718e+07,
3.73218e+07,
478966,
478665,
478380,
478120,
477869,
477634,
477401,
477103,
476892,
476670,
476415,
476267,
475994,
475786,
475568,
475340,
475130,
474898,
474680,
474429,
474139,
473928,
473684,
473518,
473363,
473152,
473002,
472794,
472654,
472437,
472213,
472041,
471830,
471610,
471343,
471149,
470896,
470746,
470557,
470414,
470208,
470008,
469812,
469572,
469318,
469220,
469001,
468788,
468493,
468277,
468061,
467796,
467535,
467298,
467025,
466739,
466518,
466286,
465987,
465732,
465514,
465253,
464896,
464622,
464411,
464297,
464241,
464183,
464093,
463994,
464005,
463899,
463844,
463805,
463791,
463785,
463750,
463667,
463560,
463497,
463523,
463521,
463466,
463363,
463346,
463324,
463280,
463231,
463217,
463184,
463149,
463170,
463150,
463128,
463108,
463045,
463098,
463110,
463094,
463102,
463097,
463101,
463062,
463023,
462958,
463042,
463069,
463075,
463104,
463062,
463049,
462936,
463006,
462943,
462868,
462896,
462872,
462924,
462928,
462919,
462990,
462990,
462962,
462944,
463009,
463099,
463104,
463176,
463184,
463207,
463233,
463200,
463190,
463255,
463295,
463299,
463360,
463398,
463473,
463406,
463367,
463373,
463403,
463418,
463473,
463475,
463544,
463569,
463567,
463574,
463599,
463571,
463626,
463717,
463800,
463801,
463871,
463886,
463910,
463971,
463917,
463875,
463987,
464067,
464199,
464317,
464395,
464554,
464529,
464560,
464557,
464564,
464767,
465919,
467048,
468357,
469489,
470654,
471794,
473010,
474166,
475190,
476410,
477611,
478708,
479990,
481150,
482318,
483546,
484882,
486214,
487359,
488592,
489768,
491016,
492550,
493947,
495482,
496944,
498334,
499741,
501199,
502905,
504488,
506114,
507615,
509120,
510559,
512267,
513819,
515513,
517026,
518584,
520124,
521693,
523296,
524753,
526346,
527971,
529591,
531323,
533088,
534951,
536797,
538494,
540246,
542057,
543923,
545575,
547564,
549524,
551572,
553432,
555179,
557220,
559346,
561322,
563173,
565244,
567061,
568967,
570939,
573005,
574966,
577090,
579211,
581388,
583691,
585748,
587992,
590138,
592478,
594906,
597358,
599583,
601944,
604362,
606705,
609029,
611362,
613654,
615897,
617916,
620150,
622577,
624897,
627185,
629729,
632202,
634658,
637015,
639624,
642337,
644986,
647760,
650370,
652981,
655602,
658370,
661081,
663842,
666615,
669224,
671994,
674665,
677385,
680100,
682757,
685420,
688068,
690756,
693333,
696157,
699116,
701921,
704784,
707727,
710804,
713881,
716806,
720075,
723067,
726130,
729248,
732263,
735539,
738556,
741745,
744827,
747997,
750998,
753803,
756975,
760180,
763519,
766595,
769790,
773096,
776301,
779398,
782776,
785919,
789276,
792601,
795969,
799574,
802995,
806712,
810214,
813692,
817240,
820499,
824118,
827516,
831213,
834822,
838421,
842172,
846012,
849683,
853280,
856952,
860988,
865082,
869194,
873190,
877040,
881231,
885384,
889667,
894066,
898320,
902618,
907084,
911251,
915502,
919702,
924102,
928566,
933179,
937769,
942198,
946356,
950928,
955403,
960066,
964701,
969206,
973855,
978439,
983199,
987914,
992813,
997613,
1.00225e+06,
1.00697e+06,
1.01188e+06,
1.01664e+06,
1.0216e+06,
1.02654e+06,
1.03155e+06,
1.0365e+06,
1.04158e+06,
1.04676e+06,
1.05188e+06,
1.05696e+06,
1.06215e+06,
1.06735e+06,
1.07274e+06,
1.07767e+06,
1.08287e+06,
1.08792e+06,
1.09312e+06,
1.09848e+06,
1.1038e+06,
1.10916e+06,
1.11436e+06,
1.11955e+06,
1.12493e+06,
1.13027e+06,
1.13571e+06,
1.14102e+06,
1.14664e+06,
1.15211e+06,
1.15788e+06,
1.16364e+06,
1.16925e+06,
1.17515e+06,
1.1811e+06,
1.18719e+06,
1.19302e+06,
1.19902e+06,
1.20498e+06,
1.21105e+06,
1.21737e+06,
1.22345e+06,
1.22958e+06,
1.23553e+06,
1.24171e+06,
1.24796e+06,
1.25439e+06,
1.26079e+06,
1.26715e+06,
1.27376e+06,
1.28018e+06,
1.28664e+06,
1.29314e+06,
1.29961e+06,
1.30625e+06,
1.31281e+06,
1.31957e+06,
1.32633e+06,
1.33299e+06,
1.33988e+06,
1.34661e+06,
1.35329e+06,
1.36033e+06,
1.36737e+06,
1.37468e+06,
1.38193e+06,
1.38928e+06,
1.39645e+06,
1.40395e+06,
1.4113e+06,
1.41853e+06,
1.4257e+06,
1.43346e+06,
1.44113e+06,
1.44881e+06,
1.45651e+06,
1.46424e+06,
1.47186e+06,
1.47947e+06,
1.48727e+06,
1.49518e+06,
1.50314e+06,
1.51121e+06,
1.51927e+06,
1.52756e+06,
1.53624e+06,
1.54454e+06,
1.55269e+06,
1.56092e+06,
1.56946e+06,
1.57806e+06,
1.58683e+06,
1.59579e+06,
1.60495e+06,
1.61415e+06,
1.6233e+06,
1.63241e+06,
1.64156e+06,
1.65039e+06,
1.65938e+06,
1.669e+06,
1.67842e+06,
1.68765e+06,
1.69696e+06,
1.70663e+06,
1.71618e+06,
1.72597e+06,
1.73566e+06,
1.74522e+06,
1.75551e+06,
1.76574e+06,
1.77606e+06,
1.78634e+06,
1.79661e+06,
1.80679e+06,
1.81722e+06,
1.82747e+06,
1.83804e+06,
1.84845e+06,
1.85928e+06,
1.86996e+06,
1.88118e+06,
1.8924e+06,
1.90395e+06,
1.91514e+06,
1.9266e+06,
1.9384e+06,
1.95003e+06,
1.96182e+06,
1.97352e+06,
1.98539e+06,
1.99745e+06,
2.00975e+06,
2.02224e+06,
2.03465e+06,
2.04692e+06,
2.0596e+06,
2.07245e+06,
2.08534e+06,
2.09826e+06,
2.111e+06,
2.124e+06,
2.13751e+06,
2.15071e+06,
2.1644e+06,
2.17791e+06,
2.19164e+06,
2.20575e+06,
2.2198e+06,
2.23436e+06,
2.24861e+06,
2.26373e+06,
2.27849e+06,
2.29402e+06,
2.30921e+06,
2.32493e+06,
2.34062e+06,
2.35599e+06,
2.37173e+06,
2.388e+06,
2.40443e+06,
2.42063e+06,
2.43735e+06,
2.45416e+06,
2.47182e+06,
2.48947e+06,
2.50664e+06,
2.52402e+06,
2.54228e+06,
2.56133e+06,
2.5801e+06,
2.59867e+06,
2.6177e+06,
2.63735e+06,
2.65723e+06,
2.67748e+06,
2.69854e+06,
2.71953e+06,
2.74054e+06,
2.7619e+06,
2.78315e+06,
2.80438e+06,
2.82599e+06,
2.84806e+06,
2.87019e+06,
2.89295e+06,
2.91549e+06,
2.93878e+06,
2.96209e+06,
2.98599e+06,
3.01015e+06,
3.03437e+06,
3.0588e+06,
3.08363e+06,
3.10917e+06,
3.13505e+06,
3.16138e+06,
3.18793e+06,
3.21514e+06,
3.24269e+06,
3.27034e+06,
3.29898e+06,
3.32782e+06,
3.35766e+06,
3.38786e+06,
3.41884e+06,
3.45038e+06,
3.48223e+06,
3.51453e+06,
3.54761e+06,
3.58068e+06,
3.61565e+06,
3.65125e+06,
3.68742e+06,
3.72458e+06,
3.76201e+06,
3.80147e+06,
3.84142e+06,
3.88373e+06,
3.92783e+06,
3.97348e+06,
4.01987e+06,
4.06802e+06,
4.11919e+06,
4.17266e+06,
4.22979e+06,
4.29581e+06,
4.391e+06,
4.48208e+06,
4.57334e+06,
4.66574e+06,
4.75897e+06,
4.85347e+06,
4.94982e+06,
5.04865e+06,
5.14963e+06,
5.25394e+06,
5.36379e+06,
5.47569e+06,
5.59008e+06,
5.70721e+06,
5.82842e+06,
5.95273e+06,
6.08005e+06,
6.21175e+06,
6.35976e+06,
6.5143e+06,
6.68172e+06,
6.85125e+06,
7.02993e+06,
7.21889e+06,
7.43538e+06,
7.65128e+06,
7.84631e+06,
8.0393e+06,
8.2322e+06,
8.42966e+06,
8.63113e+06,
8.8381e+06,
9.05519e+06,
9.29916e+06,
9.53291e+06,
9.75212e+06,
9.96097e+06,
1.01622e+07,
1.03511e+07,
1.05332e+07,
1.07234e+07,
1.09089e+07,
1.10932e+07,
1.12756e+07,
1.14588e+07,
1.16447e+07,
1.1831e+07,
1.20161e+07,
1.22034e+07,
1.23861e+07,
1.25731e+07,
1.27546e+07,
1.29389e+07,
1.31238e+07,
1.33112e+07,
1.35071e+07,
1.37008e+07,
1.38898e+07,
1.40799e+07,
1.42715e+07,
1.44689e+07,
1.46701e+07,
1.4879e+07,
1.51031e+07,
1.53196e+07,
1.55235e+07,
1.57252e+07,
1.59205e+07,
1.61136e+07,
1.63056e+07,
1.65051e+07,
1.66978e+07,
1.68892e+07,
1.7079e+07,
1.72693e+07,
1.74581e+07,
1.76476e+07,
1.78374e+07,
1.80266e+07,
1.82092e+07,
1.83768e+07,
1.85442e+07,
1.87096e+07,
1.88771e+07,
1.90457e+07,
1.92174e+07,
1.93938e+07,
1.95671e+07,
1.97325e+07,
1.98961e+07,
2.0065e+07,
2.02343e+07,
2.04027e+07,
2.0573e+07,
2.07484e+07,
2.09189e+07,
2.10909e+07,
2.12643e+07,
2.14347e+07,
2.15967e+07,
2.17576e+07,
2.19213e+07,
2.20909e+07,
2.22551e+07,
2.24166e+07,
2.25768e+07,
2.27389e+07,
2.29035e+07,
2.30682e+07,
2.3231e+07,
2.34038e+07,
2.35748e+07,
2.37402e+07,
2.39051e+07,
2.4068e+07,
2.42307e+07,
2.43953e+07,
2.45601e+07,
2.47332e+07,
2.49128e+07,
2.50856e+07,
2.52545e+07,
2.54201e+07,
2.55844e+07,
2.57484e+07,
2.59121e+07,
2.60765e+07,
2.62415e+07,
2.64122e+07,
2.65805e+07,
2.67516e+07,
2.69197e+07,
2.70859e+07,
2.72512e+07,
2.74148e+07,
2.75802e+07,
2.77501e+07,
2.79162e+07,
2.80727e+07,
2.82268e+07,
2.83811e+07,
2.85351e+07,
2.8686e+07,
2.88363e+07,
2.89864e+07,
2.91387e+07,
2.9289e+07,
2.94363e+07,
2.95841e+07,
2.97365e+07,
2.99036e+07,
3.00678e+07,
3.02328e+07,
3.0399e+07,
3.05749e+07,
3.07445e+07,
3.09061e+07,
3.10626e+07,
3.12194e+07,
3.13784e+07,
3.15505e+07,
3.17219e+07,
3.1895e+07,
3.20783e+07,
3.22584e+07,
3.24282e+07,
3.25941e+07,
3.27556e+07,
3.29168e+07,
3.30836e+07,
3.32588e+07,
3.34301e+07,
3.36039e+07,
3.37804e+07,
3.3946e+07,
3.41085e+07,
3.42665e+07,
3.44216e+07,
3.45747e+07,
3.4728e+07,
3.4892e+07,
3.50554e+07,
3.52268e+07,
3.53869e+07,
3.55435e+07,
3.5698e+07,
3.58527e+07,
3.60045e+07,
3.61551e+07,
3.63079e+07,
3.64707e+07,
3.66383e+07,
3.68036e+07,
3.69579e+07,
3.71084e+07,
3.72572e+07,
3.74054e+07,
3.75549e+07,
3.77037e+07,
478966,
478682,
478455,
478148,
477884,
477700,
477467,
477184,
476978,
476764,
476525,
476421,
476173,
475936,
475792,
475542,
475370,
475084,
474959,
474659,
474419,
474196,
473950,
473767,
473593,
473384,
473255,
473086,
472910,
472672,
472392,
472174,
471931,
471700,
471510,
471241,
471122,
470977,
470850,
470581,
470355,
470190,
469959,
469788,
469636,
469469,
469264,
468996,
468721,
468513,
468356,
468114,
467914,
467602,
467322,
467060,
466763,
466534,
466230,
466038,
465770,
465497,
465176,
464899,
464774,
464594,
464569,
464533,
464503,
464431,
464376,
464337,
464317,
464241,
464197,
464165,
464148,
464139,
464120,
464035,
463918,
463890,
463857,
463889,
463869,
463886,
463850,
463816,
463736,
463699,
463696,
463671,
463726,
463738,
463674,
463648,
463734,
463756,
463687,
463642,
463624,
463600,
463561,
463576,
463612,
463626,
463599,
463670,
463708,
463633,
463609,
463599,
463603,
463588,
463623,
463622,
463718,
463793,
463779,
463775,
463688,
463681,
463668,
463728,
463809,
463879,
463905,
463968,
464000,
464037,
464084,
464028,
464019,
464106,
464160,
464234,
464259,
464241,
464324,
464286,
464279,
464304,
464337,
464328,
464377,
464418,
464478,
464527,
464534,
464522,
464504,
464516,
464480,
464529,
464609,
464615,
464650,
464754,
464788,
464834,
464878,
464866,
464881,
464961,
464993,
465112,
465219,
465318,
465455,
465532,
465586,
465618,
466219,
467522,
468586,
469710,
470834,
472125,
473297,
474578,
475659,
476722,
478012,
479228,
480458,
481568,
482648,
483849,
484986,
486381,
487655,
488920,
490226,
491527,
492820,
494111,
495557,
497089,
498518,
500014,
501642,
503019,
504602,
506225,
507758,
509456,
511058,
512606,
514210,
515860,
517605,
519106,
520681,
522285,
523836,
525403,
526970,
528481,
530185,
531887,
533770,
535416,
537343,
539204,
541082,
542978,
544808,
546661,
548519,
550430,
552420,
554445,
556575,
558474,
560400,
562338,
564141,
566000,
567811,
569762,
571920,
574022,
576100,
578247,
580249,
582735,
584935,
587217,
589550,
591867,
594185,
596387,
598773,
600776,
603274,
605917,
608214,
610555,
612871,
615264,
617622,
619780,
622034,
624370,
626855,
629271,
631724,
634268,
636681,
639208,
641708,
644210,
646939,
649546,
652229,
655160,
657742,
660396,
663195,
665831,
668752,
671413,
674223,
677053,
679742,
682364,
685073,
687916,
690722,
693475,
696346,
699133,
701846,
704537,
707487,
710478,
713558,
716593,
719689,
722848,
726031,
728997,
732253,
735211,
738219,
741579,
744740,
747725,
750793,
754025,
757030,
760286,
763496,
766631,
769980,
773276,
776606,
779849,
783189,
786511,
789896,
793240,
796588,
799999,
803613,
807396,
810981,
814521,
817955,
821563,
825177,
828635,
832301,
835915,
839436,
843174,
847020,
850582,
854173,
858165,
862382,
866340,
870647,
874906,
879083,
883185,
887203,
891252,
895398,
899434,
903719,
908189,
912721,
917239,
921686,
926045,
930557,
935035,
939588,
944044,
948500,
952806,
957287,
961658,
966191,
970681,
975443,
980050,
984639,
989537,
994532,
999382,
1.00434e+06,
1.00927e+06,
1.01417e+06,
1.01919e+06,
1.02412e+06,
1.02905e+06,
1.03382e+06,
1.03898e+06,
1.04395e+06,
1.04887e+06,
1.05393e+06,
1.05911e+06,
1.0642e+06,
1.06923e+06,
1.07458e+06,
1.07985e+06,
1.0851e+06,
1.09035e+06,
1.09545e+06,
1.10053e+06,
1.10586e+06,
1.11121e+06,
1.1167e+06,
1.12242e+06,
1.12793e+06,
1.13363e+06,
1.13914e+06,
1.14454e+06,
1.15005e+06,
1.15578e+06,
1.16124e+06,
1.16667e+06,
1.17249e+06,
1.17811e+06,
1.18387e+06,
1.18978e+06,
1.19561e+06,
1.20168e+06,
1.20783e+06,
1.21378e+06,
1.21975e+06,
1.22611e+06,
1.23235e+06,
1.23859e+06,
1.24504e+06,
1.25156e+06,
1.2578e+06,
1.26434e+06,
1.27088e+06,
1.27732e+06,
1.28369e+06,
1.29003e+06,
1.29662e+06,
1.3033e+06,
1.30986e+06,
1.31626e+06,
1.32306e+06,
1.32989e+06,
1.33651e+06,
1.34322e+06,
1.35012e+06,
1.35724e+06,
1.36415e+06,
1.37112e+06,
1.37849e+06,
1.38575e+06,
1.39304e+06,
1.40035e+06,
1.40759e+06,
1.41471e+06,
1.42202e+06,
1.42947e+06,
1.43711e+06,
1.44475e+06,
1.45209e+06,
1.45964e+06,
1.46736e+06,
1.47516e+06,
1.48278e+06,
1.49077e+06,
1.49886e+06,
1.50668e+06,
1.51468e+06,
1.52286e+06,
1.53116e+06,
1.53931e+06,
1.54765e+06,
1.55574e+06,
1.56419e+06,
1.57245e+06,
1.5809e+06,
1.58979e+06,
1.59873e+06,
1.60756e+06,
1.61647e+06,
1.62515e+06,
1.63405e+06,
1.64319e+06,
1.65221e+06,
1.66158e+06,
1.67073e+06,
1.68023e+06,
1.68983e+06,
1.69961e+06,
1.70942e+06,
1.71902e+06,
1.72864e+06,
1.73829e+06,
1.74787e+06,
1.7577e+06,
1.76744e+06,
1.77724e+06,
1.78737e+06,
1.79746e+06,
1.80798e+06,
1.81834e+06,
1.82865e+06,
1.83931e+06,
1.84978e+06,
1.86026e+06,
1.87102e+06,
1.88198e+06,
1.89302e+06,
1.90409e+06,
1.91556e+06,
1.92691e+06,
1.93819e+06,
1.94974e+06,
1.96134e+06,
1.97298e+06,
1.98464e+06,
1.99661e+06,
2.0085e+06,
2.02061e+06,
2.03281e+06,
2.04513e+06,
2.05767e+06,
2.07007e+06,
2.08266e+06,
2.09511e+06,
2.10811e+06,
2.12139e+06,
2.13452e+06,
2.14777e+06,
2.16114e+06,
2.17475e+06,
2.18797e+06,
2.2018e+06,
2.21523e+06,
2.22928e+06,
2.24378e+06,
2.25808e+06,
2.27308e+06,
2.28804e+06,
2.30333e+06,
2.31848e+06,
2.334e+06,
2.349e+06,
2.3648e+06,
2.38037e+06,
2.39623e+06,
2.41261e+06,
2.42949e+06,
2.44604e+06,
2.46306e+06,
2.48006e+06,
2.49699e+06,
2.51482e+06,
2.5325e+06,
2.55029e+06,
2.56825e+06,
2.58661e+06,
2.60524e+06,
2.62436e+06,
2.64395e+06,
2.66327e+06,
2.68377e+06,
2.70425e+06,
2.72513e+06,
2.74653e+06,
2.7675e+06,
2.7886e+06,
2.80972e+06,
2.83171e+06,
2.853e+06,
2.87493e+06,
2.89741e+06,
2.92037e+06,
2.94348e+06,
2.96629e+06,
2.98943e+06,
3.01349e+06,
3.03772e+06,
3.06216e+06,
3.08702e+06,
3.11215e+06,
3.13786e+06,
3.16387e+06,
3.19036e+06,
3.21671e+06,
3.2431e+06,
3.27063e+06,
3.29837e+06,
3.32751e+06,
3.35692e+06,
3.38608e+06,
3.41621e+06,
3.44641e+06,
3.47788e+06,
3.5093e+06,
3.54134e+06,
3.57479e+06,
3.60845e+06,
3.6427e+06,
3.67767e+06,
3.71362e+06,
3.75019e+06,
3.78793e+06,
3.82674e+06,
3.86632e+06,
3.90758e+06,
3.95115e+06,
3.99576e+06,
4.04187e+06,
4.08979e+06,
4.13984e+06,
4.192e+06,
4.248e+06,
4.31228e+06,
4.40519e+06,
4.49407e+06,
4.58339e+06,
4.67303e+06,
4.76411e+06,
4.85463e+06,
4.94806e+06,
5.04218e+06,
5.13865e+06,
5.23802e+06,
5.34334e+06,
5.44955e+06,
5.55844e+06,
5.66948e+06,
5.78186e+06,
5.89701e+06,
6.01516e+06,
6.13618e+06,
6.27322e+06,
6.41738e+06,
6.56986e+06,
6.72515e+06,
6.88519e+06,
7.04906e+06,
7.21868e+06,
7.3954e+06,
7.57918e+06,
7.77092e+06,
7.97316e+06,
8.19495e+06,
8.44273e+06,
8.67543e+06,
8.90526e+06,
9.14835e+06,
9.40516e+06,
9.63409e+06,
9.85234e+06,
1.00622e+07,
1.02719e+07,
1.04838e+07,
1.06994e+07,
1.09147e+07,
1.11224e+07,
1.13272e+07,
1.15305e+07,
1.17335e+07,
1.19366e+07,
1.21298e+07,
1.23295e+07,
1.25278e+07,
1.27332e+07,
1.294e+07,
1.31448e+07,
1.33526e+07,
1.35674e+07,
1.38072e+07,
1.40287e+07,
1.42362e+07,
1.44379e+07,
1.46387e+07,
1.48386e+07,
1.50404e+07,
1.52411e+07,
1.5441e+07,
1.56356e+07,
1.5828e+07,
1.60207e+07,
1.62101e+07,
1.63977e+07,
1.65878e+07,
1.67854e+07,
1.6979e+07,
1.71702e+07,
1.73564e+07,
1.75396e+07,
1.77239e+07,
1.79099e+07,
1.80982e+07,
1.8288e+07,
1.84734e+07,
1.86605e+07,
1.8846e+07,
1.90332e+07,
1.92199e+07,
1.94043e+07,
1.95875e+07,
1.97699e+07,
1.9945e+07,
2.01127e+07,
2.0271e+07,
2.0435e+07,
2.05985e+07,
2.07634e+07,
2.09305e+07,
2.11002e+07,
2.12642e+07,
2.14269e+07,
2.15884e+07,
2.1748e+07,
2.19107e+07,
2.20745e+07,
2.22395e+07,
2.24136e+07,
2.25841e+07,
2.27506e+07,
2.29123e+07,
2.30744e+07,
2.32347e+07,
2.33944e+07,
2.35569e+07,
2.37316e+07,
2.39048e+07,
2.40723e+07,
2.424e+07,
2.4407e+07,
2.4572e+07,
2.4735e+07,
2.48968e+07,
2.50616e+07,
2.5234e+07,
2.54074e+07,
2.5578e+07,
2.57464e+07,
2.59142e+07,
2.60838e+07,
2.62531e+07,
2.64132e+07,
2.65694e+07,
2.67267e+07,
2.68802e+07,
2.70375e+07,
2.71947e+07,
2.73532e+07,
2.75105e+07,
2.7668e+07,
2.78299e+07,
2.79924e+07,
2.8149e+07,
2.83003e+07,
2.84501e+07,
2.86019e+07,
2.8754e+07,
2.89051e+07,
2.90582e+07,
2.92105e+07,
2.9368e+07,
2.95232e+07,
2.96711e+07,
2.9818e+07,
2.99683e+07,
3.01314e+07,
3.02927e+07,
3.04568e+07,
3.06247e+07,
3.08072e+07,
3.09829e+07,
3.11514e+07,
3.13138e+07,
3.14719e+07,
3.16316e+07,
3.18021e+07,
3.19695e+07,
3.21397e+07,
3.23169e+07,
3.24922e+07,
3.26624e+07,
3.28288e+07,
3.29927e+07,
3.31535e+07,
3.33129e+07,
3.34843e+07,
3.36547e+07,
3.38293e+07,
3.40118e+07,
3.41867e+07,
3.43526e+07,
3.45184e+07,
3.46787e+07,
3.48361e+07,
3.499e+07,
3.51533e+07,
3.53182e+07,
3.54891e+07,
3.56509e+07,
3.58103e+07,
3.59657e+07,
3.612e+07,
3.62756e+07,
3.64308e+07,
3.65835e+07,
3.67441e+07,
3.69093e+07,
3.70729e+07,
3.72307e+07,
3.73877e+07,
3.75472e+07,
3.77024e+07,
3.78557e+07,
3.80125e+07,
478966,
478704,
478480,
478187,
477926,
477759,
477511,
477299,
477105,
476831,
476640,
476525,
476281,
476076,
475971,
475748,
475575,
475406,
475154,
474934,
474710,
474510,
474325,
474075,
473843,
473714,
473542,
473381,
473197,
472977,
472728,
472456,
472232,
471979,
471753,
471553,
471430,
471293,
471032,
470838,
470612,
470397,
470244,
470076,
469920,
469781,
469542,
469306,
469036,
468765,
468630,
468419,
468164,
467875,
467566,
467387,
467139,
466908,
466651,
466340,
466047,
465761,
465467,
465236,
465163,
465058,
464960,
464961,
464887,
464823,
464847,
464809,
464756,
464708,
464696,
464588,
464585,
464562,
464509,
464439,
464385,
464335,
464437,
464426,
464476,
464413,
464370,
464341,
464291,
464308,
464324,
464353,
464305,
464296,
464275,
464289,
464355,
464330,
464295,
464261,
464249,
464210,
464212,
464226,
464286,
464337,
464392,
464416,
464406,
464352,
464398,
464286,
464340,
464385,
464418,
464489,
464493,
464563,
464558,
464579,
464547,
464535,
464505,
464536,
464683,
464721,
464898,
464950,
464950,
465015,
464905,
464895,
464896,
464954,
465003,
465020,
465091,
465102,
465185,
465206,
465175,
465281,
465319,
465356,
465431,
465489,
465451,
465464,
465511,
465487,
465452,
465418,
465424,
465486,
465543,
465603,
465664,
465711,
465840,
465909,
465938,
465943,
465965,
466059,
466162,
466276,
466301,
466355,
466403,
466493,
466626,
466731,
467659,
468841,
469877,
471038,
472194,
473535,
474686,
475780,
476997,
478210,
479295,
480601,
481775,
483041,
484239,
485339,
486514,
487745,
489001,
490259,
491596,
492935,
494237,
495644,
497106,
498556,
500067,
501505,
503090,
504517,
506087,
507784,
509521,
511127,
512778,
514526,
516164,
517797,
519250,
520956,
522495,
524191,
525764,
527263,
528935,
530764,
532436,
534151,
535918,
537911,
539780,
541768,
543759,
545635,
547566,
549517,
551461,
553294,
555278,
557272,
559277,
561214,
563211,
565133,
567121,
569066,
571034,
573117,
575269,
577427,
579608,
581646,
583913,
586294,
588581,
590857,
593232,
595370,
597635,
599989,
602329,
604686,
607077,
609486,
611963,
614400,
616698,
619120,
621384,
623648,
626034,
628408,
631018,
633400,
635985,
638519,
640939,
643389,
646142,
648760,
651416,
654165,
656834,
659506,
662141,
664844,
667591,
670456,
673269,
675972,
678855,
681752,
684646,
687354,
690148,
692951,
695867,
698539,
701324,
704256,
707215,
710320,
713159,
715955,
719119,
722204,
725315,
728510,
731637,
734800,
737843,
741033,
744307,
747424,
750789,
753990,
757045,
760285,
763414,
766741,
769970,
773306,
776547,
779807,
783126,
786693,
790129,
793513,
796829,
800325,
803804,
807305,
811023,
814592,
818292,
821837,
825717,
829476,
832896,
836478,
840180,
843617,
847493,
851346,
855272,
859113,
863316,
867348,
871334,
875382,
879486,
883774,
887960,
892287,
896484,
900766,
904924,
909117,
913436,
917803,
922204,
926587,
931087,
935777,
940166,
944733,
949333,
953894,
958481,
963124,
967726,
972256,
976935,
981503,
986241,
991024,
995672,
1.00058e+06,
1.00533e+06,
1.01031e+06,
1.01531e+06,
1.02022e+06,
1.02509e+06,
1.0299e+06,
1.03484e+06,
1.03976e+06,
1.04474e+06,
1.05e+06,
1.05504e+06,
1.06031e+06,
1.06539e+06,
1.07064e+06,
1.07581e+06,
1.08105e+06,
1.08671e+06,
1.09223e+06,
1.09743e+06,
1.10268e+06,
1.10806e+06,
1.11333e+06,
1.11863e+06,
1.12404e+06,
1.12952e+06,
1.13496e+06,
1.14055e+06,
1.14629e+06,
1.15195e+06,
1.15751e+06,
1.16328e+06,
1.16902e+06,
1.17469e+06,
1.18049e+06,
1.18622e+06,
1.19184e+06,
1.19765e+06,
1.20371e+06,
1.20972e+06,
1.21572e+06,
1.22181e+06,
1.22813e+06,
1.2343e+06,
1.24054e+06,
1.24706e+06,
1.25376e+06,
1.26011e+06,
1.26649e+06,
1.27294e+06,
1.27944e+06,
1.28596e+06,
1.29241e+06,
1.29879e+06,
1.30526e+06,
1.31194e+06,
1.31881e+06,
1.32552e+06,
1.33239e+06,
1.33929e+06,
1.34629e+06,
1.35304e+06,
1.35973e+06,
1.36652e+06,
1.37366e+06,
1.38088e+06,
1.38795e+06,
1.3954e+06,
1.4025e+06,
1.40968e+06,
1.4169e+06,
1.42461e+06,
1.43204e+06,
1.43934e+06,
1.44693e+06,
1.45452e+06,
1.46207e+06,
1.46991e+06,
1.47785e+06,
1.48564e+06,
1.49338e+06,
1.5013e+06,
1.5088e+06,
1.51664e+06,
1.52458e+06,
1.53257e+06,
1.54067e+06,
1.54909e+06,
1.55761e+06,
1.56595e+06,
1.57439e+06,
1.58299e+06,
1.59145e+06,
1.59977e+06,
1.60858e+06,
1.61713e+06,
1.62625e+06,
1.6354e+06,
1.64448e+06,
1.65359e+06,
1.66278e+06,
1.67205e+06,
1.68157e+06,
1.69063e+06,
1.69991e+06,
1.70933e+06,
1.71873e+06,
1.72824e+06,
1.73765e+06,
1.74763e+06,
1.75769e+06,
1.76766e+06,
1.77753e+06,
1.78761e+06,
1.79756e+06,
1.80786e+06,
1.81798e+06,
1.82847e+06,
1.83879e+06,
1.84919e+06,
1.85974e+06,
1.87005e+06,
1.88062e+06,
1.89154e+06,
1.90252e+06,
1.91353e+06,
1.92487e+06,
1.93631e+06,
1.94782e+06,
1.95956e+06,
1.97089e+06,
1.98229e+06,
1.99394e+06,
2.00571e+06,
2.01753e+06,
2.02979e+06,
2.04205e+06,
2.05447e+06,
2.06703e+06,
2.07954e+06,
2.09198e+06,
2.10443e+06,
2.11717e+06,
2.13003e+06,
2.14286e+06,
2.15616e+06,
2.16961e+06,
2.18339e+06,
2.19706e+06,
2.2106e+06,
2.22442e+06,
2.23837e+06,
2.25268e+06,
2.26668e+06,
2.28103e+06,
2.29568e+06,
2.31079e+06,
2.32583e+06,
2.34137e+06,
2.35658e+06,
2.37224e+06,
2.38826e+06,
2.40412e+06,
2.42002e+06,
2.43629e+06,
2.45271e+06,
2.46936e+06,
2.48636e+06,
2.50383e+06,
2.52119e+06,
2.53873e+06,
2.55629e+06,
2.57384e+06,
2.59257e+06,
2.61133e+06,
2.62973e+06,
2.64852e+06,
2.66809e+06,
2.68751e+06,
2.70783e+06,
2.72848e+06,
2.74961e+06,
2.77062e+06,
2.79144e+06,
2.8126e+06,
2.83437e+06,
2.85585e+06,
2.87774e+06,
2.89973e+06,
2.92213e+06,
2.94562e+06,
2.96854e+06,
2.99156e+06,
3.01547e+06,
3.03935e+06,
3.06364e+06,
3.0886e+06,
3.11334e+06,
3.13811e+06,
3.16356e+06,
3.18985e+06,
3.21605e+06,
3.24261e+06,
3.2696e+06,
3.297e+06,
3.32441e+06,
3.35291e+06,
3.38197e+06,
3.41131e+06,
3.4416e+06,
3.47263e+06,
3.50395e+06,
3.53511e+06,
3.56749e+06,
3.6006e+06,
3.63379e+06,
3.66811e+06,
3.70318e+06,
3.73912e+06,
3.77611e+06,
3.81346e+06,
3.85147e+06,
3.89061e+06,
3.93155e+06,
3.97477e+06,
4.01944e+06,
4.06488e+06,
4.11203e+06,
4.16171e+06,
4.21388e+06,
4.26921e+06,
4.3329e+06,
4.42488e+06,
4.51379e+06,
4.60105e+06,
4.69003e+06,
4.77922e+06,
4.86915e+06,
4.96044e+06,
5.05365e+06,
5.14739e+06,
5.24456e+06,
5.34624e+06,
5.44983e+06,
5.55537e+06,
5.66271e+06,
5.77164e+06,
5.88328e+06,
5.99767e+06,
6.11357e+06,
6.24571e+06,
6.38209e+06,
6.52713e+06,
6.6755e+06,
6.82775e+06,
6.98343e+06,
7.14579e+06,
7.3114e+06,
7.48317e+06,
7.66216e+06,
7.84566e+06,
8.03779e+06,
8.24224e+06,
8.45502e+06,
8.67974e+06,
8.9241e+06,
9.19738e+06,
9.45755e+06,
9.72196e+06,
9.96557e+06,
1.01948e+07,
1.04212e+07,
1.06502e+07,
1.0882e+07,
1.11062e+07,
1.13295e+07,
1.15565e+07,
1.1785e+07,
1.20204e+07,
1.22724e+07,
1.25267e+07,
1.27609e+07,
1.29871e+07,
1.3209e+07,
1.34254e+07,
1.36394e+07,
1.38526e+07,
1.40683e+07,
1.42791e+07,
1.44827e+07,
1.4683e+07,
1.48787e+07,
1.50755e+07,
1.527e+07,
1.5465e+07,
1.56619e+07,
1.58534e+07,
1.60418e+07,
1.62321e+07,
1.64234e+07,
1.6616e+07,
1.68111e+07,
1.70075e+07,
1.71988e+07,
1.73859e+07,
1.75702e+07,
1.77468e+07,
1.79213e+07,
1.80964e+07,
1.82725e+07,
1.84558e+07,
1.86355e+07,
1.88185e+07,
1.89942e+07,
1.91698e+07,
1.93444e+07,
1.95176e+07,
1.96916e+07,
1.98704e+07,
2.00448e+07,
2.02191e+07,
2.03951e+07,
2.05796e+07,
2.07614e+07,
2.09419e+07,
2.11228e+07,
2.1307e+07,
2.14855e+07,
2.16613e+07,
2.18335e+07,
2.19949e+07,
2.21597e+07,
2.23285e+07,
2.24971e+07,
2.26734e+07,
2.28436e+07,
2.30095e+07,
2.31723e+07,
2.33357e+07,
2.34966e+07,
2.36578e+07,
2.38203e+07,
2.39949e+07,
2.41698e+07,
2.43391e+07,
2.45076e+07,
2.46747e+07,
2.4831e+07,
2.4983e+07,
2.51335e+07,
2.52872e+07,
2.54473e+07,
2.56103e+07,
2.577e+07,
2.59271e+07,
2.60842e+07,
2.62407e+07,
2.63945e+07,
2.65481e+07,
2.67026e+07,
2.68615e+07,
2.70149e+07,
2.71735e+07,
2.73344e+07,
2.74954e+07,
2.76528e+07,
2.78123e+07,
2.79693e+07,
2.81292e+07,
2.82859e+07,
2.84374e+07,
2.85892e+07,
2.8744e+07,
2.88989e+07,
2.90552e+07,
2.92095e+07,
2.93637e+07,
2.95236e+07,
2.9679e+07,
2.98284e+07,
2.99764e+07,
3.01266e+07,
3.02904e+07,
3.04532e+07,
3.06194e+07,
3.07885e+07,
3.09658e+07,
3.11385e+07,
3.13045e+07,
3.14648e+07,
3.16215e+07,
3.17795e+07,
3.19483e+07,
3.21163e+07,
3.22857e+07,
3.24645e+07,
3.26428e+07,
3.28102e+07,
3.29733e+07,
3.31368e+07,
3.32966e+07,
3.3456e+07,
3.36256e+07,
3.37955e+07,
3.39696e+07,
3.41492e+07,
3.43216e+07,
3.44906e+07,
3.46547e+07,
3.48182e+07,
3.49853e+07,
3.51515e+07,
3.53213e+07,
3.54932e+07,
3.56697e+07,
3.5837e+07,
3.59987e+07,
3.616e+07,
3.6319e+07,
3.64767e+07,
3.66363e+07,
3.67999e+07,
3.69658e+07,
3.71336e+07,
3.72984e+07,
3.74547e+07,
3.76072e+07,
3.77573e+07,
3.79066e+07,
3.80547e+07,
3.82018e+07,
478966,
478712,
478488,
478249,
478001,
477828,
477576,
477398,
477174,
476906,
476751,
476634,
476461,
476257,
476103,
475903,
475780,
475574,
475366,
475201,
474989,
474800,
474679,
474397,
474252,
474068,
473913,
473755,
473537,
473370,
473045,
472860,
472655,
472418,
472250,
472039,
471855,
471598,
471423,
471259,
471075,
470933,
470743,
470580,
470439,
470195,
469948,
469744,
469467,
469167,
468997,
468808,
468574,
468334,
468033,
467810,
467606,
467360,
467065,
466731,
466508,
466246,
466041,
465850,
465689,
465598,
465510,
465458,
465443,
465382,
465283,
465277,
465192,
465185,
465148,
465132,
465055,
465064,
465001,
464993,
464951,
464917,
464875,
464869,
464861,
464915,
464937,
464962,
464943,
464921,
464896,
464881,
464864,
464885,
464927,
464913,
464916,
464887,
464890,
464859,
464831,
464888,
464917,
464908,
465018,
465011,
465027,
465102,
465085,
465104,
465161,
465085,
465072,
465054,
465101,
465138,
465217,
465316,
465294,
465268,
465376,
465359,
465393,
465409,
465474,
465638,
465732,
465745,
465790,
465773,
465692,
465700,
465729,
465721,
465807,
465936,
465988,
466051,
466130,
466135,
466191,
466206,
466202,
466199,
466238,
466286,
466281,
466354,
466369,
466412,
466494,
466550,
466475,
466503,
466604,
466599,
466688,
466725,
466762,
466849,
466919,
466976,
467022,
467079,
467178,
467284,
467382,
467387,
467431,
467438,
467504,
467638,
468559,
469885,
470943,
472139,
473404,
474618,
475791,
477025,
478234,
479325,
480496,
481873,
483154,
484320,
485585,
486781,
487848,
489159,
490383,
491798,
492982,
494310,
495694,
497140,
498501,
499954,
501439,
503036,
504401,
505887,
507519,
509265,
511010,
512716,
514454,
516291,
517925,
519610,
521148,
522899,
524407,
526177,
527795,
529528,
531213,
532893,
534701,
536541,
538474,
540366,
542267,
544293,
546322,
548200,
550284,
552340,
554244,
556193,
558122,
560032,
561976,
564003,
566059,
568018,
570053,
572223,
574366,
576490,
578547,
580657,
582826,
584963,
587104,
589458,
591751,
594027,
596479,
598864,
601261,
603541,
606014,
608440,
610773,
613068,
615515,
617769,
620190,
622697,
625075,
627483,
629850,
632380,
634852,
637437,
639810,
642331,
644853,
647469,
650105,
652898,
655639,
658525,
661240,
663967,
666615,
669402,
672272,
674878,
677598,
680494,
683389,
686339,
689218,
692052,
694965,
697797,
700630,
703539,
706295,
709253,
712167,
715128,
718200,
721073,
724053,
727268,
730417,
733577,
736734,
740052,
743346,
746631,
749881,
753033,
756348,
759670,
762948,
766219,
769354,
772623,
775947,
779201,
782662,
786245,
789517,
793079,
796617,
800201,
803697,
807025,
810483,
814048,
817731,
821160,
825074,
828737,
832612,
836483,
840120,
844042,
847938,
851647,
855613,
859298,
863208,
867240,
871303,
875384,
879665,
883713,
887962,
892223,
896453,
900750,
905008,
909320,
913785,
918248,
922734,
926977,
931427,
935891,
940387,
944754,
949384,
953943,
958639,
963261,
967686,
972406,
977105,
981917,
986862,
991661,
996502,
1.0014e+06,
1.00618e+06,
1.01096e+06,
1.01574e+06,
1.02045e+06,
1.02538e+06,
1.03045e+06,
1.03533e+06,
1.04036e+06,
1.04528e+06,
1.05057e+06,
1.05578e+06,
1.06116e+06,
1.06633e+06,
1.07151e+06,
1.07675e+06,
1.08217e+06,
1.08739e+06,
1.09266e+06,
1.098e+06,
1.10346e+06,
1.10897e+06,
1.11455e+06,
1.11985e+06,
1.12531e+06,
1.1309e+06,
1.13637e+06,
1.1419e+06,
1.14753e+06,
1.15316e+06,
1.15883e+06,
1.16443e+06,
1.16992e+06,
1.17566e+06,
1.18144e+06,
1.18738e+06,
1.1931e+06,
1.19904e+06,
1.20475e+06,
1.2107e+06,
1.21702e+06,
1.22328e+06,
1.22955e+06,
1.23606e+06,
1.24228e+06,
1.24856e+06,
1.2549e+06,
1.26137e+06,
1.26772e+06,
1.27422e+06,
1.28071e+06,
1.28713e+06,
1.29379e+06,
1.30011e+06,
1.30686e+06,
1.31349e+06,
1.32035e+06,
1.32716e+06,
1.33377e+06,
1.34057e+06,
1.34738e+06,
1.35435e+06,
1.36147e+06,
1.36829e+06,
1.37509e+06,
1.38219e+06,
1.38926e+06,
1.39647e+06,
1.40376e+06,
1.41091e+06,
1.41805e+06,
1.4256e+06,
1.433e+06,
1.44047e+06,
1.44795e+06,
1.4552e+06,
1.46302e+06,
1.47086e+06,
1.47824e+06,
1.4859e+06,
1.49356e+06,
1.50149e+06,
1.50951e+06,
1.51776e+06,
1.52577e+06,
1.53401e+06,
1.54228e+06,
1.55037e+06,
1.559e+06,
1.56702e+06,
1.57539e+06,
1.58385e+06,
1.59211e+06,
1.60076e+06,
1.6092e+06,
1.61779e+06,
1.6262e+06,
1.63485e+06,
1.64387e+06,
1.65279e+06,
1.6619e+06,
1.67087e+06,
1.67982e+06,
1.68913e+06,
1.69858e+06,
1.70798e+06,
1.71721e+06,
1.72671e+06,
1.73658e+06,
1.74629e+06,
1.75605e+06,
1.76589e+06,
1.77583e+06,
1.78569e+06,
1.79564e+06,
1.80561e+06,
1.81568e+06,
1.82566e+06,
1.8359e+06,
1.84591e+06,
1.85659e+06,
1.86716e+06,
1.87779e+06,
1.88886e+06,
1.89954e+06,
1.91025e+06,
1.92127e+06,
1.93262e+06,
1.94379e+06,
1.95517e+06,
1.96682e+06,
1.97819e+06,
1.99008e+06,
2.00151e+06,
2.01352e+06,
2.02521e+06,
2.03731e+06,
2.04949e+06,
2.06154e+06,
2.07366e+06,
2.08619e+06,
2.0987e+06,
2.11163e+06,
2.12449e+06,
2.13738e+06,
2.15025e+06,
2.16373e+06,
2.17714e+06,
2.19049e+06,
2.20383e+06,
2.21721e+06,
2.23103e+06,
2.24484e+06,
2.2592e+06,
2.27342e+06,
2.28786e+06,
2.30229e+06,
2.31701e+06,
2.33217e+06,
2.34731e+06,
2.36244e+06,
2.37817e+06,
2.3938e+06,
2.40962e+06,
2.42567e+06,
2.44153e+06,
2.45788e+06,
2.4744e+06,
2.49128e+06,
2.50849e+06,
2.52564e+06,
2.54304e+06,
2.56052e+06,
2.57819e+06,
2.59633e+06,
2.61469e+06,
2.63316e+06,
2.65191e+06,
2.671e+06,
2.69048e+06,
2.71036e+06,
2.73019e+06,
2.75082e+06,
2.7723e+06,
2.79321e+06,
2.81422e+06,
2.83533e+06,
2.8571e+06,
2.87912e+06,
2.90141e+06,
2.92396e+06,
2.94641e+06,
2.96974e+06,
2.99307e+06,
3.01662e+06,
3.04002e+06,
3.06396e+06,
3.08839e+06,
3.11305e+06,
3.13824e+06,
3.16322e+06,
3.18849e+06,
3.2144e+06,
3.24065e+06,
3.26746e+06,
3.2945e+06,
3.32185e+06,
3.34973e+06,
3.37839e+06,
3.40747e+06,
3.43709e+06,
3.46718e+06,
3.49778e+06,
3.52903e+06,
3.56122e+06,
3.59322e+06,
3.62615e+06,
3.65988e+06,
3.69398e+06,
3.72951e+06,
3.766e+06,
3.80203e+06,
3.839e+06,
3.87728e+06,
3.91636e+06,
3.95796e+06,
4.00058e+06,
4.04508e+06,
4.09113e+06,
4.13834e+06,
4.18806e+06,
4.23942e+06,
4.29492e+06,
4.35889e+06,
4.45106e+06,
4.53989e+06,
4.62806e+06,
4.71636e+06,
4.80536e+06,
4.89443e+06,
4.98526e+06,
5.07747e+06,
5.17175e+06,
5.26821e+06,
5.36929e+06,
5.47201e+06,
5.57709e+06,
5.68362e+06,
5.79166e+06,
5.90139e+06,
6.01388e+06,
6.12916e+06,
6.25954e+06,
6.39497e+06,
6.53857e+06,
6.68454e+06,
6.83495e+06,
6.9886e+06,
7.14817e+06,
7.31295e+06,
7.48073e+06,
7.65496e+06,
7.83452e+06,
8.02352e+06,
8.22359e+06,
8.43131e+06,
8.65042e+06,
8.8849e+06,
9.14634e+06,
9.38696e+06,
9.62237e+06,
9.85952e+06,
1.00987e+07,
1.03474e+07,
1.06235e+07,
1.09076e+07,
1.11896e+07,
1.14544e+07,
1.1696e+07,
1.19292e+07,
1.21569e+07,
1.23819e+07,
1.26116e+07,
1.28323e+07,
1.30546e+07,
1.32782e+07,
1.34971e+07,
1.3715e+07,
1.39289e+07,
1.41431e+07,
1.43533e+07,
1.4558e+07,
1.47614e+07,
1.49627e+07,
1.51695e+07,
1.53772e+07,
1.55878e+07,
1.57931e+07,
1.59896e+07,
1.61792e+07,
1.63634e+07,
1.65382e+07,
1.67149e+07,
1.68914e+07,
1.70756e+07,
1.72594e+07,
1.74412e+07,
1.76206e+07,
1.78007e+07,
1.79796e+07,
1.81547e+07,
1.83283e+07,
1.8506e+07,
1.86814e+07,
1.88569e+07,
1.90302e+07,
1.92059e+07,
1.93842e+07,
1.95628e+07,
1.9742e+07,
1.9923e+07,
2.00987e+07,
2.02722e+07,
2.04468e+07,
2.06271e+07,
2.08067e+07,
2.09859e+07,
2.11664e+07,
2.13537e+07,
2.15349e+07,
2.1714e+07,
2.18911e+07,
2.20674e+07,
2.22432e+07,
2.24227e+07,
2.26029e+07,
2.27915e+07,
2.29739e+07,
2.3153e+07,
2.33226e+07,
2.34896e+07,
2.36512e+07,
2.38016e+07,
2.39522e+07,
2.41117e+07,
2.4273e+07,
2.44284e+07,
2.45839e+07,
2.47388e+07,
2.48952e+07,
2.50512e+07,
2.52065e+07,
2.53621e+07,
2.55231e+07,
2.56836e+07,
2.5839e+07,
2.59936e+07,
2.6147e+07,
2.62993e+07,
2.64529e+07,
2.66107e+07,
2.67681e+07,
2.69299e+07,
2.70864e+07,
2.72446e+07,
2.74009e+07,
2.7556e+07,
2.77121e+07,
2.78664e+07,
2.80222e+07,
2.81854e+07,
2.83509e+07,
2.85084e+07,
2.86658e+07,
2.88239e+07,
2.89785e+07,
2.91323e+07,
2.92838e+07,
2.94358e+07,
2.95895e+07,
2.97443e+07,
2.98973e+07,
3.00487e+07,
3.02015e+07,
3.03673e+07,
3.05315e+07,
3.06935e+07,
3.0858e+07,
3.10325e+07,
3.12032e+07,
3.13654e+07,
3.15248e+07,
3.16843e+07,
3.18459e+07,
3.20172e+07,
3.21884e+07,
3.23582e+07,
3.25337e+07,
3.27073e+07,
3.28729e+07,
3.30353e+07,
3.31956e+07,
3.33559e+07,
3.35196e+07,
3.36931e+07,
3.38672e+07,
3.40434e+07,
3.42235e+07,
3.43929e+07,
3.45568e+07,
3.47193e+07,
3.48797e+07,
3.50405e+07,
3.52037e+07,
3.5379e+07,
3.5557e+07,
3.57438e+07,
3.59271e+07,
3.61045e+07,
3.62689e+07,
3.64306e+07,
3.6588e+07,
3.67423e+07,
3.68977e+07,
3.70596e+07,
3.72262e+07,
3.73893e+07,
3.75461e+07,
3.77012e+07,
3.7851e+07,
3.79981e+07,
3.81429e+07,
3.82869e+07,
478966,
478714,
478512,
478266,
478042,
477889,
477701,
477507,
477306,
477021,
476881,
476749,
476586,
476410,
476272,
476087,
475987,
475778,
475584,
475463,
475203,
475122,
474946,
474705,
474584,
474385,
474273,
474074,
473922,
473690,
473479,
473274,
473070,
472919,
472722,
472578,
472352,
472093,
471972,
471867,
471720,
471565,
471409,
471269,
471101,
470834,
470599,
470340,
470134,
469898,
469701,
469524,
469281,
469016,
468781,
468516,
468355,
468129,
467816,
467517,
467299,
467010,
466673,
466516,
466435,
466329,
466232,
466229,
466154,
466131,
466129,
466096,
466016,
465947,
465910,
465951,
465840,
465846,
465874,
465875,
465774,
465735,
465691,
465718,
465739,
465787,
465750,
465784,
465792,
465816,
465804,
465798,
465786,
465767,
465839,
465833,
465848,
465777,
465765,
465766,
465803,
465885,
465883,
465932,
465947,
465998,
465998,
466055,
466105,
466129,
466072,
466031,
465979,
465953,
466025,
466056,
466147,
466243,
466298,
466362,
466396,
466338,
466372,
466461,
466492,
466544,
466601,
466649,
466684,
466687,
466691,
466745,
466760,
466816,
466852,
466965,
467086,
467134,
467167,
467127,
467110,
467127,
467074,
467229,
467261,
467330,
467395,
467428,
467498,
467545,
467516,
467534,
467521,
467618,
467657,
467645,
467765,
467833,
467903,
467885,
467947,
467983,
468041,
468065,
468144,
468230,
468309,
468390,
468443,
468507,
468635,
468665,
469554,
470767,
472021,
473198,
474468,
475628,
476851,
478095,
479381,
480540,
481653,
482904,
484206,
485522,
486857,
488042,
489183,
490424,
491681,
493018,
494361,
495668,
496996,
498387,
499897,
501540,
502954,
504537,
506004,
507626,
509191,
510943,
512608,
514369,
516149,
517926,
519655,
521529,
523271,
524885,
526605,
528230,
529992,
531791,
533615,
535483,
537270,
538959,
540991,
542892,
544724,
546904,
549083,
551060,
553037,
555128,
557135,
559151,
560914,
563180,
565187,
567396,
569452,
571556,
573607,
575560,
577704,
579862,
582193,
584179,
586295,
588325,
590460,
592836,
595165,
597605,
600104,
602628,
605115,
607547,
609956,
612282,
614634,
617187,
619641,
622025,
624640,
627072,
629448,
631994,
634448,
636827,
639188,
641853,
644275,
646793,
649298,
651968,
654639,
657455,
660361,
663006,
665918,
668786,
671669,
674499,
677320,
680093,
682786,
685693,
688334,
691097,
694056,
696932,
699912,
702915,
705899,
708714,
711736,
714732,
717661,
720453,
723558,
726666,
729925,
733141,
736434,
739613,
742779,
745920,
749355,
752549,
755695,
758895,
762325,
765576,
768902,
772155,
775313,
778863,
782156,
785440,
788961,
792378,
795858,
799684,
803243,
806802,
810350,
813810,
817530,
821208,
824856,
828690,
832438,
836166,
839947,
843902,
847722,
851633,
855647,
859617,
863439,
867326,
871233,
875415,
879524,
883667,
887725,
891894,
896176,
900451,
904807,
909298,
913762,
918155,
922525,
926865,
931244,
935885,
940351,
944872,
949427,
954182,
958812,
963327,
967843,
972453,
977085,
981839,
986718,
991602,
996357,
1.00117e+06,
1.00601e+06,
1.01091e+06,
1.01582e+06,
1.02077e+06,
1.02586e+06,
1.03091e+06,
1.03603e+06,
1.041e+06,
1.04604e+06,
1.05126e+06,
1.0565e+06,
1.06166e+06,
1.06678e+06,
1.07213e+06,
1.07746e+06,
1.08277e+06,
1.08785e+06,
1.09322e+06,
1.09855e+06,
1.10402e+06,
1.10934e+06,
1.11465e+06,
1.12011e+06,
1.1256e+06,
1.1311e+06,
1.13693e+06,
1.14252e+06,
1.14812e+06,
1.15387e+06,
1.15962e+06,
1.16547e+06,
1.17105e+06,
1.17681e+06,
1.18265e+06,
1.18855e+06,
1.19433e+06,
1.19989e+06,
1.20577e+06,
1.21158e+06,
1.21757e+06,
1.22351e+06,
1.22968e+06,
1.236e+06,
1.24232e+06,
1.24862e+06,
1.25482e+06,
1.26107e+06,
1.26762e+06,
1.27386e+06,
1.28024e+06,
1.28705e+06,
1.29368e+06,
1.30033e+06,
1.30717e+06,
1.31372e+06,
1.32082e+06,
1.32761e+06,
1.33447e+06,
1.34128e+06,
1.34808e+06,
1.35477e+06,
1.3618e+06,
1.36851e+06,
1.37566e+06,
1.38239e+06,
1.3895e+06,
1.39637e+06,
1.40329e+06,
1.41035e+06,
1.41766e+06,
1.4254e+06,
1.43295e+06,
1.44061e+06,
1.4481e+06,
1.45574e+06,
1.46324e+06,
1.47094e+06,
1.47864e+06,
1.48638e+06,
1.49411e+06,
1.50203e+06,
1.51001e+06,
1.51798e+06,
1.52604e+06,
1.53416e+06,
1.54224e+06,
1.55016e+06,
1.55812e+06,
1.56619e+06,
1.57448e+06,
1.58323e+06,
1.59133e+06,
1.59954e+06,
1.60807e+06,
1.61658e+06,
1.62534e+06,
1.63379e+06,
1.64281e+06,
1.65149e+06,
1.6605e+06,
1.6694e+06,
1.67859e+06,
1.68756e+06,
1.69676e+06,
1.70582e+06,
1.71494e+06,
1.72414e+06,
1.73346e+06,
1.74288e+06,
1.75264e+06,
1.76273e+06,
1.7725e+06,
1.78252e+06,
1.79228e+06,
1.80218e+06,
1.81219e+06,
1.82208e+06,
1.83213e+06,
1.84222e+06,
1.8526e+06,
1.86295e+06,
1.87355e+06,
1.88395e+06,
1.89479e+06,
1.9058e+06,
1.91664e+06,
1.9276e+06,
1.93871e+06,
1.95018e+06,
1.96161e+06,
1.97279e+06,
1.98427e+06,
1.99608e+06,
2.00828e+06,
2.01966e+06,
2.03134e+06,
2.04332e+06,
2.05537e+06,
2.06765e+06,
2.07992e+06,
2.09228e+06,
2.10477e+06,
2.11727e+06,
2.12975e+06,
2.14292e+06,
2.15586e+06,
2.16899e+06,
2.18218e+06,
2.19598e+06,
2.20926e+06,
2.2224e+06,
2.23617e+06,
2.25002e+06,
2.26402e+06,
2.27846e+06,
2.29279e+06,
2.30725e+06,
2.32193e+06,
2.33699e+06,
2.35202e+06,
2.36762e+06,
2.38302e+06,
2.39829e+06,
2.41414e+06,
2.4302e+06,
2.44594e+06,
2.46193e+06,
2.47827e+06,
2.4945e+06,
2.51136e+06,
2.5282e+06,
2.54605e+06,
2.56358e+06,
2.5814e+06,
2.59887e+06,
2.61717e+06,
2.63543e+06,
2.65398e+06,
2.67258e+06,
2.69202e+06,
2.71174e+06,
2.73137e+06,
2.75132e+06,
2.77171e+06,
2.79318e+06,
2.8148e+06,
2.83608e+06,
2.85724e+06,
2.87875e+06,
2.90069e+06,
2.92319e+06,
2.94614e+06,
2.96925e+06,
2.99199e+06,
3.0158e+06,
3.03938e+06,
3.06282e+06,
3.08647e+06,
3.11091e+06,
3.1352e+06,
3.16004e+06,
3.18565e+06,
3.21127e+06,
3.23743e+06,
3.26395e+06,
3.29073e+06,
3.31738e+06,
3.34507e+06,
3.37276e+06,
3.40181e+06,
3.43147e+06,
3.46122e+06,
3.49126e+06,
3.52155e+06,
3.55348e+06,
3.58521e+06,
3.61764e+06,
3.65089e+06,
3.6846e+06,
3.71968e+06,
3.7548e+06,
3.79071e+06,
3.82713e+06,
3.86464e+06,
3.90351e+06,
3.94343e+06,
3.98474e+06,
4.02816e+06,
4.07242e+06,
4.11803e+06,
4.16565e+06,
4.21559e+06,
4.26804e+06,
4.32439e+06,
4.38884e+06,
4.48202e+06,
4.57133e+06,
4.66057e+06,
4.74982e+06,
4.83864e+06,
4.92878e+06,
5.02028e+06,
5.11393e+06,
5.20854e+06,
5.30701e+06,
5.41004e+06,
5.51481e+06,
5.62083e+06,
5.72856e+06,
5.83831e+06,
5.95083e+06,
6.06451e+06,
6.1814e+06,
6.31192e+06,
6.4499e+06,
6.59623e+06,
6.74472e+06,
6.89763e+06,
7.05507e+06,
7.21952e+06,
7.38946e+06,
7.56273e+06,
7.74156e+06,
7.92618e+06,
8.12112e+06,
8.33004e+06,
8.54824e+06,
8.77913e+06,
9.03711e+06,
9.34149e+06,
9.6011e+06,
9.84149e+06,
1.00719e+07,
1.02972e+07,
1.0518e+07,
1.07409e+07,
1.09675e+07,
1.11891e+07,
1.14094e+07,
1.16295e+07,
1.18538e+07,
1.20753e+07,
1.23014e+07,
1.25367e+07,
1.27817e+07,
1.30277e+07,
1.32552e+07,
1.34751e+07,
1.3682e+07,
1.38893e+07,
1.41011e+07,
1.43039e+07,
1.45004e+07,
1.46956e+07,
1.48892e+07,
1.50885e+07,
1.52851e+07,
1.54805e+07,
1.56771e+07,
1.58712e+07,
1.60605e+07,
1.62511e+07,
1.64373e+07,
1.6624e+07,
1.68101e+07,
1.70052e+07,
1.71981e+07,
1.73869e+07,
1.75713e+07,
1.77543e+07,
1.79402e+07,
1.81277e+07,
1.83137e+07,
1.84961e+07,
1.86709e+07,
1.88486e+07,
1.90245e+07,
1.92018e+07,
1.93788e+07,
1.95531e+07,
1.97292e+07,
1.99083e+07,
2.00885e+07,
2.02628e+07,
2.04371e+07,
2.06194e+07,
2.07992e+07,
2.09781e+07,
2.11594e+07,
2.13421e+07,
2.15074e+07,
2.16705e+07,
2.18341e+07,
2.20002e+07,
2.2164e+07,
2.23312e+07,
2.24985e+07,
2.26748e+07,
2.28484e+07,
2.30166e+07,
2.31804e+07,
2.33423e+07,
2.35043e+07,
2.3669e+07,
2.38344e+07,
2.40084e+07,
2.41821e+07,
2.43487e+07,
2.45175e+07,
2.46843e+07,
2.48507e+07,
2.50157e+07,
2.5181e+07,
2.53426e+07,
2.55079e+07,
2.5669e+07,
2.58251e+07,
2.59802e+07,
2.61347e+07,
2.62868e+07,
2.64422e+07,
2.65979e+07,
2.67578e+07,
2.69191e+07,
2.7079e+07,
2.72434e+07,
2.74024e+07,
2.75596e+07,
2.77142e+07,
2.78672e+07,
2.80221e+07,
2.81838e+07,
2.8344e+07,
2.84973e+07,
2.86488e+07,
2.88063e+07,
2.8962e+07,
2.9115e+07,
2.92665e+07,
2.94179e+07,
2.95715e+07,
2.9724e+07,
2.98768e+07,
3.00283e+07,
3.01795e+07,
3.03438e+07,
3.05092e+07,
3.06756e+07,
3.08416e+07,
3.1017e+07,
3.11875e+07,
3.13501e+07,
3.15115e+07,
3.16714e+07,
3.18329e+07,
3.20029e+07,
3.21739e+07,
3.23459e+07,
3.25235e+07,
3.26991e+07,
3.28641e+07,
3.30258e+07,
3.31869e+07,
3.33475e+07,
3.35107e+07,
3.36849e+07,
3.38567e+07,
3.40346e+07,
3.42171e+07,
3.43874e+07,
3.45516e+07,
3.47141e+07,
3.48764e+07,
3.50423e+07,
3.52092e+07,
3.53827e+07,
3.55561e+07,
3.57333e+07,
3.59032e+07,
3.60653e+07,
3.62251e+07,
3.63796e+07,
3.65346e+07,
3.66892e+07,
3.6851e+07,
3.70172e+07,
3.71861e+07,
3.73526e+07,
3.751e+07,
3.76625e+07,
3.78135e+07,
3.79615e+07,
3.8107e+07,
3.82525e+07,
478966,
478728,
478524,
478288,
478116,
477974,
477770,
477618,
477426,
477210,
477029,
476902,
476778,
476624,
476479,
476323,
476192,
476051,
475856,
475672,
475500,
475372,
475241,
475078,
474952,
474807,
474590,
474472,
474294,
474108,
473949,
473679,
473538,
473355,
473238,
473067,
472896,
472676,
472482,
472364,
472224,
472097,
471969,
471836,
471624,
471500,
471334,
471078,
470783,
470517,
470369,
470169,
469979,
469786,
469522,
469402,
469118,
468869,
468636,
468362,
468068,
467821,
467480,
467398,
467244,
467227,
467157,
467139,
467077,
467049,
467034,
467023,
466948,
466909,
466872,
466866,
466850,
466864,
466917,
466884,
466846,
466818,
466839,
466812,
466822,
466865,
466948,
466952,
466990,
467049,
467066,
467066,
467142,
467080,
467155,
467166,
467108,
467092,
467113,
467133,
467132,
467150,
467187,
467275,
467318,
467367,
467438,
467495,
467472,
467510,
467382,
467314,
467374,
467366,
467433,
467534,
467635,
467682,
467702,
467755,
467811,
467752,
467828,
467831,
467876,
467936,
468010,
468060,
468204,
468303,
468313,
468335,
468387,
468418,
468402,
468464,
468473,
468535,
468675,
468707,
468765,
468827,
468820,
468918,
469040,
469109,
469115,
469163,
469149,
469168,
469250,
469229,
469289,
469295,
469358,
469365,
469467,
469530,
469593,
469609,
469692,
469716,
469822,
469881,
469914,
469977,
470077,
470190,
470296,
470475,
470528,
470615,
471070,
472321,
473575,
474697,
475938,
477213,
478401,
479753,
481058,
482360,
483455,
484725,
486039,
487404,
488812,
490035,
491328,
492636,
493940,
495345,
496621,
498000,
499324,
500663,
502306,
503821,
505505,
507104,
508658,
510190,
511813,
513632,
515385,
517268,
519060,
520946,
522579,
524286,
526144,
527912,
529575,
531419,
533339,
535362,
537288,
539069,
540745,
542572,
544513,
546415,
548346,
550243,
552262,
554436,
556627,
558862,
560816,
562758,
564924,
566934,
568945,
571121,
573285,
575402,
577680,
579812,
582065,
584230,
586421,
588483,
590477,
592659,
594887,
597125,
599408,
601932,
604496,
607033,
609515,
611842,
614355,
616705,
619066,
621638,
624162,
626581,
629043,
631639,
634027,
636536,
639025,
641635,
644038,
646503,
649022,
651339,
653987,
656650,
659428,
662239,
665199,
668039,
670781,
673694,
676651,
679651,
682496,
685190,
688038,
690729,
693581,
696459,
699182,
702108,
705035,
708051,
710903,
713911,
716944,
719812,
722696,
725846,
728988,
732187,
735183,
738504,
741719,
744884,
748239,
751670,
754850,
758104,
761466,
764814,
768052,
771452,
774851,
778095,
781662,
784920,
788332,
791860,
795441,
798919,
802298,
805914,
809382,
813110,
816759,
820474,
824090,
827898,
831754,
835584,
839418,
843328,
847229,
851068,
855203,
859235,
863162,
867147,
871054,
875043,
879121,
883235,
887378,
891700,
895854,
900035,
904361,
908809,
913168,
917560,
922104,
926341,
930985,
935399,
939973,
944387,
948840,
953474,
958160,
963039,
967901,
972641,
977307,
982099,
986842,
991571,
996210,
1.00108e+06,
1.00604e+06,
1.01098e+06,
1.01582e+06,
1.02075e+06,
1.02581e+06,
1.03085e+06,
1.03599e+06,
1.04107e+06,
1.04615e+06,
1.05133e+06,
1.0565e+06,
1.06147e+06,
1.06681e+06,
1.07189e+06,
1.07713e+06,
1.08251e+06,
1.08781e+06,
1.09314e+06,
1.09852e+06,
1.10378e+06,
1.10933e+06,
1.11489e+06,
1.12035e+06,
1.12608e+06,
1.13169e+06,
1.13739e+06,
1.14295e+06,
1.1486e+06,
1.15392e+06,
1.15977e+06,
1.16542e+06,
1.17101e+06,
1.177e+06,
1.18298e+06,
1.18869e+06,
1.19461e+06,
1.20043e+06,
1.20606e+06,
1.21204e+06,
1.21805e+06,
1.22401e+06,
1.23015e+06,
1.23636e+06,
1.24254e+06,
1.24856e+06,
1.25524e+06,
1.26159e+06,
1.26782e+06,
1.27424e+06,
1.28067e+06,
1.28698e+06,
1.2938e+06,
1.30076e+06,
1.30729e+06,
1.31402e+06,
1.32069e+06,
1.32727e+06,
1.33407e+06,
1.34068e+06,
1.34754e+06,
1.35457e+06,
1.36134e+06,
1.3682e+06,
1.37522e+06,
1.38239e+06,
1.38949e+06,
1.39679e+06,
1.40405e+06,
1.41132e+06,
1.41859e+06,
1.42576e+06,
1.43301e+06,
1.44069e+06,
1.44852e+06,
1.45604e+06,
1.46338e+06,
1.47112e+06,
1.47868e+06,
1.48634e+06,
1.49392e+06,
1.50183e+06,
1.5095e+06,
1.51734e+06,
1.52523e+06,
1.53319e+06,
1.54123e+06,
1.5493e+06,
1.55721e+06,
1.56537e+06,
1.57386e+06,
1.58213e+06,
1.59083e+06,
1.59947e+06,
1.60783e+06,
1.61628e+06,
1.6249e+06,
1.63341e+06,
1.64198e+06,
1.65043e+06,
1.6589e+06,
1.66763e+06,
1.67669e+06,
1.68565e+06,
1.69482e+06,
1.70393e+06,
1.71297e+06,
1.72231e+06,
1.73171e+06,
1.74086e+06,
1.75058e+06,
1.76018e+06,
1.76995e+06,
1.77946e+06,
1.789e+06,
1.799e+06,
1.80867e+06,
1.81867e+06,
1.82871e+06,
1.83873e+06,
1.84887e+06,
1.85881e+06,
1.86945e+06,
1.87963e+06,
1.8904e+06,
1.90082e+06,
1.91119e+06,
1.92194e+06,
1.93259e+06,
1.94347e+06,
1.95487e+06,
1.96604e+06,
1.97771e+06,
1.98914e+06,
2.00081e+06,
2.01251e+06,
2.02451e+06,
2.03644e+06,
2.04833e+06,
2.06029e+06,
2.07227e+06,
2.08456e+06,
2.09678e+06,
2.10924e+06,
2.12189e+06,
2.13464e+06,
2.14733e+06,
2.16025e+06,
2.17315e+06,
2.18606e+06,
2.19926e+06,
2.2127e+06,
2.22641e+06,
2.24015e+06,
2.25423e+06,
2.26864e+06,
2.28275e+06,
2.29703e+06,
2.31088e+06,
2.32529e+06,
2.34008e+06,
2.3549e+06,
2.3699e+06,
2.38513e+06,
2.40105e+06,
2.41651e+06,
2.4322e+06,
2.44798e+06,
2.46391e+06,
2.47999e+06,
2.49639e+06,
2.51272e+06,
2.52964e+06,
2.54683e+06,
2.56409e+06,
2.58152e+06,
2.59945e+06,
2.6173e+06,
2.63573e+06,
2.6537e+06,
2.67252e+06,
2.69125e+06,
2.71028e+06,
2.72986e+06,
2.74986e+06,
2.76985e+06,
2.7904e+06,
2.81189e+06,
2.83324e+06,
2.85466e+06,
2.87663e+06,
2.89866e+06,
2.92077e+06,
2.94334e+06,
2.96606e+06,
2.98896e+06,
3.01174e+06,
3.03478e+06,
3.058e+06,
3.0818e+06,
3.10568e+06,
3.12992e+06,
3.15489e+06,
3.17952e+06,
3.20527e+06,
3.23116e+06,
3.25709e+06,
3.28401e+06,
3.31085e+06,
3.33807e+06,
3.36599e+06,
3.3941e+06,
3.42263e+06,
3.45253e+06,
3.48261e+06,
3.51281e+06,
3.54383e+06,
3.57597e+06,
3.60831e+06,
3.64114e+06,
3.67404e+06,
3.7084e+06,
3.74268e+06,
3.77857e+06,
3.81441e+06,
3.85193e+06,
3.89021e+06,
3.92914e+06,
3.96925e+06,
4.01061e+06,
4.05456e+06,
4.09949e+06,
4.14601e+06,
4.19425e+06,
4.24512e+06,
4.29892e+06,
4.356e+06,
4.42185e+06,
4.51697e+06,
4.60822e+06,
4.69878e+06,
4.78963e+06,
4.88127e+06,
4.97398e+06,
5.06762e+06,
5.16332e+06,
5.26065e+06,
5.36157e+06,
5.46978e+06,
5.57681e+06,
5.68567e+06,
5.79899e+06,
5.91274e+06,
6.03019e+06,
6.14976e+06,
6.27185e+06,
6.40821e+06,
6.55333e+06,
6.7077e+06,
6.86544e+06,
7.02768e+06,
7.19575e+06,
7.37348e+06,
7.55709e+06,
7.74949e+06,
7.95505e+06,
8.19132e+06,
8.41785e+06,
8.63964e+06,
8.85988e+06,
9.08542e+06,
9.3257e+06,
9.57672e+06,
9.80168e+06,
1.00183e+07,
1.02286e+07,
1.04381e+07,
1.06492e+07,
1.08626e+07,
1.10737e+07,
1.1279e+07,
1.14813e+07,
1.16716e+07,
1.18578e+07,
1.20461e+07,
1.22362e+07,
1.24352e+07,
1.26343e+07,
1.28359e+07,
1.30337e+07,
1.32298e+07,
1.34284e+07,
1.36302e+07,
1.38404e+07,
1.40502e+07,
1.42742e+07,
1.44901e+07,
1.46947e+07,
1.49006e+07,
1.51006e+07,
1.53011e+07,
1.55019e+07,
1.56931e+07,
1.5882e+07,
1.60707e+07,
1.62607e+07,
1.64532e+07,
1.66443e+07,
1.68432e+07,
1.70364e+07,
1.72234e+07,
1.74088e+07,
1.75904e+07,
1.77728e+07,
1.79562e+07,
1.81416e+07,
1.83299e+07,
1.85183e+07,
1.87103e+07,
1.8899e+07,
1.90815e+07,
1.9264e+07,
1.94448e+07,
1.96264e+07,
1.97972e+07,
1.99637e+07,
2.0129e+07,
2.02967e+07,
2.0473e+07,
2.06442e+07,
2.08125e+07,
2.09798e+07,
2.11476e+07,
2.13103e+07,
2.14697e+07,
2.16282e+07,
2.17882e+07,
2.19496e+07,
2.21176e+07,
2.22887e+07,
2.24699e+07,
2.26411e+07,
2.28062e+07,
2.29673e+07,
2.31282e+07,
2.32869e+07,
2.34464e+07,
2.36096e+07,
2.37814e+07,
2.39567e+07,
2.41293e+07,
2.43e+07,
2.44663e+07,
2.46291e+07,
2.47934e+07,
2.49571e+07,
2.51243e+07,
2.52976e+07,
2.54711e+07,
2.56411e+07,
2.58134e+07,
2.59896e+07,
2.61585e+07,
2.63241e+07,
2.64896e+07,
2.66582e+07,
2.68294e+07,
2.69941e+07,
2.71523e+07,
2.73094e+07,
2.74675e+07,
2.76264e+07,
2.77848e+07,
2.79418e+07,
2.81011e+07,
2.82587e+07,
2.84115e+07,
2.85618e+07,
2.87136e+07,
2.88646e+07,
2.90161e+07,
2.9168e+07,
2.93231e+07,
2.94805e+07,
2.9634e+07,
2.97817e+07,
2.99288e+07,
3.00783e+07,
3.02405e+07,
3.03999e+07,
3.05628e+07,
3.07283e+07,
3.0908e+07,
3.10832e+07,
3.12519e+07,
3.14172e+07,
3.15781e+07,
3.17399e+07,
3.19121e+07,
3.2079e+07,
3.22481e+07,
3.24253e+07,
3.25998e+07,
3.27696e+07,
3.29353e+07,
3.30992e+07,
3.32623e+07,
3.34249e+07,
3.35978e+07,
3.37703e+07,
3.39475e+07,
3.41301e+07,
3.43042e+07,
3.44684e+07,
3.46294e+07,
3.47871e+07,
3.49467e+07,
3.51046e+07,
3.52713e+07,
3.54383e+07,
3.56112e+07,
3.57738e+07,
3.59331e+07,
3.60883e+07,
3.62409e+07,
3.63922e+07,
3.65438e+07,
3.66983e+07,
3.68624e+07,
3.7029e+07,
3.71939e+07,
3.7353e+07,
3.75095e+07,
3.76686e+07,
3.78233e+07,
3.79779e+07,
3.81288e+07,
478966,
478737,
478545,
478311,
478179,
478028,
477888,
477729,
477524,
477332,
477209,
477053,
476951,
476808,
476692,
476535,
476431,
476265,
476098,
475904,
475778,
475682,
475547,
475399,
475263,
475181,
475011,
474822,
474723,
474554,
474363,
474263,
474078,
473899,
473748,
473616,
473526,
473302,
473158,
472994,
472818,
472691,
472561,
472445,
472284,
472091,
471934,
471676,
471448,
471230,
471063,
470934,
470703,
470511,
470386,
470182,
469897,
469697,
469387,
469131,
468855,
468641,
468269,
468106,
468094,
468052,
467995,
467951,
467872,
467889,
467844,
467848,
467784,
467818,
467780,
467833,
467817,
467819,
467795,
467826,
467843,
467828,
467851,
467849,
467903,
467930,
467951,
467905,
467999,
467980,
468059,
468141,
468247,
468232,
468170,
468178,
468184,
468207,
468276,
468309,
468395,
468506,
468531,
468597,
468628,
468644,
468662,
468717,
468692,
468723,
468644,
468590,
468620,
468618,
468707,
468851,
468865,
468935,
468995,
469053,
469102,
469103,
469076,
469194,
469238,
469340,
469398,
469542,
469674,
469782,
469801,
469771,
469753,
469802,
469885,
469999,
470042,
470098,
470155,
470303,
470355,
470479,
470533,
470568,
470622,
470630,
470678,
470689,
470795,
470908,
470961,
471008,
471005,
471067,
471088,
471247,
471349,
471417,
471542,
471631,
471666,
471703,
471776,
471861,
471881,
472092,
472233,
472350,
472464,
472542,
472741,
472843,
472990,
474080,
475290,
476603,
477872,
479122,
480322,
481551,
483064,
484552,
485757,
487001,
488151,
489497,
490959,
492235,
493693,
495059,
496419,
497754,
499201,
500518,
501848,
503334,
504696,
506324,
508096,
509759,
511637,
513150,
514816,
516343,
518008,
519790,
521791,
523648,
525447,
527329,
528977,
530650,
532463,
534317,
536182,
538215,
540264,
542103,
543978,
545768,
547672,
549531,
551555,
553545,
555694,
557906,
559910,
562284,
564373,
566484,
568681,
570845,
572835,
574981,
577344,
579399,
581705,
583978,
586093,
588230,
590486,
592600,
594766,
596956,
599095,
601305,
603691,
606265,
608579,
610990,
613420,
615879,
618421,
620967,
623590,
626269,
628810,
631220,
633730,
636247,
638709,
641267,
643811,
646359,
648979,
651445,
654057,
656656,
659095,
661722,
664306,
667018,
669907,
672852,
675728,
678475,
681428,
684057,
687007,
690015,
692813,
695772,
698729,
701647,
704573,
707522,
710436,
713545,
716378,
719512,
722277,
725503,
728576,
731491,
734660,
737755,
740873,
743985,
747383,
750797,
754066,
757464,
760778,
764203,
767505,
770978,
774391,
777738,
781129,
784504,
787970,
791476,
795174,
798616,
802277,
805800,
809328,
812988,
816365,
819993,
823570,
827140,
830855,
834598,
838487,
842470,
846539,
850570,
854458,
858327,
862162,
866102,
869984,
874058,
878265,
882378,
886385,
890655,
894863,
899238,
903583,
907963,
912303,
916793,
921241,
925560,
929851,
934248,
938797,
943223,
947748,
952383,
957095,
961775,
966552,
971268,
975879,
980814,
985688,
990664,
995797,
1.00062e+06,
1.00552e+06,
1.01037e+06,
1.01534e+06,
1.0204e+06,
1.02527e+06,
1.03014e+06,
1.03532e+06,
1.04028e+06,
1.04547e+06,
1.05068e+06,
1.05599e+06,
1.06118e+06,
1.06632e+06,
1.07153e+06,
1.07636e+06,
1.08158e+06,
1.08691e+06,
1.09206e+06,
1.09753e+06,
1.10284e+06,
1.10826e+06,
1.11374e+06,
1.11932e+06,
1.12492e+06,
1.13058e+06,
1.13643e+06,
1.14212e+06,
1.14783e+06,
1.15354e+06,
1.15918e+06,
1.16484e+06,
1.17066e+06,
1.17643e+06,
1.18222e+06,
1.18786e+06,
1.19359e+06,
1.19962e+06,
1.20574e+06,
1.21165e+06,
1.21748e+06,
1.22341e+06,
1.22929e+06,
1.23525e+06,
1.24142e+06,
1.24762e+06,
1.25388e+06,
1.26032e+06,
1.26648e+06,
1.27299e+06,
1.27929e+06,
1.2858e+06,
1.29274e+06,
1.29967e+06,
1.30617e+06,
1.31295e+06,
1.31977e+06,
1.32642e+06,
1.33322e+06,
1.33997e+06,
1.34682e+06,
1.35351e+06,
1.36051e+06,
1.36744e+06,
1.37436e+06,
1.38126e+06,
1.38838e+06,
1.39561e+06,
1.40272e+06,
1.40982e+06,
1.41723e+06,
1.42453e+06,
1.43194e+06,
1.43922e+06,
1.44654e+06,
1.45399e+06,
1.46168e+06,
1.46942e+06,
1.47702e+06,
1.48469e+06,
1.49209e+06,
1.50007e+06,
1.508e+06,
1.516e+06,
1.5241e+06,
1.53198e+06,
1.54008e+06,
1.5481e+06,
1.55653e+06,
1.56475e+06,
1.57281e+06,
1.5809e+06,
1.58886e+06,
1.597e+06,
1.60523e+06,
1.6137e+06,
1.62233e+06,
1.63114e+06,
1.63981e+06,
1.64874e+06,
1.65728e+06,
1.66563e+06,
1.67451e+06,
1.68338e+06,
1.69249e+06,
1.70158e+06,
1.71098e+06,
1.72011e+06,
1.72949e+06,
1.73879e+06,
1.74782e+06,
1.75689e+06,
1.76646e+06,
1.77596e+06,
1.78558e+06,
1.79542e+06,
1.80526e+06,
1.81517e+06,
1.82487e+06,
1.8348e+06,
1.84491e+06,
1.85499e+06,
1.86518e+06,
1.87542e+06,
1.88581e+06,
1.89606e+06,
1.90658e+06,
1.91719e+06,
1.92752e+06,
1.93827e+06,
1.94921e+06,
1.9598e+06,
1.97129e+06,
1.98277e+06,
1.99413e+06,
2.00541e+06,
2.01694e+06,
2.0285e+06,
2.04006e+06,
2.05184e+06,
2.06357e+06,
2.07579e+06,
2.08817e+06,
2.10045e+06,
2.11274e+06,
2.12512e+06,
2.13799e+06,
2.15053e+06,
2.1636e+06,
2.17674e+06,
2.18946e+06,
2.20289e+06,
2.21637e+06,
2.22987e+06,
2.24335e+06,
2.25697e+06,
2.27097e+06,
2.28508e+06,
2.299e+06,
2.31289e+06,
2.32739e+06,
2.34191e+06,
2.35685e+06,
2.37197e+06,
2.38704e+06,
2.40242e+06,
2.41791e+06,
2.43326e+06,
2.4493e+06,
2.46548e+06,
2.48159e+06,
2.49773e+06,
2.51411e+06,
2.53068e+06,
2.54743e+06,
2.56466e+06,
2.58191e+06,
2.59934e+06,
2.61716e+06,
2.63512e+06,
2.65288e+06,
2.67093e+06,
2.68974e+06,
2.70878e+06,
2.72779e+06,
2.74716e+06,
2.76721e+06,
2.78749e+06,
2.8086e+06,
2.82995e+06,
2.85157e+06,
2.8735e+06,
2.89538e+06,
2.91734e+06,
2.9391e+06,
2.96117e+06,
2.984e+06,
3.00708e+06,
3.02992e+06,
3.05322e+06,
3.07655e+06,
3.10008e+06,
3.12404e+06,
3.14831e+06,
3.17325e+06,
3.19857e+06,
3.22398e+06,
3.25052e+06,
3.2769e+06,
3.30331e+06,
3.32966e+06,
3.35693e+06,
3.38497e+06,
3.41373e+06,
3.44314e+06,
3.47239e+06,
3.50261e+06,
3.53369e+06,
3.56475e+06,
3.59759e+06,
3.63034e+06,
3.66348e+06,
3.69715e+06,
3.73111e+06,
3.76559e+06,
3.80207e+06,
3.83969e+06,
3.87769e+06,
3.91617e+06,
3.95517e+06,
3.99598e+06,
4.03863e+06,
4.08302e+06,
4.12897e+06,
4.17665e+06,
4.22615e+06,
4.27776e+06,
4.33237e+06,
4.39088e+06,
4.4592e+06,
4.55805e+06,
4.65135e+06,
4.74503e+06,
4.83916e+06,
4.93459e+06,
5.03139e+06,
5.12859e+06,
5.22926e+06,
5.33171e+06,
5.43868e+06,
5.55227e+06,
5.66625e+06,
5.78229e+06,
5.90091e+06,
6.02415e+06,
6.1505e+06,
6.28023e+06,
6.41557e+06,
6.56534e+06,
6.72758e+06,
6.90062e+06,
7.08183e+06,
7.27893e+06,
7.50508e+06,
7.70994e+06,
7.90464e+06,
8.09654e+06,
8.28684e+06,
8.47717e+06,
8.66954e+06,
8.87227e+06,
9.07802e+06,
9.29238e+06,
9.53773e+06,
9.77204e+06,
9.97954e+06,
1.01696e+07,
1.03541e+07,
1.05359e+07,
1.07174e+07,
1.09051e+07,
1.10904e+07,
1.12743e+07,
1.14574e+07,
1.16437e+07,
1.18253e+07,
1.20052e+07,
1.21874e+07,
1.23704e+07,
1.25498e+07,
1.27327e+07,
1.29142e+07,
1.30956e+07,
1.32793e+07,
1.34689e+07,
1.36623e+07,
1.38489e+07,
1.40343e+07,
1.42207e+07,
1.44056e+07,
1.45952e+07,
1.47844e+07,
1.4981e+07,
1.51821e+07,
1.53864e+07,
1.56022e+07,
1.58145e+07,
1.60168e+07,
1.62104e+07,
1.64048e+07,
1.66043e+07,
1.67994e+07,
1.69902e+07,
1.7176e+07,
1.73628e+07,
1.75526e+07,
1.77411e+07,
1.79251e+07,
1.80974e+07,
1.82644e+07,
1.84346e+07,
1.86023e+07,
1.87697e+07,
1.89376e+07,
1.91059e+07,
1.92777e+07,
1.94522e+07,
1.96186e+07,
1.97831e+07,
1.99483e+07,
2.01192e+07,
2.02886e+07,
2.04591e+07,
2.06311e+07,
2.08066e+07,
2.09796e+07,
2.115e+07,
2.1317e+07,
2.1484e+07,
2.1654e+07,
2.18273e+07,
2.19972e+07,
2.21761e+07,
2.235e+07,
2.25141e+07,
2.26756e+07,
2.28404e+07,
2.3003e+07,
2.31655e+07,
2.33307e+07,
2.3506e+07,
2.36787e+07,
2.38451e+07,
2.40112e+07,
2.41779e+07,
2.43427e+07,
2.45102e+07,
2.46808e+07,
2.48496e+07,
2.50236e+07,
2.51979e+07,
2.53676e+07,
2.55357e+07,
2.57001e+07,
2.58633e+07,
2.60267e+07,
2.61907e+07,
2.63619e+07,
2.6534e+07,
2.67002e+07,
2.68713e+07,
2.70387e+07,
2.72084e+07,
2.73751e+07,
2.75404e+07,
2.77042e+07,
2.78748e+07,
2.80441e+07,
2.82104e+07,
2.83717e+07,
2.8535e+07,
2.86967e+07,
2.88486e+07,
2.90002e+07,
2.91508e+07,
2.93034e+07,
2.94532e+07,
2.96023e+07,
2.97541e+07,
2.99051e+07,
3.00675e+07,
3.02294e+07,
3.0391e+07,
3.05543e+07,
3.07304e+07,
3.08998e+07,
3.10635e+07,
3.12231e+07,
3.13846e+07,
3.15496e+07,
3.17236e+07,
3.18939e+07,
3.20657e+07,
3.22435e+07,
3.24163e+07,
3.2584e+07,
3.27499e+07,
3.29146e+07,
3.30771e+07,
3.32489e+07,
3.3427e+07,
3.36007e+07,
3.37764e+07,
3.39554e+07,
3.41186e+07,
3.42778e+07,
3.44336e+07,
3.45889e+07,
3.4744e+07,
3.49006e+07,
3.50675e+07,
3.5233e+07,
3.54056e+07,
3.55681e+07,
3.57255e+07,
3.58784e+07,
3.60291e+07,
3.61804e+07,
3.63328e+07,
3.64888e+07,
3.66581e+07,
3.68267e+07,
3.69901e+07,
3.7144e+07,
3.72947e+07,
3.74428e+07,
3.75875e+07,
3.77331e+07,
3.78784e+07,
478966,
478747,
478578,
478359,
478236,
478073,
477922,
477791,
477600,
477427,
477347,
477259,
477069,
476960,
476889,
476768,
476619,
476504,
476372,
476153,
476076,
475990,
475888,
475749,
475637,
475524,
475355,
475186,
475062,
474978,
474805,
474643,
474530,
474365,
474159,
474092,
473951,
473794,
473672,
473583,
473407,
473215,
473063,
472951,
472837,
472653,
472473,
472253,
472028,
471882,
471763,
471576,
471372,
471205,
471070,
470814,
470681,
470409,
470091,
469859,
469547,
469302,
469020,
468869,
468784,
468742,
468714,
468685,
468668,
468654,
468615,
468668,
468584,
468563,
468554,
468661,
468658,
468638,
468508,
468562,
468605,
468659,
468645,
468720,
468700,
468781,
468870,
468908,
468973,
468994,
469065,
469116,
469087,
469106,
469134,
469154,
469201,
469310,
469355,
469503,
469542,
469561,
469648,
469738,
469806,
469786,
469815,
469852,
469857,
469881,
469900,
470015,
470052,
470061,
470041,
470128,
470228,
470300,
470339,
470372,
470440,
470501,
470511,
470563,
470688,
470878,
470947,
470979,
471152,
471242,
471326,
471363,
471338,
471403,
471487,
471606,
471700,
471753,
471864,
471943,
472106,
472108,
472120,
472171,
472311,
472383,
472454,
472592,
472668,
472735,
472783,
472828,
472887,
472944,
473073,
473173,
473289,
473392,
473493,
473576,
473745,
473806,
473842,
473901,
474032,
474128,
474226,
474376,
474577,
474748,
474893,
475045,
475232,
475598,
476810,
478097,
479414,
480718,
481991,
483303,
484657,
486126,
487555,
488862,
490156,
491486,
492985,
494357,
495892,
497297,
498961,
500265,
501503,
503006,
504480,
506002,
507332,
508879,
510513,
512251,
513996,
515695,
517293,
518902,
520569,
522373,
524304,
526198,
528092,
529953,
531818,
533608,
535459,
537345,
539129,
541072,
543049,
544775,
546614,
548644,
550442,
552555,
554701,
556869,
559152,
561312,
563415,
565511,
567624,
569970,
572095,
574302,
576574,
578757,
580970,
583198,
585286,
587562,
589875,
592173,
594467,
596809,
599017,
601206,
603409,
605542,
607880,
610512,
612879,
615291,
617760,
620332,
622665,
625400,
627912,
630481,
633147,
635638,
638120,
640687,
643298,
645873,
648370,
650823,
653601,
656205,
658781,
661429,
664121,
666901,
669540,
672220,
675044,
677927,
680614,
683366,
686336,
689280,
692127,
694998,
697891,
700864,
703791,
706848,
709849,
712793,
715873,
718863,
722091,
725269,
728339,
731453,
734386,
737547,
740831,
743804,
746995,
750311,
753630,
757094,
760485,
763797,
767065,
770403,
773760,
777250,
780636,
784123,
787583,
791146,
794686,
798175,
801723,
805299,
808909,
812480,
816023,
819583,
823352,
827187,
830792,
834344,
837929,
841637,
845526,
849291,
853420,
857171,
861215,
865319,
869357,
873215,
877305,
881350,
885467,
889681,
893712,
898149,
902257,
906640,
911325,
915842,
920423,
924712,
929254,
933550,
938129,
942542,
947026,
951681,
956165,
960722,
965303,
969906,
974836,
979779,
984751,
989551,
994343,
999250,
1.004e+06,
1.00893e+06,
1.01411e+06,
1.0189e+06,
1.02411e+06,
1.02916e+06,
1.03421e+06,
1.03931e+06,
1.04414e+06,
1.04936e+06,
1.05467e+06,
1.06008e+06,
1.06535e+06,
1.07037e+06,
1.07577e+06,
1.08115e+06,
1.08609e+06,
1.09143e+06,
1.09669e+06,
1.102e+06,
1.10747e+06,
1.11294e+06,
1.11822e+06,
1.12376e+06,
1.1292e+06,
1.13499e+06,
1.14067e+06,
1.14622e+06,
1.15201e+06,
1.15779e+06,
1.16344e+06,
1.16925e+06,
1.17498e+06,
1.18074e+06,
1.18671e+06,
1.19251e+06,
1.19834e+06,
1.20428e+06,
1.21021e+06,
1.21649e+06,
1.22274e+06,
1.22898e+06,
1.23466e+06,
1.24069e+06,
1.24651e+06,
1.25284e+06,
1.25929e+06,
1.26562e+06,
1.27183e+06,
1.27834e+06,
1.28494e+06,
1.29116e+06,
1.2977e+06,
1.3042e+06,
1.31098e+06,
1.31754e+06,
1.3244e+06,
1.33135e+06,
1.33811e+06,
1.34473e+06,
1.35167e+06,
1.35879e+06,
1.36577e+06,
1.37261e+06,
1.37993e+06,
1.38686e+06,
1.3941e+06,
1.40112e+06,
1.40826e+06,
1.41533e+06,
1.42254e+06,
1.42988e+06,
1.43696e+06,
1.44434e+06,
1.45147e+06,
1.45894e+06,
1.46661e+06,
1.4741e+06,
1.48186e+06,
1.48964e+06,
1.49735e+06,
1.50508e+06,
1.51308e+06,
1.52088e+06,
1.52892e+06,
1.53681e+06,
1.545e+06,
1.55314e+06,
1.56108e+06,
1.56934e+06,
1.57764e+06,
1.5859e+06,
1.59414e+06,
1.60254e+06,
1.61092e+06,
1.61924e+06,
1.62806e+06,
1.63678e+06,
1.64518e+06,
1.65366e+06,
1.66238e+06,
1.67092e+06,
1.67958e+06,
1.68827e+06,
1.69708e+06,
1.70615e+06,
1.71548e+06,
1.72482e+06,
1.73416e+06,
1.74345e+06,
1.75279e+06,
1.76211e+06,
1.77116e+06,
1.78046e+06,
1.79e+06,
1.79988e+06,
1.80966e+06,
1.81946e+06,
1.82934e+06,
1.83936e+06,
1.84916e+06,
1.85924e+06,
1.86935e+06,
1.87959e+06,
1.88975e+06,
1.90011e+06,
1.91062e+06,
1.92098e+06,
1.93149e+06,
1.9424e+06,
1.95288e+06,
1.96367e+06,
1.97468e+06,
1.98547e+06,
1.99636e+06,
2.00789e+06,
2.01969e+06,
2.03127e+06,
2.04276e+06,
2.05446e+06,
2.06643e+06,
2.07854e+06,
2.09068e+06,
2.10273e+06,
2.11471e+06,
2.12709e+06,
2.1398e+06,
2.15258e+06,
2.16566e+06,
2.17815e+06,
2.1914e+06,
2.20446e+06,
2.21782e+06,
2.23125e+06,
2.24445e+06,
2.25811e+06,
2.27218e+06,
2.2857e+06,
2.2997e+06,
2.3137e+06,
2.32782e+06,
2.34231e+06,
2.35667e+06,
2.37159e+06,
2.38655e+06,
2.40172e+06,
2.41714e+06,
2.43254e+06,
2.44846e+06,
2.46406e+06,
2.48061e+06,
2.4968e+06,
2.51312e+06,
2.52932e+06,
2.54636e+06,
2.56314e+06,
2.58001e+06,
2.59715e+06,
2.61462e+06,
2.63244e+06,
2.65011e+06,
2.66823e+06,
2.68623e+06,
2.70536e+06,
2.72425e+06,
2.74349e+06,
2.76298e+06,
2.78335e+06,
2.80418e+06,
2.82492e+06,
2.84623e+06,
2.86806e+06,
2.88974e+06,
2.91138e+06,
2.93314e+06,
2.95545e+06,
2.97822e+06,
3.00078e+06,
3.02335e+06,
3.04642e+06,
3.06931e+06,
3.09313e+06,
3.11672e+06,
3.14084e+06,
3.16561e+06,
3.19131e+06,
3.21657e+06,
3.24171e+06,
3.26761e+06,
3.29387e+06,
3.32084e+06,
3.34799e+06,
3.37619e+06,
3.40425e+06,
3.43291e+06,
3.46219e+06,
3.49189e+06,
3.52244e+06,
3.55371e+06,
3.58546e+06,
3.61802e+06,
3.65112e+06,
3.68487e+06,
3.7185e+06,
3.7541e+06,
3.79026e+06,
3.82756e+06,
3.86541e+06,
3.90302e+06,
3.9428e+06,
3.98334e+06,
4.02543e+06,
4.06907e+06,
4.11418e+06,
4.16132e+06,
4.21049e+06,
4.26224e+06,
4.31601e+06,
4.37235e+06,
4.43293e+06,
4.50361e+06,
4.60686e+06,
4.70553e+06,
4.80322e+06,
4.90187e+06,
5.00227e+06,
5.1051e+06,
5.21017e+06,
5.31752e+06,
5.42858e+06,
5.54277e+06,
5.6666e+06,
5.79201e+06,
5.92099e+06,
6.05368e+06,
6.193e+06,
6.34053e+06,
6.49476e+06,
6.66295e+06,
6.8768e+06,
7.07966e+06,
7.26794e+06,
7.44941e+06,
7.62691e+06,
7.8006e+06,
7.97432e+06,
8.15055e+06,
8.32776e+06,
8.50653e+06,
8.6772e+06,
8.85111e+06,
9.02966e+06,
9.21187e+06,
9.4063e+06,
9.63112e+06,
9.82992e+06,
1.00166e+07,
1.02003e+07,
1.03795e+07,
1.05608e+07,
1.07465e+07,
1.09321e+07,
1.11097e+07,
1.12841e+07,
1.14559e+07,
1.1627e+07,
1.17969e+07,
1.19688e+07,
1.21449e+07,
1.23197e+07,
1.24995e+07,
1.26794e+07,
1.28542e+07,
1.30257e+07,
1.3198e+07,
1.33704e+07,
1.35468e+07,
1.37207e+07,
1.38926e+07,
1.40663e+07,
1.42441e+07,
1.44269e+07,
1.46082e+07,
1.47926e+07,
1.49741e+07,
1.51507e+07,
1.5326e+07,
1.55045e+07,
1.5683e+07,
1.58633e+07,
1.60511e+07,
1.62353e+07,
1.64116e+07,
1.65873e+07,
1.67632e+07,
1.69502e+07,
1.71374e+07,
1.73201e+07,
1.74941e+07,
1.76697e+07,
1.78397e+07,
1.8017e+07,
1.81893e+07,
1.83556e+07,
1.85214e+07,
1.86882e+07,
1.88579e+07,
1.90323e+07,
1.91983e+07,
1.93595e+07,
1.95222e+07,
1.96947e+07,
1.98687e+07,
2.00389e+07,
2.0209e+07,
2.0382e+07,
2.05506e+07,
2.07195e+07,
2.08861e+07,
2.10522e+07,
2.12198e+07,
2.13945e+07,
2.15698e+07,
2.17505e+07,
2.19226e+07,
2.20909e+07,
2.22593e+07,
2.24238e+07,
2.25914e+07,
2.27609e+07,
2.29343e+07,
2.31171e+07,
2.33011e+07,
2.34803e+07,
2.36536e+07,
2.3824e+07,
2.39929e+07,
2.41595e+07,
2.43273e+07,
2.44945e+07,
2.46687e+07,
2.48434e+07,
2.50143e+07,
2.51839e+07,
2.53487e+07,
2.5514e+07,
2.5677e+07,
2.58396e+07,
2.60052e+07,
2.6173e+07,
2.63365e+07,
2.65062e+07,
2.66761e+07,
2.68475e+07,
2.70137e+07,
2.71778e+07,
2.73411e+07,
2.75091e+07,
2.76738e+07,
2.78329e+07,
2.79911e+07,
2.81515e+07,
2.83116e+07,
2.84782e+07,
2.86414e+07,
2.88029e+07,
2.89634e+07,
2.91216e+07,
2.92767e+07,
2.94319e+07,
2.95902e+07,
2.97617e+07,
2.99337e+07,
3.01086e+07,
3.02918e+07,
3.0481e+07,
3.0649e+07,
3.08091e+07,
3.09645e+07,
3.11193e+07,
3.12771e+07,
3.14466e+07,
3.16155e+07,
3.17877e+07,
3.1971e+07,
3.2151e+07,
3.23246e+07,
3.24941e+07,
3.26543e+07,
3.2812e+07,
3.29716e+07,
3.31393e+07,
3.33089e+07,
3.34819e+07,
3.36601e+07,
3.38282e+07,
3.39916e+07,
3.41524e+07,
3.43084e+07,
3.44624e+07,
3.46162e+07,
3.47798e+07,
3.49445e+07,
3.51184e+07,
3.52833e+07,
3.5448e+07,
3.56059e+07,
3.57589e+07,
3.59087e+07,
3.60568e+07,
3.62052e+07,
3.63628e+07,
3.65243e+07,
3.66832e+07,
3.68362e+07,
3.69875e+07,
3.71359e+07,
3.72801e+07,
3.74212e+07,
3.75622e+07,
478966,
478758,
478622,
478432,
478303,
478128,
478013,
477919,
477747,
477555,
477481,
477393,
477208,
477145,
477046,
476998,
476873,
476748,
476620,
476510,
476357,
476319,
476148,
476059,
475938,
475848,
475683,
475518,
475377,
475334,
475248,
475167,
474979,
474807,
474707,
474524,
474341,
474230,
474151,
474121,
473913,
473782,
473579,
473524,
473315,
473181,
473049,
472900,
472742,
472522,
472363,
472213,
472038,
471843,
471749,
471504,
471327,
471029,
470794,
470544,
470219,
469983,
469775,
469572,
469445,
469437,
469471,
469456,
469453,
469473,
469500,
469484,
469492,
469462,
469469,
469432,
469422,
469493,
469449,
469478,
469506,
469545,
469566,
469612,
469633,
469718,
469812,
469959,
469980,
470076,
470091,
470070,
470162,
470252,
470237,
470295,
470444,
470446,
470505,
470568,
470619,
470643,
470709,
470719,
470756,
470866,
470943,
470958,
471028,
471098,
471171,
471146,
471227,
471314,
471318,
471384,
471504,
471569,
471698,
471804,
471776,
471878,
471917,
472038,
472096,
472216,
472461,
472470,
472599,
472674,
472739,
472782,
472857,
472911,
473006,
473119,
473192,
473304,
473502,
473616,
473688,
473759,
473786,
473831,
473926,
474014,
474074,
474146,
474356,
474416,
474464,
474530,
474611,
474701,
474887,
475006,
475139,
475270,
475411,
475579,
475702,
475800,
475798,
475929,
476112,
476244,
476385,
476448,
476644,
476867,
477030,
477257,
477481,
477702,
478254,
479616,
480898,
482230,
483565,
484904,
486283,
487580,
489121,
490692,
492120,
493383,
494824,
496300,
497832,
499308,
500890,
502400,
503756,
505339,
506790,
508171,
509586,
511124,
512746,
514607,
516348,
517995,
519733,
521472,
523207,
525085,
526913,
528829,
530729,
532684,
534673,
536478,
538322,
540189,
542178,
544146,
546135,
547984,
549935,
551786,
553806,
555553,
557447,
559537,
561790,
564099,
566430,
568753,
570979,
573355,
575532,
577721,
580108,
582425,
584530,
586800,
589046,
591506,
593669,
596097,
598307,
600364,
602732,
605109,
607381,
609782,
612090,
614457,
617070,
619482,
621969,
624579,
627097,
629687,
632174,
634862,
637445,
639995,
642559,
645072,
647471,
650281,
652983,
655686,
658235,
660814,
663549,
666241,
669020,
671647,
674291,
677101,
679971,
682674,
685557,
688609,
691432,
694490,
697480,
700489,
703353,
706275,
709322,
712316,
715344,
718578,
721550,
724656,
727714,
730815,
734057,
737078,
740059,
743317,
746516,
749722,
752980,
756235,
759507,
762833,
766344,
769755,
773157,
776657,
780016,
783666,
787032,
790483,
794015,
797466,
801016,
804641,
808083,
811667,
815317,
819207,
822925,
826629,
830356,
834106,
837625,
841406,
845145,
848981,
852787,
856483,
860372,
864489,
868679,
872772,
876630,
880744,
884887,
889016,
893120,
897291,
901416,
905636,
909939,
914056,
918747,
922955,
927421,
932000,
936461,
941148,
945743,
950315,
954698,
959349,
964194,
968698,
973435,
978226,
982997,
987932,
992778,
997565,
1.00256e+06,
1.00766e+06,
1.01252e+06,
1.01744e+06,
1.02239e+06,
1.02742e+06,
1.03242e+06,
1.03756e+06,
1.04285e+06,
1.04791e+06,
1.05331e+06,
1.05843e+06,
1.0636e+06,
1.06887e+06,
1.07411e+06,
1.07923e+06,
1.08469e+06,
1.08975e+06,
1.095e+06,
1.10039e+06,
1.10594e+06,
1.11152e+06,
1.11684e+06,
1.12233e+06,
1.12773e+06,
1.13333e+06,
1.139e+06,
1.14473e+06,
1.1504e+06,
1.15584e+06,
1.16158e+06,
1.16721e+06,
1.17306e+06,
1.1787e+06,
1.1845e+06,
1.19039e+06,
1.19643e+06,
1.20243e+06,
1.2083e+06,
1.21456e+06,
1.22064e+06,
1.22689e+06,
1.23294e+06,
1.23893e+06,
1.24497e+06,
1.25117e+06,
1.25754e+06,
1.26377e+06,
1.26982e+06,
1.27624e+06,
1.28256e+06,
1.28909e+06,
1.29557e+06,
1.30228e+06,
1.30889e+06,
1.31538e+06,
1.32227e+06,
1.32889e+06,
1.33585e+06,
1.34262e+06,
1.34962e+06,
1.35645e+06,
1.36325e+06,
1.37007e+06,
1.37707e+06,
1.38384e+06,
1.39093e+06,
1.39794e+06,
1.40505e+06,
1.41239e+06,
1.41941e+06,
1.42662e+06,
1.43393e+06,
1.44125e+06,
1.44857e+06,
1.45591e+06,
1.46328e+06,
1.47088e+06,
1.47837e+06,
1.48605e+06,
1.49382e+06,
1.50162e+06,
1.50939e+06,
1.51745e+06,
1.5252e+06,
1.5332e+06,
1.54134e+06,
1.54926e+06,
1.55736e+06,
1.56537e+06,
1.5736e+06,
1.58176e+06,
1.58995e+06,
1.59837e+06,
1.60671e+06,
1.61508e+06,
1.62352e+06,
1.63167e+06,
1.64021e+06,
1.64876e+06,
1.65736e+06,
1.66611e+06,
1.67482e+06,
1.68371e+06,
1.69234e+06,
1.70126e+06,
1.71012e+06,
1.71903e+06,
1.72861e+06,
1.73758e+06,
1.74667e+06,
1.75621e+06,
1.76557e+06,
1.77508e+06,
1.78404e+06,
1.79349e+06,
1.80289e+06,
1.81288e+06,
1.82266e+06,
1.8324e+06,
1.84198e+06,
1.85179e+06,
1.86182e+06,
1.87197e+06,
1.88243e+06,
1.89238e+06,
1.9028e+06,
1.91316e+06,
1.92393e+06,
1.93445e+06,
1.94499e+06,
1.95566e+06,
1.96623e+06,
1.9771e+06,
1.98767e+06,
1.99874e+06,
2.01007e+06,
2.02156e+06,
2.0328e+06,
2.0445e+06,
2.05663e+06,
2.06836e+06,
2.0802e+06,
2.09225e+06,
2.10422e+06,
2.11634e+06,
2.12883e+06,
2.14122e+06,
2.15371e+06,
2.16646e+06,
2.17894e+06,
2.19162e+06,
2.20484e+06,
2.21783e+06,
2.23053e+06,
2.24385e+06,
2.25723e+06,
2.27081e+06,
2.28439e+06,
2.29829e+06,
2.3126e+06,
2.32729e+06,
2.34153e+06,
2.35555e+06,
2.36996e+06,
2.38434e+06,
2.39941e+06,
2.41466e+06,
2.43011e+06,
2.44568e+06,
2.46172e+06,
2.47739e+06,
2.49357e+06,
2.50933e+06,
2.52552e+06,
2.54217e+06,
2.55893e+06,
2.57587e+06,
2.59302e+06,
2.61035e+06,
2.62791e+06,
2.64541e+06,
2.66357e+06,
2.68159e+06,
2.6999e+06,
2.71909e+06,
2.73758e+06,
2.75695e+06,
2.77689e+06,
2.79736e+06,
2.81758e+06,
2.83811e+06,
2.85969e+06,
2.88147e+06,
2.90311e+06,
2.92523e+06,
2.94669e+06,
2.9686e+06,
2.99122e+06,
3.0137e+06,
3.03693e+06,
3.06006e+06,
3.08403e+06,
3.10788e+06,
3.13152e+06,
3.15589e+06,
3.18067e+06,
3.20592e+06,
3.23131e+06,
3.2571e+06,
3.28357e+06,
3.30999e+06,
3.33693e+06,
3.36434e+06,
3.39235e+06,
3.42081e+06,
3.44999e+06,
3.4798e+06,
3.50962e+06,
3.53985e+06,
3.57123e+06,
3.60377e+06,
3.63692e+06,
3.67042e+06,
3.70442e+06,
3.73919e+06,
3.77518e+06,
3.81184e+06,
3.84993e+06,
3.88858e+06,
3.92791e+06,
3.9681e+06,
4.01003e+06,
4.05332e+06,
4.09853e+06,
4.1459e+06,
4.19437e+06,
4.24475e+06,
4.298e+06,
4.35409e+06,
4.41412e+06,
4.47794e+06,
4.55253e+06,
4.66175e+06,
4.76527e+06,
4.87148e+06,
4.97792e+06,
5.08682e+06,
5.19779e+06,
5.31317e+06,
5.43191e+06,
5.55505e+06,
5.68561e+06,
5.82679e+06,
5.97433e+06,
6.13024e+06,
6.30331e+06,
6.52119e+06,
6.70975e+06,
6.87516e+06,
7.03137e+06,
7.19027e+06,
7.35133e+06,
7.51631e+06,
7.67225e+06,
7.81583e+06,
7.96099e+06,
8.11503e+06,
8.26921e+06,
8.42237e+06,
8.57679e+06,
8.73669e+06,
8.90014e+06,
9.07571e+06,
9.25969e+06,
9.46198e+06,
9.68342e+06,
9.87862e+06,
1.00669e+07,
1.02438e+07,
1.04178e+07,
1.05873e+07,
1.07591e+07,
1.09364e+07,
1.1107e+07,
1.1276e+07,
1.14452e+07,
1.16149e+07,
1.17852e+07,
1.19533e+07,
1.21223e+07,
1.22873e+07,
1.24507e+07,
1.26195e+07,
1.27862e+07,
1.2953e+07,
1.31209e+07,
1.32938e+07,
1.34709e+07,
1.36394e+07,
1.38034e+07,
1.39683e+07,
1.4131e+07,
1.42994e+07,
1.44681e+07,
1.46409e+07,
1.47959e+07,
1.49485e+07,
1.51027e+07,
1.52574e+07,
1.54093e+07,
1.55591e+07,
1.57134e+07,
1.58753e+07,
1.60294e+07,
1.61823e+07,
1.63351e+07,
1.64888e+07,
1.66477e+07,
1.68093e+07,
1.69717e+07,
1.71363e+07,
1.72975e+07,
1.74623e+07,
1.76265e+07,
1.77924e+07,
1.79626e+07,
1.81488e+07,
1.83361e+07,
1.85221e+07,
1.86922e+07,
1.88599e+07,
1.90268e+07,
1.91983e+07,
1.93701e+07,
1.95395e+07,
1.97099e+07,
1.98842e+07,
2.0056e+07,
2.02309e+07,
2.04028e+07,
2.05688e+07,
2.07343e+07,
2.0907e+07,
2.10778e+07,
2.12575e+07,
2.14287e+07,
2.15974e+07,
2.17666e+07,
2.19407e+07,
2.2118e+07,
2.22879e+07,
2.24563e+07,
2.26353e+07,
2.2809e+07,
2.29788e+07,
2.31477e+07,
2.33165e+07,
2.34854e+07,
2.36575e+07,
2.38307e+07,
2.40029e+07,
2.41821e+07,
2.43583e+07,
2.45288e+07,
2.46979e+07,
2.4867e+07,
2.50351e+07,
2.52047e+07,
2.53755e+07,
2.55541e+07,
2.57289e+07,
2.58981e+07,
2.60713e+07,
2.624e+07,
2.64054e+07,
2.65723e+07,
2.67337e+07,
2.68966e+07,
2.70657e+07,
2.72329e+07,
2.73932e+07,
2.7551e+07,
2.77116e+07,
2.78692e+07,
2.80263e+07,
2.81839e+07,
2.83405e+07,
2.85004e+07,
2.86576e+07,
2.88139e+07,
2.89722e+07,
2.91295e+07,
2.92973e+07,
2.94638e+07,
2.9634e+07,
2.98088e+07,
2.99928e+07,
3.01688e+07,
3.03359e+07,
3.05029e+07,
3.06704e+07,
3.08396e+07,
3.1021e+07,
3.12038e+07,
3.13957e+07,
3.15907e+07,
3.17763e+07,
3.19537e+07,
3.21249e+07,
3.22901e+07,
3.24527e+07,
3.26088e+07,
3.27761e+07,
3.29424e+07,
3.31147e+07,
3.32895e+07,
3.3453e+07,
3.36145e+07,
3.37745e+07,
3.39326e+07,
3.40921e+07,
3.42522e+07,
3.44155e+07,
3.45788e+07,
3.47497e+07,
3.49095e+07,
3.50634e+07,
3.52151e+07,
3.53665e+07,
3.55167e+07,
3.56674e+07,
3.58213e+07,
3.598e+07,
3.61393e+07,
3.62943e+07,
3.64419e+07,
3.65867e+07,
3.67282e+07,
3.68683e+07,
3.70077e+07,
3.71483e+07,
478966,
478773,
478637,
478479,
478336,
478196,
478105,
477991,
477835,
477687,
477602,
477519,
477364,
477298,
477266,
477246,
477113,
477004,
476882,
476791,
476646,
476584,
476463,
476386,
476288,
476193,
476051,
475906,
475731,
475701,
475613,
475557,
475377,
475257,
475111,
474930,
474803,
474699,
474608,
474475,
474368,
474242,
474148,
474025,
473870,
473705,
473662,
473496,
473308,
473115,
472946,
472800,
472627,
472524,
472418,
472229,
471938,
471661,
471510,
471239,
470994,
470765,
470526,
470359,
470199,
470207,
470190,
470157,
470235,
470246,
470321,
470284,
470290,
470256,
470286,
470321,
470366,
470316,
470339,
470373,
470427,
470449,
470458,
470542,
470682,
470717,
470760,
470834,
470882,
470914,
471030,
471100,
471138,
471264,
471333,
471353,
471431,
471466,
471508,
471602,
471653,
471659,
471695,
471746,
471848,
471902,
472025,
472131,
472226,
472369,
472439,
472477,
472474,
472525,
472570,
472669,
472769,
472917,
473077,
473221,
473257,
473318,
473363,
473494,
473570,
473679,
473815,
473952,
474058,
474197,
474252,
474379,
474435,
474482,
474541,
474647,
474734,
474818,
474923,
475058,
475176,
475270,
475441,
475570,
475632,
475727,
475887,
475999,
476107,
476152,
476259,
476386,
476473,
476524,
476753,
476935,
477019,
477162,
477321,
477460,
477547,
477691,
477749,
477956,
478223,
478425,
478593,
478868,
479063,
479327,
479573,
479851,
480102,
480329,
480603,
481122,
482528,
483923,
485283,
486621,
488044,
489521,
490937,
492409,
493855,
495399,
496911,
498434,
499873,
501332,
502902,
504526,
505968,
507557,
509039,
510626,
512253,
513843,
515362,
516962,
518630,
520256,
522078,
523880,
525800,
527894,
529824,
531790,
533739,
535546,
537346,
539390,
541160,
543119,
544883,
546938,
548836,
550822,
552911,
554894,
556868,
558885,
560749,
562696,
565050,
567236,
569412,
571743,
573977,
576205,
578583,
580893,
583178,
585523,
587858,
590126,
592656,
594884,
597235,
599377,
601625,
603926,
606243,
608486,
610924,
613428,
615870,
618428,
620851,
623419,
625939,
628507,
631089,
633670,
636193,
638567,
641238,
643954,
646737,
649502,
652300,
654957,
657573,
660128,
662933,
665593,
668413,
671196,
674038,
676524,
679372,
682262,
685003,
687821,
690554,
693441,
696332,
699544,
702563,
705656,
708615,
711633,
714640,
717662,
720712,
723953,
727160,
730306,
733416,
736321,
739330,
742458,
745479,
748840,
752034,
755387,
758651,
762102,
765629,
769079,
772441,
775753,
779232,
782646,
786150,
789493,
793103,
796682,
800341,
804021,
807415,
811074,
814737,
818223,
821928,
825604,
829153,
833090,
836782,
840437,
844307,
848177,
851913,
855842,
859800,
863730,
867638,
871626,
875427,
879480,
883654,
887834,
891966,
896071,
900235,
904518,
909089,
913408,
917815,
922200,
926461,
930892,
935111,
939498,
943860,
948524,
953155,
957731,
962370,
967125,
971806,
976394,
981192,
985888,
990640,
995616,
1.00031e+06,
1.00533e+06,
1.01028e+06,
1.01537e+06,
1.02036e+06,
1.02548e+06,
1.03038e+06,
1.0353e+06,
1.04047e+06,
1.04582e+06,
1.05083e+06,
1.05614e+06,
1.06135e+06,
1.06698e+06,
1.07222e+06,
1.07733e+06,
1.08249e+06,
1.08787e+06,
1.09324e+06,
1.09842e+06,
1.10367e+06,
1.10899e+06,
1.11456e+06,
1.12011e+06,
1.12552e+06,
1.13107e+06,
1.13641e+06,
1.14211e+06,
1.14798e+06,
1.15369e+06,
1.15948e+06,
1.16516e+06,
1.17086e+06,
1.17677e+06,
1.18239e+06,
1.18827e+06,
1.19417e+06,
1.20011e+06,
1.20625e+06,
1.21223e+06,
1.21807e+06,
1.22425e+06,
1.23059e+06,
1.23672e+06,
1.24306e+06,
1.24914e+06,
1.25507e+06,
1.26142e+06,
1.26756e+06,
1.27366e+06,
1.28007e+06,
1.28641e+06,
1.29271e+06,
1.29922e+06,
1.30562e+06,
1.31194e+06,
1.31843e+06,
1.3252e+06,
1.33177e+06,
1.3388e+06,
1.34564e+06,
1.3525e+06,
1.3595e+06,
1.3664e+06,
1.37342e+06,
1.38049e+06,
1.3873e+06,
1.39434e+06,
1.40147e+06,
1.4088e+06,
1.41599e+06,
1.42318e+06,
1.43043e+06,
1.43772e+06,
1.44486e+06,
1.45227e+06,
1.45952e+06,
1.46679e+06,
1.47438e+06,
1.48198e+06,
1.48967e+06,
1.49717e+06,
1.50489e+06,
1.51262e+06,
1.52049e+06,
1.52813e+06,
1.53588e+06,
1.54357e+06,
1.55172e+06,
1.55999e+06,
1.56822e+06,
1.57666e+06,
1.58496e+06,
1.59329e+06,
1.6015e+06,
1.6098e+06,
1.61807e+06,
1.62625e+06,
1.63485e+06,
1.64345e+06,
1.65179e+06,
1.66031e+06,
1.66893e+06,
1.67788e+06,
1.68676e+06,
1.69538e+06,
1.70438e+06,
1.7131e+06,
1.72209e+06,
1.73098e+06,
1.73968e+06,
1.74879e+06,
1.7579e+06,
1.76728e+06,
1.77652e+06,
1.78586e+06,
1.79524e+06,
1.80493e+06,
1.81466e+06,
1.82443e+06,
1.83451e+06,
1.84435e+06,
1.85422e+06,
1.86419e+06,
1.8744e+06,
1.8845e+06,
1.8945e+06,
1.90457e+06,
1.91483e+06,
1.92536e+06,
1.93607e+06,
1.94651e+06,
1.95722e+06,
1.9679e+06,
1.97888e+06,
1.98941e+06,
1.99996e+06,
2.01114e+06,
2.02233e+06,
2.03357e+06,
2.04516e+06,
2.0568e+06,
2.06867e+06,
2.08034e+06,
2.09228e+06,
2.10408e+06,
2.11628e+06,
2.12848e+06,
2.14099e+06,
2.15329e+06,
2.16611e+06,
2.17877e+06,
2.19124e+06,
2.20393e+06,
2.21675e+06,
2.2299e+06,
2.24284e+06,
2.25609e+06,
2.26951e+06,
2.28324e+06,
2.29692e+06,
2.31082e+06,
2.32446e+06,
2.33876e+06,
2.35263e+06,
2.36703e+06,
2.3814e+06,
2.39615e+06,
2.41105e+06,
2.42634e+06,
2.4414e+06,
2.45676e+06,
2.47218e+06,
2.48793e+06,
2.50376e+06,
2.52029e+06,
2.53631e+06,
2.55322e+06,
2.57043e+06,
2.58712e+06,
2.60424e+06,
2.62171e+06,
2.63951e+06,
2.65732e+06,
2.67504e+06,
2.693e+06,
2.71127e+06,
2.73007e+06,
2.74914e+06,
2.76854e+06,
2.78814e+06,
2.80827e+06,
2.82871e+06,
2.8496e+06,
2.87135e+06,
2.89298e+06,
2.91413e+06,
2.93581e+06,
2.95755e+06,
2.9799e+06,
3.00241e+06,
3.02529e+06,
3.0487e+06,
3.07217e+06,
3.09591e+06,
3.11991e+06,
3.14391e+06,
3.16846e+06,
3.193e+06,
3.21845e+06,
3.24402e+06,
3.27003e+06,
3.29646e+06,
3.32335e+06,
3.35127e+06,
3.3792e+06,
3.40717e+06,
3.43545e+06,
3.46458e+06,
3.49427e+06,
3.52422e+06,
3.55558e+06,
3.5875e+06,
3.61979e+06,
3.65328e+06,
3.68677e+06,
3.72148e+06,
3.75715e+06,
3.79396e+06,
3.83111e+06,
3.86962e+06,
3.9084e+06,
3.94898e+06,
3.9916e+06,
4.03525e+06,
4.08008e+06,
4.12615e+06,
4.17464e+06,
4.22597e+06,
4.27951e+06,
4.3353e+06,
4.39346e+06,
4.45648e+06,
4.52557e+06,
4.60579e+06,
4.72345e+06,
4.8363e+06,
4.95235e+06,
5.07078e+06,
5.19239e+06,
5.31758e+06,
5.44959e+06,
5.58963e+06,
5.73945e+06,
5.90591e+06,
6.11739e+06,
6.33483e+06,
6.50918e+06,
6.67053e+06,
6.82376e+06,
6.96546e+06,
7.08045e+06,
7.19506e+06,
7.31437e+06,
7.44534e+06,
7.58931e+06,
7.73946e+06,
7.8803e+06,
8.02182e+06,
8.16644e+06,
8.31256e+06,
8.46102e+06,
8.61184e+06,
8.76786e+06,
8.93205e+06,
9.11229e+06,
9.31092e+06,
9.53692e+06,
9.73618e+06,
9.91957e+06,
1.00924e+07,
1.02622e+07,
1.04299e+07,
1.05947e+07,
1.07633e+07,
1.09357e+07,
1.11087e+07,
1.12741e+07,
1.14367e+07,
1.15971e+07,
1.17569e+07,
1.19185e+07,
1.20834e+07,
1.22435e+07,
1.24034e+07,
1.2568e+07,
1.27362e+07,
1.29015e+07,
1.30644e+07,
1.32301e+07,
1.33909e+07,
1.35404e+07,
1.36786e+07,
1.38163e+07,
1.39578e+07,
1.41082e+07,
1.42596e+07,
1.44123e+07,
1.45577e+07,
1.46995e+07,
1.48369e+07,
1.49754e+07,
1.51133e+07,
1.52516e+07,
1.53985e+07,
1.55502e+07,
1.56993e+07,
1.5852e+07,
1.59964e+07,
1.6136e+07,
1.62764e+07,
1.64168e+07,
1.65631e+07,
1.67098e+07,
1.68554e+07,
1.70084e+07,
1.71626e+07,
1.73203e+07,
1.74717e+07,
1.76251e+07,
1.77816e+07,
1.79344e+07,
1.80869e+07,
1.82423e+07,
1.83995e+07,
1.85687e+07,
1.87411e+07,
1.89193e+07,
1.91008e+07,
1.92885e+07,
1.94747e+07,
1.96562e+07,
1.98274e+07,
1.99957e+07,
2.01656e+07,
2.03443e+07,
2.05208e+07,
2.07125e+07,
2.08915e+07,
2.10615e+07,
2.12287e+07,
2.13958e+07,
2.15636e+07,
2.17306e+07,
2.18961e+07,
2.20747e+07,
2.22483e+07,
2.24218e+07,
2.25965e+07,
2.2765e+07,
2.2931e+07,
2.30985e+07,
2.32675e+07,
2.34416e+07,
2.36195e+07,
2.37963e+07,
2.39662e+07,
2.41352e+07,
2.43066e+07,
2.44724e+07,
2.46382e+07,
2.48036e+07,
2.49732e+07,
2.51412e+07,
2.53063e+07,
2.54781e+07,
2.5647e+07,
2.58149e+07,
2.59866e+07,
2.61541e+07,
2.63209e+07,
2.64922e+07,
2.6658e+07,
2.68175e+07,
2.69756e+07,
2.71372e+07,
2.72992e+07,
2.74617e+07,
2.763e+07,
2.7794e+07,
2.7956e+07,
2.81139e+07,
2.82694e+07,
2.84229e+07,
2.85782e+07,
2.87469e+07,
2.8911e+07,
2.908e+07,
2.92564e+07,
2.94431e+07,
2.96188e+07,
2.97892e+07,
2.99578e+07,
3.01261e+07,
3.03042e+07,
3.04859e+07,
3.06641e+07,
3.08426e+07,
3.10322e+07,
3.12141e+07,
3.13868e+07,
3.1555e+07,
3.17192e+07,
3.18824e+07,
3.20485e+07,
3.22233e+07,
3.23996e+07,
3.25812e+07,
3.27653e+07,
3.29431e+07,
3.3112e+07,
3.32762e+07,
3.34378e+07,
3.35977e+07,
3.37599e+07,
3.39327e+07,
3.4105e+07,
3.4282e+07,
3.44408e+07,
3.45955e+07,
3.4745e+07,
3.48901e+07,
3.50347e+07,
3.51794e+07,
3.53266e+07,
3.54845e+07,
3.56458e+07,
3.58011e+07,
3.59503e+07,
3.6099e+07,
3.62443e+07,
3.63853e+07,
3.65241e+07,
3.66627e+07,
478966,
478781,
478664,
478503,
478390,
478290,
478189,
478082,
477946,
477810,
477740,
477623,
477527,
477449,
477437,
477382,
477304,
477214,
477113,
477040,
476897,
476901,
476814,
476716,
476611,
476520,
476404,
476202,
476135,
476052,
475962,
475858,
475687,
475568,
475451,
475329,
475231,
475113,
475079,
474967,
474844,
474813,
474748,
474538,
474493,
474463,
474320,
474120,
473926,
473760,
473605,
473427,
473376,
473265,
473095,
472904,
472680,
472439,
472223,
472033,
471812,
471568,
471309,
471177,
471036,
470974,
471013,
470957,
470898,
470953,
470983,
471041,
471059,
471143,
471242,
471177,
471230,
471308,
471346,
471355,
471361,
471425,
471514,
471612,
471631,
471725,
471874,
471905,
471962,
472000,
472075,
472117,
472174,
472312,
472357,
472477,
472590,
472671,
472789,
472827,
472861,
472883,
472948,
473034,
473118,
473309,
473447,
473548,
473667,
473791,
473852,
473905,
473916,
473935,
474073,
474114,
474222,
474309,
474411,
474512,
474600,
474684,
474776,
474832,
474869,
475003,
475113,
475337,
475493,
475683,
475720,
475907,
476005,
476054,
476157,
476281,
476440,
476635,
476737,
476802,
476797,
476922,
476973,
477156,
477321,
477446,
477620,
477805,
477928,
478003,
478067,
478263,
478386,
478499,
478654,
478827,
479020,
479280,
479462,
479681,
479813,
480009,
480127,
480304,
480576,
480854,
481147,
481428,
481702,
482014,
482310,
482592,
482789,
483122,
483525,
483824,
484161,
485491,
486883,
488325,
489752,
491320,
492872,
494511,
495818,
497381,
498977,
500425,
502041,
503525,
505034,
506464,
508046,
509495,
511166,
512751,
514346,
515842,
517783,
519567,
521156,
522972,
524722,
526309,
528159,
530166,
532329,
534258,
536156,
538278,
540191,
542113,
543942,
545905,
547781,
549912,
551925,
554103,
556127,
558043,
560013,
561966,
564002,
566034,
568161,
570279,
572553,
574836,
577170,
579337,
581588,
583900,
586092,
588517,
590898,
593035,
595281,
597817,
600253,
602615,
605016,
607355,
609755,
612050,
614474,
616993,
619335,
621807,
624322,
626863,
629345,
631967,
634553,
637310,
640048,
642540,
645119,
647982,
650683,
653316,
656168,
658830,
661681,
664454,
667022,
669669,
672569,
675541,
678244,
681032,
683838,
686515,
689321,
692211,
695083,
698090,
700915,
703856,
707074,
710294,
713359,
716347,
719336,
722567,
725873,
729040,
732147,
735193,
738322,
741616,
744841,
747976,
751096,
754346,
757681,
760997,
764369,
767685,
771016,
774501,
777857,
781258,
784515,
787973,
791712,
795262,
798903,
802349,
806162,
809818,
813428,
817127,
820897,
824637,
828288,
832097,
835844,
839501,
843516,
847309,
851046,
854611,
858623,
862380,
866489,
870559,
874494,
878564,
882440,
886426,
890404,
894443,
898497,
902683,
906996,
911217,
915724,
920121,
924479,
929085,
933442,
937804,
942364,
946868,
951551,
956090,
960530,
965440,
969960,
974618,
979388,
984248,
988917,
993544,
998292,
1.00302e+06,
1.00775e+06,
1.01253e+06,
1.01752e+06,
1.02249e+06,
1.02753e+06,
1.03257e+06,
1.03771e+06,
1.04294e+06,
1.04821e+06,
1.05367e+06,
1.05896e+06,
1.06405e+06,
1.06943e+06,
1.07481e+06,
1.08021e+06,
1.08563e+06,
1.09103e+06,
1.09637e+06,
1.10178e+06,
1.10721e+06,
1.11255e+06,
1.11797e+06,
1.12346e+06,
1.12891e+06,
1.13454e+06,
1.14011e+06,
1.14567e+06,
1.15103e+06,
1.15663e+06,
1.16223e+06,
1.16791e+06,
1.17356e+06,
1.17954e+06,
1.1854e+06,
1.19138e+06,
1.19722e+06,
1.20291e+06,
1.20874e+06,
1.2148e+06,
1.22099e+06,
1.22714e+06,
1.2334e+06,
1.23939e+06,
1.24553e+06,
1.25183e+06,
1.258e+06,
1.264e+06,
1.27006e+06,
1.27644e+06,
1.2829e+06,
1.28901e+06,
1.2955e+06,
1.30217e+06,
1.30898e+06,
1.31549e+06,
1.32179e+06,
1.32812e+06,
1.33444e+06,
1.34089e+06,
1.34769e+06,
1.35457e+06,
1.36132e+06,
1.36825e+06,
1.37541e+06,
1.38234e+06,
1.38943e+06,
1.3966e+06,
1.40369e+06,
1.41094e+06,
1.4183e+06,
1.42551e+06,
1.43262e+06,
1.43999e+06,
1.44734e+06,
1.45468e+06,
1.46206e+06,
1.46914e+06,
1.47681e+06,
1.48441e+06,
1.49205e+06,
1.50001e+06,
1.50773e+06,
1.51543e+06,
1.52322e+06,
1.53098e+06,
1.53889e+06,
1.54643e+06,
1.5541e+06,
1.56222e+06,
1.57042e+06,
1.5786e+06,
1.58699e+06,
1.59533e+06,
1.60354e+06,
1.61158e+06,
1.61971e+06,
1.62793e+06,
1.63639e+06,
1.64509e+06,
1.65348e+06,
1.66235e+06,
1.6715e+06,
1.67994e+06,
1.68855e+06,
1.69733e+06,
1.70612e+06,
1.71476e+06,
1.72355e+06,
1.73238e+06,
1.74122e+06,
1.7505e+06,
1.75936e+06,
1.76859e+06,
1.77815e+06,
1.78738e+06,
1.79698e+06,
1.80647e+06,
1.81576e+06,
1.82532e+06,
1.83511e+06,
1.84489e+06,
1.85498e+06,
1.86489e+06,
1.87479e+06,
1.8849e+06,
1.89519e+06,
1.90509e+06,
1.91494e+06,
1.92552e+06,
1.93635e+06,
1.9467e+06,
1.95736e+06,
1.96779e+06,
1.9786e+06,
1.98953e+06,
2.00072e+06,
2.01166e+06,
2.02264e+06,
2.03387e+06,
2.0453e+06,
2.05654e+06,
2.06767e+06,
2.07929e+06,
2.09104e+06,
2.10286e+06,
2.11518e+06,
2.12719e+06,
2.13959e+06,
2.15204e+06,
2.1643e+06,
2.17692e+06,
2.18971e+06,
2.202e+06,
2.21493e+06,
2.22755e+06,
2.24051e+06,
2.25374e+06,
2.26698e+06,
2.28048e+06,
2.294e+06,
2.3073e+06,
2.3212e+06,
2.33542e+06,
2.3494e+06,
2.36367e+06,
2.37813e+06,
2.39244e+06,
2.40702e+06,
2.42191e+06,
2.43659e+06,
2.45169e+06,
2.46727e+06,
2.48274e+06,
2.49848e+06,
2.51461e+06,
2.53062e+06,
2.5471e+06,
2.5632e+06,
2.58021e+06,
2.59688e+06,
2.6139e+06,
2.63124e+06,
2.64882e+06,
2.66691e+06,
2.68487e+06,
2.70278e+06,
2.72101e+06,
2.73977e+06,
2.75878e+06,
2.77823e+06,
2.79818e+06,
2.81818e+06,
2.83898e+06,
2.8599e+06,
2.88151e+06,
2.90232e+06,
2.92366e+06,
2.94538e+06,
2.96723e+06,
2.98975e+06,
3.01233e+06,
3.03484e+06,
3.05795e+06,
3.0814e+06,
3.10527e+06,
3.12953e+06,
3.15399e+06,
3.17875e+06,
3.20313e+06,
3.22876e+06,
3.25483e+06,
3.28143e+06,
3.30761e+06,
3.3347e+06,
3.3628e+06,
3.39066e+06,
3.41878e+06,
3.44718e+06,
3.47673e+06,
3.50703e+06,
3.53806e+06,
3.56931e+06,
3.60122e+06,
3.63392e+06,
3.66795e+06,
3.70219e+06,
3.7374e+06,
3.77314e+06,
3.8099e+06,
3.84805e+06,
3.88734e+06,
3.92795e+06,
3.96973e+06,
4.01229e+06,
4.05731e+06,
4.1036e+06,
4.15267e+06,
4.20294e+06,
4.25655e+06,
4.31227e+06,
4.37159e+06,
4.43479e+06,
4.50186e+06,
4.57531e+06,
4.6635e+06,
4.79416e+06,
4.92154e+06,
5.05083e+06,
5.18591e+06,
5.33071e+06,
5.48576e+06,
5.65687e+06,
5.8845e+06,
6.09913e+06,
6.27389e+06,
6.43786e+06,
6.55728e+06,
6.66916e+06,
6.77986e+06,
6.89218e+06,
7.00435e+06,
7.1181e+06,
7.24004e+06,
7.36599e+06,
7.49825e+06,
7.63703e+06,
7.77313e+06,
7.90563e+06,
8.03997e+06,
8.17819e+06,
8.32216e+06,
8.4723e+06,
8.63202e+06,
8.80488e+06,
8.97552e+06,
9.15857e+06,
9.3605e+06,
9.57621e+06,
9.75543e+06,
9.92654e+06,
1.00917e+07,
1.02559e+07,
1.04217e+07,
1.05968e+07,
1.07673e+07,
1.09329e+07,
1.10931e+07,
1.12512e+07,
1.1408e+07,
1.1562e+07,
1.17163e+07,
1.18784e+07,
1.20379e+07,
1.22022e+07,
1.23595e+07,
1.25145e+07,
1.26511e+07,
1.27865e+07,
1.29254e+07,
1.30654e+07,
1.31991e+07,
1.33322e+07,
1.34693e+07,
1.36122e+07,
1.37488e+07,
1.38867e+07,
1.40272e+07,
1.41641e+07,
1.42978e+07,
1.44305e+07,
1.45639e+07,
1.46976e+07,
1.48314e+07,
1.49701e+07,
1.51111e+07,
1.52504e+07,
1.53875e+07,
1.55217e+07,
1.56552e+07,
1.57897e+07,
1.59241e+07,
1.60612e+07,
1.62029e+07,
1.63454e+07,
1.64853e+07,
1.66267e+07,
1.67669e+07,
1.69052e+07,
1.70455e+07,
1.71883e+07,
1.73352e+07,
1.74776e+07,
1.76216e+07,
1.77708e+07,
1.79235e+07,
1.80791e+07,
1.8233e+07,
1.83877e+07,
1.8548e+07,
1.87059e+07,
1.88617e+07,
1.90187e+07,
1.91783e+07,
1.93457e+07,
1.95201e+07,
1.96931e+07,
1.98659e+07,
2.00435e+07,
2.02118e+07,
2.0379e+07,
2.05539e+07,
2.07344e+07,
2.09121e+07,
2.10879e+07,
2.12672e+07,
2.1454e+07,
2.16311e+07,
2.18038e+07,
2.19731e+07,
2.21375e+07,
2.23015e+07,
2.24663e+07,
2.26385e+07,
2.28143e+07,
2.29987e+07,
2.31755e+07,
2.33456e+07,
2.35097e+07,
2.36727e+07,
2.38343e+07,
2.39977e+07,
2.41605e+07,
2.43297e+07,
2.44972e+07,
2.46702e+07,
2.48461e+07,
2.50146e+07,
2.51752e+07,
2.53355e+07,
2.54951e+07,
2.56597e+07,
2.58296e+07,
2.59921e+07,
2.61512e+07,
2.6315e+07,
2.64814e+07,
2.66405e+07,
2.67969e+07,
2.69499e+07,
2.71042e+07,
2.72606e+07,
2.74139e+07,
2.75659e+07,
2.77204e+07,
2.78803e+07,
2.80549e+07,
2.82248e+07,
2.83977e+07,
2.85758e+07,
2.87681e+07,
2.89511e+07,
2.91341e+07,
2.93132e+07,
2.94838e+07,
2.96565e+07,
2.98431e+07,
3.00222e+07,
3.0201e+07,
3.03898e+07,
3.05704e+07,
3.07442e+07,
3.09155e+07,
3.10847e+07,
3.12501e+07,
3.14151e+07,
3.15989e+07,
3.17745e+07,
3.19517e+07,
3.21271e+07,
3.22914e+07,
3.24529e+07,
3.26137e+07,
3.27754e+07,
3.29316e+07,
3.30915e+07,
3.32687e+07,
3.34395e+07,
3.3614e+07,
3.3776e+07,
3.39321e+07,
3.40855e+07,
3.42375e+07,
3.43893e+07,
3.45415e+07,
3.4698e+07,
3.487e+07,
3.50427e+07,
3.52061e+07,
3.53602e+07,
3.55121e+07,
3.56614e+07,
3.58103e+07,
3.59582e+07,
3.61e+07,
478966,
478786,
478675,
478538,
478457,
478346,
478268,
478139,
478028,
477887,
477843,
477769,
477655,
477614,
477601,
477551,
477520,
477452,
477351,
477284,
477142,
477146,
477145,
477026,
476946,
476887,
476733,
476556,
476502,
476351,
476301,
476145,
476084,
475943,
475821,
475714,
475605,
475539,
475503,
475509,
475413,
475357,
475292,
475188,
475078,
474896,
474788,
474632,
474469,
474327,
474118,
474079,
473998,
473908,
473799,
473587,
473392,
473223,
473085,
472833,
472531,
472360,
472138,
471966,
471830,
471740,
471721,
471748,
471757,
471729,
471742,
471743,
471847,
471946,
472002,
472055,
472099,
472191,
472248,
472280,
472359,
472456,
472576,
472660,
472773,
472881,
472937,
473055,
473069,
473139,
473162,
473272,
473394,
473462,
473582,
473706,
473875,
473948,
474050,
474102,
474134,
474231,
474298,
474350,
474535,
474686,
474740,
474904,
474999,
475087,
475199,
475219,
475219,
475235,
475444,
475473,
475614,
475695,
475836,
475882,
476015,
476138,
476192,
476293,
476421,
476514,
476632,
476782,
477022,
477130,
477274,
477354,
477348,
477466,
477648,
477812,
477948,
478103,
478295,
478444,
478520,
478649,
478748,
478911,
479096,
479251,
479379,
479552,
479696,
479873,
479964,
480123,
480245,
480526,
480810,
481044,
481200,
481436,
481720,
481944,
482171,
482493,
482769,
482993,
483270,
483536,
483763,
484045,
484402,
484749,
485066,
485348,
485698,
486159,
486516,
486940,
487384,
487716,
488544,
490193,
491733,
493241,
494800,
496349,
497945,
499516,
500910,
502392,
504108,
505738,
507344,
508985,
510491,
511851,
513641,
515185,
516850,
518491,
520037,
521818,
523452,
525131,
527002,
528976,
530801,
532844,
534779,
536725,
538834,
540800,
542800,
544645,
546638,
548660,
550669,
552618,
554810,
556775,
558954,
560992,
562900,
564922,
566914,
569011,
571047,
573128,
575284,
577433,
579835,
582172,
584472,
586733,
588897,
591182,
593526,
595925,
598376,
600635,
603087,
605373,
607857,
610300,
612600,
615053,
617479,
619987,
622613,
625160,
627768,
630141,
632678,
635231,
637692,
640328,
642825,
645618,
648416,
651232,
653856,
656842,
659645,
662517,
665258,
667973,
670880,
673508,
676368,
679265,
682243,
685197,
687952,
690775,
693608,
696586,
699515,
702369,
705233,
708204,
711120,
714343,
717377,
720530,
723735,
726929,
730071,
733191,
736295,
739542,
742769,
745881,
749362,
752467,
755808,
759167,
762809,
766136,
769457,
772901,
776296,
779745,
783150,
786463,
789882,
793217,
796850,
800329,
804053,
807520,
811159,
815013,
818711,
822476,
826367,
830230,
834173,
837897,
841829,
845554,
849539,
853388,
857117,
861155,
865138,
869000,
872996,
877090,
881082,
885100,
889174,
893115,
897153,
901202,
905314,
909319,
913601,
918032,
922136,
926507,
930824,
935422,
940013,
944473,
948991,
953522,
958081,
962824,
967545,
972239,
976905,
981639,
986420,
991336,
996163,
1.00091e+06,
1.00568e+06,
1.0108e+06,
1.01575e+06,
1.02041e+06,
1.02525e+06,
1.03013e+06,
1.03503e+06,
1.04008e+06,
1.04522e+06,
1.05033e+06,
1.05567e+06,
1.06095e+06,
1.06627e+06,
1.07158e+06,
1.07701e+06,
1.0824e+06,
1.0878e+06,
1.0932e+06,
1.09856e+06,
1.10415e+06,
1.10965e+06,
1.11525e+06,
1.12053e+06,
1.12615e+06,
1.13197e+06,
1.13747e+06,
1.14283e+06,
1.14835e+06,
1.15388e+06,
1.15951e+06,
1.16499e+06,
1.17078e+06,
1.17628e+06,
1.18202e+06,
1.18772e+06,
1.19364e+06,
1.19946e+06,
1.20532e+06,
1.21145e+06,
1.21747e+06,
1.22345e+06,
1.22959e+06,
1.23587e+06,
1.24194e+06,
1.24806e+06,
1.25424e+06,
1.2604e+06,
1.26655e+06,
1.27252e+06,
1.27871e+06,
1.28497e+06,
1.29125e+06,
1.29777e+06,
1.30418e+06,
1.31085e+06,
1.31734e+06,
1.32383e+06,
1.33033e+06,
1.33673e+06,
1.34344e+06,
1.35004e+06,
1.35661e+06,
1.36321e+06,
1.36981e+06,
1.37674e+06,
1.38403e+06,
1.39137e+06,
1.39834e+06,
1.40571e+06,
1.41286e+06,
1.41979e+06,
1.42686e+06,
1.43429e+06,
1.44153e+06,
1.44878e+06,
1.45617e+06,
1.46354e+06,
1.47108e+06,
1.47854e+06,
1.48606e+06,
1.49355e+06,
1.50138e+06,
1.50908e+06,
1.51672e+06,
1.52447e+06,
1.5321e+06,
1.53987e+06,
1.54761e+06,
1.55549e+06,
1.56341e+06,
1.57133e+06,
1.57963e+06,
1.58784e+06,
1.59576e+06,
1.60438e+06,
1.61282e+06,
1.62092e+06,
1.62941e+06,
1.63774e+06,
1.64629e+06,
1.65468e+06,
1.66339e+06,
1.67206e+06,
1.68089e+06,
1.68948e+06,
1.69815e+06,
1.70706e+06,
1.71593e+06,
1.72497e+06,
1.73385e+06,
1.74268e+06,
1.75142e+06,
1.76042e+06,
1.76963e+06,
1.77878e+06,
1.78801e+06,
1.79738e+06,
1.80661e+06,
1.81612e+06,
1.82538e+06,
1.83515e+06,
1.84485e+06,
1.85468e+06,
1.8647e+06,
1.87468e+06,
1.88483e+06,
1.89496e+06,
1.90546e+06,
1.91565e+06,
1.92555e+06,
1.93606e+06,
1.9465e+06,
1.9569e+06,
1.96772e+06,
1.97857e+06,
1.98939e+06,
2.00005e+06,
2.01101e+06,
2.02176e+06,
2.03297e+06,
2.04415e+06,
2.05541e+06,
2.06659e+06,
2.0781e+06,
2.08941e+06,
2.1012e+06,
2.11308e+06,
2.12486e+06,
2.13652e+06,
2.14864e+06,
2.16096e+06,
2.17347e+06,
2.18603e+06,
2.19862e+06,
2.21143e+06,
2.22423e+06,
2.23731e+06,
2.25023e+06,
2.26338e+06,
2.27623e+06,
2.28994e+06,
2.30361e+06,
2.31754e+06,
2.33096e+06,
2.34488e+06,
2.35886e+06,
2.37313e+06,
2.3878e+06,
2.4022e+06,
2.41662e+06,
2.43135e+06,
2.44621e+06,
2.46133e+06,
2.47654e+06,
2.49181e+06,
2.50739e+06,
2.52326e+06,
2.53921e+06,
2.55489e+06,
2.5712e+06,
2.58775e+06,
2.60493e+06,
2.62222e+06,
2.6398e+06,
2.6575e+06,
2.67512e+06,
2.69316e+06,
2.71171e+06,
2.72982e+06,
2.74827e+06,
2.76717e+06,
2.78675e+06,
2.80646e+06,
2.82675e+06,
2.84736e+06,
2.86796e+06,
2.88889e+06,
2.91004e+06,
2.93155e+06,
2.95358e+06,
2.97514e+06,
2.99716e+06,
3.0195e+06,
3.04166e+06,
3.06483e+06,
3.08859e+06,
3.11282e+06,
3.13697e+06,
3.16118e+06,
3.18556e+06,
3.21074e+06,
3.23671e+06,
3.2629e+06,
3.28914e+06,
3.31604e+06,
3.34336e+06,
3.37101e+06,
3.39931e+06,
3.42748e+06,
3.45661e+06,
3.48691e+06,
3.51702e+06,
3.54772e+06,
3.57953e+06,
3.61198e+06,
3.6454e+06,
3.67898e+06,
3.71388e+06,
3.74875e+06,
3.78468e+06,
3.82265e+06,
3.86186e+06,
3.90209e+06,
3.94305e+06,
3.98581e+06,
4.03064e+06,
4.07699e+06,
4.12454e+06,
4.17484e+06,
4.2289e+06,
4.28578e+06,
4.345e+06,
4.40754e+06,
4.47526e+06,
4.54906e+06,
4.63092e+06,
4.72913e+06,
4.87672e+06,
5.02396e+06,
5.17953e+06,
5.35028e+06,
5.5524e+06,
5.81984e+06,
6.0132e+06,
6.13313e+06,
6.24505e+06,
6.35403e+06,
6.46612e+06,
6.57811e+06,
6.68951e+06,
6.80144e+06,
6.91872e+06,
7.04647e+06,
7.16296e+06,
7.27328e+06,
7.37896e+06,
7.4968e+06,
7.62893e+06,
7.76047e+06,
7.89578e+06,
8.03614e+06,
8.18289e+06,
8.34622e+06,
8.50363e+06,
8.66261e+06,
8.81925e+06,
8.98419e+06,
9.17003e+06,
9.38775e+06,
9.57444e+06,
9.7491e+06,
9.92014e+06,
1.00969e+07,
1.02623e+07,
1.04232e+07,
1.05873e+07,
1.07418e+07,
1.08978e+07,
1.10504e+07,
1.1202e+07,
1.13548e+07,
1.15116e+07,
1.16697e+07,
1.1811e+07,
1.19416e+07,
1.20683e+07,
1.21951e+07,
1.23258e+07,
1.24558e+07,
1.2587e+07,
1.27247e+07,
1.28595e+07,
1.29993e+07,
1.31318e+07,
1.326e+07,
1.3386e+07,
1.35117e+07,
1.3647e+07,
1.37817e+07,
1.39069e+07,
1.4032e+07,
1.41581e+07,
1.42909e+07,
1.44227e+07,
1.45504e+07,
1.46786e+07,
1.48117e+07,
1.49449e+07,
1.5073e+07,
1.52e+07,
1.53263e+07,
1.54543e+07,
1.55894e+07,
1.57283e+07,
1.58618e+07,
1.59899e+07,
1.61206e+07,
1.62546e+07,
1.6385e+07,
1.65176e+07,
1.66529e+07,
1.67889e+07,
1.69331e+07,
1.70778e+07,
1.72137e+07,
1.73476e+07,
1.74807e+07,
1.7627e+07,
1.77721e+07,
1.79203e+07,
1.80745e+07,
1.82301e+07,
1.83864e+07,
1.85487e+07,
1.86986e+07,
1.88447e+07,
1.89905e+07,
1.91446e+07,
1.93036e+07,
1.9462e+07,
1.96167e+07,
1.97712e+07,
1.99298e+07,
2.0092e+07,
2.02418e+07,
2.03922e+07,
2.05464e+07,
2.07168e+07,
2.08798e+07,
2.10438e+07,
2.12119e+07,
2.13833e+07,
2.1557e+07,
2.17357e+07,
2.19158e+07,
2.21011e+07,
2.22809e+07,
2.24607e+07,
2.26305e+07,
2.27968e+07,
2.2962e+07,
2.31288e+07,
2.32948e+07,
2.34679e+07,
2.36382e+07,
2.38007e+07,
2.39618e+07,
2.41297e+07,
2.42942e+07,
2.44574e+07,
2.46181e+07,
2.478e+07,
2.49428e+07,
2.51198e+07,
2.52829e+07,
2.54383e+07,
2.55911e+07,
2.57468e+07,
2.5903e+07,
2.60555e+07,
2.6209e+07,
2.63602e+07,
2.65144e+07,
2.66667e+07,
2.6818e+07,
2.69681e+07,
2.71247e+07,
2.72963e+07,
2.74696e+07,
2.76481e+07,
2.78359e+07,
2.80426e+07,
2.82253e+07,
2.83973e+07,
2.85627e+07,
2.87255e+07,
2.88913e+07,
2.9072e+07,
2.92517e+07,
2.94331e+07,
2.9624e+07,
2.9802e+07,
2.99737e+07,
3.01463e+07,
3.03174e+07,
3.048e+07,
3.06434e+07,
3.08208e+07,
3.09978e+07,
3.11817e+07,
3.13605e+07,
3.15286e+07,
3.16915e+07,
3.18555e+07,
3.20221e+07,
3.21819e+07,
3.2342e+07,
3.25142e+07,
3.26879e+07,
3.28655e+07,
3.30301e+07,
3.31914e+07,
3.335e+07,
3.3507e+07,
3.36659e+07,
3.38158e+07,
3.39674e+07,
3.41312e+07,
3.43e+07,
3.44592e+07,
3.46111e+07,
3.47575e+07,
3.49021e+07,
3.50475e+07,
3.51948e+07,
3.53372e+07,
478966,
478825,
478704,
478592,
478500,
478408,
478349,
478203,
478140,
478053,
477950,
477897,
477844,
477800,
477780,
477752,
477701,
477655,
477606,
477574,
477422,
477415,
477390,
477354,
477272,
477145,
477028,
476950,
476870,
476756,
476665,
476515,
476499,
476327,
476316,
476175,
476042,
475889,
475921,
475909,
475905,
475900,
475841,
475679,
475626,
475455,
475331,
475216,
475050,
474931,
474861,
474745,
474705,
474617,
474477,
474261,
474143,
474052,
473891,
473699,
473445,
473207,
472999,
472681,
472645,
472499,
472521,
472550,
472500,
472519,
472539,
472613,
472700,
472849,
472916,
472969,
473066,
473110,
473177,
473278,
473348,
473407,
473563,
473665,
473779,
473875,
473962,
474024,
474083,
474189,
474285,
474363,
474495,
474562,
474720,
474815,
474941,
475058,
475121,
475217,
475286,
475378,
475501,
475626,
475694,
475800,
475961,
476099,
476189,
476311,
476372,
476590,
476619,
476648,
476771,
476824,
476907,
476980,
477068,
477202,
477279,
477383,
477482,
477547,
477659,
477899,
478112,
478322,
478449,
478609,
478802,
478952,
479024,
479150,
479181,
479463,
479527,
479665,
479836,
479968,
480188,
480354,
480492,
480602,
480790,
481047,
481253,
481537,
481712,
481875,
482100,
482338,
482562,
482761,
483075,
483407,
483721,
483962,
484243,
484511,
484885,
485165,
485391,
485721,
486080,
486389,
486792,
487130,
487513,
487943,
488295,
488731,
489058,
489449,
489860,
490395,
490905,
491418,
491942,
492503,
493677,
495286,
496692,
498164,
499792,
501420,
503159,
504747,
506336,
507893,
509485,
511301,
512811,
514368,
515926,
517582,
519145,
520923,
522511,
524140,
525773,
527451,
529195,
531074,
532892,
534852,
536803,
538655,
540707,
542929,
544951,
547080,
549051,
551005,
553010,
555210,
557187,
559148,
561376,
563510,
565678,
567761,
569847,
571890,
574083,
576176,
578257,
580496,
582509,
584720,
587029,
589455,
591897,
594378,
596756,
598916,
601095,
603355,
605801,
608242,
610516,
613191,
615668,
618094,
620552,
623067,
625562,
628036,
630589,
633099,
635498,
638036,
640670,
643207,
645852,
648548,
651274,
653889,
656630,
659302,
662366,
665319,
668219,
671000,
673967,
676822,
679688,
682421,
685277,
688343,
691247,
694370,
697305,
700334,
703339,
706261,
709357,
712538,
715400,
718088,
720995,
724126,
727269,
730538,
733826,
737001,
740329,
743510,
746790,
750237,
753555,
756904,
760075,
763491,
766953,
770397,
773779,
777147,
780695,
784247,
787814,
791323,
794835,
798282,
801827,
805331,
808966,
812468,
816183,
819960,
823698,
827675,
831414,
835226,
838971,
842967,
846905,
850758,
854712,
858526,
862422,
866489,
870311,
874558,
878666,
882739,
886832,
890937,
895068,
899195,
903368,
907555,
911634,
915868,
920055,
924213,
928650,
933091,
937570,
941970,
946507,
950915,
955535,
959984,
964707,
969221,
973648,
978475,
983247,
988070,
992920,
997747,
1.00237e+06,
1.00731e+06,
1.01231e+06,
1.01737e+06,
1.02232e+06,
1.0273e+06,
1.03241e+06,
1.03746e+06,
1.04259e+06,
1.04777e+06,
1.05267e+06,
1.05788e+06,
1.06301e+06,
1.06847e+06,
1.07386e+06,
1.07925e+06,
1.08436e+06,
1.08978e+06,
1.09516e+06,
1.10063e+06,
1.10596e+06,
1.11143e+06,
1.11697e+06,
1.1226e+06,
1.12812e+06,
1.13387e+06,
1.13949e+06,
1.1451e+06,
1.1507e+06,
1.15628e+06,
1.16174e+06,
1.16736e+06,
1.1729e+06,
1.17886e+06,
1.18452e+06,
1.19017e+06,
1.19574e+06,
1.20172e+06,
1.2075e+06,
1.21338e+06,
1.21933e+06,
1.22539e+06,
1.23157e+06,
1.2379e+06,
1.24402e+06,
1.2501e+06,
1.2562e+06,
1.26222e+06,
1.26837e+06,
1.27482e+06,
1.28112e+06,
1.28753e+06,
1.29368e+06,
1.3002e+06,
1.3067e+06,
1.31316e+06,
1.31964e+06,
1.32614e+06,
1.33277e+06,
1.33919e+06,
1.34548e+06,
1.35188e+06,
1.35838e+06,
1.36524e+06,
1.37197e+06,
1.37871e+06,
1.38569e+06,
1.39254e+06,
1.39955e+06,
1.40667e+06,
1.41354e+06,
1.42064e+06,
1.42781e+06,
1.43529e+06,
1.4425e+06,
1.44992e+06,
1.45717e+06,
1.46459e+06,
1.47205e+06,
1.4797e+06,
1.48719e+06,
1.49475e+06,
1.5023e+06,
1.50994e+06,
1.51766e+06,
1.52537e+06,
1.53337e+06,
1.54128e+06,
1.54891e+06,
1.55655e+06,
1.56449e+06,
1.57251e+06,
1.58034e+06,
1.58849e+06,
1.59657e+06,
1.60491e+06,
1.61306e+06,
1.62118e+06,
1.6294e+06,
1.63754e+06,
1.64599e+06,
1.65467e+06,
1.66295e+06,
1.67144e+06,
1.68021e+06,
1.68927e+06,
1.69801e+06,
1.70691e+06,
1.71583e+06,
1.72467e+06,
1.73353e+06,
1.74244e+06,
1.75148e+06,
1.76049e+06,
1.7698e+06,
1.77889e+06,
1.78848e+06,
1.79787e+06,
1.80712e+06,
1.8166e+06,
1.82568e+06,
1.83522e+06,
1.84468e+06,
1.85435e+06,
1.86409e+06,
1.87374e+06,
1.8836e+06,
1.89405e+06,
1.90424e+06,
1.91422e+06,
1.92408e+06,
1.93436e+06,
1.94468e+06,
1.95504e+06,
1.96581e+06,
1.97635e+06,
1.98685e+06,
1.99782e+06,
2.00856e+06,
2.01958e+06,
2.03084e+06,
2.04206e+06,
2.05329e+06,
2.06448e+06,
2.07577e+06,
2.0872e+06,
2.09858e+06,
2.10994e+06,
2.1218e+06,
2.13377e+06,
2.14552e+06,
2.15742e+06,
2.16929e+06,
2.18174e+06,
2.19405e+06,
2.20631e+06,
2.21929e+06,
2.23226e+06,
2.24533e+06,
2.25845e+06,
2.27116e+06,
2.28413e+06,
2.29743e+06,
2.31068e+06,
2.32425e+06,
2.33812e+06,
2.35229e+06,
2.36641e+06,
2.38086e+06,
2.39521e+06,
2.40949e+06,
2.42416e+06,
2.43886e+06,
2.45361e+06,
2.46863e+06,
2.48364e+06,
2.49934e+06,
2.51512e+06,
2.53076e+06,
2.54673e+06,
2.56245e+06,
2.57878e+06,
2.59554e+06,
2.61208e+06,
2.6292e+06,
2.64686e+06,
2.66466e+06,
2.68228e+06,
2.70014e+06,
2.71813e+06,
2.73608e+06,
2.75479e+06,
2.77394e+06,
2.79346e+06,
2.81268e+06,
2.83262e+06,
2.85283e+06,
2.87403e+06,
2.89477e+06,
2.91587e+06,
2.93716e+06,
2.95867e+06,
2.98049e+06,
3.0026e+06,
3.02481e+06,
3.04793e+06,
3.07073e+06,
3.09447e+06,
3.11804e+06,
3.14187e+06,
3.1662e+06,
3.19099e+06,
3.21657e+06,
3.24265e+06,
3.26848e+06,
3.29469e+06,
3.32175e+06,
3.34935e+06,
3.37728e+06,
3.40588e+06,
3.43491e+06,
3.46396e+06,
3.49398e+06,
3.52397e+06,
3.55572e+06,
3.58813e+06,
3.62042e+06,
3.65369e+06,
3.68765e+06,
3.72267e+06,
3.75884e+06,
3.79601e+06,
3.83388e+06,
3.87237e+06,
3.91308e+06,
3.95516e+06,
3.99926e+06,
4.04527e+06,
4.09249e+06,
4.14231e+06,
4.19618e+06,
4.25286e+06,
4.31206e+06,
4.37558e+06,
4.44359e+06,
4.51745e+06,
4.59729e+06,
4.68614e+06,
4.79865e+06,
4.97437e+06,
5.1568e+06,
5.37845e+06,
5.67428e+06,
5.80915e+06,
5.92595e+06,
6.03705e+06,
6.14358e+06,
6.24696e+06,
6.35331e+06,
6.46795e+06,
6.58099e+06,
6.7001e+06,
6.83099e+06,
6.93911e+06,
7.04262e+06,
7.14442e+06,
7.24692e+06,
7.35139e+06,
7.4651e+06,
7.60119e+06,
7.73836e+06,
7.88529e+06,
8.04749e+06,
8.19582e+06,
8.33624e+06,
8.48248e+06,
8.63383e+06,
8.79384e+06,
8.96985e+06,
9.18956e+06,
9.38566e+06,
9.56846e+06,
9.75667e+06,
9.92562e+06,
1.00801e+07,
1.02299e+07,
1.03813e+07,
1.05333e+07,
1.06828e+07,
1.08352e+07,
1.09636e+07,
1.10952e+07,
1.12384e+07,
1.13721e+07,
1.1506e+07,
1.1628e+07,
1.17471e+07,
1.18644e+07,
1.19825e+07,
1.21093e+07,
1.22382e+07,
1.23762e+07,
1.25263e+07,
1.26592e+07,
1.27857e+07,
1.29046e+07,
1.30191e+07,
1.31328e+07,
1.32499e+07,
1.33801e+07,
1.35084e+07,
1.36361e+07,
1.37722e+07,
1.38994e+07,
1.40221e+07,
1.41404e+07,
1.42581e+07,
1.43789e+07,
1.44981e+07,
1.46245e+07,
1.47495e+07,
1.48755e+07,
1.50138e+07,
1.5145e+07,
1.52677e+07,
1.5392e+07,
1.55141e+07,
1.56324e+07,
1.57505e+07,
1.58798e+07,
1.60094e+07,
1.61415e+07,
1.62828e+07,
1.642e+07,
1.65519e+07,
1.66775e+07,
1.68025e+07,
1.69279e+07,
1.70577e+07,
1.72007e+07,
1.73453e+07,
1.74952e+07,
1.76607e+07,
1.78118e+07,
1.7954e+07,
1.80936e+07,
1.82307e+07,
1.83666e+07,
1.85065e+07,
1.86581e+07,
1.88101e+07,
1.89551e+07,
1.91082e+07,
1.92552e+07,
1.93962e+07,
1.9534e+07,
1.96721e+07,
1.98116e+07,
1.99585e+07,
2.01195e+07,
2.0274e+07,
2.04316e+07,
2.05978e+07,
2.0756e+07,
2.09073e+07,
2.10556e+07,
2.12069e+07,
2.13641e+07,
2.15177e+07,
2.16776e+07,
2.1837e+07,
2.19965e+07,
2.21614e+07,
2.23238e+07,
2.24808e+07,
2.26389e+07,
2.28029e+07,
2.29621e+07,
2.31234e+07,
2.33035e+07,
2.34813e+07,
2.36588e+07,
2.38344e+07,
2.40076e+07,
2.41723e+07,
2.43364e+07,
2.44927e+07,
2.46449e+07,
2.47941e+07,
2.49464e+07,
2.50974e+07,
2.52502e+07,
2.54056e+07,
2.55636e+07,
2.5719e+07,
2.58671e+07,
2.60137e+07,
2.61582e+07,
2.631e+07,
2.64863e+07,
2.66669e+07,
2.68608e+07,
2.70561e+07,
2.72505e+07,
2.74232e+07,
2.75908e+07,
2.77537e+07,
2.79103e+07,
2.80693e+07,
2.82457e+07,
2.84231e+07,
2.86067e+07,
2.88024e+07,
2.89883e+07,
2.91573e+07,
2.9321e+07,
2.94826e+07,
2.96422e+07,
2.98017e+07,
2.9977e+07,
3.0153e+07,
3.03381e+07,
3.0521e+07,
3.06969e+07,
3.0859e+07,
3.10156e+07,
3.11684e+07,
3.13228e+07,
3.14799e+07,
3.16544e+07,
3.18306e+07,
3.2009e+07,
3.21776e+07,
3.23432e+07,
3.24989e+07,
3.26485e+07,
3.27956e+07,
3.29395e+07,
3.30871e+07,
3.32522e+07,
3.34235e+07,
3.35881e+07,
3.37469e+07,
3.39014e+07,
3.40479e+07,
3.41889e+07,
3.43291e+07,
3.44668e+07,
478966,
478844,
478724,
478629,
478545,
478445,
478383,
478266,
478230,
478176,
478077,
478028,
478014,
477965,
477985,
477900,
477932,
477902,
477820,
477730,
477701,
477670,
477635,
477604,
477534,
477466,
477362,
477285,
477175,
477112,
477024,
476987,
476912,
476801,
476727,
476603,
476529,
476455,
476369,
476312,
476401,
476408,
476328,
476182,
476056,
476000,
475930,
475770,
475661,
475501,
475447,
475376,
475345,
475307,
475201,
475044,
474909,
474765,
474648,
474553,
474305,
474046,
473784,
473626,
473455,
473421,
473334,
473329,
473339,
473416,
473423,
473408,
473597,
473618,
473701,
473775,
473870,
473911,
474070,
474140,
474271,
474377,
474515,
474653,
474730,
474852,
474935,
474992,
475104,
475203,
475337,
475455,
475592,
475735,
475824,
475913,
476089,
476168,
476221,
476353,
476465,
476562,
476682,
476765,
476971,
477119,
477277,
477422,
477617,
477726,
477846,
477892,
477924,
478057,
478120,
478213,
478369,
478538,
478645,
478670,
478764,
478790,
478990,
479177,
479303,
479422,
479567,
479779,
479902,
480059,
480272,
480485,
480650,
480668,
480921,
481022,
481225,
481476,
481570,
481724,
481925,
482152,
482314,
482569,
482797,
483006,
483276,
483526,
483766,
484090,
484426,
484653,
485008,
485266,
485616,
485904,
486279,
486561,
486782,
487133,
487507,
487831,
488136,
488582,
489084,
489502,
489853,
490297,
490712,
491073,
491440,
491961,
492454,
492929,
493453,
493949,
494636,
495043,
495585,
496118,
496702,
497223,
498342,
500063,
501637,
503203,
504696,
506341,
508126,
509639,
511307,
512936,
514562,
516242,
517980,
519719,
521443,
523149,
524808,
526479,
528274,
529977,
531715,
533364,
535190,
536914,
538845,
540867,
542883,
544808,
546800,
548900,
551047,
553019,
555145,
557269,
559277,
561456,
563617,
565686,
567865,
569968,
572119,
574085,
576330,
578471,
580598,
582933,
585072,
587254,
589630,
591846,
594248,
596772,
599057,
601399,
603742,
605986,
608543,
610895,
613375,
615743,
618265,
620510,
623126,
625525,
627948,
630603,
633232,
635870,
638266,
640937,
643599,
646039,
648568,
651231,
653793,
656475,
659149,
662140,
664933,
667947,
670721,
673440,
676346,
679315,
682156,
685255,
688230,
691064,
694125,
697151,
700094,
703140,
706201,
709244,
712337,
715480,
718496,
721584,
724757,
727817,
731086,
734216,
737376,
740565,
743813,
747197,
750549,
753846,
757203,
760664,
763953,
767492,
770898,
774306,
777832,
781332,
784805,
788184,
791716,
795412,
798800,
802379,
806006,
809794,
813513,
817147,
820759,
824465,
828299,
831971,
835870,
839681,
843548,
847453,
851555,
855502,
859499,
863496,
867619,
871587,
875589,
879654,
883605,
887822,
891910,
896176,
900440,
904475,
908678,
912959,
917142,
921336,
925581,
929913,
934196,
938714,
943172,
947598,
951986,
956505,
961276,
965827,
970541,
975427,
980115,
985003,
989545,
994459,
999285,
1.0042e+06,
1.0091e+06,
1.0139e+06,
1.01896e+06,
1.02381e+06,
1.02884e+06,
1.03389e+06,
1.03886e+06,
1.04397e+06,
1.04914e+06,
1.05423e+06,
1.05931e+06,
1.06443e+06,
1.06966e+06,
1.07489e+06,
1.08023e+06,
1.08567e+06,
1.09107e+06,
1.09651e+06,
1.10212e+06,
1.10765e+06,
1.11316e+06,
1.1188e+06,
1.12432e+06,
1.13004e+06,
1.13564e+06,
1.14135e+06,
1.14666e+06,
1.15242e+06,
1.15821e+06,
1.1639e+06,
1.16948e+06,
1.17536e+06,
1.18098e+06,
1.18673e+06,
1.19249e+06,
1.19836e+06,
1.20429e+06,
1.2099e+06,
1.21568e+06,
1.22154e+06,
1.2275e+06,
1.23331e+06,
1.23946e+06,
1.24548e+06,
1.25163e+06,
1.25776e+06,
1.2638e+06,
1.27016e+06,
1.27663e+06,
1.28293e+06,
1.28909e+06,
1.29534e+06,
1.30164e+06,
1.30802e+06,
1.3147e+06,
1.32122e+06,
1.32772e+06,
1.3342e+06,
1.3408e+06,
1.34738e+06,
1.35379e+06,
1.36039e+06,
1.36716e+06,
1.37392e+06,
1.38067e+06,
1.38768e+06,
1.39433e+06,
1.40107e+06,
1.40828e+06,
1.41539e+06,
1.42242e+06,
1.42912e+06,
1.43604e+06,
1.44314e+06,
1.45042e+06,
1.45779e+06,
1.46557e+06,
1.473e+06,
1.48043e+06,
1.48798e+06,
1.49549e+06,
1.50303e+06,
1.51064e+06,
1.51831e+06,
1.52588e+06,
1.53355e+06,
1.54139e+06,
1.5494e+06,
1.55714e+06,
1.56488e+06,
1.57281e+06,
1.58102e+06,
1.58907e+06,
1.59707e+06,
1.60531e+06,
1.61347e+06,
1.62168e+06,
1.62974e+06,
1.63792e+06,
1.64587e+06,
1.65406e+06,
1.66259e+06,
1.67124e+06,
1.67982e+06,
1.68857e+06,
1.69743e+06,
1.7063e+06,
1.71531e+06,
1.72409e+06,
1.7328e+06,
1.74159e+06,
1.7505e+06,
1.75986e+06,
1.76922e+06,
1.77828e+06,
1.78739e+06,
1.79644e+06,
1.8058e+06,
1.81517e+06,
1.82467e+06,
1.83414e+06,
1.84347e+06,
1.85299e+06,
1.86255e+06,
1.87235e+06,
1.88228e+06,
1.89181e+06,
1.90185e+06,
1.91188e+06,
1.92202e+06,
1.93207e+06,
1.94224e+06,
1.95278e+06,
1.96297e+06,
1.97358e+06,
1.9842e+06,
1.9949e+06,
2.00608e+06,
2.01697e+06,
2.02776e+06,
2.0388e+06,
2.04955e+06,
2.06041e+06,
2.07157e+06,
2.08266e+06,
2.09403e+06,
2.10554e+06,
2.11699e+06,
2.12854e+06,
2.14036e+06,
2.15226e+06,
2.1642e+06,
2.17618e+06,
2.18832e+06,
2.2003e+06,
2.21266e+06,
2.22508e+06,
2.23832e+06,
2.2513e+06,
2.26417e+06,
2.27717e+06,
2.29045e+06,
2.3038e+06,
2.31717e+06,
2.33082e+06,
2.34468e+06,
2.35866e+06,
2.37279e+06,
2.38713e+06,
2.40127e+06,
2.41538e+06,
2.42966e+06,
2.44471e+06,
2.4596e+06,
2.47482e+06,
2.48975e+06,
2.50517e+06,
2.52088e+06,
2.53636e+06,
2.55218e+06,
2.56775e+06,
2.58354e+06,
2.60002e+06,
2.61674e+06,
2.63338e+06,
2.65058e+06,
2.66805e+06,
2.68588e+06,
2.70357e+06,
2.72155e+06,
2.73999e+06,
2.75853e+06,
2.77766e+06,
2.79671e+06,
2.81648e+06,
2.83635e+06,
2.85669e+06,
2.877e+06,
2.89793e+06,
2.91923e+06,
2.94057e+06,
2.96207e+06,
2.98364e+06,
3.00606e+06,
3.02825e+06,
3.05107e+06,
3.07424e+06,
3.09752e+06,
3.1212e+06,
3.14477e+06,
3.16935e+06,
3.19394e+06,
3.21915e+06,
3.24488e+06,
3.27104e+06,
3.29698e+06,
3.32411e+06,
3.35186e+06,
3.37993e+06,
3.40863e+06,
3.43758e+06,
3.4669e+06,
3.49714e+06,
3.52799e+06,
3.56001e+06,
3.59168e+06,
3.62459e+06,
3.65772e+06,
3.69277e+06,
3.7286e+06,
3.76507e+06,
3.80195e+06,
3.84111e+06,
3.88056e+06,
3.92215e+06,
3.96537e+06,
4.00984e+06,
4.05599e+06,
4.10432e+06,
4.15672e+06,
4.21243e+06,
4.27069e+06,
4.33313e+06,
4.40154e+06,
4.47323e+06,
4.54997e+06,
4.63564e+06,
4.73604e+06,
4.86564e+06,
5.0869e+06,
5.41111e+06,
5.56551e+06,
5.68921e+06,
5.80502e+06,
5.91452e+06,
6.01827e+06,
6.12118e+06,
6.22475e+06,
6.32993e+06,
6.45012e+06,
6.5868e+06,
6.69528e+06,
6.79808e+06,
6.89907e+06,
6.99973e+06,
7.10191e+06,
7.20337e+06,
7.30937e+06,
7.42006e+06,
7.56414e+06,
7.72697e+06,
7.87045e+06,
8.00586e+06,
8.14255e+06,
8.28503e+06,
8.43355e+06,
8.59144e+06,
8.76155e+06,
8.97075e+06,
9.18266e+06,
9.38403e+06,
9.55975e+06,
9.71668e+06,
9.86962e+06,
1.00191e+07,
1.01643e+07,
1.02865e+07,
1.04022e+07,
1.05228e+07,
1.06558e+07,
1.08014e+07,
1.09366e+07,
1.10558e+07,
1.11794e+07,
1.12968e+07,
1.14089e+07,
1.15219e+07,
1.16352e+07,
1.17534e+07,
1.18889e+07,
1.20379e+07,
1.21837e+07,
1.23031e+07,
1.24155e+07,
1.25258e+07,
1.26355e+07,
1.27452e+07,
1.28574e+07,
1.29764e+07,
1.31132e+07,
1.32545e+07,
1.33832e+07,
1.34987e+07,
1.36083e+07,
1.3718e+07,
1.38286e+07,
1.39431e+07,
1.40653e+07,
1.41841e+07,
1.43114e+07,
1.44467e+07,
1.45764e+07,
1.46961e+07,
1.48113e+07,
1.49265e+07,
1.50448e+07,
1.51597e+07,
1.52726e+07,
1.53854e+07,
1.55118e+07,
1.56502e+07,
1.5787e+07,
1.5915e+07,
1.60438e+07,
1.61627e+07,
1.62791e+07,
1.63953e+07,
1.65112e+07,
1.66358e+07,
1.67845e+07,
1.69464e+07,
1.7112e+07,
1.72572e+07,
1.73928e+07,
1.75254e+07,
1.76505e+07,
1.7772e+07,
1.78964e+07,
1.8027e+07,
1.81751e+07,
1.83358e+07,
1.84873e+07,
1.86257e+07,
1.87595e+07,
1.8891e+07,
1.90192e+07,
1.91451e+07,
1.92734e+07,
1.94132e+07,
1.9571e+07,
1.97345e+07,
1.98977e+07,
2.0045e+07,
2.01863e+07,
2.03203e+07,
2.04555e+07,
2.0592e+07,
2.07362e+07,
2.08763e+07,
2.10321e+07,
2.11912e+07,
2.13538e+07,
2.15008e+07,
2.16411e+07,
2.17803e+07,
2.19213e+07,
2.20672e+07,
2.22076e+07,
2.23538e+07,
2.25121e+07,
2.26766e+07,
2.28435e+07,
2.29957e+07,
2.31436e+07,
2.32921e+07,
2.34423e+07,
2.35856e+07,
2.37289e+07,
2.38761e+07,
2.4033e+07,
2.41911e+07,
2.43502e+07,
2.45076e+07,
2.46656e+07,
2.4825e+07,
2.4978e+07,
2.51242e+07,
2.52731e+07,
2.54332e+07,
2.56278e+07,
2.58427e+07,
2.60365e+07,
2.6215e+07,
2.63949e+07,
2.656e+07,
2.67135e+07,
2.68647e+07,
2.7018e+07,
2.71782e+07,
2.73672e+07,
2.7563e+07,
2.77608e+07,
2.79508e+07,
2.81214e+07,
2.82843e+07,
2.84349e+07,
2.8583e+07,
2.87341e+07,
2.88934e+07,
2.90802e+07,
2.92744e+07,
2.94731e+07,
2.96484e+07,
2.98105e+07,
2.99647e+07,
3.01118e+07,
3.02589e+07,
3.04057e+07,
3.05591e+07,
3.07385e+07,
3.09251e+07,
3.11121e+07,
3.12749e+07,
3.14273e+07,
3.15718e+07,
3.17133e+07,
3.18527e+07,
3.19927e+07,
3.21392e+07,
3.23102e+07,
3.24876e+07,
3.26549e+07,
3.28054e+07,
3.29496e+07,
3.30883e+07,
3.32238e+07,
3.33561e+07,
3.349e+07,
478966,
478853,
478744,
478664,
478609,
478505,
478404,
478352,
478321,
478305,
478194,
478179,
478209,
478160,
478099,
478076,
478138,
478149,
478050,
478047,
477921,
477916,
477939,
477864,
477878,
477786,
477684,
477608,
477525,
477465,
477425,
477431,
477293,
477133,
477060,
476958,
476941,
476911,
476869,
476848,
476839,
476801,
476767,
476652,
476637,
476605,
476461,
476324,
476276,
476113,
476043,
476023,
476019,
475956,
475878,
475788,
475666,
475525,
475398,
475265,
475150,
474929,
474778,
474573,
474444,
474250,
474184,
474117,
474202,
474238,
474323,
474446,
474481,
474599,
474640,
474769,
474817,
474920,
475006,
475048,
475172,
475327,
475455,
475584,
475697,
475815,
475943,
476040,
476150,
476275,
476494,
476677,
476835,
476959,
477013,
477183,
477317,
477375,
477461,
477593,
477661,
477799,
477969,
478136,
478242,
478384,
478516,
478670,
478836,
478946,
479099,
479226,
479277,
479369,
479502,
479650,
479752,
479935,
480050,
480106,
480175,
480335,
480488,
480601,
480707,
480852,
481026,
481248,
481493,
481607,
481756,
481948,
482114,
482295,
482579,
482761,
482979,
483261,
483534,
483744,
484016,
484177,
484462,
484756,
485012,
485186,
485408,
485718,
486052,
486393,
486662,
487004,
487383,
487664,
488044,
488418,
488776,
489077,
489458,
489856,
490251,
490691,
491077,
491500,
491943,
492423,
492978,
493367,
493808,
494321,
494822,
495309,
495865,
496512,
496986,
497556,
498168,
498823,
499383,
499879,
500407,
500886,
501443,
502001,
503016,
504725,
506409,
508109,
509714,
511366,
513082,
514988,
516637,
518340,
520092,
521594,
523421,
525094,
526714,
528498,
530291,
532046,
533869,
535679,
537494,
539246,
541011,
542807,
544644,
546666,
548710,
550756,
552868,
554810,
556999,
559106,
561307,
563278,
565422,
567638,
569686,
571846,
573997,
576161,
578565,
580721,
583010,
585241,
587455,
589735,
591805,
594084,
596389,
598755,
600987,
603508,
605978,
608241,
610598,
613081,
615395,
617929,
620595,
623055,
625549,
627986,
630397,
633014,
635615,
638150,
640723,
643172,
645773,
648458,
651279,
653821,
656586,
659378,
662037,
664709,
667452,
670206,
672924,
675680,
678754,
681577,
684697,
687529,
690429,
693527,
696547,
699547,
702463,
705646,
708894,
711826,
714868,
717985,
721094,
724299,
727408,
730820,
734159,
737189,
740175,
743363,
746530,
749903,
753385,
756697,
760230,
763736,
767158,
770747,
774351,
777934,
781439,
785018,
788452,
792013,
795639,
799109,
802695,
806390,
809985,
813734,
817396,
821160,
824977,
828596,
832443,
836284,
840030,
843725,
847494,
851460,
855442,
859568,
863575,
867599,
871926,
875819,
879901,
884092,
888289,
892587,
896834,
901031,
905488,
909600,
913730,
918010,
922403,
926705,
931305,
935572,
939914,
944367,
948526,
953092,
957536,
961970,
966536,
971175,
975905,
980707,
985563,
990194,
994962,
999841,
1.00493e+06,
1.01001e+06,
1.01488e+06,
1.01995e+06,
1.02493e+06,
1.03013e+06,
1.03508e+06,
1.04015e+06,
1.04526e+06,
1.05009e+06,
1.05537e+06,
1.06056e+06,
1.06563e+06,
1.07104e+06,
1.07623e+06,
1.08142e+06,
1.08661e+06,
1.09194e+06,
1.0974e+06,
1.10284e+06,
1.10832e+06,
1.11374e+06,
1.11913e+06,
1.1247e+06,
1.13046e+06,
1.13615e+06,
1.1417e+06,
1.14739e+06,
1.15323e+06,
1.15887e+06,
1.1648e+06,
1.17069e+06,
1.17634e+06,
1.18218e+06,
1.18805e+06,
1.19383e+06,
1.1995e+06,
1.20525e+06,
1.21128e+06,
1.21721e+06,
1.22319e+06,
1.22919e+06,
1.23484e+06,
1.24046e+06,
1.24631e+06,
1.25239e+06,
1.25875e+06,
1.26505e+06,
1.27124e+06,
1.2775e+06,
1.28372e+06,
1.28997e+06,
1.29629e+06,
1.30269e+06,
1.30911e+06,
1.31552e+06,
1.32214e+06,
1.32871e+06,
1.33533e+06,
1.34204e+06,
1.34857e+06,
1.35532e+06,
1.3617e+06,
1.3682e+06,
1.37503e+06,
1.38186e+06,
1.38862e+06,
1.39549e+06,
1.4025e+06,
1.40944e+06,
1.4163e+06,
1.42312e+06,
1.43022e+06,
1.43729e+06,
1.44411e+06,
1.45134e+06,
1.45856e+06,
1.46582e+06,
1.47325e+06,
1.48061e+06,
1.4878e+06,
1.49564e+06,
1.50331e+06,
1.51091e+06,
1.51862e+06,
1.5262e+06,
1.53415e+06,
1.54176e+06,
1.54957e+06,
1.55752e+06,
1.56523e+06,
1.57315e+06,
1.58088e+06,
1.58903e+06,
1.59689e+06,
1.60518e+06,
1.61336e+06,
1.62147e+06,
1.62993e+06,
1.6379e+06,
1.64625e+06,
1.65448e+06,
1.66253e+06,
1.67085e+06,
1.67952e+06,
1.68808e+06,
1.69665e+06,
1.70534e+06,
1.71406e+06,
1.72312e+06,
1.73181e+06,
1.74073e+06,
1.74954e+06,
1.75843e+06,
1.76743e+06,
1.77645e+06,
1.78578e+06,
1.7949e+06,
1.80447e+06,
1.81396e+06,
1.82334e+06,
1.83286e+06,
1.84253e+06,
1.8519e+06,
1.86155e+06,
1.87118e+06,
1.8809e+06,
1.89074e+06,
1.90053e+06,
1.91048e+06,
1.92037e+06,
1.9305e+06,
1.94008e+06,
1.95007e+06,
1.96026e+06,
1.97083e+06,
1.98147e+06,
1.99201e+06,
2.00267e+06,
2.01347e+06,
2.02412e+06,
2.03497e+06,
2.04582e+06,
2.05662e+06,
2.06751e+06,
2.07859e+06,
2.08989e+06,
2.10115e+06,
2.1127e+06,
2.12424e+06,
2.13591e+06,
2.14767e+06,
2.15942e+06,
2.17115e+06,
2.183e+06,
2.19512e+06,
2.20725e+06,
2.21939e+06,
2.23229e+06,
2.24473e+06,
2.25762e+06,
2.27034e+06,
2.28279e+06,
2.29592e+06,
2.30926e+06,
2.32226e+06,
2.33604e+06,
2.34995e+06,
2.36375e+06,
2.37751e+06,
2.39159e+06,
2.40569e+06,
2.4201e+06,
2.43427e+06,
2.44865e+06,
2.46369e+06,
2.47879e+06,
2.49415e+06,
2.50927e+06,
2.52442e+06,
2.53977e+06,
2.55544e+06,
2.57125e+06,
2.58741e+06,
2.6036e+06,
2.61992e+06,
2.6365e+06,
2.6537e+06,
2.67107e+06,
2.68831e+06,
2.70583e+06,
2.72392e+06,
2.74208e+06,
2.76036e+06,
2.77881e+06,
2.79794e+06,
2.81743e+06,
2.83726e+06,
2.85726e+06,
2.87737e+06,
2.8982e+06,
2.91902e+06,
2.93983e+06,
2.96138e+06,
2.98292e+06,
3.00536e+06,
3.02775e+06,
3.05074e+06,
3.07366e+06,
3.09686e+06,
3.12004e+06,
3.144e+06,
3.16851e+06,
3.19323e+06,
3.21888e+06,
3.2446e+06,
3.27028e+06,
3.29627e+06,
3.32324e+06,
3.35147e+06,
3.37915e+06,
3.4074e+06,
3.43608e+06,
3.46483e+06,
3.49552e+06,
3.52695e+06,
3.55873e+06,
3.59107e+06,
3.62363e+06,
3.65768e+06,
3.69281e+06,
3.72866e+06,
3.7647e+06,
3.80215e+06,
3.84098e+06,
3.8815e+06,
3.9237e+06,
3.96734e+06,
4.01235e+06,
4.05951e+06,
4.10959e+06,
4.16192e+06,
4.21788e+06,
4.27917e+06,
4.34604e+06,
4.41409e+06,
4.48575e+06,
4.56489e+06,
4.65629e+06,
4.76351e+06,
4.91643e+06,
5.25242e+06,
5.41093e+06,
5.53925e+06,
5.65766e+06,
5.76815e+06,
5.87197e+06,
5.9755e+06,
6.07839e+06,
6.17986e+06,
6.28892e+06,
6.42791e+06,
6.53481e+06,
6.63695e+06,
6.73753e+06,
6.83716e+06,
6.93842e+06,
7.03901e+06,
7.1426e+06,
7.24883e+06,
7.36475e+06,
7.52305e+06,
7.66067e+06,
7.79461e+06,
7.93163e+06,
8.07247e+06,
8.21742e+06,
8.37079e+06,
8.53913e+06,
8.73685e+06,
8.95163e+06,
9.16393e+06,
9.33271e+06,
9.49022e+06,
9.62144e+06,
9.73754e+06,
9.85421e+06,
9.97616e+06,
1.00924e+07,
1.0209e+07,
1.033e+07,
1.0486e+07,
1.06063e+07,
1.07207e+07,
1.08362e+07,
1.09533e+07,
1.10655e+07,
1.11752e+07,
1.12871e+07,
1.14023e+07,
1.15239e+07,
1.16802e+07,
1.18046e+07,
1.19213e+07,
1.20325e+07,
1.2142e+07,
1.22515e+07,
1.23608e+07,
1.24713e+07,
1.25816e+07,
1.27029e+07,
1.2853e+07,
1.29707e+07,
1.30822e+07,
1.31914e+07,
1.32993e+07,
1.34085e+07,
1.35179e+07,
1.36309e+07,
1.3744e+07,
1.38606e+07,
1.40097e+07,
1.4131e+07,
1.42434e+07,
1.43535e+07,
1.44631e+07,
1.45765e+07,
1.46874e+07,
1.47939e+07,
1.49036e+07,
1.50209e+07,
1.51716e+07,
1.52987e+07,
1.54147e+07,
1.55338e+07,
1.56512e+07,
1.57617e+07,
1.58727e+07,
1.59859e+07,
1.61024e+07,
1.6232e+07,
1.64169e+07,
1.65734e+07,
1.67119e+07,
1.68336e+07,
1.69514e+07,
1.7069e+07,
1.71864e+07,
1.73052e+07,
1.74285e+07,
1.75625e+07,
1.77402e+07,
1.78936e+07,
1.8023e+07,
1.8144e+07,
1.82636e+07,
1.83824e+07,
1.8502e+07,
1.8625e+07,
1.87534e+07,
1.88993e+07,
1.90837e+07,
1.9232e+07,
1.93668e+07,
1.94981e+07,
1.96223e+07,
1.97473e+07,
1.98735e+07,
2.00048e+07,
2.01459e+07,
2.0286e+07,
2.04584e+07,
2.06104e+07,
2.07491e+07,
2.08833e+07,
2.1016e+07,
2.11439e+07,
2.12766e+07,
2.14118e+07,
2.15418e+07,
2.16762e+07,
2.18507e+07,
2.20055e+07,
2.21474e+07,
2.2286e+07,
2.2422e+07,
2.25622e+07,
2.26988e+07,
2.28283e+07,
2.29561e+07,
2.30851e+07,
2.32367e+07,
2.33788e+07,
2.35147e+07,
2.36486e+07,
2.37852e+07,
2.39219e+07,
2.40554e+07,
2.41913e+07,
2.43272e+07,
2.44812e+07,
2.47087e+07,
2.48968e+07,
2.50712e+07,
2.52383e+07,
2.5408e+07,
2.55644e+07,
2.57177e+07,
2.58756e+07,
2.60379e+07,
2.62124e+07,
2.64469e+07,
2.66497e+07,
2.68342e+07,
2.70161e+07,
2.71782e+07,
2.73333e+07,
2.74836e+07,
2.76339e+07,
2.77839e+07,
2.7946e+07,
2.81621e+07,
2.83544e+07,
2.85389e+07,
2.87069e+07,
2.88631e+07,
2.90118e+07,
2.91559e+07,
2.92953e+07,
2.94361e+07,
2.95898e+07,
2.97919e+07,
2.99752e+07,
3.01444e+07,
3.02979e+07,
3.04447e+07,
3.05869e+07,
3.07254e+07,
3.08582e+07,
3.09923e+07,
3.11376e+07,
3.13279e+07,
3.15069e+07,
3.16605e+07,
3.18041e+07,
3.19407e+07,
3.20756e+07,
3.22079e+07,
3.23365e+07,
3.24659e+07,
478966,
478856,
478769,
478694,
478651,
478572,
478521,
478489,
478451,
478426,
478328,
478313,
478342,
478341,
478283,
478281,
478321,
478359,
478283,
478237,
478203,
478238,
478199,
478205,
478133,
478076,
478086,
477873,
477857,
477817,
477710,
477723,
477685,
477533,
477411,
477412,
477379,
477374,
477351,
477281,
477281,
477272,
477261,
477192,
477166,
477053,
476972,
476914,
476835,
476777,
476810,
476761,
476736,
476667,
476615,
476561,
476523,
476330,
476162,
476032,
475987,
475897,
475757,
475658,
475432,
475307,
475187,
475081,
475052,
475143,
475198,
475283,
475394,
475524,
475602,
475655,
475729,
475838,
475958,
476162,
476286,
476382,
476486,
476603,
476676,
476782,
476949,
477105,
477282,
477490,
477642,
477871,
477964,
478089,
478174,
478276,
478415,
478483,
478591,
478736,
478946,
479104,
479279,
479409,
479544,
479647,
479789,
479971,
480100,
480312,
480463,
480606,
480774,
480843,
480983,
481097,
481260,
481334,
481406,
481597,
481753,
481875,
481956,
482114,
482297,
482474,
482619,
482797,
482973,
483246,
483445,
483605,
483809,
484011,
484255,
484594,
484972,
485196,
485384,
485685,
486013,
486367,
486521,
486859,
487153,
487500,
487762,
488161,
488562,
488889,
489237,
489464,
489775,
490159,
490596,
491078,
491495,
492004,
492432,
492914,
493312,
493718,
494196,
494679,
495144,
495647,
496151,
496679,
497213,
497763,
498276,
498885,
499402,
499936,
500514,
501137,
501762,
502463,
503031,
503608,
504150,
504677,
505231,
505830,
506411,
507149,
507968,
509693,
511337,
513103,
514770,
516304,
517928,
519619,
521585,
523365,
525060,
526703,
528306,
530114,
531927,
533707,
535784,
537538,
539375,
541178,
543082,
544887,
546798,
548709,
550620,
552620,
554611,
556744,
558725,
560826,
563006,
565180,
567165,
569237,
571426,
573788,
575875,
578059,
580306,
582356,
584674,
586904,
589112,
591399,
593740,
596008,
598243,
600539,
603026,
605233,
607314,
609699,
612221,
614529,
617031,
619548,
622248,
624964,
627459,
630048,
632576,
635019,
637815,
640432,
643166,
645770,
648367,
650948,
653576,
656325,
658914,
661733,
664623,
667196,
669839,
672603,
675451,
678186,
680954,
684075,
686912,
689878,
692934,
695923,
698877,
701941,
704975,
707946,
711088,
714274,
717555,
720681,
723831,
727132,
730253,
733383,
736619,
739676,
743055,
746333,
749729,
752919,
756301,
759606,
763016,
766457,
769923,
773505,
777016,
780426,
783953,
787456,
790990,
794799,
798258,
802135,
805760,
809495,
813317,
817187,
821036,
824670,
828510,
832250,
836175,
839845,
843686,
847320,
851228,
855219,
859133,
863231,
867252,
871348,
875372,
879470,
883737,
887944,
892064,
896287,
900776,
905097,
909341,
913766,
918133,
922545,
927211,
931605,
936028,
940523,
944981,
949490,
954070,
958571,
963279,
967929,
972607,
977121,
981475,
985886,
990293,
995184,
1.00002e+06,
1.00503e+06,
1.00987e+06,
1.01481e+06,
1.01987e+06,
1.02513e+06,
1.0301e+06,
1.03528e+06,
1.04039e+06,
1.04541e+06,
1.0504e+06,
1.0555e+06,
1.06077e+06,
1.06623e+06,
1.07126e+06,
1.07656e+06,
1.08176e+06,
1.08704e+06,
1.09235e+06,
1.09768e+06,
1.10315e+06,
1.10875e+06,
1.11425e+06,
1.11964e+06,
1.12515e+06,
1.13065e+06,
1.13599e+06,
1.14169e+06,
1.14741e+06,
1.15321e+06,
1.15885e+06,
1.16471e+06,
1.17054e+06,
1.17656e+06,
1.1822e+06,
1.18798e+06,
1.19382e+06,
1.19966e+06,
1.20545e+06,
1.21134e+06,
1.21717e+06,
1.22329e+06,
1.22939e+06,
1.23519e+06,
1.24125e+06,
1.24717e+06,
1.25328e+06,
1.25952e+06,
1.26576e+06,
1.2719e+06,
1.27811e+06,
1.28424e+06,
1.2907e+06,
1.29698e+06,
1.30308e+06,
1.30925e+06,
1.31573e+06,
1.32213e+06,
1.32875e+06,
1.33547e+06,
1.34231e+06,
1.34898e+06,
1.35565e+06,
1.36218e+06,
1.36879e+06,
1.37569e+06,
1.3822e+06,
1.38911e+06,
1.39612e+06,
1.40303e+06,
1.40998e+06,
1.41687e+06,
1.42417e+06,
1.43127e+06,
1.43798e+06,
1.44496e+06,
1.45197e+06,
1.45918e+06,
1.46633e+06,
1.47349e+06,
1.48059e+06,
1.48809e+06,
1.49552e+06,
1.50292e+06,
1.51048e+06,
1.5181e+06,
1.52574e+06,
1.53355e+06,
1.54128e+06,
1.5489e+06,
1.5567e+06,
1.56466e+06,
1.57244e+06,
1.58033e+06,
1.58818e+06,
1.59616e+06,
1.60437e+06,
1.61242e+06,
1.62063e+06,
1.62908e+06,
1.63706e+06,
1.64516e+06,
1.65355e+06,
1.66189e+06,
1.67025e+06,
1.67865e+06,
1.68705e+06,
1.69563e+06,
1.70442e+06,
1.71327e+06,
1.72201e+06,
1.73076e+06,
1.73956e+06,
1.74843e+06,
1.7574e+06,
1.76649e+06,
1.77575e+06,
1.78459e+06,
1.79354e+06,
1.80262e+06,
1.8124e+06,
1.82191e+06,
1.83139e+06,
1.84101e+06,
1.85032e+06,
1.85994e+06,
1.86932e+06,
1.87903e+06,
1.88892e+06,
1.89877e+06,
1.90916e+06,
1.9193e+06,
1.92949e+06,
1.9395e+06,
1.9495e+06,
1.95937e+06,
1.96954e+06,
1.97964e+06,
1.99002e+06,
2.00038e+06,
2.01115e+06,
2.02154e+06,
2.03243e+06,
2.04306e+06,
2.05386e+06,
2.06482e+06,
2.07583e+06,
2.08707e+06,
2.09806e+06,
2.1096e+06,
2.12091e+06,
2.13269e+06,
2.1441e+06,
2.15566e+06,
2.16713e+06,
2.17883e+06,
2.19048e+06,
2.20246e+06,
2.21466e+06,
2.227e+06,
2.23928e+06,
2.25161e+06,
2.26438e+06,
2.27708e+06,
2.28976e+06,
2.30258e+06,
2.31556e+06,
2.32874e+06,
2.34183e+06,
2.35517e+06,
2.36924e+06,
2.38302e+06,
2.39667e+06,
2.41084e+06,
2.42479e+06,
2.43883e+06,
2.45331e+06,
2.46793e+06,
2.48288e+06,
2.49782e+06,
2.51288e+06,
2.52819e+06,
2.54356e+06,
2.55898e+06,
2.57465e+06,
2.59019e+06,
2.60651e+06,
2.62301e+06,
2.63918e+06,
2.65578e+06,
2.6724e+06,
2.68944e+06,
2.70676e+06,
2.72457e+06,
2.74275e+06,
2.76046e+06,
2.77889e+06,
2.79808e+06,
2.81734e+06,
2.8366e+06,
2.85664e+06,
2.87694e+06,
2.89761e+06,
2.91797e+06,
2.93889e+06,
2.95942e+06,
2.98126e+06,
3.00335e+06,
3.02585e+06,
3.04834e+06,
3.07114e+06,
3.09429e+06,
3.11759e+06,
3.14147e+06,
3.16567e+06,
3.19031e+06,
3.21505e+06,
3.24019e+06,
3.2659e+06,
3.29177e+06,
3.31914e+06,
3.34664e+06,
3.37422e+06,
3.40213e+06,
3.43039e+06,
3.45945e+06,
3.49041e+06,
3.52174e+06,
3.55308e+06,
3.5851e+06,
3.61801e+06,
3.65215e+06,
3.68736e+06,
3.72301e+06,
3.75905e+06,
3.79647e+06,
3.83528e+06,
3.87589e+06,
3.91709e+06,
3.96005e+06,
4.00521e+06,
4.05282e+06,
4.10243e+06,
4.15554e+06,
4.21402e+06,
4.27443e+06,
4.33673e+06,
4.40234e+06,
4.47336e+06,
4.55335e+06,
4.64383e+06,
4.75166e+06,
4.93412e+06,
5.20795e+06,
5.35152e+06,
5.47708e+06,
5.59295e+06,
5.70025e+06,
5.80468e+06,
5.90729e+06,
6.00806e+06,
6.10943e+06,
6.22272e+06,
6.34991e+06,
6.45402e+06,
6.55643e+06,
6.6554e+06,
6.7555e+06,
6.85517e+06,
6.95677e+06,
7.06096e+06,
7.16714e+06,
7.28974e+06,
7.42914e+06,
7.56276e+06,
7.69837e+06,
7.83696e+06,
7.98054e+06,
8.13171e+06,
8.29558e+06,
8.48665e+06,
8.70538e+06,
8.89375e+06,
9.0637e+06,
9.18401e+06,
9.3005e+06,
9.41409e+06,
9.53022e+06,
9.65186e+06,
9.76851e+06,
9.88248e+06,
9.99614e+06,
1.01153e+07,
1.02506e+07,
1.03654e+07,
1.04807e+07,
1.06013e+07,
1.07138e+07,
1.08232e+07,
1.09302e+07,
1.10345e+07,
1.11433e+07,
1.12679e+07,
1.14108e+07,
1.15332e+07,
1.16459e+07,
1.17543e+07,
1.18623e+07,
1.19655e+07,
1.207e+07,
1.21768e+07,
1.2289e+07,
1.24168e+07,
1.25508e+07,
1.26625e+07,
1.27721e+07,
1.28771e+07,
1.29791e+07,
1.30842e+07,
1.31918e+07,
1.33046e+07,
1.34161e+07,
1.35403e+07,
1.36757e+07,
1.37877e+07,
1.38931e+07,
1.39968e+07,
1.41023e+07,
1.42121e+07,
1.43199e+07,
1.44281e+07,
1.45388e+07,
1.46629e+07,
1.48007e+07,
1.4912e+07,
1.50215e+07,
1.51369e+07,
1.52499e+07,
1.5361e+07,
1.54722e+07,
1.55856e+07,
1.57058e+07,
1.58489e+07,
1.60133e+07,
1.6143e+07,
1.62707e+07,
1.63905e+07,
1.65063e+07,
1.66213e+07,
1.67377e+07,
1.68563e+07,
1.69778e+07,
1.71178e+07,
1.72882e+07,
1.74182e+07,
1.75371e+07,
1.76556e+07,
1.77712e+07,
1.78884e+07,
1.80067e+07,
1.81239e+07,
1.82465e+07,
1.83959e+07,
1.85714e+07,
1.87013e+07,
1.88268e+07,
1.89482e+07,
1.9069e+07,
1.91916e+07,
1.93131e+07,
1.94404e+07,
1.95735e+07,
1.97179e+07,
1.98975e+07,
2.0032e+07,
2.01582e+07,
2.02818e+07,
2.04045e+07,
2.05271e+07,
2.06551e+07,
2.07798e+07,
2.09028e+07,
2.10439e+07,
2.12251e+07,
2.13651e+07,
2.14945e+07,
2.162e+07,
2.17456e+07,
2.18765e+07,
2.20013e+07,
2.21218e+07,
2.22421e+07,
2.2371e+07,
2.25218e+07,
2.26513e+07,
2.27792e+07,
2.29042e+07,
2.3029e+07,
2.3153e+07,
2.32746e+07,
2.33997e+07,
2.35297e+07,
2.36894e+07,
2.39167e+07,
2.4075e+07,
2.42271e+07,
2.43837e+07,
2.45373e+07,
2.46774e+07,
2.4816e+07,
2.49528e+07,
2.50943e+07,
2.52604e+07,
2.54886e+07,
2.56597e+07,
2.58273e+07,
2.59982e+07,
2.61518e+07,
2.62948e+07,
2.64347e+07,
2.65786e+07,
2.6724e+07,
2.68914e+07,
2.71224e+07,
2.7304e+07,
2.74907e+07,
2.766e+07,
2.78201e+07,
2.79744e+07,
2.81206e+07,
2.82611e+07,
2.84031e+07,
2.85627e+07,
2.87771e+07,
2.89524e+07,
2.91193e+07,
2.92661e+07,
2.94061e+07,
2.95437e+07,
2.968e+07,
2.98158e+07,
2.99508e+07,
3.00991e+07,
3.02992e+07,
3.04672e+07,
3.06158e+07,
3.07528e+07,
3.08851e+07,
3.10144e+07,
3.11426e+07,
3.12704e+07,
3.13996e+07,
478966,
478860,
478790,
478735,
478708,
478653,
478590,
478584,
478543,
478552,
478481,
478483,
478498,
478500,
478448,
478454,
478580,
478614,
478545,
478508,
478567,
478541,
478472,
478455,
478438,
478394,
478340,
478234,
478271,
478212,
478105,
478043,
478043,
477976,
477943,
477813,
477785,
477797,
477756,
477711,
477697,
477763,
477789,
477721,
477675,
477642,
477543,
477576,
477581,
477468,
477504,
477471,
477446,
477400,
477355,
477416,
477329,
477187,
477096,
476984,
476923,
476862,
476720,
476617,
476482,
476319,
476097,
476064,
476058,
475979,
476084,
476181,
476332,
476419,
476555,
476663,
476859,
476899,
477039,
477119,
477230,
477336,
477459,
477626,
477751,
477863,
478098,
478232,
478372,
478510,
478667,
478806,
478896,
479091,
479256,
479391,
479450,
479610,
479825,
479977,
480248,
480424,
480540,
480643,
480789,
480974,
481167,
481264,
481457,
481626,
481764,
481897,
481995,
482148,
482286,
482441,
482574,
482776,
482968,
483114,
483287,
483509,
483607,
483771,
483933,
484103,
484296,
484493,
484764,
484906,
485157,
485360,
485620,
485903,
486284,
486518,
486838,
487170,
487616,
487869,
488166,
488428,
488734,
489033,
489444,
489774,
490151,
490620,
491018,
491440,
491794,
492160,
492520,
492861,
493273,
493713,
494178,
494792,
495260,
495782,
496289,
496827,
497326,
497793,
498380,
498884,
499489,
500035,
500560,
501169,
501862,
502392,
502953,
503497,
504078,
504635,
505149,
505841,
506528,
507175,
507780,
508464,
509145,
509808,
510545,
511228,
511976,
512544,
513218,
514326,
516029,
517686,
519427,
521205,
522970,
524589,
526391,
528285,
530199,
531948,
533642,
535407,
537235,
539161,
541204,
543085,
544845,
546830,
548754,
550742,
552541,
554567,
556383,
558272,
560223,
562311,
564538,
566618,
568753,
570974,
573104,
575387,
577619,
579882,
582121,
584339,
586519,
588880,
591151,
593252,
595413,
597612,
599745,
602021,
604432,
606895,
609277,
611602,
613877,
616293,
618728,
621273,
623892,
626394,
628988,
631578,
634213,
636836,
639487,
642237,
644947,
647571,
650276,
653162,
655948,
658676,
661418,
664125,
666854,
669581,
672382,
675136,
677896,
680627,
683438,
686410,
689215,
691977,
695013,
698032,
701058,
704192,
707209,
710500,
713554,
716709,
719800,
723133,
726203,
729483,
732729,
736047,
739329,
742639,
745785,
749013,
752124,
755423,
758894,
762301,
765700,
769003,
772406,
775894,
779551,
783111,
786604,
790265,
793909,
797219,
800893,
804662,
808261,
811935,
815658,
819701,
823603,
827362,
831417,
835275,
839038,
842910,
846627,
850585,
854698,
858728,
862931,
867083,
871042,
874979,
879159,
883184,
887169,
891309,
895709,
899997,
904339,
908613,
913021,
917353,
921803,
926412,
930953,
935381,
939955,
944214,
948854,
953413,
958067,
962757,
967262,
972093,
976745,
981588,
986228,
990910,
995701,
1.00053e+06,
1.00535e+06,
1.01002e+06,
1.01487e+06,
1.01985e+06,
1.02465e+06,
1.02928e+06,
1.03444e+06,
1.03957e+06,
1.04468e+06,
1.04991e+06,
1.05496e+06,
1.06022e+06,
1.06552e+06,
1.0708e+06,
1.07604e+06,
1.08122e+06,
1.08658e+06,
1.09166e+06,
1.09697e+06,
1.10233e+06,
1.10795e+06,
1.11354e+06,
1.11902e+06,
1.12458e+06,
1.12992e+06,
1.13561e+06,
1.14128e+06,
1.14701e+06,
1.15273e+06,
1.15847e+06,
1.16402e+06,
1.16977e+06,
1.17563e+06,
1.18147e+06,
1.18722e+06,
1.19346e+06,
1.19919e+06,
1.20517e+06,
1.2111e+06,
1.21694e+06,
1.22306e+06,
1.22901e+06,
1.23516e+06,
1.24127e+06,
1.24737e+06,
1.25329e+06,
1.2592e+06,
1.26563e+06,
1.27186e+06,
1.27814e+06,
1.28444e+06,
1.29052e+06,
1.297e+06,
1.30322e+06,
1.30949e+06,
1.31569e+06,
1.32208e+06,
1.32852e+06,
1.33525e+06,
1.34179e+06,
1.34825e+06,
1.35503e+06,
1.36182e+06,
1.36851e+06,
1.37541e+06,
1.38236e+06,
1.38905e+06,
1.39591e+06,
1.40277e+06,
1.40993e+06,
1.41691e+06,
1.4239e+06,
1.43119e+06,
1.43831e+06,
1.44537e+06,
1.45233e+06,
1.45956e+06,
1.46673e+06,
1.4738e+06,
1.48096e+06,
1.48822e+06,
1.49548e+06,
1.50284e+06,
1.51021e+06,
1.51745e+06,
1.52486e+06,
1.53231e+06,
1.53994e+06,
1.54772e+06,
1.55555e+06,
1.56343e+06,
1.57122e+06,
1.57899e+06,
1.58713e+06,
1.59496e+06,
1.60322e+06,
1.61145e+06,
1.61961e+06,
1.62776e+06,
1.63602e+06,
1.64427e+06,
1.65232e+06,
1.66062e+06,
1.669e+06,
1.67757e+06,
1.68599e+06,
1.6945e+06,
1.70289e+06,
1.7114e+06,
1.72035e+06,
1.72936e+06,
1.73811e+06,
1.74688e+06,
1.75595e+06,
1.76451e+06,
1.77333e+06,
1.78229e+06,
1.79151e+06,
1.80076e+06,
1.81005e+06,
1.81951e+06,
1.82944e+06,
1.83883e+06,
1.84844e+06,
1.85822e+06,
1.86765e+06,
1.87717e+06,
1.88698e+06,
1.89672e+06,
1.90689e+06,
1.91673e+06,
1.92697e+06,
1.93686e+06,
1.94686e+06,
1.95689e+06,
1.96689e+06,
1.97696e+06,
1.98721e+06,
1.99745e+06,
2.00778e+06,
2.01822e+06,
2.02876e+06,
2.03937e+06,
2.05e+06,
2.06049e+06,
2.07128e+06,
2.08227e+06,
2.09347e+06,
2.10484e+06,
2.11595e+06,
2.12745e+06,
2.13922e+06,
2.15067e+06,
2.16234e+06,
2.17392e+06,
2.18581e+06,
2.1974e+06,
2.20927e+06,
2.22146e+06,
2.23345e+06,
2.24583e+06,
2.25822e+06,
2.27088e+06,
2.2836e+06,
2.29605e+06,
2.30871e+06,
2.32158e+06,
2.33481e+06,
2.348e+06,
2.361e+06,
2.37441e+06,
2.3879e+06,
2.4016e+06,
2.41523e+06,
2.42907e+06,
2.44307e+06,
2.4572e+06,
2.47168e+06,
2.48649e+06,
2.50138e+06,
2.5163e+06,
2.53125e+06,
2.54632e+06,
2.56168e+06,
2.57714e+06,
2.59252e+06,
2.60834e+06,
2.62473e+06,
2.64114e+06,
2.65749e+06,
2.67426e+06,
2.69139e+06,
2.70869e+06,
2.7263e+06,
2.74417e+06,
2.76185e+06,
2.77977e+06,
2.79799e+06,
2.81675e+06,
2.83559e+06,
2.85552e+06,
2.87547e+06,
2.8954e+06,
2.91563e+06,
2.93607e+06,
2.95711e+06,
2.97823e+06,
2.99996e+06,
3.02204e+06,
3.04452e+06,
3.06717e+06,
3.08996e+06,
3.11335e+06,
3.13684e+06,
3.16056e+06,
3.18479e+06,
3.20944e+06,
3.23446e+06,
3.25998e+06,
3.2859e+06,
3.31256e+06,
3.3396e+06,
3.36687e+06,
3.3942e+06,
3.42196e+06,
3.4515e+06,
3.48181e+06,
3.51285e+06,
3.54328e+06,
3.57459e+06,
3.60701e+06,
3.64119e+06,
3.67638e+06,
3.71184e+06,
3.74723e+06,
3.78401e+06,
3.82248e+06,
3.86213e+06,
3.90237e+06,
3.94426e+06,
3.98891e+06,
4.03586e+06,
4.0848e+06,
4.13827e+06,
4.19206e+06,
4.24844e+06,
4.30821e+06,
4.37016e+06,
4.43813e+06,
4.51338e+06,
4.59757e+06,
4.69475e+06,
4.85683e+06,
5.11131e+06,
5.25624e+06,
5.38241e+06,
5.49846e+06,
5.6063e+06,
5.70946e+06,
5.81152e+06,
5.91141e+06,
6.01135e+06,
6.12128e+06,
6.24457e+06,
6.34963e+06,
6.45161e+06,
6.55167e+06,
6.65092e+06,
6.75031e+06,
6.85084e+06,
6.95377e+06,
7.05955e+06,
7.17824e+06,
7.31433e+06,
7.43762e+06,
7.57658e+06,
7.71886e+06,
7.86758e+06,
8.02924e+06,
8.2188e+06,
8.44115e+06,
8.57438e+06,
8.70326e+06,
8.84414e+06,
8.96375e+06,
9.07952e+06,
9.19429e+06,
9.31454e+06,
9.43262e+06,
9.53907e+06,
9.64391e+06,
9.75108e+06,
9.86642e+06,
9.99794e+06,
1.01145e+07,
1.0237e+07,
1.03515e+07,
1.04561e+07,
1.05573e+07,
1.06576e+07,
1.07602e+07,
1.08655e+07,
1.09864e+07,
1.11315e+07,
1.12494e+07,
1.1357e+07,
1.14589e+07,
1.15587e+07,
1.166e+07,
1.17647e+07,
1.18717e+07,
1.19885e+07,
1.21069e+07,
1.2234e+07,
1.23386e+07,
1.24413e+07,
1.25434e+07,
1.26462e+07,
1.27516e+07,
1.28645e+07,
1.29739e+07,
1.30817e+07,
1.31925e+07,
1.33162e+07,
1.34237e+07,
1.35274e+07,
1.36322e+07,
1.37417e+07,
1.38502e+07,
1.39547e+07,
1.40593e+07,
1.41616e+07,
1.42749e+07,
1.44048e+07,
1.45175e+07,
1.46287e+07,
1.47436e+07,
1.48538e+07,
1.49632e+07,
1.50712e+07,
1.51782e+07,
1.52908e+07,
1.54189e+07,
1.5574e+07,
1.5706e+07,
1.58295e+07,
1.59483e+07,
1.6065e+07,
1.61771e+07,
1.62876e+07,
1.64002e+07,
1.65191e+07,
1.66528e+07,
1.68123e+07,
1.69399e+07,
1.70581e+07,
1.71757e+07,
1.72863e+07,
1.73936e+07,
1.75033e+07,
1.76167e+07,
1.77424e+07,
1.78815e+07,
1.80392e+07,
1.81688e+07,
1.82929e+07,
1.84096e+07,
1.85234e+07,
1.8639e+07,
1.87586e+07,
1.88912e+07,
1.9024e+07,
1.91641e+07,
1.93189e+07,
1.9449e+07,
1.95701e+07,
1.96848e+07,
1.98007e+07,
1.99182e+07,
2.00474e+07,
2.01719e+07,
2.02979e+07,
2.04402e+07,
2.05973e+07,
2.07255e+07,
2.08452e+07,
2.09644e+07,
2.10841e+07,
2.12131e+07,
2.13356e+07,
2.14554e+07,
2.1575e+07,
2.17053e+07,
2.18413e+07,
2.19576e+07,
2.20738e+07,
2.21901e+07,
2.23123e+07,
2.24324e+07,
2.25512e+07,
2.26735e+07,
2.28058e+07,
2.29696e+07,
2.31595e+07,
2.33057e+07,
2.34491e+07,
2.3604e+07,
2.37513e+07,
2.38863e+07,
2.40188e+07,
2.41522e+07,
2.42836e+07,
2.44534e+07,
2.46552e+07,
2.4811e+07,
2.49647e+07,
2.51237e+07,
2.52648e+07,
2.54029e+07,
2.55371e+07,
2.56706e+07,
2.58068e+07,
2.59722e+07,
2.61703e+07,
2.63336e+07,
2.64971e+07,
2.66412e+07,
2.67778e+07,
2.69116e+07,
2.70451e+07,
2.71784e+07,
2.73132e+07,
2.74711e+07,
2.76637e+07,
2.78262e+07,
2.79862e+07,
2.81295e+07,
2.82662e+07,
2.84013e+07,
2.85354e+07,
2.86704e+07,
2.88111e+07,
2.8976e+07,
2.91779e+07,
2.93515e+07,
2.95039e+07,
2.96444e+07,
2.97781e+07,
2.99088e+07,
3.00378e+07,
3.01649e+07,
3.02921e+07,
478966,
478863,
478809,
478778,
478744,
478751,
478669,
478670,
478669,
478634,
478622,
478632,
478649,
478665,
478644,
478700,
478760,
478827,
478815,
478767,
478804,
478791,
478806,
478725,
478744,
478687,
478636,
478616,
478645,
478621,
478555,
478480,
478464,
478393,
478355,
478315,
478259,
478208,
478252,
478170,
478194,
478333,
478339,
478318,
478321,
478266,
478264,
478272,
478260,
478149,
478211,
478136,
478104,
478051,
478058,
478048,
478071,
478084,
478063,
477979,
477886,
477804,
477767,
477690,
477564,
477445,
477260,
477058,
476975,
477000,
477044,
477154,
477280,
477388,
477511,
477631,
477675,
477806,
477959,
478024,
478133,
478257,
478403,
478541,
478736,
478956,
479125,
479317,
479442,
479607,
479817,
479943,
480086,
480212,
480325,
480412,
480684,
480934,
481077,
481308,
481553,
481658,
481775,
481850,
482087,
482148,
482256,
482403,
482584,
482840,
483084,
483315,
483486,
483667,
483864,
483995,
484181,
484271,
484452,
484652,
484885,
485034,
485188,
485374,
485581,
485796,
485965,
486232,
486372,
486762,
487084,
487355,
487666,
487928,
488212,
488546,
488927,
489208,
489555,
489942,
490254,
490618,
490990,
491258,
491649,
492093,
492572,
493020,
493463,
493793,
494289,
494848,
495262,
495617,
496052,
496518,
497082,
497663,
498069,
498616,
499225,
499846,
500399,
500950,
501569,
502110,
502658,
503261,
503913,
504586,
505179,
505832,
506429,
506997,
507645,
508184,
508853,
509572,
510256,
510950,
511699,
512449,
513105,
513772,
514530,
515180,
515954,
516718,
517479,
518332,
519070,
519717,
520854,
522637,
524340,
526093,
527854,
529579,
531352,
533288,
535212,
537093,
538920,
540897,
542833,
544738,
546769,
548644,
550546,
552434,
554299,
556287,
558262,
560278,
562338,
564112,
566216,
568163,
570272,
572480,
574675,
576904,
579007,
581250,
583260,
585645,
587945,
590188,
592405,
594810,
597112,
599276,
601495,
603877,
606176,
608594,
610930,
613216,
615731,
618169,
620629,
623099,
625444,
627934,
630340,
633017,
635653,
638332,
640776,
643538,
646296,
648981,
651736,
654663,
657490,
660240,
663014,
665857,
668822,
671772,
674613,
677460,
680064,
682764,
685708,
688646,
691670,
694658,
697560,
700615,
703461,
706416,
709565,
712717,
715914,
718889,
722003,
725079,
728147,
731285,
734521,
737983,
741231,
744618,
748160,
751450,
754867,
758302,
761757,
765079,
768472,
771752,
775063,
778575,
781934,
785484,
789208,
792709,
796203,
799862,
803687,
807202,
810920,
814761,
818497,
822361,
826153,
829947,
833710,
837724,
841592,
845452,
849266,
853294,
857562,
861622,
865715,
869771,
873850,
877851,
881960,
886076,
890379,
894435,
898615,
902944,
907157,
911504,
915923,
920492,
924886,
929346,
933907,
938437,
942903,
947552,
952084,
956798,
961494,
965918,
970733,
975432,
980136,
984612,
989481,
994335,
998940,
1.00381e+06,
1.00881e+06,
1.0137e+06,
1.0186e+06,
1.02357e+06,
1.02831e+06,
1.03328e+06,
1.03821e+06,
1.04339e+06,
1.04838e+06,
1.05354e+06,
1.05895e+06,
1.06422e+06,
1.06936e+06,
1.0747e+06,
1.08003e+06,
1.08542e+06,
1.09064e+06,
1.09607e+06,
1.10167e+06,
1.10721e+06,
1.11253e+06,
1.118e+06,
1.12349e+06,
1.12886e+06,
1.13469e+06,
1.14036e+06,
1.14622e+06,
1.15187e+06,
1.15757e+06,
1.16342e+06,
1.16899e+06,
1.17496e+06,
1.18085e+06,
1.18655e+06,
1.19234e+06,
1.19787e+06,
1.20377e+06,
1.20987e+06,
1.21603e+06,
1.22207e+06,
1.22811e+06,
1.23441e+06,
1.24043e+06,
1.24641e+06,
1.25269e+06,
1.25874e+06,
1.26517e+06,
1.2713e+06,
1.27805e+06,
1.28423e+06,
1.29057e+06,
1.29701e+06,
1.30337e+06,
1.30952e+06,
1.31578e+06,
1.32208e+06,
1.32839e+06,
1.33498e+06,
1.34168e+06,
1.34833e+06,
1.35498e+06,
1.36171e+06,
1.36843e+06,
1.37506e+06,
1.38163e+06,
1.38838e+06,
1.39524e+06,
1.40224e+06,
1.40937e+06,
1.4161e+06,
1.4231e+06,
1.43011e+06,
1.43717e+06,
1.44442e+06,
1.45142e+06,
1.45891e+06,
1.46619e+06,
1.47339e+06,
1.48082e+06,
1.48824e+06,
1.49546e+06,
1.5029e+06,
1.51019e+06,
1.51758e+06,
1.52491e+06,
1.53239e+06,
1.53995e+06,
1.54757e+06,
1.55502e+06,
1.56286e+06,
1.57063e+06,
1.57829e+06,
1.58595e+06,
1.59367e+06,
1.60169e+06,
1.60971e+06,
1.6178e+06,
1.62609e+06,
1.63453e+06,
1.64297e+06,
1.65126e+06,
1.65968e+06,
1.66825e+06,
1.67658e+06,
1.68487e+06,
1.69326e+06,
1.70201e+06,
1.71052e+06,
1.71898e+06,
1.72761e+06,
1.73648e+06,
1.74532e+06,
1.75411e+06,
1.76295e+06,
1.77164e+06,
1.78058e+06,
1.78949e+06,
1.79861e+06,
1.80787e+06,
1.81719e+06,
1.82666e+06,
1.83627e+06,
1.84567e+06,
1.85519e+06,
1.86476e+06,
1.87431e+06,
1.88373e+06,
1.89362e+06,
1.90317e+06,
1.91291e+06,
1.92281e+06,
1.93265e+06,
1.94264e+06,
1.95299e+06,
1.96305e+06,
1.97323e+06,
1.98323e+06,
1.99341e+06,
2.00384e+06,
2.01427e+06,
2.02465e+06,
2.03518e+06,
2.04622e+06,
2.0568e+06,
2.06742e+06,
2.07778e+06,
2.08868e+06,
2.09913e+06,
2.10998e+06,
2.1212e+06,
2.13238e+06,
2.14419e+06,
2.156e+06,
2.16743e+06,
2.17925e+06,
2.19077e+06,
2.20271e+06,
2.21443e+06,
2.2266e+06,
2.23878e+06,
2.25101e+06,
2.26323e+06,
2.27565e+06,
2.2877e+06,
2.29996e+06,
2.31233e+06,
2.3252e+06,
2.33807e+06,
2.35086e+06,
2.36419e+06,
2.37775e+06,
2.39124e+06,
2.40464e+06,
2.41816e+06,
2.43164e+06,
2.44565e+06,
2.45949e+06,
2.47392e+06,
2.48823e+06,
2.50279e+06,
2.5174e+06,
2.53228e+06,
2.54717e+06,
2.56231e+06,
2.57753e+06,
2.59303e+06,
2.60908e+06,
2.62522e+06,
2.64152e+06,
2.65804e+06,
2.67457e+06,
2.69103e+06,
2.70797e+06,
2.7254e+06,
2.74249e+06,
2.76034e+06,
2.77832e+06,
2.79638e+06,
2.81483e+06,
2.83354e+06,
2.85284e+06,
2.87269e+06,
2.89257e+06,
2.91255e+06,
2.9329e+06,
2.95321e+06,
2.97415e+06,
2.99514e+06,
3.0168e+06,
3.03889e+06,
3.06124e+06,
3.08369e+06,
3.10624e+06,
3.12943e+06,
3.15337e+06,
3.17727e+06,
3.20164e+06,
3.22634e+06,
3.25108e+06,
3.27656e+06,
3.30321e+06,
3.3297e+06,
3.35727e+06,
3.38462e+06,
3.41238e+06,
3.44081e+06,
3.47003e+06,
3.50016e+06,
3.53039e+06,
3.56084e+06,
3.59243e+06,
3.62537e+06,
3.65974e+06,
3.6938e+06,
3.7291e+06,
3.76497e+06,
3.80274e+06,
3.84185e+06,
3.88163e+06,
3.92205e+06,
3.96468e+06,
4.01012e+06,
4.05785e+06,
4.10601e+06,
4.15567e+06,
4.2085e+06,
4.26416e+06,
4.32158e+06,
4.38282e+06,
4.45126e+06,
4.52593e+06,
4.6086e+06,
4.71159e+06,
4.95807e+06,
5.12064e+06,
5.25301e+06,
5.37237e+06,
5.4828e+06,
5.58671e+06,
5.68857e+06,
5.78899e+06,
5.88682e+06,
5.9874e+06,
6.11159e+06,
6.21995e+06,
6.32192e+06,
6.42339e+06,
6.5222e+06,
6.62046e+06,
6.72073e+06,
6.82241e+06,
6.92604e+06,
7.03427e+06,
7.16904e+06,
7.29188e+06,
7.42581e+06,
7.57224e+06,
7.73164e+06,
7.922e+06,
8.10842e+06,
8.23264e+06,
8.34855e+06,
8.4654e+06,
8.60316e+06,
8.72492e+06,
8.84293e+06,
8.96584e+06,
9.07638e+06,
9.17886e+06,
9.28277e+06,
9.38531e+06,
9.49052e+06,
9.59729e+06,
9.72895e+06,
9.85755e+06,
9.96869e+06,
1.00712e+07,
1.01724e+07,
1.02735e+07,
1.03725e+07,
1.04744e+07,
1.05785e+07,
1.06934e+07,
1.08276e+07,
1.09384e+07,
1.1044e+07,
1.11465e+07,
1.12463e+07,
1.13478e+07,
1.14506e+07,
1.15627e+07,
1.16713e+07,
1.1771e+07,
1.18903e+07,
1.19979e+07,
1.21016e+07,
1.22025e+07,
1.23072e+07,
1.24177e+07,
1.25298e+07,
1.26275e+07,
1.2724e+07,
1.28216e+07,
1.29416e+07,
1.30508e+07,
1.31568e+07,
1.32642e+07,
1.33755e+07,
1.34789e+07,
1.35758e+07,
1.36709e+07,
1.37689e+07,
1.38691e+07,
1.39966e+07,
1.41133e+07,
1.42314e+07,
1.43428e+07,
1.44478e+07,
1.45473e+07,
1.46483e+07,
1.47515e+07,
1.48571e+07,
1.49683e+07,
1.51224e+07,
1.52614e+07,
1.53857e+07,
1.54979e+07,
1.5607e+07,
1.57154e+07,
1.5825e+07,
1.59368e+07,
1.60521e+07,
1.61799e+07,
1.63304e+07,
1.64592e+07,
1.65676e+07,
1.66764e+07,
1.67828e+07,
1.68897e+07,
1.69979e+07,
1.71109e+07,
1.72315e+07,
1.73508e+07,
1.75022e+07,
1.76292e+07,
1.77491e+07,
1.7865e+07,
1.79803e+07,
1.80966e+07,
1.82173e+07,
1.83491e+07,
1.84723e+07,
1.85919e+07,
1.87338e+07,
1.88595e+07,
1.8978e+07,
1.90941e+07,
1.92109e+07,
1.93294e+07,
1.94588e+07,
1.95819e+07,
1.97009e+07,
1.98138e+07,
1.99565e+07,
2.00844e+07,
2.02047e+07,
2.03236e+07,
2.04456e+07,
2.0575e+07,
2.0695e+07,
2.08122e+07,
2.09233e+07,
2.10316e+07,
2.11578e+07,
2.12745e+07,
2.13888e+07,
2.15038e+07,
2.16244e+07,
2.17424e+07,
2.18604e+07,
2.19798e+07,
2.21014e+07,
2.22283e+07,
2.24122e+07,
2.25647e+07,
2.27098e+07,
2.28646e+07,
2.30066e+07,
2.31432e+07,
2.32673e+07,
2.33902e+07,
2.35235e+07,
2.36549e+07,
2.3838e+07,
2.39977e+07,
2.4154e+07,
2.43105e+07,
2.44502e+07,
2.4583e+07,
2.47092e+07,
2.48322e+07,
2.4964e+07,
2.5103e+07,
2.52821e+07,
2.54407e+07,
2.56009e+07,
2.57435e+07,
2.5878e+07,
2.60063e+07,
2.61263e+07,
2.6246e+07,
2.63725e+07,
2.65139e+07,
2.66887e+07,
2.68487e+07,
2.69971e+07,
2.71308e+07,
2.72585e+07,
2.73816e+07,
2.75006e+07,
2.76201e+07,
2.77442e+07,
2.78831e+07,
2.80578e+07,
2.82172e+07,
2.83566e+07,
2.84878e+07,
2.86139e+07,
2.87347e+07,
2.88523e+07,
2.89714e+07,
2.90967e+07,
478966,
478878,
478817,
478820,
478788,
478837,
478775,
478767,
478786,
478775,
478803,
478801,
478807,
478792,
478877,
478896,
479000,
479055,
478996,
479032,
479010,
479055,
479060,
479007,
478982,
478916,
478929,
478917,
478924,
478929,
478849,
478865,
478876,
478801,
478802,
478781,
478721,
478712,
478694,
478691,
478723,
478848,
478882,
478915,
478855,
478933,
478895,
478933,
478905,
478909,
478836,
478814,
478743,
478707,
478707,
478780,
478715,
478764,
478793,
478777,
478835,
478781,
478750,
478692,
478656,
478568,
478476,
478357,
478271,
478155,
478041,
478108,
478168,
478271,
478413,
478450,
478596,
478772,
478911,
478993,
479099,
479239,
479423,
479604,
479796,
479964,
480109,
480290,
480465,
480642,
480834,
480932,
481077,
481224,
481439,
481639,
481856,
482099,
482218,
482420,
482616,
482824,
482949,
483071,
483251,
483480,
483643,
483860,
484036,
484291,
484382,
484602,
484899,
485156,
485280,
485545,
485710,
485871,
486084,
486217,
486443,
486689,
486950,
487137,
487264,
487536,
487703,
488129,
488373,
488602,
488901,
489282,
489520,
489822,
490110,
490521,
490938,
491306,
491697,
492091,
492411,
492832,
493229,
493694,
494117,
494592,
495036,
495495,
496044,
496460,
496934,
497398,
497960,
498470,
499056,
499504,
499994,
500586,
501185,
501719,
502306,
502947,
503578,
504193,
504892,
505493,
506129,
506761,
507374,
508121,
508765,
509456,
510040,
510585,
511295,
511903,
512627,
513390,
514168,
514944,
515602,
516255,
516987,
517813,
518618,
519401,
520266,
521035,
521806,
522566,
523459,
524217,
524918,
525718,
526592,
527508,
529346,
531065,
532796,
534584,
536496,
538460,
540360,
542182,
544144,
546030,
547976,
549954,
551896,
553959,
555943,
557898,
559960,
561887,
563836,
565768,
567897,
569851,
571978,
574039,
575970,
577904,
580182,
582437,
584834,
587064,
589206,
591656,
593815,
596192,
598535,
600924,
603374,
605603,
607858,
610272,
612413,
614748,
617252,
619740,
622380,
624848,
627339,
629643,
632248,
634636,
637259,
639847,
642293,
644907,
647730,
650477,
653395,
656149,
658979,
661605,
664408,
667243,
669924,
672888,
675871,
678973,
682000,
684830,
687643,
690668,
693568,
696503,
699548,
702389,
705336,
708416,
711411,
714711,
717830,
720910,
724120,
727280,
730446,
733687,
736899,
740299,
743701,
746909,
750323,
753614,
757106,
760587,
763956,
767363,
770893,
774269,
777609,
781156,
784670,
788320,
791862,
795495,
799160,
802619,
806172,
809699,
813267,
816899,
820794,
824589,
828626,
832482,
836364,
840227,
844186,
848220,
852137,
856154,
860014,
864007,
868131,
872251,
876538,
880489,
884834,
889011,
893031,
897337,
901425,
905754,
909965,
914263,
918844,
923170,
927268,
931726,
936478,
940791,
945380,
950130,
954707,
959147,
963773,
968611,
973274,
978108,
982886,
987730,
992509,
997447,
1.00216e+06,
1.00702e+06,
1.01194e+06,
1.01677e+06,
1.02177e+06,
1.02683e+06,
1.03162e+06,
1.03646e+06,
1.04143e+06,
1.04652e+06,
1.05165e+06,
1.05663e+06,
1.06198e+06,
1.06713e+06,
1.07259e+06,
1.07785e+06,
1.08319e+06,
1.08854e+06,
1.09389e+06,
1.0995e+06,
1.10511e+06,
1.11067e+06,
1.11623e+06,
1.12184e+06,
1.1276e+06,
1.13334e+06,
1.13919e+06,
1.14503e+06,
1.1508e+06,
1.1565e+06,
1.16231e+06,
1.16823e+06,
1.17409e+06,
1.1799e+06,
1.18579e+06,
1.1916e+06,
1.1974e+06,
1.20322e+06,
1.20942e+06,
1.21565e+06,
1.22172e+06,
1.22782e+06,
1.23374e+06,
1.24001e+06,
1.24602e+06,
1.2521e+06,
1.25847e+06,
1.2647e+06,
1.27094e+06,
1.27706e+06,
1.28331e+06,
1.28977e+06,
1.29615e+06,
1.30287e+06,
1.30931e+06,
1.31568e+06,
1.32199e+06,
1.32832e+06,
1.33495e+06,
1.34173e+06,
1.34843e+06,
1.35529e+06,
1.36195e+06,
1.36852e+06,
1.37509e+06,
1.38221e+06,
1.38892e+06,
1.39567e+06,
1.40246e+06,
1.40942e+06,
1.41632e+06,
1.42305e+06,
1.4299e+06,
1.43717e+06,
1.44429e+06,
1.4514e+06,
1.45867e+06,
1.46568e+06,
1.47293e+06,
1.48059e+06,
1.48812e+06,
1.49545e+06,
1.50274e+06,
1.51003e+06,
1.51765e+06,
1.52503e+06,
1.53257e+06,
1.53997e+06,
1.54748e+06,
1.55529e+06,
1.56304e+06,
1.57074e+06,
1.5785e+06,
1.58617e+06,
1.59399e+06,
1.60184e+06,
1.6095e+06,
1.61739e+06,
1.62534e+06,
1.63316e+06,
1.64112e+06,
1.64948e+06,
1.65792e+06,
1.66645e+06,
1.6749e+06,
1.68329e+06,
1.69162e+06,
1.69982e+06,
1.70816e+06,
1.71704e+06,
1.72569e+06,
1.73437e+06,
1.74318e+06,
1.75229e+06,
1.76116e+06,
1.77007e+06,
1.77888e+06,
1.78767e+06,
1.79678e+06,
1.80572e+06,
1.815e+06,
1.82405e+06,
1.83323e+06,
1.84253e+06,
1.85176e+06,
1.86115e+06,
1.87043e+06,
1.87979e+06,
1.88948e+06,
1.89908e+06,
1.90871e+06,
1.91853e+06,
1.9284e+06,
1.93823e+06,
1.94813e+06,
1.95823e+06,
1.96866e+06,
1.97857e+06,
1.98861e+06,
1.99876e+06,
2.00899e+06,
2.01918e+06,
2.02977e+06,
2.04053e+06,
2.05122e+06,
2.06156e+06,
2.07245e+06,
2.08302e+06,
2.09417e+06,
2.10482e+06,
2.11569e+06,
2.127e+06,
2.13796e+06,
2.14914e+06,
2.16044e+06,
2.17177e+06,
2.18317e+06,
2.19448e+06,
2.20616e+06,
2.2178e+06,
2.22956e+06,
2.24165e+06,
2.25383e+06,
2.26641e+06,
2.27865e+06,
2.29142e+06,
2.30359e+06,
2.31596e+06,
2.32841e+06,
2.34119e+06,
2.35386e+06,
2.36681e+06,
2.38008e+06,
2.39347e+06,
2.40681e+06,
2.42007e+06,
2.43376e+06,
2.44725e+06,
2.46113e+06,
2.47506e+06,
2.48899e+06,
2.5034e+06,
2.51786e+06,
2.53261e+06,
2.5474e+06,
2.56194e+06,
2.57677e+06,
2.59142e+06,
2.60695e+06,
2.62305e+06,
2.63914e+06,
2.65563e+06,
2.67189e+06,
2.68793e+06,
2.70475e+06,
2.72172e+06,
2.73906e+06,
2.75647e+06,
2.77425e+06,
2.79214e+06,
2.8102e+06,
2.82871e+06,
2.84714e+06,
2.86626e+06,
2.88615e+06,
2.90661e+06,
2.92632e+06,
2.94607e+06,
2.96641e+06,
2.98747e+06,
3.00859e+06,
3.03012e+06,
3.05143e+06,
3.0734e+06,
3.09532e+06,
3.11754e+06,
3.14148e+06,
3.16506e+06,
3.1891e+06,
3.2132e+06,
3.23762e+06,
3.26258e+06,
3.28853e+06,
3.31504e+06,
3.34195e+06,
3.36864e+06,
3.39582e+06,
3.42308e+06,
3.45155e+06,
3.48087e+06,
3.51123e+06,
3.54157e+06,
3.57221e+06,
3.6037e+06,
3.63663e+06,
3.67035e+06,
3.70383e+06,
3.73836e+06,
3.77396e+06,
3.81124e+06,
3.84979e+06,
3.88868e+06,
3.92913e+06,
3.97186e+06,
4.01635e+06,
4.06139e+06,
4.10738e+06,
4.15494e+06,
4.2064e+06,
4.25961e+06,
4.31482e+06,
4.37334e+06,
4.43803e+06,
4.50792e+06,
4.58516e+06,
4.68186e+06,
4.92463e+06,
5.08085e+06,
5.21082e+06,
5.32839e+06,
5.43689e+06,
5.53995e+06,
5.64047e+06,
5.73959e+06,
5.83672e+06,
5.9358e+06,
6.05892e+06,
6.16612e+06,
6.26765e+06,
6.36933e+06,
6.46893e+06,
6.56783e+06,
6.6691e+06,
6.77095e+06,
6.87358e+06,
6.98306e+06,
7.12023e+06,
7.24368e+06,
7.39547e+06,
7.57864e+06,
7.75231e+06,
7.88014e+06,
7.99724e+06,
8.10779e+06,
8.21659e+06,
8.32873e+06,
8.46357e+06,
8.59297e+06,
8.70617e+06,
8.81057e+06,
8.91239e+06,
9.01275e+06,
9.11387e+06,
9.21704e+06,
9.32207e+06,
9.43771e+06,
9.56242e+06,
9.67193e+06,
9.77339e+06,
9.87459e+06,
9.9747e+06,
1.0075e+07,
1.01758e+07,
1.02845e+07,
1.03851e+07,
1.04813e+07,
1.06053e+07,
1.07146e+07,
1.08196e+07,
1.09211e+07,
1.10229e+07,
1.11283e+07,
1.12318e+07,
1.13281e+07,
1.14229e+07,
1.15185e+07,
1.16383e+07,
1.1746e+07,
1.18498e+07,
1.1955e+07,
1.2068e+07,
1.21642e+07,
1.22575e+07,
1.23522e+07,
1.24451e+07,
1.2541e+07,
1.26616e+07,
1.27715e+07,
1.28865e+07,
1.29879e+07,
1.30849e+07,
1.31801e+07,
1.32738e+07,
1.33683e+07,
1.34647e+07,
1.35639e+07,
1.36941e+07,
1.38168e+07,
1.39198e+07,
1.40208e+07,
1.41196e+07,
1.42176e+07,
1.43159e+07,
1.44173e+07,
1.45231e+07,
1.464e+07,
1.47902e+07,
1.49128e+07,
1.50261e+07,
1.51359e+07,
1.52442e+07,
1.53527e+07,
1.54636e+07,
1.55793e+07,
1.57088e+07,
1.58176e+07,
1.59457e+07,
1.60571e+07,
1.61662e+07,
1.62721e+07,
1.63785e+07,
1.64855e+07,
1.65978e+07,
1.67164e+07,
1.68197e+07,
1.6924e+07,
1.70687e+07,
1.71942e+07,
1.73137e+07,
1.74304e+07,
1.75476e+07,
1.76705e+07,
1.78016e+07,
1.79104e+07,
1.80143e+07,
1.81188e+07,
1.82583e+07,
1.8384e+07,
1.85035e+07,
1.86219e+07,
1.87447e+07,
1.88731e+07,
1.89835e+07,
1.90883e+07,
1.91918e+07,
1.92974e+07,
1.9442e+07,
1.95694e+07,
1.96917e+07,
1.98158e+07,
1.99464e+07,
2.00601e+07,
2.01649e+07,
2.02683e+07,
2.03722e+07,
2.04773e+07,
2.06031e+07,
2.07202e+07,
2.08364e+07,
2.09574e+07,
2.10719e+07,
2.11809e+07,
2.12907e+07,
2.14018e+07,
2.15174e+07,
2.16571e+07,
2.18327e+07,
2.1985e+07,
2.21453e+07,
2.22862e+07,
2.24063e+07,
2.2525e+07,
2.26453e+07,
2.27644e+07,
2.28844e+07,
2.30161e+07,
2.31973e+07,
2.33677e+07,
2.35276e+07,
2.36609e+07,
2.37817e+07,
2.39022e+07,
2.40242e+07,
2.41456e+07,
2.42674e+07,
2.44039e+07,
2.4581e+07,
2.47521e+07,
2.48954e+07,
2.5017e+07,
2.51355e+07,
2.52559e+07,
2.53761e+07,
2.54979e+07,
2.56172e+07,
2.57533e+07,
2.59298e+07,
2.60831e+07,
2.62126e+07,
2.63301e+07,
2.64452e+07,
2.65602e+07,
2.66775e+07,
2.67998e+07,
2.69203e+07,
2.70583e+07,
2.72274e+07,
2.73675e+07,
2.74881e+07,
2.76031e+07,
2.77171e+07,
2.7832e+07,
2.79471e+07,
2.80674e+07,
478966,
478901,
478865,
478873,
478851,
478883,
478903,
478912,
478882,
478892,
478948,
478990,
478964,
478951,
479069,
479070,
479147,
479207,
479168,
479244,
479302,
479300,
479195,
479272,
479205,
479211,
479245,
479193,
479220,
479214,
479190,
479224,
479213,
479267,
479248,
479208,
479284,
479212,
479223,
479158,
479258,
479302,
479337,
479436,
479487,
479528,
479468,
479498,
479524,
479500,
479541,
479499,
479404,
479409,
479459,
479479,
479528,
479490,
479537,
479588,
479687,
479696,
479724,
479753,
479717,
479725,
479642,
479629,
479532,
479411,
479230,
479187,
479184,
479169,
479259,
479430,
479531,
479707,
479881,
479987,
480108,
480209,
480353,
480522,
480765,
480938,
481103,
481275,
481429,
481689,
481846,
481956,
482188,
482402,
482574,
482841,
483115,
483261,
483465,
483681,
483909,
484120,
484315,
484462,
484665,
484910,
485081,
485281,
485468,
485694,
485857,
486112,
486296,
486536,
486745,
486905,
487195,
487438,
487664,
487975,
488190,
488384,
488483,
488680,
488980,
489325,
489594,
489881,
490147,
490449,
490780,
491117,
491444,
491845,
492263,
492671,
493056,
493494,
493909,
494311,
494852,
495323,
495678,
496060,
496524,
496960,
497453,
497972,
498506,
498963,
499562,
500133,
500602,
501132,
501790,
502274,
502876,
503592,
504203,
504736,
505349,
506028,
506611,
507251,
507904,
508508,
509250,
509951,
510712,
511404,
512156,
512912,
513540,
514175,
514886,
515665,
516424,
517157,
517879,
518522,
519390,
520159,
520960,
521758,
522487,
523438,
524251,
525068,
525933,
526790,
527671,
528587,
529397,
530259,
531109,
532020,
532958,
533764,
534576,
535735,
537611,
539393,
541322,
543257,
545231,
547268,
549038,
551044,
552980,
555041,
557126,
559066,
560998,
563142,
565149,
567165,
569262,
571208,
573353,
575321,
577508,
579454,
581586,
583825,
586035,
588176,
590298,
592764,
594934,
597359,
599714,
602287,
604624,
606946,
609302,
611867,
614112,
616539,
618923,
621355,
623815,
626267,
628946,
631468,
634120,
636710,
639219,
641818,
644319,
646807,
649370,
652090,
654640,
657323,
660080,
662950,
665936,
668842,
671674,
674596,
677604,
680493,
683432,
686238,
689058,
691945,
694882,
698112,
701054,
704075,
707041,
710304,
713490,
716653,
719926,
723205,
726377,
729509,
732752,
735713,
738873,
742150,
745438,
748783,
752217,
755615,
759006,
762315,
765775,
769506,
772933,
776297,
779806,
783340,
786867,
790466,
793947,
797720,
801386,
805097,
808922,
812688,
816309,
819713,
823519,
827353,
831101,
834738,
838391,
842356,
846458,
850403,
854425,
858397,
862520,
866697,
870880,
874834,
879030,
883324,
887472,
891715,
895983,
900034,
904406,
908668,
912969,
917328,
921801,
926062,
930373,
934758,
939060,
943379,
947974,
952609,
957143,
961776,
966454,
971112,
976018,
980641,
985341,
990324,
995215,
1.00028e+06,
1.00517e+06,
1.0102e+06,
1.01549e+06,
1.02044e+06,
1.02549e+06,
1.03065e+06,
1.03565e+06,
1.04089e+06,
1.04584e+06,
1.05082e+06,
1.0561e+06,
1.06119e+06,
1.06649e+06,
1.07172e+06,
1.07705e+06,
1.08243e+06,
1.0877e+06,
1.09304e+06,
1.09866e+06,
1.10398e+06,
1.1096e+06,
1.11548e+06,
1.12117e+06,
1.12687e+06,
1.13249e+06,
1.13835e+06,
1.14386e+06,
1.14975e+06,
1.15567e+06,
1.16151e+06,
1.16755e+06,
1.17353e+06,
1.1796e+06,
1.1856e+06,
1.19154e+06,
1.1975e+06,
1.20338e+06,
1.20919e+06,
1.21526e+06,
1.22132e+06,
1.22743e+06,
1.23376e+06,
1.23996e+06,
1.24615e+06,
1.25247e+06,
1.25877e+06,
1.26503e+06,
1.27121e+06,
1.27722e+06,
1.28357e+06,
1.29001e+06,
1.29642e+06,
1.30294e+06,
1.30941e+06,
1.31596e+06,
1.32265e+06,
1.32926e+06,
1.33573e+06,
1.34208e+06,
1.34872e+06,
1.35541e+06,
1.36232e+06,
1.36909e+06,
1.37575e+06,
1.38243e+06,
1.38918e+06,
1.39602e+06,
1.40279e+06,
1.4099e+06,
1.41691e+06,
1.42387e+06,
1.43091e+06,
1.43762e+06,
1.44471e+06,
1.45167e+06,
1.45867e+06,
1.46558e+06,
1.4726e+06,
1.48007e+06,
1.48758e+06,
1.49503e+06,
1.50244e+06,
1.50993e+06,
1.51753e+06,
1.52484e+06,
1.53242e+06,
1.53992e+06,
1.5475e+06,
1.5549e+06,
1.56258e+06,
1.57029e+06,
1.57837e+06,
1.58601e+06,
1.59383e+06,
1.60167e+06,
1.60951e+06,
1.61727e+06,
1.62536e+06,
1.63297e+06,
1.64075e+06,
1.64889e+06,
1.6571e+06,
1.66528e+06,
1.67367e+06,
1.68179e+06,
1.69007e+06,
1.69824e+06,
1.70653e+06,
1.71503e+06,
1.72386e+06,
1.73222e+06,
1.74108e+06,
1.75012e+06,
1.75893e+06,
1.76777e+06,
1.77654e+06,
1.78557e+06,
1.79452e+06,
1.80339e+06,
1.81236e+06,
1.82135e+06,
1.83026e+06,
1.8394e+06,
1.84876e+06,
1.85813e+06,
1.86736e+06,
1.87671e+06,
1.88598e+06,
1.89511e+06,
1.90465e+06,
1.91433e+06,
1.92408e+06,
1.93386e+06,
1.9436e+06,
1.95341e+06,
1.96328e+06,
1.97317e+06,
1.98332e+06,
1.9935e+06,
2.00359e+06,
2.01397e+06,
2.02404e+06,
2.03437e+06,
2.04506e+06,
2.05566e+06,
2.06632e+06,
2.07706e+06,
2.08743e+06,
2.09831e+06,
2.10924e+06,
2.12024e+06,
2.13132e+06,
2.14252e+06,
2.15347e+06,
2.16462e+06,
2.17568e+06,
2.18737e+06,
2.1989e+06,
2.21052e+06,
2.22199e+06,
2.23374e+06,
2.24535e+06,
2.25717e+06,
2.26904e+06,
2.28141e+06,
2.29399e+06,
2.30637e+06,
2.31855e+06,
2.33103e+06,
2.34333e+06,
2.35615e+06,
2.36912e+06,
2.38164e+06,
2.39476e+06,
2.4084e+06,
2.42149e+06,
2.43471e+06,
2.44795e+06,
2.46181e+06,
2.47538e+06,
2.48915e+06,
2.50318e+06,
2.51747e+06,
2.5322e+06,
2.54677e+06,
2.5613e+06,
2.57584e+06,
2.59057e+06,
2.6056e+06,
2.62067e+06,
2.63588e+06,
2.65152e+06,
2.66777e+06,
2.68383e+06,
2.70032e+06,
2.71713e+06,
2.73376e+06,
2.75055e+06,
2.76806e+06,
2.78573e+06,
2.80359e+06,
2.8214e+06,
2.83968e+06,
2.85815e+06,
2.87705e+06,
2.89646e+06,
2.91611e+06,
2.93634e+06,
2.95615e+06,
2.97642e+06,
2.99689e+06,
3.0182e+06,
3.03924e+06,
3.06093e+06,
3.08255e+06,
3.10433e+06,
3.12676e+06,
3.14958e+06,
3.17268e+06,
3.1964e+06,
3.22002e+06,
3.24451e+06,
3.26928e+06,
3.29426e+06,
3.32005e+06,
3.34659e+06,
3.37279e+06,
3.39927e+06,
3.42647e+06,
3.45485e+06,
3.48434e+06,
3.51391e+06,
3.54375e+06,
3.57407e+06,
3.60486e+06,
3.63708e+06,
3.67007e+06,
3.70297e+06,
3.73688e+06,
3.77159e+06,
3.80812e+06,
3.84563e+06,
3.88377e+06,
3.92262e+06,
3.9636e+06,
4.00587e+06,
4.04941e+06,
4.09301e+06,
4.13784e+06,
4.1862e+06,
4.23627e+06,
4.28818e+06,
4.34228e+06,
4.40184e+06,
4.46521e+06,
4.53322e+06,
4.61215e+06,
4.81413e+06,
4.99211e+06,
5.12723e+06,
5.24776e+06,
5.35825e+06,
5.46142e+06,
5.56144e+06,
5.66035e+06,
5.75731e+06,
5.85335e+06,
5.9687e+06,
6.08155e+06,
6.18492e+06,
6.28621e+06,
6.38682e+06,
6.48624e+06,
6.58669e+06,
6.6899e+06,
6.79345e+06,
6.90007e+06,
7.03032e+06,
7.17431e+06,
7.36538e+06,
7.5045e+06,
7.62714e+06,
7.7413e+06,
7.8492e+06,
7.95475e+06,
8.05891e+06,
8.16786e+06,
8.29685e+06,
8.41595e+06,
8.52328e+06,
8.627e+06,
8.72736e+06,
8.82553e+06,
8.92613e+06,
9.03132e+06,
9.13696e+06,
9.23368e+06,
9.34504e+06,
9.45653e+06,
9.55916e+06,
9.65955e+06,
9.7601e+06,
9.86305e+06,
9.96568e+06,
1.00597e+07,
1.01519e+07,
1.02431e+07,
1.03541e+07,
1.04699e+07,
1.05763e+07,
1.0682e+07,
1.07887e+07,
1.08847e+07,
1.09771e+07,
1.10686e+07,
1.11619e+07,
1.12556e+07,
1.13641e+07,
1.14806e+07,
1.1595e+07,
1.16933e+07,
1.17857e+07,
1.18784e+07,
1.19714e+07,
1.20636e+07,
1.21557e+07,
1.225e+07,
1.2362e+07,
1.24812e+07,
1.25802e+07,
1.26777e+07,
1.2773e+07,
1.2867e+07,
1.296e+07,
1.30544e+07,
1.31513e+07,
1.32556e+07,
1.33629e+07,
1.34787e+07,
1.35808e+07,
1.36811e+07,
1.37778e+07,
1.38759e+07,
1.39738e+07,
1.4075e+07,
1.41827e+07,
1.42791e+07,
1.44004e+07,
1.45341e+07,
1.46501e+07,
1.47608e+07,
1.487e+07,
1.4981e+07,
1.50992e+07,
1.5216e+07,
1.53137e+07,
1.54092e+07,
1.55207e+07,
1.56412e+07,
1.57507e+07,
1.58574e+07,
1.59651e+07,
1.60822e+07,
1.61866e+07,
1.6284e+07,
1.63806e+07,
1.64844e+07,
1.6615e+07,
1.67481e+07,
1.68687e+07,
1.69896e+07,
1.71234e+07,
1.72358e+07,
1.73383e+07,
1.7439e+07,
1.75384e+07,
1.76401e+07,
1.77662e+07,
1.78995e+07,
1.80227e+07,
1.81541e+07,
1.82689e+07,
1.83735e+07,
1.84766e+07,
1.85776e+07,
1.86785e+07,
1.87813e+07,
1.89116e+07,
1.90497e+07,
1.91846e+07,
1.93089e+07,
1.94147e+07,
1.95175e+07,
1.96193e+07,
1.97213e+07,
1.98235e+07,
1.99278e+07,
2.00467e+07,
2.01712e+07,
2.02917e+07,
2.03993e+07,
2.05053e+07,
2.06111e+07,
2.07169e+07,
2.0825e+07,
2.09366e+07,
2.10837e+07,
2.12553e+07,
2.14278e+07,
2.15563e+07,
2.16761e+07,
2.17928e+07,
2.1907e+07,
2.20205e+07,
2.21357e+07,
2.22505e+07,
2.2392e+07,
2.25737e+07,
2.27348e+07,
2.28669e+07,
2.29907e+07,
2.31097e+07,
2.32267e+07,
2.33424e+07,
2.3459e+07,
2.3576e+07,
2.37269e+07,
2.39003e+07,
2.40415e+07,
2.41688e+07,
2.42894e+07,
2.44082e+07,
2.45246e+07,
2.46417e+07,
2.47573e+07,
2.48739e+07,
2.50356e+07,
2.51777e+07,
2.53107e+07,
2.54335e+07,
2.55511e+07,
2.56665e+07,
2.57808e+07,
2.58941e+07,
2.60077e+07,
2.61247e+07,
2.62824e+07,
2.64097e+07,
2.65362e+07,
2.66546e+07,
2.67673e+07,
2.68795e+07,
2.69919e+07,
2.71052e+07,
478966,
478921,
478907,
478921,
478952,
478969,
478947,
478973,
478992,
479049,
479071,
479128,
479115,
479146,
479237,
479288,
479325,
479350,
479398,
479488,
479539,
479515,
479477,
479526,
479505,
479459,
479452,
479528,
479498,
479562,
479540,
479632,
479620,
479668,
479613,
479714,
479770,
479780,
479789,
479684,
479748,
479804,
479872,
479979,
480049,
480125,
480137,
480110,
480108,
480142,
480091,
480041,
480091,
480150,
480158,
480259,
480371,
480334,
480343,
480421,
480460,
480563,
480594,
480591,
480637,
480732,
480736,
480677,
480686,
480614,
480532,
480491,
480385,
480341,
480359,
480308,
480502,
480665,
480741,
480918,
481096,
481261,
481416,
481512,
481746,
481892,
482120,
482248,
482431,
482614,
482973,
483211,
483466,
483724,
483878,
484132,
484361,
484466,
484717,
484899,
485179,
485418,
485598,
485783,
485950,
486119,
486326,
486621,
486906,
487092,
487331,
487511,
487746,
487944,
488269,
488456,
488653,
488896,
489115,
489389,
489661,
489947,
490170,
490457,
490802,
491174,
491479,
491810,
492117,
492430,
492824,
493117,
493481,
493747,
494163,
494649,
495117,
495610,
496082,
496557,
496965,
497554,
498000,
498383,
498863,
499381,
499932,
500451,
500945,
501504,
502000,
502698,
503309,
503857,
504532,
505180,
505812,
506402,
507098,
507686,
508365,
508978,
509721,
510374,
511064,
511822,
512625,
513305,
514053,
514860,
515567,
516321,
517000,
517789,
518453,
519178,
519936,
520882,
521734,
522579,
523407,
524141,
524987,
525844,
526529,
527368,
528314,
529216,
530095,
530900,
531748,
532622,
533498,
534423,
535328,
536324,
537126,
538010,
539087,
540143,
541191,
542091,
543016,
544154,
546131,
548047,
549945,
551948,
553925,
556007,
558035,
559988,
561951,
563928,
566116,
568259,
570255,
572320,
574390,
576549,
578504,
580788,
583026,
585270,
587367,
589413,
591538,
593869,
596092,
598253,
600640,
603041,
605378,
607805,
610237,
612727,
615342,
617942,
620335,
622946,
625455,
627931,
630388,
632812,
635444,
637842,
640390,
643101,
645787,
648378,
650971,
653580,
656233,
658808,
661601,
664484,
667209,
669913,
672952,
675868,
678920,
681833,
684768,
687527,
690559,
693486,
696659,
699798,
702844,
705839,
708873,
711977,
715146,
718356,
721559,
724778,
727845,
731141,
734277,
737638,
740707,
743908,
747044,
750379,
753735,
756960,
760604,
764249,
767812,
771438,
775030,
778577,
782267,
785522,
789193,
792858,
796565,
800007,
803788,
807682,
811279,
815077,
819091,
822883,
826643,
830599,
834602,
838332,
842243,
846086,
849815,
853590,
857506,
861322,
865474,
869562,
873700,
878107,
882196,
886633,
890932,
895215,
899515,
903717,
907873,
912056,
916584,
921161,
925667,
930156,
934657,
939076,
943642,
948173,
952739,
957472,
962076,
966802,
971549,
976228,
980848,
985662,
990440,
995491,
1.00062e+06,
1.00559e+06,
1.01044e+06,
1.01558e+06,
1.02064e+06,
1.0258e+06,
1.03104e+06,
1.03615e+06,
1.04143e+06,
1.04649e+06,
1.0517e+06,
1.05703e+06,
1.06247e+06,
1.06796e+06,
1.0732e+06,
1.07841e+06,
1.08399e+06,
1.08937e+06,
1.09485e+06,
1.1002e+06,
1.10557e+06,
1.11108e+06,
1.11657e+06,
1.12237e+06,
1.12813e+06,
1.1338e+06,
1.13933e+06,
1.14488e+06,
1.15051e+06,
1.15651e+06,
1.1623e+06,
1.16801e+06,
1.1743e+06,
1.18031e+06,
1.18652e+06,
1.19249e+06,
1.19832e+06,
1.20408e+06,
1.21012e+06,
1.21597e+06,
1.22215e+06,
1.22841e+06,
1.23434e+06,
1.24037e+06,
1.24638e+06,
1.25265e+06,
1.25894e+06,
1.26527e+06,
1.27159e+06,
1.27756e+06,
1.28386e+06,
1.29026e+06,
1.29645e+06,
1.30304e+06,
1.30953e+06,
1.31608e+06,
1.32266e+06,
1.32913e+06,
1.33569e+06,
1.34222e+06,
1.34892e+06,
1.35568e+06,
1.36244e+06,
1.36897e+06,
1.3757e+06,
1.38263e+06,
1.38937e+06,
1.39621e+06,
1.40285e+06,
1.40971e+06,
1.41655e+06,
1.4236e+06,
1.43066e+06,
1.43803e+06,
1.44513e+06,
1.45236e+06,
1.45944e+06,
1.46645e+06,
1.4735e+06,
1.48044e+06,
1.48752e+06,
1.49485e+06,
1.50209e+06,
1.50959e+06,
1.51706e+06,
1.52426e+06,
1.53163e+06,
1.53927e+06,
1.54691e+06,
1.55409e+06,
1.56177e+06,
1.56959e+06,
1.57743e+06,
1.58509e+06,
1.59279e+06,
1.6006e+06,
1.60877e+06,
1.61661e+06,
1.62448e+06,
1.63223e+06,
1.64018e+06,
1.64836e+06,
1.65636e+06,
1.66419e+06,
1.67263e+06,
1.68096e+06,
1.68942e+06,
1.69748e+06,
1.70589e+06,
1.71414e+06,
1.72273e+06,
1.73117e+06,
1.73961e+06,
1.74801e+06,
1.75649e+06,
1.76489e+06,
1.77347e+06,
1.7822e+06,
1.79114e+06,
1.79991e+06,
1.80893e+06,
1.81804e+06,
1.82711e+06,
1.83612e+06,
1.84556e+06,
1.85429e+06,
1.8633e+06,
1.87258e+06,
1.88177e+06,
1.89116e+06,
1.90066e+06,
1.91027e+06,
1.91988e+06,
1.92958e+06,
1.93921e+06,
1.94875e+06,
1.95859e+06,
1.96846e+06,
1.97821e+06,
1.98785e+06,
1.99828e+06,
2.00835e+06,
2.01851e+06,
2.02858e+06,
2.03895e+06,
2.04929e+06,
2.05967e+06,
2.07001e+06,
2.08058e+06,
2.09121e+06,
2.10214e+06,
2.11315e+06,
2.12427e+06,
2.13506e+06,
2.14609e+06,
2.15708e+06,
2.168e+06,
2.1792e+06,
2.19043e+06,
2.20204e+06,
2.21351e+06,
2.22527e+06,
2.23696e+06,
2.24833e+06,
2.25998e+06,
2.27174e+06,
2.28381e+06,
2.29569e+06,
2.30769e+06,
2.31972e+06,
2.33243e+06,
2.34505e+06,
2.35737e+06,
2.36971e+06,
2.38227e+06,
2.39532e+06,
2.40838e+06,
2.42197e+06,
2.43549e+06,
2.44861e+06,
2.46192e+06,
2.47535e+06,
2.48878e+06,
2.50275e+06,
2.51677e+06,
2.53071e+06,
2.5455e+06,
2.55982e+06,
2.57416e+06,
2.58845e+06,
2.60256e+06,
2.61752e+06,
2.63277e+06,
2.64822e+06,
2.66378e+06,
2.67953e+06,
2.69549e+06,
2.71114e+06,
2.72731e+06,
2.74339e+06,
2.75997e+06,
2.77716e+06,
2.79462e+06,
2.81249e+06,
2.83044e+06,
2.84809e+06,
2.86658e+06,
2.88528e+06,
2.90406e+06,
2.92325e+06,
2.94264e+06,
2.96272e+06,
2.98302e+06,
3.00362e+06,
3.0244e+06,
3.04541e+06,
3.06677e+06,
3.08829e+06,
3.10963e+06,
3.13135e+06,
3.1534e+06,
3.17634e+06,
3.19974e+06,
3.22334e+06,
3.24672e+06,
3.27042e+06,
3.29455e+06,
3.31949e+06,
3.34551e+06,
3.37153e+06,
3.39762e+06,
3.42409e+06,
3.45176e+06,
3.48034e+06,
3.50918e+06,
3.53824e+06,
3.56804e+06,
3.59817e+06,
3.62948e+06,
3.66062e+06,
3.69353e+06,
3.72608e+06,
3.76018e+06,
3.79482e+06,
3.83122e+06,
3.86805e+06,
3.90514e+06,
3.94354e+06,
3.98331e+06,
4.02425e+06,
4.06561e+06,
4.10797e+06,
4.15213e+06,
4.19929e+06,
4.2477e+06,
4.29702e+06,
4.34908e+06,
4.40553e+06,
4.46524e+06,
4.52892e+06,
4.60422e+06,
4.82918e+06,
4.99322e+06,
5.12356e+06,
5.24169e+06,
5.35025e+06,
5.45256e+06,
5.55121e+06,
5.64857e+06,
5.74405e+06,
5.83939e+06,
5.95854e+06,
6.06887e+06,
6.17279e+06,
6.27413e+06,
6.37641e+06,
6.47748e+06,
6.57865e+06,
6.68173e+06,
6.78785e+06,
6.90216e+06,
7.07407e+06,
7.21894e+06,
7.34468e+06,
7.45983e+06,
7.56824e+06,
7.67246e+06,
7.77511e+06,
7.87706e+06,
7.98411e+06,
8.08379e+06,
8.20293e+06,
8.31468e+06,
8.41831e+06,
8.51838e+06,
8.61622e+06,
8.72083e+06,
8.82127e+06,
8.91665e+06,
9.00796e+06,
9.09901e+06,
9.21077e+06,
9.31869e+06,
9.42016e+06,
9.52631e+06,
9.62672e+06,
9.72006e+06,
9.81076e+06,
9.90055e+06,
9.98917e+06,
1.00785e+07,
1.01944e+07,
1.03124e+07,
1.04197e+07,
1.05182e+07,
1.06112e+07,
1.07021e+07,
1.07927e+07,
1.08834e+07,
1.0975e+07,
1.10717e+07,
1.11892e+07,
1.12982e+07,
1.13949e+07,
1.14875e+07,
1.15778e+07,
1.16697e+07,
1.17612e+07,
1.18528e+07,
1.19492e+07,
1.20413e+07,
1.21467e+07,
1.22527e+07,
1.23489e+07,
1.24437e+07,
1.25384e+07,
1.26328e+07,
1.2728e+07,
1.28253e+07,
1.29142e+07,
1.30052e+07,
1.31103e+07,
1.32217e+07,
1.33225e+07,
1.34218e+07,
1.35196e+07,
1.36226e+07,
1.37193e+07,
1.38099e+07,
1.39e+07,
1.40005e+07,
1.41216e+07,
1.42511e+07,
1.43682e+07,
1.44818e+07,
1.46038e+07,
1.47069e+07,
1.48043e+07,
1.48994e+07,
1.49897e+07,
1.5089e+07,
1.52016e+07,
1.53191e+07,
1.54313e+07,
1.55461e+07,
1.5645e+07,
1.57425e+07,
1.58395e+07,
1.59372e+07,
1.60357e+07,
1.61523e+07,
1.62786e+07,
1.64114e+07,
1.65442e+07,
1.66551e+07,
1.67592e+07,
1.68611e+07,
1.69604e+07,
1.70584e+07,
1.71566e+07,
1.72718e+07,
1.73965e+07,
1.75367e+07,
1.76531e+07,
1.77605e+07,
1.7864e+07,
1.7965e+07,
1.8064e+07,
1.81627e+07,
1.82623e+07,
1.83861e+07,
1.85252e+07,
1.86507e+07,
1.87635e+07,
1.88697e+07,
1.89713e+07,
1.9072e+07,
1.91726e+07,
1.92737e+07,
1.93769e+07,
1.94967e+07,
1.96113e+07,
1.97224e+07,
1.98313e+07,
1.99365e+07,
2.00402e+07,
2.0144e+07,
2.02482e+07,
2.03558e+07,
2.05082e+07,
2.06802e+07,
2.08165e+07,
2.09425e+07,
2.1062e+07,
2.11759e+07,
2.12877e+07,
2.13992e+07,
2.15095e+07,
2.16252e+07,
2.17859e+07,
2.19255e+07,
2.20563e+07,
2.21883e+07,
2.23177e+07,
2.24365e+07,
2.25517e+07,
2.26661e+07,
2.27809e+07,
2.29031e+07,
2.30586e+07,
2.31894e+07,
2.33159e+07,
2.34422e+07,
2.35686e+07,
2.36858e+07,
2.38004e+07,
2.39148e+07,
2.40302e+07,
2.41667e+07,
2.42962e+07,
2.44208e+07,
2.45418e+07,
2.46627e+07,
2.47857e+07,
2.49003e+07,
2.50123e+07,
2.51238e+07,
2.5238e+07,
2.53701e+07,
2.54906e+07,
2.56095e+07,
2.57254e+07,
2.58411e+07,
2.59583e+07,
2.60699e+07,
2.61791e+07,
478966,
478944,
478938,
478959,
479029,
479020,
479045,
479054,
479079,
479172,
479183,
479251,
479309,
479350,
479419,
479432,
479514,
479546,
479585,
479706,
479709,
479721,
479780,
479768,
479761,
479800,
479744,
479844,
479826,
479852,
479886,
479975,
480051,
480152,
480106,
480192,
480272,
480239,
480245,
480254,
480268,
480376,
480489,
480541,
480591,
480658,
480634,
480709,
480751,
480793,
480747,
480810,
480856,
480984,
481011,
481108,
481157,
481160,
481265,
481289,
481353,
481443,
481546,
481521,
481615,
481684,
481737,
481701,
481745,
481830,
481852,
481852,
481708,
481607,
481505,
481494,
481602,
481606,
481795,
481963,
482124,
482209,
482491,
482638,
482791,
482925,
483132,
483340,
483499,
483779,
484032,
484237,
484499,
484745,
484986,
485280,
485524,
485704,
485940,
486126,
486413,
486633,
486912,
487064,
487292,
487488,
487635,
487889,
488101,
488337,
488614,
488838,
489193,
489415,
489603,
489788,
490105,
490359,
490647,
490963,
491219,
491531,
491884,
492224,
492514,
492873,
493158,
493488,
493835,
494302,
494684,
495106,
495489,
495960,
496318,
496750,
497170,
497639,
498132,
498686,
499274,
499725,
500246,
500684,
501274,
501836,
502362,
502855,
503416,
504095,
504753,
505309,
505948,
506564,
507209,
507892,
508555,
509227,
509941,
510756,
511327,
512067,
512761,
513421,
514049,
514849,
515682,
516491,
517270,
518073,
518949,
519697,
520417,
521133,
521987,
522804,
523769,
524556,
525526,
526400,
527247,
527970,
528823,
529571,
530387,
531298,
532176,
533120,
534108,
534917,
535773,
536653,
537548,
538482,
539404,
540419,
541478,
542557,
543624,
544618,
545563,
546629,
547548,
548423,
549424,
550394,
551482,
552788,
554609,
556598,
558485,
560642,
562608,
564697,
566793,
569091,
571163,
573287,
575539,
577692,
579772,
581950,
584024,
585966,
588186,
590444,
592801,
594968,
597347,
599497,
601740,
604090,
606518,
608795,
611182,
613655,
616152,
618721,
621222,
623660,
626270,
628907,
631535,
634173,
636674,
639285,
641815,
644438,
647217,
649839,
652686,
655539,
658386,
661096,
663703,
666443,
669022,
671902,
674622,
677396,
680315,
683204,
686052,
689051,
692026,
695139,
698263,
701445,
704503,
707429,
710812,
713935,
717092,
720368,
723585,
726859,
729992,
733409,
736613,
740002,
743453,
746887,
750242,
753676,
756917,
760407,
763727,
767124,
770601,
774170,
777492,
781159,
784816,
788236,
791999,
795808,
799485,
803329,
807204,
811057,
814771,
818567,
822487,
826395,
830220,
834363,
838249,
842260,
845952,
850254,
854393,
858305,
862206,
866434,
870362,
874490,
878694,
883001,
887124,
891461,
895899,
900302,
904634,
908899,
913456,
917972,
922553,
927159,
931779,
936142,
940887,
945517,
950300,
955066,
959617,
964348,
969319,
974083,
978808,
983544,
988466,
993176,
998121,
1.00313e+06,
1.00808e+06,
1.01302e+06,
1.01814e+06,
1.02319e+06,
1.02819e+06,
1.03348e+06,
1.03891e+06,
1.04404e+06,
1.04915e+06,
1.05451e+06,
1.05976e+06,
1.06497e+06,
1.07034e+06,
1.07566e+06,
1.08118e+06,
1.08648e+06,
1.09173e+06,
1.09705e+06,
1.10248e+06,
1.10782e+06,
1.11327e+06,
1.11879e+06,
1.12431e+06,
1.13e+06,
1.13575e+06,
1.1416e+06,
1.14715e+06,
1.15308e+06,
1.15892e+06,
1.16465e+06,
1.17039e+06,
1.17609e+06,
1.18188e+06,
1.18792e+06,
1.19379e+06,
1.19994e+06,
1.20595e+06,
1.21189e+06,
1.21806e+06,
1.22387e+06,
1.23016e+06,
1.23626e+06,
1.24231e+06,
1.24836e+06,
1.2546e+06,
1.26056e+06,
1.26657e+06,
1.27292e+06,
1.27918e+06,
1.28532e+06,
1.29164e+06,
1.29795e+06,
1.30447e+06,
1.31089e+06,
1.31722e+06,
1.32384e+06,
1.33024e+06,
1.33665e+06,
1.34316e+06,
1.34945e+06,
1.35607e+06,
1.36262e+06,
1.36923e+06,
1.37587e+06,
1.38252e+06,
1.38934e+06,
1.39645e+06,
1.40333e+06,
1.41016e+06,
1.41694e+06,
1.42396e+06,
1.43074e+06,
1.43755e+06,
1.44441e+06,
1.45164e+06,
1.45892e+06,
1.46612e+06,
1.47341e+06,
1.48049e+06,
1.48753e+06,
1.49477e+06,
1.50161e+06,
1.50915e+06,
1.51676e+06,
1.52422e+06,
1.53179e+06,
1.53897e+06,
1.54655e+06,
1.55414e+06,
1.56161e+06,
1.56896e+06,
1.57658e+06,
1.5845e+06,
1.59214e+06,
1.59984e+06,
1.60785e+06,
1.6155e+06,
1.62337e+06,
1.63128e+06,
1.63921e+06,
1.64705e+06,
1.65527e+06,
1.66357e+06,
1.67181e+06,
1.6797e+06,
1.68785e+06,
1.69613e+06,
1.70417e+06,
1.71223e+06,
1.7205e+06,
1.72893e+06,
1.7375e+06,
1.74615e+06,
1.75447e+06,
1.76293e+06,
1.77135e+06,
1.77991e+06,
1.78864e+06,
1.79735e+06,
1.80547e+06,
1.81408e+06,
1.82291e+06,
1.83179e+06,
1.84064e+06,
1.84981e+06,
1.85906e+06,
1.86801e+06,
1.8771e+06,
1.88639e+06,
1.89554e+06,
1.90496e+06,
1.91448e+06,
1.92399e+06,
1.93401e+06,
1.94356e+06,
1.9533e+06,
1.96293e+06,
1.97241e+06,
1.98239e+06,
1.99212e+06,
2.00198e+06,
2.01191e+06,
2.02195e+06,
2.03225e+06,
2.04281e+06,
2.05298e+06,
2.0631e+06,
2.0735e+06,
2.08381e+06,
2.09407e+06,
2.10458e+06,
2.11508e+06,
2.12608e+06,
2.13713e+06,
2.14837e+06,
2.1594e+06,
2.17029e+06,
2.18119e+06,
2.19238e+06,
2.20374e+06,
2.21531e+06,
2.22677e+06,
2.23858e+06,
2.2499e+06,
2.26135e+06,
2.27311e+06,
2.2849e+06,
2.29728e+06,
2.30885e+06,
2.32088e+06,
2.33312e+06,
2.34536e+06,
2.35764e+06,
2.37026e+06,
2.38301e+06,
2.39537e+06,
2.40847e+06,
2.42109e+06,
2.43403e+06,
2.44647e+06,
2.4598e+06,
2.47346e+06,
2.48708e+06,
2.50036e+06,
2.51395e+06,
2.52767e+06,
2.54185e+06,
2.55579e+06,
2.56998e+06,
2.58418e+06,
2.5985e+06,
2.61313e+06,
2.62818e+06,
2.64315e+06,
2.65839e+06,
2.67318e+06,
2.68899e+06,
2.7044e+06,
2.72014e+06,
2.73571e+06,
2.75178e+06,
2.76782e+06,
2.78435e+06,
2.80124e+06,
2.81864e+06,
2.8361e+06,
2.85386e+06,
2.87163e+06,
2.88944e+06,
2.90782e+06,
2.92686e+06,
2.94585e+06,
2.9652e+06,
2.98507e+06,
3.00565e+06,
3.02587e+06,
3.04657e+06,
3.06748e+06,
3.0889e+06,
3.1097e+06,
3.13104e+06,
3.15267e+06,
3.17455e+06,
3.19702e+06,
3.22054e+06,
3.24371e+06,
3.26715e+06,
3.29113e+06,
3.31477e+06,
3.34002e+06,
3.36576e+06,
3.39116e+06,
3.41668e+06,
3.44267e+06,
3.46986e+06,
3.49766e+06,
3.5263e+06,
3.55506e+06,
3.58368e+06,
3.61278e+06,
3.64311e+06,
3.67468e+06,
3.70667e+06,
3.73872e+06,
3.77193e+06,
3.80598e+06,
3.84124e+06,
3.87658e+06,
3.91245e+06,
3.94888e+06,
3.9871e+06,
4.02665e+06,
4.06623e+06,
4.10698e+06,
4.14918e+06,
4.19361e+06,
4.23996e+06,
4.287e+06,
4.33585e+06,
4.38763e+06,
4.44316e+06,
4.50186e+06,
4.56756e+06,
4.74367e+06,
4.93964e+06,
5.07545e+06,
5.19555e+06,
5.30598e+06,
5.40978e+06,
5.50831e+06,
5.60467e+06,
5.70083e+06,
5.79532e+06,
5.90515e+06,
6.0215e+06,
6.12879e+06,
6.23173e+06,
6.33318e+06,
6.43516e+06,
6.53788e+06,
6.64398e+06,
6.75954e+06,
6.88252e+06,
7.01293e+06,
7.14453e+06,
7.2585e+06,
7.36638e+06,
7.46985e+06,
7.56968e+06,
7.67128e+06,
7.7703e+06,
7.86693e+06,
7.96041e+06,
8.06771e+06,
8.18141e+06,
8.28297e+06,
8.38209e+06,
8.48485e+06,
8.58167e+06,
8.67363e+06,
8.76311e+06,
8.85257e+06,
8.94037e+06,
9.04285e+06,
9.15247e+06,
9.26111e+06,
9.35835e+06,
9.45108e+06,
9.54163e+06,
9.62942e+06,
9.71676e+06,
9.80414e+06,
9.89563e+06,
1.00086e+07,
1.01207e+07,
1.02214e+07,
1.0316e+07,
1.04076e+07,
1.04966e+07,
1.05854e+07,
1.06776e+07,
1.07753e+07,
1.0867e+07,
1.09664e+07,
1.10704e+07,
1.11668e+07,
1.12578e+07,
1.13478e+07,
1.14389e+07,
1.15327e+07,
1.16227e+07,
1.17091e+07,
1.17975e+07,
1.18954e+07,
1.19962e+07,
1.20942e+07,
1.21898e+07,
1.22846e+07,
1.23835e+07,
1.24722e+07,
1.25583e+07,
1.26423e+07,
1.27327e+07,
1.28322e+07,
1.29378e+07,
1.3042e+07,
1.31443e+07,
1.32445e+07,
1.33355e+07,
1.34235e+07,
1.35097e+07,
1.35959e+07,
1.37005e+07,
1.38161e+07,
1.39376e+07,
1.40708e+07,
1.41812e+07,
1.42825e+07,
1.4377e+07,
1.4465e+07,
1.45569e+07,
1.46475e+07,
1.47526e+07,
1.48622e+07,
1.49779e+07,
1.50888e+07,
1.51889e+07,
1.52872e+07,
1.53846e+07,
1.54801e+07,
1.55747e+07,
1.56787e+07,
1.58009e+07,
1.59328e+07,
1.60489e+07,
1.61628e+07,
1.62672e+07,
1.63689e+07,
1.64682e+07,
1.65662e+07,
1.66639e+07,
1.67691e+07,
1.6895e+07,
1.70087e+07,
1.71179e+07,
1.72327e+07,
1.73388e+07,
1.74412e+07,
1.75402e+07,
1.7639e+07,
1.77382e+07,
1.78603e+07,
1.79787e+07,
1.80883e+07,
1.81968e+07,
1.83093e+07,
1.84153e+07,
1.85179e+07,
1.8617e+07,
1.87175e+07,
1.88197e+07,
1.89332e+07,
1.90402e+07,
1.91443e+07,
1.92485e+07,
1.93549e+07,
1.94596e+07,
1.95629e+07,
1.9667e+07,
1.97752e+07,
1.99245e+07,
2.00553e+07,
2.01926e+07,
2.03165e+07,
2.04343e+07,
2.05504e+07,
2.06639e+07,
2.07749e+07,
2.08851e+07,
2.10045e+07,
2.1139e+07,
2.1264e+07,
2.1388e+07,
2.15087e+07,
2.16282e+07,
2.17494e+07,
2.18732e+07,
2.1989e+07,
2.21062e+07,
2.22355e+07,
2.2362e+07,
2.2483e+07,
2.26038e+07,
2.27215e+07,
2.28388e+07,
2.2956e+07,
2.30785e+07,
2.31943e+07,
2.33124e+07,
2.34369e+07,
2.35569e+07,
2.36737e+07,
2.37902e+07,
2.39049e+07,
2.40185e+07,
2.41329e+07,
2.4251e+07,
2.43651e+07,
2.44824e+07,
2.4599e+07,
2.47134e+07,
2.48257e+07,
2.49374e+07,
2.50479e+07,
2.51561e+07,
2.52663e+07,
478966,
478955,
478966,
478980,
479075,
479087,
479128,
479153,
479205,
479336,
479314,
479351,
479493,
479507,
479592,
479637,
479748,
479748,
479845,
479923,
479950,
479966,
479993,
479983,
480094,
480092,
480114,
480192,
480188,
480235,
480261,
480363,
480420,
480534,
480569,
480607,
480718,
480739,
480833,
480804,
480819,
480912,
480968,
481079,
481110,
481187,
481284,
481299,
481390,
481477,
481489,
481512,
481657,
481788,
481875,
481982,
482033,
482143,
482200,
482173,
482219,
482260,
482263,
482398,
482607,
482805,
482825,
482819,
482894,
482844,
482957,
483002,
482993,
483029,
483005,
482926,
482853,
482866,
482917,
483013,
483135,
483339,
483523,
483749,
483894,
484081,
484274,
484459,
484538,
484783,
485050,
485204,
485513,
485776,
485997,
486288,
486580,
486866,
487112,
487415,
487707,
487930,
488129,
488313,
488547,
488779,
488980,
489201,
489465,
489736,
490024,
490268,
490610,
490867,
491081,
491372,
491565,
491855,
492120,
492453,
492716,
493086,
493515,
493836,
494162,
494599,
494940,
495361,
495810,
496200,
496654,
497078,
497521,
497968,
498449,
498884,
499328,
499843,
500330,
500936,
501529,
501901,
502428,
502916,
503534,
504131,
504767,
505305,
505997,
506745,
507482,
508142,
508723,
509263,
509816,
510451,
511201,
511944,
512651,
513445,
514187,
514870,
515580,
516331,
517170,
517988,
518921,
519841,
520693,
521460,
522249,
523068,
523930,
524795,
525571,
526430,
527322,
528258,
529027,
529912,
530759,
531727,
532566,
533423,
534403,
535276,
536257,
537228,
538220,
539095,
540081,
541032,
541928,
542876,
543794,
544822,
545860,
546848,
547906,
548898,
549984,
551059,
551921,
552930,
554034,
555163,
556350,
557484,
558640,
559839,
560953,
562121,
563528,
565387,
567530,
569786,
571929,
574076,
576259,
578467,
580745,
582875,
584841,
586958,
589315,
591664,
593788,
596087,
598426,
600859,
603223,
605707,
608072,
610471,
612915,
615297,
617615,
620103,
622455,
624947,
627504,
630307,
633002,
635577,
638211,
640834,
643508,
646342,
648987,
651784,
654458,
657181,
659996,
662801,
665686,
668698,
671561,
674312,
677216,
679949,
682968,
685881,
688725,
691662,
694733,
697760,
700929,
703797,
706864,
709984,
712972,
716258,
719583,
722760,
726235,
729727,
733056,
736389,
740064,
743469,
746857,
750188,
753552,
757003,
760282,
763776,
767309,
770842,
774453,
778171,
782112,
785747,
789338,
792814,
796445,
800037,
803637,
807422,
811297,
815062,
819094,
823076,
826974,
830840,
834925,
839139,
843303,
847439,
851386,
855643,
859644,
863998,
868344,
872647,
876873,
881000,
885196,
889582,
893714,
898028,
902515,
906973,
911505,
915774,
920335,
924767,
928993,
933461,
938377,
943089,
947983,
952691,
957488,
962148,
967005,
972113,
976982,
981916,
986909,
991698,
996584,
1.00149e+06,
1.00649e+06,
1.01142e+06,
1.01653e+06,
1.02157e+06,
1.02658e+06,
1.03175e+06,
1.03676e+06,
1.04189e+06,
1.04685e+06,
1.05192e+06,
1.0571e+06,
1.06238e+06,
1.06737e+06,
1.07267e+06,
1.0781e+06,
1.08339e+06,
1.08891e+06,
1.09468e+06,
1.10018e+06,
1.10574e+06,
1.11119e+06,
1.1167e+06,
1.12242e+06,
1.12804e+06,
1.13348e+06,
1.13904e+06,
1.14468e+06,
1.1503e+06,
1.15614e+06,
1.16188e+06,
1.16746e+06,
1.17307e+06,
1.17885e+06,
1.18457e+06,
1.19046e+06,
1.19638e+06,
1.20223e+06,
1.20823e+06,
1.21438e+06,
1.22039e+06,
1.22633e+06,
1.23221e+06,
1.23816e+06,
1.24431e+06,
1.25038e+06,
1.25657e+06,
1.26284e+06,
1.26904e+06,
1.2751e+06,
1.2815e+06,
1.28757e+06,
1.29359e+06,
1.29993e+06,
1.3062e+06,
1.31243e+06,
1.31913e+06,
1.32547e+06,
1.33205e+06,
1.33874e+06,
1.34527e+06,
1.35172e+06,
1.35802e+06,
1.36452e+06,
1.37121e+06,
1.37764e+06,
1.38439e+06,
1.39101e+06,
1.39772e+06,
1.40448e+06,
1.41121e+06,
1.41779e+06,
1.42453e+06,
1.43137e+06,
1.4385e+06,
1.44551e+06,
1.45251e+06,
1.4596e+06,
1.46654e+06,
1.4738e+06,
1.48084e+06,
1.48824e+06,
1.49537e+06,
1.50253e+06,
1.50966e+06,
1.5169e+06,
1.52421e+06,
1.53175e+06,
1.53921e+06,
1.54652e+06,
1.55401e+06,
1.56158e+06,
1.56892e+06,
1.57627e+06,
1.58407e+06,
1.59169e+06,
1.59921e+06,
1.60694e+06,
1.61485e+06,
1.62256e+06,
1.63027e+06,
1.63808e+06,
1.64584e+06,
1.65372e+06,
1.66158e+06,
1.66975e+06,
1.67794e+06,
1.68601e+06,
1.69407e+06,
1.7024e+06,
1.71057e+06,
1.7183e+06,
1.72648e+06,
1.73492e+06,
1.74334e+06,
1.75156e+06,
1.75999e+06,
1.76828e+06,
1.77686e+06,
1.78562e+06,
1.79428e+06,
1.80278e+06,
1.811e+06,
1.81981e+06,
1.82859e+06,
1.83756e+06,
1.8463e+06,
1.85499e+06,
1.86402e+06,
1.87326e+06,
1.88208e+06,
1.8911e+06,
1.89994e+06,
1.90914e+06,
1.9186e+06,
1.92785e+06,
1.93743e+06,
1.94683e+06,
1.95685e+06,
1.96659e+06,
1.976e+06,
1.98599e+06,
1.9957e+06,
2.00562e+06,
2.0153e+06,
2.02526e+06,
2.03532e+06,
2.04564e+06,
2.05592e+06,
2.0662e+06,
2.07654e+06,
2.08698e+06,
2.09686e+06,
2.10735e+06,
2.11769e+06,
2.12824e+06,
2.13896e+06,
2.14956e+06,
2.16035e+06,
2.17133e+06,
2.18241e+06,
2.19335e+06,
2.20414e+06,
2.21523e+06,
2.2268e+06,
2.2384e+06,
2.24975e+06,
2.26158e+06,
2.27335e+06,
2.28528e+06,
2.2969e+06,
2.30853e+06,
2.31993e+06,
2.33172e+06,
2.34418e+06,
2.35617e+06,
2.36839e+06,
2.38106e+06,
2.39337e+06,
2.40574e+06,
2.41856e+06,
2.43085e+06,
2.44336e+06,
2.45616e+06,
2.46933e+06,
2.48282e+06,
2.49603e+06,
2.50941e+06,
2.5232e+06,
2.53669e+06,
2.55051e+06,
2.56417e+06,
2.57783e+06,
2.59157e+06,
2.60587e+06,
2.62047e+06,
2.63521e+06,
2.65e+06,
2.66464e+06,
2.67949e+06,
2.69471e+06,
2.7099e+06,
2.72499e+06,
2.74069e+06,
2.7569e+06,
2.773e+06,
2.78891e+06,
2.80523e+06,
2.82192e+06,
2.8391e+06,
2.85648e+06,
2.8737e+06,
2.89116e+06,
2.90868e+06,
2.9273e+06,
2.94515e+06,
2.96448e+06,
2.98332e+06,
3.00246e+06,
3.02198e+06,
3.04253e+06,
3.06311e+06,
3.08358e+06,
3.10484e+06,
3.1257e+06,
3.14676e+06,
3.16794e+06,
3.18955e+06,
3.21231e+06,
3.23522e+06,
3.25888e+06,
3.28153e+06,
3.30407e+06,
3.32733e+06,
3.35162e+06,
3.3769e+06,
3.40229e+06,
3.4278e+06,
3.45301e+06,
3.47906e+06,
3.50569e+06,
3.53343e+06,
3.5611e+06,
3.58892e+06,
3.61747e+06,
3.64665e+06,
3.67743e+06,
3.70832e+06,
3.73927e+06,
3.77074e+06,
3.80319e+06,
3.83745e+06,
3.87116e+06,
3.90592e+06,
3.94041e+06,
3.97677e+06,
4.01426e+06,
4.05202e+06,
4.09131e+06,
4.1308e+06,
4.17238e+06,
4.21614e+06,
4.26014e+06,
4.30597e+06,
4.35328e+06,
4.40391e+06,
4.45788e+06,
4.51392e+06,
4.61945e+06,
4.79976e+06,
4.97591e+06,
5.1047e+06,
5.21978e+06,
5.32791e+06,
5.43061e+06,
5.52868e+06,
5.62483e+06,
5.72031e+06,
5.8224e+06,
5.93337e+06,
6.04699e+06,
6.1523e+06,
6.25603e+06,
6.35879e+06,
6.46388e+06,
6.57265e+06,
6.68213e+06,
6.78751e+06,
6.8967e+06,
7.01259e+06,
7.13013e+06,
7.23534e+06,
7.33619e+06,
7.43642e+06,
7.53393e+06,
7.6271e+06,
7.71851e+06,
7.8088e+06,
7.90611e+06,
8.00879e+06,
8.11692e+06,
8.21987e+06,
8.31561e+06,
8.40892e+06,
8.49821e+06,
8.58605e+06,
8.67289e+06,
8.75786e+06,
8.85403e+06,
8.95665e+06,
9.0624e+06,
9.15931e+06,
9.24975e+06,
9.33873e+06,
9.4263e+06,
9.51111e+06,
9.59862e+06,
9.69062e+06,
9.78828e+06,
9.88891e+06,
9.99185e+06,
1.00876e+07,
1.01792e+07,
1.02684e+07,
1.03587e+07,
1.04538e+07,
1.05411e+07,
1.06265e+07,
1.07207e+07,
1.08146e+07,
1.09107e+07,
1.10047e+07,
1.1094e+07,
1.11897e+07,
1.12785e+07,
1.13623e+07,
1.14453e+07,
1.15304e+07,
1.16234e+07,
1.17161e+07,
1.18112e+07,
1.19141e+07,
1.20104e+07,
1.21002e+07,
1.21867e+07,
1.22707e+07,
1.23535e+07,
1.24402e+07,
1.25338e+07,
1.2634e+07,
1.27394e+07,
1.28418e+07,
1.29339e+07,
1.30219e+07,
1.31088e+07,
1.31936e+07,
1.32769e+07,
1.33783e+07,
1.34908e+07,
1.36106e+07,
1.37205e+07,
1.38313e+07,
1.39259e+07,
1.40194e+07,
1.41097e+07,
1.41999e+07,
1.42901e+07,
1.43948e+07,
1.45046e+07,
1.46066e+07,
1.47078e+07,
1.4813e+07,
1.49114e+07,
1.50071e+07,
1.5103e+07,
1.52014e+07,
1.53122e+07,
1.54345e+07,
1.55448e+07,
1.56503e+07,
1.57524e+07,
1.58565e+07,
1.596e+07,
1.60593e+07,
1.6156e+07,
1.6255e+07,
1.63737e+07,
1.64815e+07,
1.65851e+07,
1.66862e+07,
1.6788e+07,
1.68933e+07,
1.70001e+07,
1.71015e+07,
1.72024e+07,
1.73135e+07,
1.74244e+07,
1.75292e+07,
1.76324e+07,
1.77356e+07,
1.78381e+07,
1.79419e+07,
1.80479e+07,
1.81487e+07,
1.82521e+07,
1.83591e+07,
1.84618e+07,
1.85635e+07,
1.86645e+07,
1.87657e+07,
1.88669e+07,
1.89701e+07,
1.90765e+07,
1.91905e+07,
1.93171e+07,
1.94354e+07,
1.95525e+07,
1.9678e+07,
1.98007e+07,
1.99151e+07,
2.00267e+07,
2.01375e+07,
2.02503e+07,
2.03676e+07,
2.04868e+07,
2.06032e+07,
2.07182e+07,
2.08337e+07,
2.09476e+07,
2.10614e+07,
2.11744e+07,
2.12897e+07,
2.14136e+07,
2.154e+07,
2.16596e+07,
2.17758e+07,
2.18914e+07,
2.20063e+07,
2.21207e+07,
2.22341e+07,
2.2346e+07,
2.246e+07,
2.25787e+07,
2.27016e+07,
2.28165e+07,
2.29303e+07,
2.30436e+07,
2.31564e+07,
2.32676e+07,
2.33775e+07,
2.34872e+07,
2.35977e+07,
2.37121e+07,
2.38303e+07,
2.39425e+07,
2.40526e+07,
2.41616e+07,
2.42687e+07,
2.43769e+07,
478966,
478947,
479003,
479024,
479161,
479153,
479224,
479255,
479298,
479454,
479454,
479504,
479628,
479716,
479758,
479855,
479966,
479980,
480106,
480163,
480198,
480197,
480192,
480236,
480334,
480372,
480466,
480525,
480558,
480604,
480635,
480722,
480784,
480832,
480981,
481023,
481140,
481227,
481327,
481377,
481361,
481455,
481560,
481638,
481645,
481765,
481851,
481908,
482001,
482125,
482244,
482352,
482467,
482614,
482677,
482841,
482899,
483020,
483027,
483074,
483129,
483186,
483237,
483325,
483559,
483699,
483745,
483829,
483879,
484039,
484084,
484091,
484123,
484282,
484316,
484301,
484363,
484398,
484407,
484395,
484440,
484572,
484679,
484845,
485042,
485170,
485380,
485623,
485870,
486069,
486266,
486436,
486636,
486984,
487245,
487545,
487792,
488084,
488312,
488546,
488765,
489017,
489343,
489551,
489819,
490044,
490363,
490630,
490855,
491169,
491436,
491779,
492076,
492292,
492565,
492747,
493051,
493346,
493656,
494064,
494400,
494822,
495148,
495475,
495910,
496285,
496736,
497147,
497642,
498020,
498519,
498995,
499423,
499921,
500404,
500941,
501487,
501975,
502582,
503148,
503761,
504381,
504959,
505450,
505935,
506592,
507098,
507803,
508510,
509205,
509887,
510617,
511324,
511924,
512629,
513254,
513951,
514769,
515448,
516260,
516980,
517736,
518516,
519329,
520324,
521238,
522172,
522969,
523752,
524606,
525435,
526411,
527333,
528243,
529120,
530018,
530954,
531880,
532771,
533684,
534556,
535472,
536371,
537259,
538247,
539176,
540218,
541227,
542229,
543341,
544389,
545375,
546367,
547273,
548270,
549294,
550405,
551456,
552548,
553666,
554759,
555858,
556884,
557860,
559073,
560221,
561484,
562572,
563743,
564903,
566120,
567538,
568689,
569832,
571000,
572372,
573650,
575127,
577168,
579357,
581649,
583922,
586024,
588153,
590535,
592868,
595215,
597537,
599927,
602430,
604817,
607330,
609889,
612264,
614729,
617181,
619691,
622227,
624648,
627236,
629786,
632377,
635126,
637671,
640261,
642994,
645628,
648331,
651171,
653891,
656842,
659757,
662753,
665594,
668544,
671495,
674460,
677350,
680247,
683290,
686268,
689267,
692203,
695185,
698131,
701172,
704261,
707519,
710839,
713974,
717076,
720379,
723565,
726844,
730088,
733387,
736868,
740235,
743696,
747174,
750578,
754198,
757724,
761236,
765018,
768634,
772456,
776041,
779679,
783342,
787205,
790777,
794462,
798136,
802046,
805881,
809752,
813685,
817469,
821377,
825198,
829269,
833207,
837108,
841146,
845307,
849366,
853605,
857821,
862160,
866549,
870869,
875024,
879286,
883522,
888096,
892378,
896826,
901186,
905687,
910219,
914590,
919110,
923405,
928091,
932751,
937417,
942221,
946906,
951650,
956390,
960981,
965679,
970121,
974924,
979666,
984483,
989767,
994786,
999907,
1.00524e+06,
1.01029e+06,
1.01517e+06,
1.0201e+06,
1.02508e+06,
1.03025e+06,
1.03561e+06,
1.04066e+06,
1.04571e+06,
1.05078e+06,
1.05596e+06,
1.06108e+06,
1.06639e+06,
1.07156e+06,
1.07677e+06,
1.08202e+06,
1.08733e+06,
1.09269e+06,
1.09798e+06,
1.1034e+06,
1.1087e+06,
1.11435e+06,
1.11977e+06,
1.12511e+06,
1.13056e+06,
1.13614e+06,
1.14174e+06,
1.14756e+06,
1.1532e+06,
1.15894e+06,
1.16448e+06,
1.17034e+06,
1.17617e+06,
1.18209e+06,
1.18823e+06,
1.19401e+06,
1.19998e+06,
1.20579e+06,
1.2115e+06,
1.21727e+06,
1.22322e+06,
1.22912e+06,
1.23511e+06,
1.24107e+06,
1.24684e+06,
1.25279e+06,
1.25898e+06,
1.26504e+06,
1.27109e+06,
1.27695e+06,
1.2832e+06,
1.28971e+06,
1.29594e+06,
1.30206e+06,
1.30808e+06,
1.31461e+06,
1.32081e+06,
1.32725e+06,
1.3338e+06,
1.34036e+06,
1.34683e+06,
1.35354e+06,
1.36008e+06,
1.36639e+06,
1.37283e+06,
1.37956e+06,
1.38592e+06,
1.39247e+06,
1.39907e+06,
1.40573e+06,
1.41251e+06,
1.41922e+06,
1.42607e+06,
1.4329e+06,
1.43977e+06,
1.4468e+06,
1.45376e+06,
1.46064e+06,
1.46758e+06,
1.47467e+06,
1.48152e+06,
1.48836e+06,
1.49522e+06,
1.50228e+06,
1.50961e+06,
1.51709e+06,
1.52433e+06,
1.53176e+06,
1.53906e+06,
1.54634e+06,
1.5538e+06,
1.56131e+06,
1.56875e+06,
1.57626e+06,
1.58388e+06,
1.59138e+06,
1.59904e+06,
1.60656e+06,
1.61448e+06,
1.62223e+06,
1.63029e+06,
1.63793e+06,
1.64565e+06,
1.65342e+06,
1.66125e+06,
1.66898e+06,
1.67686e+06,
1.68447e+06,
1.69245e+06,
1.70045e+06,
1.70862e+06,
1.71667e+06,
1.72458e+06,
1.7325e+06,
1.74064e+06,
1.74911e+06,
1.75734e+06,
1.76581e+06,
1.77414e+06,
1.78245e+06,
1.79097e+06,
1.79962e+06,
1.80795e+06,
1.81633e+06,
1.82498e+06,
1.83378e+06,
1.84275e+06,
1.85157e+06,
1.86054e+06,
1.86942e+06,
1.87826e+06,
1.88703e+06,
1.89588e+06,
1.90502e+06,
1.91426e+06,
1.92334e+06,
1.93253e+06,
1.94168e+06,
1.95073e+06,
1.96004e+06,
1.96939e+06,
1.97881e+06,
1.98839e+06,
1.99784e+06,
2.00792e+06,
2.01756e+06,
2.02759e+06,
2.03761e+06,
2.04763e+06,
2.05767e+06,
2.06791e+06,
2.07822e+06,
2.08828e+06,
2.09864e+06,
2.10886e+06,
2.11911e+06,
2.12978e+06,
2.14031e+06,
2.15105e+06,
2.16147e+06,
2.17204e+06,
2.18291e+06,
2.19408e+06,
2.20509e+06,
2.2163e+06,
2.22738e+06,
2.23888e+06,
2.24982e+06,
2.26094e+06,
2.27215e+06,
2.2834e+06,
2.29489e+06,
2.30702e+06,
2.31859e+06,
2.33052e+06,
2.34242e+06,
2.35434e+06,
2.36613e+06,
2.37868e+06,
2.39094e+06,
2.40337e+06,
2.41596e+06,
2.42846e+06,
2.44099e+06,
2.4535e+06,
2.46593e+06,
2.47862e+06,
2.49171e+06,
2.50466e+06,
2.51803e+06,
2.5315e+06,
2.54489e+06,
2.55819e+06,
2.57131e+06,
2.58461e+06,
2.59847e+06,
2.61244e+06,
2.6267e+06,
2.64077e+06,
2.65544e+06,
2.66996e+06,
2.68443e+06,
2.69921e+06,
2.71381e+06,
2.72893e+06,
2.74473e+06,
2.76062e+06,
2.77648e+06,
2.79195e+06,
2.80752e+06,
2.82415e+06,
2.84076e+06,
2.85778e+06,
2.87458e+06,
2.89179e+06,
2.9086e+06,
2.92593e+06,
2.94339e+06,
2.9617e+06,
2.9801e+06,
2.99882e+06,
3.01783e+06,
3.03672e+06,
3.05559e+06,
3.07544e+06,
3.09566e+06,
3.11651e+06,
3.13747e+06,
3.15864e+06,
3.17956e+06,
3.20048e+06,
3.2222e+06,
3.24408e+06,
3.26612e+06,
3.28863e+06,
3.31185e+06,
3.33475e+06,
3.35842e+06,
3.38277e+06,
3.40716e+06,
3.43199e+06,
3.45681e+06,
3.48204e+06,
3.50748e+06,
3.5339e+06,
3.56107e+06,
3.58861e+06,
3.61594e+06,
3.64373e+06,
3.67209e+06,
3.70172e+06,
3.73148e+06,
3.76161e+06,
3.79181e+06,
3.82304e+06,
3.85567e+06,
3.88862e+06,
3.92196e+06,
3.95607e+06,
3.99123e+06,
4.02711e+06,
4.06421e+06,
4.10149e+06,
4.13908e+06,
4.17817e+06,
4.21999e+06,
4.26267e+06,
4.30636e+06,
4.35186e+06,
4.39942e+06,
4.45003e+06,
4.5047e+06,
4.61906e+06,
4.76749e+06,
4.95047e+06,
5.08546e+06,
5.20317e+06,
5.31235e+06,
5.41639e+06,
5.5156e+06,
5.61199e+06,
5.70664e+06,
5.81111e+06,
5.91849e+06,
6.0311e+06,
6.13834e+06,
6.24375e+06,
6.34882e+06,
6.45207e+06,
6.5535e+06,
6.65126e+06,
6.74739e+06,
6.8514e+06,
6.95578e+06,
7.06615e+06,
7.17104e+06,
7.26843e+06,
7.36299e+06,
7.45414e+06,
7.54372e+06,
7.63172e+06,
7.71827e+06,
7.81602e+06,
7.91453e+06,
8.01601e+06,
8.11565e+06,
8.2081e+06,
8.29743e+06,
8.3847e+06,
8.47065e+06,
8.55414e+06,
8.64162e+06,
8.73751e+06,
8.83061e+06,
8.92536e+06,
9.02173e+06,
9.1119e+06,
9.19988e+06,
9.28579e+06,
9.37225e+06,
9.45767e+06,
9.54505e+06,
9.63901e+06,
9.73318e+06,
9.82701e+06,
9.92363e+06,
1.00159e+07,
1.01082e+07,
1.01972e+07,
1.02818e+07,
1.03645e+07,
1.04509e+07,
1.05405e+07,
1.06303e+07,
1.07204e+07,
1.08163e+07,
1.09114e+07,
1.09989e+07,
1.10817e+07,
1.11634e+07,
1.12434e+07,
1.13322e+07,
1.14209e+07,
1.15108e+07,
1.16067e+07,
1.17015e+07,
1.17935e+07,
1.18785e+07,
1.19618e+07,
1.20428e+07,
1.21236e+07,
1.22155e+07,
1.23143e+07,
1.24095e+07,
1.25016e+07,
1.25934e+07,
1.26858e+07,
1.27722e+07,
1.28563e+07,
1.29386e+07,
1.30339e+07,
1.31488e+07,
1.32519e+07,
1.3346e+07,
1.34421e+07,
1.35383e+07,
1.36389e+07,
1.37296e+07,
1.38177e+07,
1.39084e+07,
1.40189e+07,
1.4122e+07,
1.42194e+07,
1.43155e+07,
1.44113e+07,
1.4507e+07,
1.46062e+07,
1.47038e+07,
1.48067e+07,
1.49189e+07,
1.50282e+07,
1.51309e+07,
1.52311e+07,
1.53295e+07,
1.54251e+07,
1.55219e+07,
1.56241e+07,
1.57274e+07,
1.58324e+07,
1.59401e+07,
1.60421e+07,
1.6141e+07,
1.62392e+07,
1.6335e+07,
1.64332e+07,
1.65331e+07,
1.66355e+07,
1.67435e+07,
1.68537e+07,
1.69591e+07,
1.70609e+07,
1.71593e+07,
1.72574e+07,
1.73565e+07,
1.74549e+07,
1.75549e+07,
1.76566e+07,
1.77638e+07,
1.78684e+07,
1.79699e+07,
1.80689e+07,
1.81693e+07,
1.82691e+07,
1.83684e+07,
1.84692e+07,
1.85762e+07,
1.86911e+07,
1.88058e+07,
1.89185e+07,
1.90294e+07,
1.91418e+07,
1.92631e+07,
1.93778e+07,
1.94882e+07,
1.95974e+07,
1.9709e+07,
1.98225e+07,
1.99363e+07,
2.00474e+07,
2.01561e+07,
2.02652e+07,
2.03758e+07,
2.04861e+07,
2.05961e+07,
2.07069e+07,
2.08194e+07,
2.09347e+07,
2.10494e+07,
2.11676e+07,
2.12819e+07,
2.13943e+07,
2.15057e+07,
2.16168e+07,
2.17267e+07,
2.18373e+07,
2.19488e+07,
2.20608e+07,
2.21731e+07,
2.22867e+07,
2.23992e+07,
2.25087e+07,
2.26183e+07,
2.27267e+07,
2.28356e+07,
2.29444e+07,
2.30525e+07,
2.316e+07,
2.32671e+07,
2.33766e+07,
2.34865e+07,
478966,
478969,
479035,
479061,
479209,
479233,
479302,
479337,
479437,
479553,
479614,
479688,
479794,
479885,
480015,
480055,
480152,
480225,
480325,
480370,
480402,
480448,
480421,
480500,
480608,
480701,
480766,
480801,
480866,
480949,
481001,
481043,
481148,
481309,
481381,
481421,
481590,
481662,
481759,
481884,
481955,
482056,
482185,
482210,
482366,
482432,
482522,
482570,
482564,
482740,
482911,
483004,
483201,
483314,
483499,
483622,
483704,
483827,
483906,
484032,
484047,
484128,
484233,
484318,
484449,
484563,
484703,
484872,
485045,
485143,
485192,
485239,
485374,
485451,
485584,
485643,
485806,
485907,
485905,
485996,
486107,
486150,
486114,
486142,
486261,
486388,
486523,
486730,
486960,
487224,
487525,
487708,
487948,
488177,
488394,
488605,
488824,
489156,
489440,
489794,
490069,
490285,
490583,
490714,
490947,
491194,
491534,
491945,
492257,
492584,
492876,
493210,
493492,
493741,
494013,
494225,
494556,
494921,
495316,
495687,
496114,
496492,
496868,
497234,
497667,
498115,
498577,
499001,
499416,
499969,
500578,
501097,
501609,
501998,
502528,
503089,
503805,
504370,
504906,
505442,
506065,
506684,
507196,
507845,
508435,
509098,
509799,
510524,
511171,
511822,
512376,
513102,
513793,
514501,
515220,
516063,
516824,
517668,
518329,
519065,
519929,
520731,
521546,
522373,
523256,
524272,
525297,
526092,
527094,
528019,
529046,
529979,
530822,
531657,
532569,
533601,
534507,
535537,
536594,
537524,
538508,
539579,
540558,
541488,
542390,
543406,
544462,
545494,
546522,
547608,
548697,
549690,
550781,
551874,
552925,
554069,
555268,
556479,
557598,
558663,
559762,
560845,
562013,
563300,
564548,
565722,
566889,
568193,
569371,
570600,
571848,
573067,
574265,
575601,
576948,
578367,
579539,
580937,
582324,
583619,
585131,
586637,
588166,
589905,
592276,
594722,
597157,
599677,
602099,
604527,
606923,
609156,
611740,
614189,
616808,
619438,
622206,
624804,
627458,
630251,
632841,
635637,
638444,
640926,
643735,
646247,
648826,
651630,
654525,
657177,
659839,
662627,
665549,
668602,
671631,
674728,
677740,
680840,
683863,
686832,
689911,
692921,
695972,
699063,
702423,
705556,
708923,
712041,
715199,
718323,
721632,
724958,
728291,
731733,
735282,
738778,
742107,
745521,
749107,
752496,
755830,
759199,
762882,
766646,
770196,
774002,
777947,
781798,
785488,
789067,
793050,
796865,
800713,
804578,
808387,
812288,
816253,
820381,
824430,
828631,
832796,
836668,
840544,
844637,
848676,
852797,
856830,
861048,
865268,
869374,
873672,
878087,
882392,
886864,
891281,
895815,
900233,
904616,
909116,
913678,
918138,
922718,
927527,
932000,
936596,
941167,
946109,
950829,
955327,
960132,
964840,
969477,
974142,
978888,
983805,
988366,
993194,
998285,
1.00305e+06,
1.00807e+06,
1.01301e+06,
1.01804e+06,
1.02326e+06,
1.0283e+06,
1.03344e+06,
1.03848e+06,
1.04349e+06,
1.04875e+06,
1.05384e+06,
1.05923e+06,
1.06456e+06,
1.07004e+06,
1.07531e+06,
1.08043e+06,
1.08562e+06,
1.09106e+06,
1.09631e+06,
1.10176e+06,
1.10722e+06,
1.11261e+06,
1.11795e+06,
1.12321e+06,
1.12867e+06,
1.13392e+06,
1.13933e+06,
1.14466e+06,
1.15025e+06,
1.15593e+06,
1.16131e+06,
1.16695e+06,
1.17267e+06,
1.17838e+06,
1.18424e+06,
1.18997e+06,
1.19586e+06,
1.20182e+06,
1.20776e+06,
1.21354e+06,
1.21949e+06,
1.22573e+06,
1.23168e+06,
1.23761e+06,
1.24333e+06,
1.24913e+06,
1.25523e+06,
1.26128e+06,
1.26725e+06,
1.27336e+06,
1.27956e+06,
1.28582e+06,
1.29198e+06,
1.29792e+06,
1.30419e+06,
1.31046e+06,
1.31662e+06,
1.32296e+06,
1.32915e+06,
1.33566e+06,
1.34201e+06,
1.34853e+06,
1.35493e+06,
1.36137e+06,
1.36786e+06,
1.37433e+06,
1.381e+06,
1.38765e+06,
1.39441e+06,
1.40098e+06,
1.40776e+06,
1.41437e+06,
1.42111e+06,
1.42774e+06,
1.43447e+06,
1.44119e+06,
1.44805e+06,
1.45491e+06,
1.46175e+06,
1.4689e+06,
1.47588e+06,
1.48299e+06,
1.49007e+06,
1.49688e+06,
1.50393e+06,
1.51082e+06,
1.51786e+06,
1.52504e+06,
1.53243e+06,
1.53952e+06,
1.54674e+06,
1.55403e+06,
1.56154e+06,
1.56893e+06,
1.57637e+06,
1.58399e+06,
1.59135e+06,
1.59918e+06,
1.60673e+06,
1.61426e+06,
1.62171e+06,
1.6293e+06,
1.63694e+06,
1.64447e+06,
1.65236e+06,
1.66003e+06,
1.66787e+06,
1.67591e+06,
1.68376e+06,
1.69173e+06,
1.69992e+06,
1.70766e+06,
1.7154e+06,
1.72355e+06,
1.73159e+06,
1.73977e+06,
1.74812e+06,
1.75627e+06,
1.76468e+06,
1.77295e+06,
1.78103e+06,
1.789e+06,
1.79754e+06,
1.80593e+06,
1.81441e+06,
1.82277e+06,
1.83147e+06,
1.84009e+06,
1.84892e+06,
1.85764e+06,
1.86648e+06,
1.87534e+06,
1.88412e+06,
1.89307e+06,
1.90191e+06,
1.91091e+06,
1.91985e+06,
1.92873e+06,
1.93785e+06,
1.94718e+06,
1.95655e+06,
1.9661e+06,
1.9754e+06,
1.98443e+06,
1.99378e+06,
2.00294e+06,
2.01255e+06,
2.0223e+06,
2.03167e+06,
2.04164e+06,
2.05122e+06,
2.06111e+06,
2.07074e+06,
2.0808e+06,
2.09082e+06,
2.10078e+06,
2.11107e+06,
2.12141e+06,
2.13171e+06,
2.14199e+06,
2.15293e+06,
2.1636e+06,
2.17399e+06,
2.18466e+06,
2.19531e+06,
2.20603e+06,
2.21679e+06,
2.2275e+06,
2.23849e+06,
2.24966e+06,
2.26066e+06,
2.27208e+06,
2.28317e+06,
2.29445e+06,
2.30582e+06,
2.31673e+06,
2.32767e+06,
2.33947e+06,
2.35129e+06,
2.36318e+06,
2.3751e+06,
2.38695e+06,
2.39911e+06,
2.41095e+06,
2.42296e+06,
2.43515e+06,
2.44757e+06,
2.46044e+06,
2.47331e+06,
2.48576e+06,
2.49855e+06,
2.51114e+06,
2.52394e+06,
2.53696e+06,
2.54978e+06,
2.56292e+06,
2.57632e+06,
2.58944e+06,
2.60275e+06,
2.61616e+06,
2.62995e+06,
2.64385e+06,
2.65792e+06,
2.67254e+06,
2.68638e+06,
2.70054e+06,
2.7148e+06,
2.72922e+06,
2.74381e+06,
2.75892e+06,
2.7743e+06,
2.78964e+06,
2.80515e+06,
2.82111e+06,
2.83704e+06,
2.85297e+06,
2.86919e+06,
2.88589e+06,
2.90313e+06,
2.92041e+06,
2.93719e+06,
2.95467e+06,
2.97225e+06,
2.98998e+06,
3.00765e+06,
3.0258e+06,
3.04435e+06,
3.06273e+06,
3.08181e+06,
3.10131e+06,
3.12171e+06,
3.14258e+06,
3.16317e+06,
3.1832e+06,
3.2038e+06,
3.2243e+06,
3.2452e+06,
3.26689e+06,
3.28927e+06,
3.31186e+06,
3.3343e+06,
3.35678e+06,
3.38015e+06,
3.40388e+06,
3.42788e+06,
3.452e+06,
3.47618e+06,
3.50089e+06,
3.52556e+06,
3.5512e+06,
3.57808e+06,
3.60469e+06,
3.63195e+06,
3.65871e+06,
3.68649e+06,
3.71436e+06,
3.74296e+06,
3.77162e+06,
3.80102e+06,
3.83087e+06,
3.86205e+06,
3.89395e+06,
3.92632e+06,
3.95854e+06,
3.99145e+06,
4.02501e+06,
4.06003e+06,
4.09593e+06,
4.13225e+06,
4.16962e+06,
4.20919e+06,
4.24937e+06,
4.29062e+06,
4.33301e+06,
4.37642e+06,
4.42209e+06,
4.47117e+06,
4.57046e+06,
4.69725e+06,
4.84106e+06,
5.00954e+06,
5.13954e+06,
5.25401e+06,
5.36092e+06,
5.46378e+06,
5.56143e+06,
5.65635e+06,
5.75943e+06,
5.86426e+06,
5.97081e+06,
6.08201e+06,
6.18721e+06,
6.28953e+06,
6.38782e+06,
6.48307e+06,
6.57426e+06,
6.66416e+06,
6.7629e+06,
6.86257e+06,
6.96104e+06,
7.06169e+06,
7.16199e+06,
7.25388e+06,
7.34241e+06,
7.42889e+06,
7.51316e+06,
7.59849e+06,
7.69224e+06,
7.78509e+06,
7.87758e+06,
7.97201e+06,
8.06778e+06,
8.15571e+06,
8.2424e+06,
8.32599e+06,
8.4088e+06,
8.49318e+06,
8.5824e+06,
8.67289e+06,
8.76254e+06,
8.85201e+06,
8.94614e+06,
9.0335e+06,
9.11822e+06,
9.20193e+06,
9.28282e+06,
9.36743e+06,
9.45895e+06,
9.54881e+06,
9.63891e+06,
9.73046e+06,
9.82532e+06,
9.91548e+06,
9.99961e+06,
1.00817e+07,
1.01614e+07,
1.02474e+07,
1.03343e+07,
1.04227e+07,
1.05115e+07,
1.05994e+07,
1.06871e+07,
1.07748e+07,
1.08571e+07,
1.09368e+07,
1.10172e+07,
1.1106e+07,
1.11943e+07,
1.12841e+07,
1.13719e+07,
1.14569e+07,
1.15426e+07,
1.16295e+07,
1.17119e+07,
1.17914e+07,
1.18776e+07,
1.1971e+07,
1.20628e+07,
1.21497e+07,
1.22357e+07,
1.23198e+07,
1.24048e+07,
1.24922e+07,
1.25765e+07,
1.26589e+07,
1.27658e+07,
1.28634e+07,
1.29568e+07,
1.30479e+07,
1.31368e+07,
1.32265e+07,
1.33153e+07,
1.34102e+07,
1.3509e+07,
1.36167e+07,
1.37182e+07,
1.38148e+07,
1.3908e+07,
1.40001e+07,
1.40914e+07,
1.41825e+07,
1.42756e+07,
1.43785e+07,
1.44897e+07,
1.45954e+07,
1.46963e+07,
1.47941e+07,
1.48901e+07,
1.49837e+07,
1.50767e+07,
1.51705e+07,
1.5268e+07,
1.53702e+07,
1.54782e+07,
1.55808e+07,
1.56788e+07,
1.5775e+07,
1.58692e+07,
1.59625e+07,
1.60583e+07,
1.61558e+07,
1.62558e+07,
1.63598e+07,
1.64643e+07,
1.65683e+07,
1.66682e+07,
1.67653e+07,
1.68605e+07,
1.69565e+07,
1.70527e+07,
1.71496e+07,
1.7248e+07,
1.7348e+07,
1.74496e+07,
1.75538e+07,
1.76535e+07,
1.77521e+07,
1.78523e+07,
1.79549e+07,
1.80602e+07,
1.81659e+07,
1.82724e+07,
1.83783e+07,
1.84837e+07,
1.85912e+07,
1.87e+07,
1.88161e+07,
1.89311e+07,
1.90408e+07,
1.91492e+07,
1.92576e+07,
1.93649e+07,
1.94716e+07,
1.95776e+07,
1.96818e+07,
1.97891e+07,
1.98966e+07,
2.00041e+07,
2.01103e+07,
2.02177e+07,
2.03259e+07,
2.04333e+07,
2.05409e+07,
2.06479e+07,
2.07565e+07,
2.08719e+07,
2.09828e+07,
2.10936e+07,
2.1203e+07,
2.13105e+07,
2.14169e+07,
2.15234e+07,
2.16278e+07,
2.1733e+07,
2.18407e+07,
2.19507e+07,
2.20612e+07,
2.21699e+07,
2.22766e+07,
2.23814e+07,
2.24853e+07,
2.25887e+07,
478966,
478977,
479070,
479099,
479297,
479292,
479383,
479450,
479571,
479693,
479721,
479827,
479991,
480067,
480198,
480245,
480373,
480424,
480494,
480557,
480673,
480740,
480715,
480741,
480880,
480933,
481061,
481119,
481227,
481318,
481331,
481413,
481580,
481735,
481798,
481944,
482086,
482157,
482308,
482448,
482471,
482663,
482780,
482811,
482918,
483017,
483136,
483253,
483307,
483449,
483571,
483710,
483872,
484000,
484174,
484392,
484475,
484589,
484767,
484917,
484978,
485168,
485281,
485318,
485472,
485598,
485685,
485823,
485942,
486118,
486201,
486345,
486480,
486600,
486769,
486845,
487070,
487236,
487364,
487489,
487517,
487585,
487654,
487782,
487768,
487917,
487981,
487992,
488162,
488427,
488614,
488818,
489028,
489216,
489530,
489770,
490027,
490320,
490538,
490832,
491129,
491490,
491769,
492004,
492290,
492564,
492978,
493282,
493616,
493941,
494247,
494560,
494859,
495127,
495477,
495759,
496091,
496567,
496932,
497332,
497753,
498139,
498587,
498967,
499446,
499919,
500345,
500792,
501340,
501895,
502452,
503003,
503576,
503990,
504634,
505245,
505847,
506428,
507088,
507686,
508294,
508922,
509539,
510092,
510781,
511587,
512285,
512999,
513614,
514354,
515073,
515918,
516646,
517310,
518101,
518917,
519748,
520483,
521365,
522135,
523088,
524081,
524972,
525884,
526831,
527752,
528690,
529558,
530481,
531463,
532335,
533326,
534420,
535307,
536432,
537413,
538372,
539468,
540523,
541635,
542689,
543808,
544817,
545760,
546829,
547967,
549064,
550195,
551284,
552354,
553527,
554754,
555877,
556940,
557982,
559112,
560242,
561365,
562577,
563785,
565103,
566363,
567638,
568794,
570150,
571496,
572808,
574097,
575213,
576524,
577946,
579316,
580740,
582049,
583600,
584914,
586234,
587685,
589207,
590797,
592201,
593648,
595261,
596754,
598615,
600363,
602119,
603842,
605407,
607219,
609875,
612259,
614800,
617177,
619839,
622612,
625152,
627798,
630505,
633419,
636197,
638869,
641528,
644071,
646871,
649624,
652466,
655334,
658042,
660874,
663717,
666568,
669531,
672686,
675754,
678547,
681488,
684512,
687539,
690636,
693707,
697097,
700450,
703740,
706935,
710105,
713470,
716792,
720135,
723588,
726960,
730547,
734004,
737327,
740922,
744461,
748010,
751586,
754944,
758599,
762211,
765705,
769306,
772841,
776520,
780369,
784075,
787938,
791622,
795539,
799606,
803517,
807360,
811397,
815308,
819304,
823196,
827030,
831296,
835424,
839774,
844129,
848390,
852538,
856717,
860948,
864921,
869087,
873273,
877526,
881774,
886142,
890448,
894565,
899067,
903488,
908148,
912442,
916865,
921490,
926221,
930637,
934975,
939632,
944571,
949197,
953862,
958537,
963243,
967976,
972789,
977587,
982284,
987145,
992177,
997129,
1.00214e+06,
1.00718e+06,
1.01224e+06,
1.01725e+06,
1.02226e+06,
1.02716e+06,
1.03207e+06,
1.037e+06,
1.04206e+06,
1.04701e+06,
1.05208e+06,
1.05695e+06,
1.06198e+06,
1.06693e+06,
1.07233e+06,
1.07754e+06,
1.08282e+06,
1.08805e+06,
1.0934e+06,
1.09879e+06,
1.10409e+06,
1.10942e+06,
1.11481e+06,
1.12028e+06,
1.12578e+06,
1.13127e+06,
1.1367e+06,
1.14206e+06,
1.14753e+06,
1.15306e+06,
1.15857e+06,
1.16414e+06,
1.16979e+06,
1.17547e+06,
1.18108e+06,
1.18682e+06,
1.19259e+06,
1.19833e+06,
1.20417e+06,
1.20992e+06,
1.21584e+06,
1.2216e+06,
1.22754e+06,
1.23332e+06,
1.23927e+06,
1.24522e+06,
1.25132e+06,
1.25738e+06,
1.26344e+06,
1.26947e+06,
1.27562e+06,
1.28176e+06,
1.28795e+06,
1.2941e+06,
1.30027e+06,
1.30639e+06,
1.31255e+06,
1.31857e+06,
1.32486e+06,
1.33103e+06,
1.33746e+06,
1.34413e+06,
1.35072e+06,
1.35729e+06,
1.36374e+06,
1.37018e+06,
1.37663e+06,
1.38308e+06,
1.38975e+06,
1.39638e+06,
1.40311e+06,
1.40943e+06,
1.41633e+06,
1.42302e+06,
1.4298e+06,
1.43647e+06,
1.44326e+06,
1.45018e+06,
1.45698e+06,
1.46398e+06,
1.47079e+06,
1.47772e+06,
1.48477e+06,
1.49177e+06,
1.49908e+06,
1.50581e+06,
1.51291e+06,
1.51991e+06,
1.52718e+06,
1.53433e+06,
1.54177e+06,
1.54898e+06,
1.55624e+06,
1.56347e+06,
1.57076e+06,
1.57805e+06,
1.58517e+06,
1.59228e+06,
1.59968e+06,
1.60697e+06,
1.61459e+06,
1.62214e+06,
1.62948e+06,
1.63712e+06,
1.64461e+06,
1.65226e+06,
1.65992e+06,
1.66764e+06,
1.67547e+06,
1.68315e+06,
1.69108e+06,
1.69907e+06,
1.7071e+06,
1.71503e+06,
1.72311e+06,
1.73104e+06,
1.73926e+06,
1.74696e+06,
1.75474e+06,
1.76283e+06,
1.77114e+06,
1.77954e+06,
1.78802e+06,
1.79637e+06,
1.80483e+06,
1.81311e+06,
1.82147e+06,
1.82956e+06,
1.83786e+06,
1.84655e+06,
1.85493e+06,
1.86364e+06,
1.87202e+06,
1.88083e+06,
1.88942e+06,
1.89835e+06,
1.90718e+06,
1.91579e+06,
1.92467e+06,
1.93374e+06,
1.94267e+06,
1.95163e+06,
1.96066e+06,
1.96982e+06,
1.97925e+06,
1.98879e+06,
1.99796e+06,
2.00689e+06,
2.016e+06,
2.02548e+06,
2.03522e+06,
2.04462e+06,
2.0544e+06,
2.06399e+06,
2.07391e+06,
2.08375e+06,
2.09346e+06,
2.10328e+06,
2.11284e+06,
2.12257e+06,
2.13276e+06,
2.14277e+06,
2.15287e+06,
2.16314e+06,
2.17365e+06,
2.18427e+06,
2.19474e+06,
2.20495e+06,
2.21565e+06,
2.22637e+06,
2.23736e+06,
2.248e+06,
2.25889e+06,
2.27001e+06,
2.28109e+06,
2.29218e+06,
2.30327e+06,
2.3143e+06,
2.32566e+06,
2.33668e+06,
2.34829e+06,
2.35959e+06,
2.37115e+06,
2.38292e+06,
2.39457e+06,
2.40632e+06,
2.41805e+06,
2.42948e+06,
2.44112e+06,
2.45315e+06,
2.46491e+06,
2.47694e+06,
2.48939e+06,
2.50231e+06,
2.5149e+06,
2.52754e+06,
2.54036e+06,
2.55297e+06,
2.56562e+06,
2.57886e+06,
2.59205e+06,
2.60527e+06,
2.61862e+06,
2.63192e+06,
2.64539e+06,
2.65889e+06,
2.6722e+06,
2.68501e+06,
2.69894e+06,
2.71303e+06,
2.72759e+06,
2.74197e+06,
2.75628e+06,
2.77107e+06,
2.78599e+06,
2.80125e+06,
2.81626e+06,
2.8317e+06,
2.84745e+06,
2.86325e+06,
2.87888e+06,
2.89499e+06,
2.91133e+06,
2.92786e+06,
2.94446e+06,
2.9615e+06,
2.97865e+06,
2.99571e+06,
3.013e+06,
3.03084e+06,
3.04909e+06,
3.06699e+06,
3.08521e+06,
3.10355e+06,
3.12238e+06,
3.14187e+06,
3.16224e+06,
3.18245e+06,
3.2027e+06,
3.22322e+06,
3.2435e+06,
3.26397e+06,
3.28524e+06,
3.30645e+06,
3.32842e+06,
3.35072e+06,
3.37217e+06,
3.39436e+06,
3.41675e+06,
3.44e+06,
3.46389e+06,
3.48793e+06,
3.51175e+06,
3.53568e+06,
3.56017e+06,
3.58529e+06,
3.61113e+06,
3.63657e+06,
3.66229e+06,
3.68894e+06,
3.71632e+06,
3.74449e+06,
3.77297e+06,
3.80171e+06,
3.82963e+06,
3.85903e+06,
3.88861e+06,
3.919e+06,
3.95e+06,
3.98129e+06,
4.01321e+06,
4.04598e+06,
4.07953e+06,
4.11393e+06,
4.14852e+06,
4.18384e+06,
4.22159e+06,
4.25986e+06,
4.29939e+06,
4.34031e+06,
4.38132e+06,
4.42485e+06,
4.48915e+06,
4.60146e+06,
4.71907e+06,
4.84651e+06,
5.00065e+06,
5.14264e+06,
5.2585e+06,
5.36567e+06,
5.4677e+06,
5.56515e+06,
5.66398e+06,
5.76777e+06,
5.87205e+06,
5.97538e+06,
6.07944e+06,
6.18218e+06,
6.27811e+06,
6.37043e+06,
6.46048e+06,
6.54707e+06,
6.63768e+06,
6.73231e+06,
6.82639e+06,
6.9203e+06,
7.01171e+06,
7.10692e+06,
7.19616e+06,
7.28229e+06,
7.36632e+06,
7.44863e+06,
7.53603e+06,
7.62606e+06,
7.71466e+06,
7.80282e+06,
7.88957e+06,
7.9788e+06,
8.06651e+06,
8.14973e+06,
8.2326e+06,
8.31248e+06,
8.39976e+06,
8.48725e+06,
8.5732e+06,
8.65855e+06,
8.74348e+06,
8.82819e+06,
8.91661e+06,
9.00047e+06,
9.08053e+06,
9.16366e+06,
9.25219e+06,
9.34e+06,
9.42688e+06,
9.51374e+06,
9.60011e+06,
9.6843e+06,
9.77099e+06,
9.85436e+06,
9.93431e+06,
1.00185e+07,
1.01039e+07,
1.01893e+07,
1.02742e+07,
1.03572e+07,
1.04385e+07,
1.05186e+07,
1.0602e+07,
1.06851e+07,
1.07646e+07,
1.08526e+07,
1.09404e+07,
1.10252e+07,
1.11077e+07,
1.11897e+07,
1.12714e+07,
1.13513e+07,
1.14315e+07,
1.15146e+07,
1.16036e+07,
1.1694e+07,
1.17812e+07,
1.18644e+07,
1.19455e+07,
1.20271e+07,
1.21071e+07,
1.21811e+07,
1.22592e+07,
1.23514e+07,
1.24533e+07,
1.25446e+07,
1.26336e+07,
1.27228e+07,
1.28126e+07,
1.29002e+07,
1.29879e+07,
1.30759e+07,
1.31713e+07,
1.32753e+07,
1.33784e+07,
1.34744e+07,
1.35672e+07,
1.3659e+07,
1.37483e+07,
1.38382e+07,
1.39298e+07,
1.40285e+07,
1.413e+07,
1.42307e+07,
1.43312e+07,
1.44277e+07,
1.45216e+07,
1.46147e+07,
1.47061e+07,
1.47969e+07,
1.48927e+07,
1.49904e+07,
1.5088e+07,
1.51847e+07,
1.52825e+07,
1.53805e+07,
1.54747e+07,
1.55663e+07,
1.56592e+07,
1.57559e+07,
1.58536e+07,
1.59514e+07,
1.60494e+07,
1.61453e+07,
1.62424e+07,
1.6342e+07,
1.6438e+07,
1.6533e+07,
1.66284e+07,
1.67239e+07,
1.68182e+07,
1.69144e+07,
1.70117e+07,
1.71093e+07,
1.72073e+07,
1.73096e+07,
1.74148e+07,
1.75178e+07,
1.7621e+07,
1.77229e+07,
1.78256e+07,
1.79259e+07,
1.8027e+07,
1.81282e+07,
1.82296e+07,
1.83372e+07,
1.84557e+07,
1.85667e+07,
1.86743e+07,
1.87796e+07,
1.88834e+07,
1.89856e+07,
1.90871e+07,
1.91879e+07,
1.92879e+07,
1.93935e+07,
1.95001e+07,
1.9605e+07,
1.97086e+07,
1.98121e+07,
1.99135e+07,
2.00154e+07,
2.01175e+07,
2.02191e+07,
2.03241e+07,
2.04306e+07,
2.05388e+07,
2.06509e+07,
2.07574e+07,
2.08626e+07,
2.09663e+07,
2.10685e+07,
2.11696e+07,
2.12715e+07,
2.13745e+07,
2.14783e+07,
2.15824e+07,
2.16907e+07,
478966,
479012,
479106,
479149,
479339,
479352,
479447,
479527,
479662,
479789,
479886,
479968,
480136,
480260,
480371,
480466,
480582,
480645,
480721,
480788,
480898,
481008,
481003,
481110,
481166,
481297,
481355,
481435,
481515,
481619,
481707,
481760,
481955,
482148,
482311,
482439,
482580,
482651,
482761,
482911,
483014,
483168,
483262,
483382,
483534,
483621,
483725,
483832,
483960,
484061,
484168,
484377,
484545,
484702,
484900,
485065,
485240,
485400,
485552,
485710,
485910,
486081,
486236,
486403,
486523,
486643,
486722,
486857,
487034,
487124,
487322,
487459,
487641,
487758,
487911,
488021,
488318,
488464,
488559,
488774,
488829,
488961,
489140,
489250,
489329,
489399,
489569,
489579,
489708,
489940,
490112,
490244,
490378,
490571,
490821,
490962,
491195,
491417,
491738,
492124,
492420,
492730,
493011,
493309,
493607,
493926,
494259,
494616,
494927,
495308,
495595,
495935,
496279,
496640,
496998,
497354,
497815,
498253,
498623,
499074,
499403,
499851,
500388,
500802,
501329,
501843,
502280,
502718,
503292,
503858,
504381,
504992,
505557,
506146,
506748,
507346,
507991,
508629,
509336,
509958,
510501,
511161,
511822,
512533,
513252,
513987,
514817,
515564,
516321,
517221,
517977,
518689,
519500,
520203,
520983,
521824,
522636,
523499,
524484,
525460,
526417,
527210,
528177,
529155,
530137,
531125,
532069,
533144,
534268,
535351,
536285,
537336,
538310,
539272,
540352,
541408,
542562,
543573,
544633,
545840,
546924,
547990,
549158,
550260,
551463,
552613,
553642,
554968,
556174,
557395,
558440,
559646,
560746,
562054,
563245,
564564,
565745,
567026,
568426,
569756,
570957,
572340,
573526,
574800,
576100,
577519,
578740,
580162,
581553,
583050,
584472,
585882,
587441,
588800,
590283,
591983,
593587,
595227,
596902,
598565,
600211,
601823,
603418,
604999,
606688,
608303,
609919,
611686,
613479,
615269,
617034,
618916,
620654,
622443,
624104,
625993,
628194,
630878,
633535,
636322,
639017,
641631,
644552,
647465,
650338,
653198,
656037,
659117,
661982,
664963,
667962,
671011,
674075,
677235,
680190,
683134,
686169,
689163,
692163,
695506,
698689,
701918,
705160,
708296,
711696,
715027,
718230,
721654,
725066,
728528,
731998,
735390,
739092,
742763,
746453,
749994,
753776,
757474,
761169,
765004,
768767,
772453,
776037,
779691,
783618,
787407,
791157,
795149,
798978,
802873,
806638,
810399,
814247,
818057,
821878,
825983,
830033,
834407,
838623,
842658,
846801,
850966,
855314,
859496,
863686,
867976,
872339,
876876,
881090,
885394,
889849,
894189,
898711,
903023,
907534,
911842,
916124,
920553,
925335,
929538,
934072,
938550,
943068,
947408,
952042,
956661,
961191,
966008,
970668,
975567,
980361,
985282,
990190,
995083,
999943,
1.00485e+06,
1.00963e+06,
1.01475e+06,
1.01973e+06,
1.02475e+06,
1.02973e+06,
1.03473e+06,
1.03971e+06,
1.04452e+06,
1.04965e+06,
1.05485e+06,
1.05986e+06,
1.06526e+06,
1.07041e+06,
1.0755e+06,
1.08066e+06,
1.08566e+06,
1.09079e+06,
1.09608e+06,
1.10128e+06,
1.10652e+06,
1.11202e+06,
1.11763e+06,
1.12279e+06,
1.12819e+06,
1.13361e+06,
1.13919e+06,
1.14462e+06,
1.1501e+06,
1.15545e+06,
1.16126e+06,
1.16717e+06,
1.17288e+06,
1.17866e+06,
1.18435e+06,
1.19002e+06,
1.19597e+06,
1.20171e+06,
1.20768e+06,
1.21362e+06,
1.21934e+06,
1.22517e+06,
1.23102e+06,
1.23684e+06,
1.24252e+06,
1.24857e+06,
1.25465e+06,
1.26061e+06,
1.26644e+06,
1.27228e+06,
1.27821e+06,
1.28428e+06,
1.29033e+06,
1.29631e+06,
1.30274e+06,
1.30917e+06,
1.31542e+06,
1.3219e+06,
1.32821e+06,
1.33452e+06,
1.3408e+06,
1.34721e+06,
1.35372e+06,
1.36011e+06,
1.36639e+06,
1.37292e+06,
1.37939e+06,
1.38592e+06,
1.39231e+06,
1.39892e+06,
1.4055e+06,
1.41185e+06,
1.41838e+06,
1.42508e+06,
1.43192e+06,
1.43869e+06,
1.44548e+06,
1.45209e+06,
1.45871e+06,
1.46552e+06,
1.47237e+06,
1.47914e+06,
1.48615e+06,
1.493e+06,
1.49999e+06,
1.50709e+06,
1.51412e+06,
1.52107e+06,
1.52811e+06,
1.53522e+06,
1.54241e+06,
1.54953e+06,
1.55662e+06,
1.5638e+06,
1.57097e+06,
1.57828e+06,
1.58569e+06,
1.59288e+06,
1.59978e+06,
1.60716e+06,
1.61465e+06,
1.62218e+06,
1.62966e+06,
1.63712e+06,
1.64467e+06,
1.65207e+06,
1.65961e+06,
1.66714e+06,
1.67487e+06,
1.68233e+06,
1.68997e+06,
1.69766e+06,
1.70519e+06,
1.71307e+06,
1.72101e+06,
1.72867e+06,
1.73679e+06,
1.7448e+06,
1.7527e+06,
1.76093e+06,
1.76912e+06,
1.77754e+06,
1.78554e+06,
1.7937e+06,
1.80181e+06,
1.81004e+06,
1.81839e+06,
1.82687e+06,
1.83513e+06,
1.84358e+06,
1.85192e+06,
1.86032e+06,
1.86884e+06,
1.8774e+06,
1.88591e+06,
1.89456e+06,
1.90308e+06,
1.91181e+06,
1.92062e+06,
1.92935e+06,
1.93792e+06,
1.94684e+06,
1.95602e+06,
1.96498e+06,
1.97359e+06,
1.98265e+06,
1.99167e+06,
2.00088e+06,
2.00975e+06,
2.01901e+06,
2.02834e+06,
2.03774e+06,
2.04751e+06,
2.05693e+06,
2.06631e+06,
2.07586e+06,
2.08533e+06,
2.09486e+06,
2.10466e+06,
2.11446e+06,
2.12428e+06,
2.13414e+06,
2.14399e+06,
2.15404e+06,
2.16377e+06,
2.1738e+06,
2.18373e+06,
2.19378e+06,
2.20403e+06,
2.21439e+06,
2.22494e+06,
2.23524e+06,
2.24553e+06,
2.25613e+06,
2.26639e+06,
2.27723e+06,
2.28816e+06,
2.29927e+06,
2.30995e+06,
2.32102e+06,
2.33218e+06,
2.34289e+06,
2.35381e+06,
2.36506e+06,
2.37618e+06,
2.38777e+06,
2.39944e+06,
2.41089e+06,
2.42232e+06,
2.43395e+06,
2.44539e+06,
2.45728e+06,
2.46936e+06,
2.48137e+06,
2.49338e+06,
2.50554e+06,
2.51772e+06,
2.52943e+06,
2.54167e+06,
2.55375e+06,
2.56632e+06,
2.57864e+06,
2.59142e+06,
2.60395e+06,
2.61673e+06,
2.63e+06,
2.64306e+06,
2.65624e+06,
2.66923e+06,
2.68224e+06,
2.6954e+06,
2.70896e+06,
2.72275e+06,
2.73696e+06,
2.75123e+06,
2.76519e+06,
2.77963e+06,
2.79394e+06,
2.80861e+06,
2.82311e+06,
2.83803e+06,
2.85335e+06,
2.86872e+06,
2.88398e+06,
2.89911e+06,
2.91508e+06,
2.93105e+06,
2.94694e+06,
2.96341e+06,
2.97993e+06,
2.99663e+06,
3.01288e+06,
3.02936e+06,
3.04681e+06,
3.06439e+06,
3.08245e+06,
3.10087e+06,
3.11905e+06,
3.137e+06,
3.1551e+06,
3.17353e+06,
3.1933e+06,
3.21387e+06,
3.23472e+06,
3.25508e+06,
3.27542e+06,
3.29555e+06,
3.31603e+06,
3.33666e+06,
3.35785e+06,
3.37941e+06,
3.40089e+06,
3.42248e+06,
3.44492e+06,
3.46774e+06,
3.49047e+06,
3.51375e+06,
3.53666e+06,
3.55981e+06,
3.58372e+06,
3.60849e+06,
3.63373e+06,
3.6594e+06,
3.6849e+06,
3.71035e+06,
3.73638e+06,
3.76297e+06,
3.79058e+06,
3.81746e+06,
3.84509e+06,
3.87305e+06,
3.90191e+06,
3.93114e+06,
3.96094e+06,
3.9914e+06,
4.02138e+06,
4.05274e+06,
4.08484e+06,
4.11786e+06,
4.1506e+06,
4.18429e+06,
4.21898e+06,
4.25494e+06,
4.29209e+06,
4.33049e+06,
4.36999e+06,
4.41044e+06,
4.48311e+06,
4.58812e+06,
4.69718e+06,
4.81084e+06,
4.93059e+06,
5.07271e+06,
5.2106e+06,
5.32297e+06,
5.42708e+06,
5.52693e+06,
5.62951e+06,
5.73099e+06,
5.83074e+06,
5.92955e+06,
6.02674e+06,
6.12342e+06,
6.21984e+06,
6.30999e+06,
6.3956e+06,
6.48086e+06,
6.57133e+06,
6.66092e+06,
6.74919e+06,
6.83714e+06,
6.92451e+06,
7.01272e+06,
7.10165e+06,
7.18809e+06,
7.26948e+06,
7.35139e+06,
7.43865e+06,
7.52363e+06,
7.6071e+06,
7.69098e+06,
7.77494e+06,
7.85761e+06,
7.94175e+06,
8.02723e+06,
8.10597e+06,
8.1878e+06,
8.274e+06,
8.35614e+06,
8.43893e+06,
8.52115e+06,
8.60248e+06,
8.68402e+06,
8.76524e+06,
8.84793e+06,
8.93002e+06,
9.01663e+06,
9.10356e+06,
9.18808e+06,
9.27115e+06,
9.35383e+06,
9.43554e+06,
9.51623e+06,
9.59634e+06,
9.67669e+06,
9.75967e+06,
9.84546e+06,
9.93025e+06,
1.00124e+07,
1.00924e+07,
1.01702e+07,
1.02482e+07,
1.03266e+07,
1.04031e+07,
1.04808e+07,
1.05688e+07,
1.06557e+07,
1.074e+07,
1.08207e+07,
1.08997e+07,
1.09785e+07,
1.10565e+07,
1.11331e+07,
1.12094e+07,
1.12922e+07,
1.13818e+07,
1.14697e+07,
1.15509e+07,
1.16257e+07,
1.17032e+07,
1.17791e+07,
1.1854e+07,
1.19285e+07,
1.201e+07,
1.21051e+07,
1.21991e+07,
1.22935e+07,
1.23837e+07,
1.24711e+07,
1.25578e+07,
1.26426e+07,
1.27273e+07,
1.28162e+07,
1.29118e+07,
1.30044e+07,
1.30956e+07,
1.31897e+07,
1.32863e+07,
1.33783e+07,
1.3469e+07,
1.35589e+07,
1.36525e+07,
1.37486e+07,
1.38437e+07,
1.39372e+07,
1.40292e+07,
1.41213e+07,
1.42159e+07,
1.43076e+07,
1.43984e+07,
1.44925e+07,
1.45874e+07,
1.46813e+07,
1.47733e+07,
1.48648e+07,
1.49571e+07,
1.50489e+07,
1.51413e+07,
1.52345e+07,
1.53296e+07,
1.54252e+07,
1.55212e+07,
1.56149e+07,
1.57076e+07,
1.58003e+07,
1.58923e+07,
1.59838e+07,
1.60765e+07,
1.61739e+07,
1.62699e+07,
1.63639e+07,
1.64598e+07,
1.65559e+07,
1.66507e+07,
1.67465e+07,
1.68441e+07,
1.69423e+07,
1.7042e+07,
1.71437e+07,
1.72476e+07,
1.73475e+07,
1.74473e+07,
1.75461e+07,
1.76452e+07,
1.77426e+07,
1.78417e+07,
1.79469e+07,
1.80585e+07,
1.81655e+07,
1.82715e+07,
1.83756e+07,
1.84768e+07,
1.85768e+07,
1.8674e+07,
1.87716e+07,
1.88698e+07,
1.89713e+07,
1.90733e+07,
1.91741e+07,
1.92743e+07,
1.93753e+07,
1.94744e+07,
1.95723e+07,
1.96705e+07,
1.97683e+07,
1.98703e+07,
1.99716e+07,
2.0073e+07,
2.01759e+07,
2.02779e+07,
2.03819e+07,
2.04862e+07,
2.05873e+07,
2.06869e+07,
2.07871e+07,
478966,
479028,
479136,
479199,
479382,
479417,
479518,
479600,
479754,
479881,
480022,
480116,
480301,
480460,
480511,
480656,
480793,
480892,
480970,
480997,
481120,
481180,
481260,
481341,
481481,
481602,
481676,
481786,
481915,
481990,
482070,
482185,
482384,
482531,
482695,
482844,
483008,
483112,
483302,
483440,
483548,
483656,
483814,
483882,
484070,
484234,
484354,
484495,
484556,
484751,
484915,
485135,
485239,
485424,
485598,
485796,
485977,
486114,
486411,
486594,
486782,
486959,
487141,
487326,
487410,
487576,
487745,
487860,
488086,
488327,
488556,
488658,
488723,
488916,
489030,
489201,
489391,
489525,
489752,
489896,
490130,
490222,
490492,
490532,
490762,
490898,
491052,
491261,
491454,
491598,
491697,
491877,
492061,
492238,
492395,
492556,
492784,
493006,
493173,
493400,
493620,
493911,
494246,
494557,
494787,
495124,
495472,
495867,
496263,
496710,
497114,
497509,
497901,
498132,
498495,
498942,
499379,
499870,
500338,
500750,
501258,
501667,
502121,
502611,
503071,
503606,
504113,
504694,
505286,
505925,
506465,
507097,
507746,
508316,
508897,
509532,
510130,
510881,
511592,
512301,
513017,
513791,
514583,
515219,
515996,
516777,
517580,
518409,
519277,
520100,
521008,
521811,
522699,
523402,
524248,
525118,
526054,
527001,
527993,
528875,
529851,
530848,
531872,
532862,
533947,
534799,
535863,
536938,
538067,
539266,
540277,
541404,
542506,
543526,
544598,
545871,
546897,
548056,
549285,
550414,
551639,
552870,
553950,
555001,
556155,
557276,
558511,
559734,
561001,
562339,
563598,
564982,
566205,
567407,
568725,
570135,
571397,
572813,
574201,
575639,
576980,
578397,
579801,
581146,
582622,
584016,
585408,
586921,
588344,
589954,
591504,
593012,
594600,
596173,
597718,
599462,
601069,
602666,
604265,
605900,
607572,
609386,
611280,
612890,
614633,
616318,
618174,
619937,
621798,
623556,
625500,
627353,
629311,
631317,
633208,
635146,
637023,
638927,
640863,
642826,
644828,
646844,
648885,
651077,
653720,
656741,
659828,
662831,
665926,
669051,
672196,
675202,
678322,
681276,
684330,
687509,
690658,
694008,
697449,
700739,
704063,
707259,
710546,
713732,
716964,
720398,
723698,
727131,
730636,
734072,
737563,
741048,
744571,
748153,
751848,
755649,
759215,
763037,
766941,
770695,
774423,
778195,
782041,
785885,
789699,
793594,
797624,
801366,
805490,
809541,
813525,
817540,
821610,
825541,
829651,
833682,
837537,
841499,
845937,
850094,
854029,
858198,
862501,
866664,
870726,
874885,
879316,
883622,
887856,
892456,
896841,
901225,
905871,
910290,
914688,
918961,
923556,
927913,
932539,
937209,
941829,
946324,
950994,
955705,
960312,
964945,
969662,
974295,
978851,
983483,
988310,
993225,
997922,
1.00256e+06,
1.00729e+06,
1.01218e+06,
1.01705e+06,
1.02206e+06,
1.02699e+06,
1.03231e+06,
1.03759e+06,
1.04282e+06,
1.04803e+06,
1.05335e+06,
1.05845e+06,
1.06375e+06,
1.0689e+06,
1.07406e+06,
1.07919e+06,
1.08447e+06,
1.08967e+06,
1.09486e+06,
1.10011e+06,
1.10503e+06,
1.11023e+06,
1.1156e+06,
1.12084e+06,
1.1263e+06,
1.13183e+06,
1.13735e+06,
1.1429e+06,
1.14831e+06,
1.15386e+06,
1.15927e+06,
1.16472e+06,
1.17018e+06,
1.17589e+06,
1.18136e+06,
1.18701e+06,
1.19292e+06,
1.19868e+06,
1.20476e+06,
1.21069e+06,
1.21653e+06,
1.22233e+06,
1.22809e+06,
1.23402e+06,
1.23992e+06,
1.24585e+06,
1.25175e+06,
1.25778e+06,
1.26379e+06,
1.26968e+06,
1.2756e+06,
1.28141e+06,
1.28771e+06,
1.29364e+06,
1.29979e+06,
1.30602e+06,
1.31207e+06,
1.31831e+06,
1.32443e+06,
1.33036e+06,
1.33641e+06,
1.34263e+06,
1.3489e+06,
1.35511e+06,
1.36133e+06,
1.36772e+06,
1.37422e+06,
1.38096e+06,
1.38752e+06,
1.39386e+06,
1.40037e+06,
1.40687e+06,
1.41333e+06,
1.41988e+06,
1.42649e+06,
1.43331e+06,
1.43997e+06,
1.44648e+06,
1.45323e+06,
1.46006e+06,
1.46684e+06,
1.47358e+06,
1.48027e+06,
1.48722e+06,
1.49395e+06,
1.50099e+06,
1.50801e+06,
1.51505e+06,
1.52194e+06,
1.52903e+06,
1.53569e+06,
1.54271e+06,
1.5498e+06,
1.55681e+06,
1.56401e+06,
1.57088e+06,
1.57793e+06,
1.58502e+06,
1.59236e+06,
1.5996e+06,
1.60663e+06,
1.6141e+06,
1.62172e+06,
1.62889e+06,
1.63602e+06,
1.64334e+06,
1.65085e+06,
1.65847e+06,
1.66606e+06,
1.67354e+06,
1.68108e+06,
1.68873e+06,
1.69623e+06,
1.70366e+06,
1.71147e+06,
1.71924e+06,
1.72706e+06,
1.73487e+06,
1.74267e+06,
1.7507e+06,
1.75839e+06,
1.76616e+06,
1.77385e+06,
1.78203e+06,
1.78999e+06,
1.79801e+06,
1.8064e+06,
1.81459e+06,
1.82265e+06,
1.83084e+06,
1.83895e+06,
1.84716e+06,
1.85555e+06,
1.86393e+06,
1.87256e+06,
1.88107e+06,
1.88974e+06,
1.89838e+06,
1.90687e+06,
1.91536e+06,
1.92383e+06,
1.93244e+06,
1.94112e+06,
1.95e+06,
1.95905e+06,
1.9677e+06,
1.97661e+06,
1.98546e+06,
1.99446e+06,
2.00352e+06,
2.01216e+06,
2.02117e+06,
2.03012e+06,
2.03907e+06,
2.04819e+06,
2.0573e+06,
2.06647e+06,
2.07582e+06,
2.08524e+06,
2.09485e+06,
2.10405e+06,
2.11362e+06,
2.12322e+06,
2.13274e+06,
2.14251e+06,
2.15211e+06,
2.16195e+06,
2.17204e+06,
2.18205e+06,
2.19206e+06,
2.20174e+06,
2.21158e+06,
2.22163e+06,
2.23174e+06,
2.24189e+06,
2.25221e+06,
2.26261e+06,
2.2732e+06,
2.28364e+06,
2.29392e+06,
2.3042e+06,
2.31454e+06,
2.32507e+06,
2.33575e+06,
2.34645e+06,
2.35726e+06,
2.36817e+06,
2.37923e+06,
2.39057e+06,
2.40164e+06,
2.41274e+06,
2.42404e+06,
2.43546e+06,
2.44701e+06,
2.45833e+06,
2.4701e+06,
2.48182e+06,
2.49346e+06,
2.50538e+06,
2.51714e+06,
2.52855e+06,
2.54061e+06,
2.55237e+06,
2.56468e+06,
2.57681e+06,
2.58937e+06,
2.60146e+06,
2.61374e+06,
2.62623e+06,
2.63894e+06,
2.65096e+06,
2.66358e+06,
2.67655e+06,
2.68942e+06,
2.70235e+06,
2.71522e+06,
2.72883e+06,
2.74255e+06,
2.75626e+06,
2.76989e+06,
2.7839e+06,
2.79816e+06,
2.81256e+06,
2.82653e+06,
2.84114e+06,
2.85572e+06,
2.87039e+06,
2.88556e+06,
2.90089e+06,
2.91623e+06,
2.93136e+06,
2.94645e+06,
2.96169e+06,
2.97774e+06,
2.99412e+06,
3.01086e+06,
3.02748e+06,
3.04444e+06,
3.06108e+06,
3.07757e+06,
3.0942e+06,
3.11121e+06,
3.12913e+06,
3.14665e+06,
3.1647e+06,
3.18255e+06,
3.20089e+06,
3.21936e+06,
3.2388e+06,
3.25877e+06,
3.27858e+06,
3.29882e+06,
3.31843e+06,
3.33858e+06,
3.35929e+06,
3.38007e+06,
3.40105e+06,
3.42229e+06,
3.44307e+06,
3.46443e+06,
3.48582e+06,
3.50826e+06,
3.53086e+06,
3.554e+06,
3.57689e+06,
3.59956e+06,
3.62307e+06,
3.64659e+06,
3.67102e+06,
3.6962e+06,
3.72108e+06,
3.7459e+06,
3.77139e+06,
3.79772e+06,
3.82366e+06,
3.85085e+06,
3.87728e+06,
3.90475e+06,
3.93242e+06,
3.96107e+06,
3.98975e+06,
4.0187e+06,
4.04834e+06,
4.07831e+06,
4.10928e+06,
4.14131e+06,
4.17358e+06,
4.20616e+06,
4.23973e+06,
4.27446e+06,
4.30962e+06,
4.34623e+06,
4.38316e+06,
4.44258e+06,
4.53881e+06,
4.63876e+06,
4.74222e+06,
4.84843e+06,
4.95758e+06,
5.07754e+06,
5.21825e+06,
5.33493e+06,
5.43843e+06,
5.54185e+06,
5.64566e+06,
5.74519e+06,
5.84099e+06,
5.93451e+06,
6.02421e+06,
6.11416e+06,
6.20401e+06,
6.29202e+06,
6.37519e+06,
6.4633e+06,
6.55153e+06,
6.63874e+06,
6.72304e+06,
6.80603e+06,
6.88788e+06,
6.96991e+06,
7.05163e+06,
7.13734e+06,
7.21775e+06,
7.30428e+06,
7.38794e+06,
7.47082e+06,
7.55218e+06,
7.63078e+06,
7.70995e+06,
7.78767e+06,
7.86504e+06,
7.94498e+06,
8.02947e+06,
8.11359e+06,
8.19595e+06,
8.27694e+06,
8.35587e+06,
8.43374e+06,
8.51031e+06,
8.58644e+06,
8.66486e+06,
8.74397e+06,
8.83338e+06,
8.91924e+06,
9.00243e+06,
9.08447e+06,
9.16422e+06,
9.24211e+06,
9.32045e+06,
9.39701e+06,
9.47179e+06,
9.55151e+06,
9.63682e+06,
9.72245e+06,
9.8027e+06,
9.88078e+06,
9.95769e+06,
1.00344e+07,
1.01094e+07,
1.01831e+07,
1.02582e+07,
1.03413e+07,
1.04225e+07,
1.05045e+07,
1.05851e+07,
1.06633e+07,
1.07395e+07,
1.08153e+07,
1.08894e+07,
1.0962e+07,
1.10389e+07,
1.11183e+07,
1.11961e+07,
1.12736e+07,
1.13525e+07,
1.1429e+07,
1.15085e+07,
1.15864e+07,
1.16635e+07,
1.17514e+07,
1.18403e+07,
1.19283e+07,
1.20149e+07,
1.21006e+07,
1.21871e+07,
1.22736e+07,
1.23575e+07,
1.24412e+07,
1.25302e+07,
1.26192e+07,
1.27073e+07,
1.27945e+07,
1.28826e+07,
1.29719e+07,
1.30621e+07,
1.3156e+07,
1.32464e+07,
1.33402e+07,
1.34334e+07,
1.35249e+07,
1.36139e+07,
1.3703e+07,
1.37911e+07,
1.38787e+07,
1.39669e+07,
1.40565e+07,
1.41531e+07,
1.42458e+07,
1.4337e+07,
1.44274e+07,
1.45166e+07,
1.46055e+07,
1.4694e+07,
1.47822e+07,
1.48699e+07,
1.49633e+07,
1.50585e+07,
1.51541e+07,
1.52468e+07,
1.53382e+07,
1.54287e+07,
1.55175e+07,
1.5606e+07,
1.56941e+07,
1.5785e+07,
1.58766e+07,
1.59711e+07,
1.60708e+07,
1.61677e+07,
1.62635e+07,
1.63586e+07,
1.64541e+07,
1.65484e+07,
1.66436e+07,
1.67396e+07,
1.68355e+07,
1.69332e+07,
1.70319e+07,
1.71324e+07,
1.72308e+07,
1.73274e+07,
1.74235e+07,
1.75243e+07,
1.76292e+07,
1.77348e+07,
1.78365e+07,
1.79368e+07,
1.80366e+07,
1.81359e+07,
1.82338e+07,
1.83286e+07,
1.8425e+07,
1.85233e+07,
1.86211e+07,
1.87198e+07,
1.88172e+07,
1.89133e+07,
1.90091e+07,
1.91045e+07,
1.92005e+07,
1.92957e+07,
1.93926e+07,
1.94901e+07,
1.95879e+07,
1.96867e+07,
1.97838e+07,
1.98798e+07,
478966,
479042,
479159,
479266,
479426,
479468,
479620,
479692,
479873,
480036,
480099,
480266,
480437,
480607,
480722,
480824,
480986,
481161,
481180,
481231,
481316,
481389,
481452,
481596,
481759,
481917,
482031,
482124,
482259,
482376,
482535,
482626,
482804,
482967,
483070,
483284,
483439,
483562,
483707,
483942,
484105,
484228,
484308,
484436,
484701,
484816,
484983,
485135,
485283,
485441,
485635,
485796,
486019,
486181,
486344,
486488,
486689,
486896,
487154,
487345,
487557,
487796,
488023,
488263,
488345,
488568,
488780,
488997,
489158,
489413,
489568,
489786,
489985,
490098,
490228,
490401,
490519,
490695,
490942,
491138,
491345,
491538,
491785,
491989,
492174,
492406,
492639,
492841,
493009,
493201,
493387,
493584,
493785,
493939,
494122,
494283,
494539,
494702,
494912,
495201,
495420,
495576,
495819,
496031,
496256,
496572,
496933,
497309,
497670,
498109,
498508,
498906,
499304,
499653,
500061,
500508,
500966,
501474,
501961,
502501,
503003,
503524,
504038,
504575,
505019,
505550,
506043,
506655,
507296,
507980,
508570,
509267,
509919,
510629,
511186,
511831,
512516,
513285,
514133,
514827,
515549,
516343,
517115,
517879,
518634,
519417,
520334,
521278,
522041,
523042,
523881,
524817,
525756,
526575,
527649,
528574,
529494,
530573,
531523,
532479,
533574,
534558,
535778,
536775,
537798,
538906,
540056,
541147,
542283,
543326,
544571,
545712,
546883,
547980,
549196,
550206,
551391,
552684,
553928,
555186,
556353,
557575,
558806,
559912,
561218,
562472,
563849,
565110,
566498,
567934,
569272,
570575,
571769,
573017,
574400,
575681,
577070,
578480,
579943,
581471,
583037,
584622,
586143,
587571,
588925,
590461,
592152,
593743,
595399,
597004,
598568,
600329,
602115,
603712,
605281,
606867,
608451,
610218,
611913,
613659,
615505,
617239,
618988,
620830,
622652,
624525,
626512,
628415,
630323,
632262,
634206,
636109,
638195,
640141,
642164,
644183,
646179,
648225,
650257,
652189,
654459,
656635,
658788,
660830,
662938,
665294,
667606,
669963,
672242,
674486,
676824,
679281,
682288,
685477,
688888,
692074,
695370,
698780,
702162,
705560,
708713,
711968,
715458,
718945,
722306,
725854,
729438,
732850,
736364,
739789,
743358,
746987,
750652,
754540,
758373,
761937,
765410,
768846,
772609,
776346,
780048,
783923,
787755,
791764,
795613,
799551,
803475,
807436,
811521,
815601,
819716,
823678,
828089,
832233,
836374,
840462,
844539,
848822,
852889,
857055,
861396,
865497,
869945,
874233,
878330,
882713,
886874,
891214,
895325,
899890,
904080,
908431,
912662,
916879,
921135,
925619,
930556,
935500,
940371,
945226,
949935,
954675,
959368,
963886,
968656,
973556,
978318,
983139,
987892,
992691,
997513,
1.00221e+06,
1.00704e+06,
1.01174e+06,
1.01642e+06,
1.02129e+06,
1.02616e+06,
1.03126e+06,
1.03634e+06,
1.04125e+06,
1.04623e+06,
1.05121e+06,
1.05619e+06,
1.06115e+06,
1.066e+06,
1.07125e+06,
1.07613e+06,
1.08144e+06,
1.08661e+06,
1.09186e+06,
1.09705e+06,
1.10245e+06,
1.10784e+06,
1.11316e+06,
1.11851e+06,
1.12398e+06,
1.12933e+06,
1.13476e+06,
1.14015e+06,
1.14581e+06,
1.15125e+06,
1.15689e+06,
1.16244e+06,
1.16791e+06,
1.1735e+06,
1.17914e+06,
1.18462e+06,
1.19019e+06,
1.19576e+06,
1.20154e+06,
1.2072e+06,
1.21266e+06,
1.21847e+06,
1.22442e+06,
1.23026e+06,
1.23627e+06,
1.24214e+06,
1.24807e+06,
1.25394e+06,
1.25983e+06,
1.26566e+06,
1.27186e+06,
1.27793e+06,
1.28376e+06,
1.28983e+06,
1.29592e+06,
1.30187e+06,
1.30796e+06,
1.31397e+06,
1.32025e+06,
1.32659e+06,
1.33282e+06,
1.33915e+06,
1.34515e+06,
1.35132e+06,
1.35743e+06,
1.36357e+06,
1.36971e+06,
1.37621e+06,
1.3825e+06,
1.38883e+06,
1.39522e+06,
1.40169e+06,
1.40787e+06,
1.41455e+06,
1.42104e+06,
1.42751e+06,
1.43379e+06,
1.44038e+06,
1.44707e+06,
1.45384e+06,
1.46049e+06,
1.46724e+06,
1.47386e+06,
1.48044e+06,
1.48726e+06,
1.49431e+06,
1.50116e+06,
1.50828e+06,
1.51522e+06,
1.522e+06,
1.52894e+06,
1.53574e+06,
1.5425e+06,
1.54937e+06,
1.55636e+06,
1.56338e+06,
1.57042e+06,
1.57751e+06,
1.58467e+06,
1.59178e+06,
1.59894e+06,
1.60627e+06,
1.61305e+06,
1.62003e+06,
1.62713e+06,
1.63428e+06,
1.64146e+06,
1.64906e+06,
1.65645e+06,
1.66375e+06,
1.67102e+06,
1.67849e+06,
1.68603e+06,
1.6934e+06,
1.70106e+06,
1.70866e+06,
1.71647e+06,
1.7241e+06,
1.73179e+06,
1.7396e+06,
1.74725e+06,
1.75516e+06,
1.76281e+06,
1.77088e+06,
1.7787e+06,
1.78673e+06,
1.79455e+06,
1.80234e+06,
1.81037e+06,
1.81821e+06,
1.8263e+06,
1.8345e+06,
1.84227e+06,
1.85045e+06,
1.85855e+06,
1.86693e+06,
1.87528e+06,
1.88359e+06,
1.89168e+06,
1.89994e+06,
1.90842e+06,
1.91695e+06,
1.92563e+06,
1.934e+06,
1.94255e+06,
1.95118e+06,
1.95988e+06,
1.96862e+06,
1.97729e+06,
1.98609e+06,
1.99484e+06,
2.0036e+06,
2.01223e+06,
2.02103e+06,
2.03005e+06,
2.03895e+06,
2.0482e+06,
2.05713e+06,
2.0661e+06,
2.07525e+06,
2.08447e+06,
2.09356e+06,
2.10251e+06,
2.11156e+06,
2.12058e+06,
2.13003e+06,
2.13972e+06,
2.14904e+06,
2.15855e+06,
2.16818e+06,
2.17789e+06,
2.1873e+06,
2.19673e+06,
2.20681e+06,
2.21696e+06,
2.22697e+06,
2.23707e+06,
2.24701e+06,
2.25699e+06,
2.26697e+06,
2.27729e+06,
2.28728e+06,
2.2973e+06,
2.30764e+06,
2.31785e+06,
2.32824e+06,
2.33863e+06,
2.34927e+06,
2.35953e+06,
2.3701e+06,
2.38073e+06,
2.39129e+06,
2.4018e+06,
2.41284e+06,
2.42389e+06,
2.43485e+06,
2.44588e+06,
2.45689e+06,
2.46798e+06,
2.4792e+06,
2.49045e+06,
2.50195e+06,
2.51323e+06,
2.52458e+06,
2.53632e+06,
2.54776e+06,
2.55957e+06,
2.57127e+06,
2.58346e+06,
2.59567e+06,
2.60779e+06,
2.62027e+06,
2.63196e+06,
2.64417e+06,
2.65624e+06,
2.66852e+06,
2.68112e+06,
2.69378e+06,
2.70651e+06,
2.71965e+06,
2.73246e+06,
2.74571e+06,
2.75874e+06,
2.77177e+06,
2.78479e+06,
2.79845e+06,
2.81226e+06,
2.82627e+06,
2.84006e+06,
2.85438e+06,
2.86897e+06,
2.88293e+06,
2.8973e+06,
2.91195e+06,
2.92727e+06,
2.9427e+06,
2.95793e+06,
2.97363e+06,
2.98946e+06,
3.00503e+06,
3.0208e+06,
3.03644e+06,
3.05201e+06,
3.0685e+06,
3.08479e+06,
3.10123e+06,
3.11766e+06,
3.13446e+06,
3.15145e+06,
3.16835e+06,
3.18568e+06,
3.20338e+06,
3.22064e+06,
3.23821e+06,
3.25603e+06,
3.2748e+06,
3.29384e+06,
3.31329e+06,
3.333e+06,
3.35315e+06,
3.37315e+06,
3.39327e+06,
3.41343e+06,
3.4342e+06,
3.45505e+06,
3.47625e+06,
3.49698e+06,
3.51819e+06,
3.53968e+06,
3.56209e+06,
3.58465e+06,
3.60695e+06,
3.62922e+06,
3.6518e+06,
3.6746e+06,
3.69871e+06,
3.72227e+06,
3.74646e+06,
3.77049e+06,
3.79531e+06,
3.82029e+06,
3.84598e+06,
3.87182e+06,
3.89768e+06,
3.92358e+06,
3.9503e+06,
3.97807e+06,
4.00601e+06,
4.03504e+06,
4.06311e+06,
4.09181e+06,
4.12129e+06,
4.15148e+06,
4.18175e+06,
4.21252e+06,
4.24465e+06,
4.27772e+06,
4.31197e+06,
4.34702e+06,
4.38499e+06,
4.46655e+06,
4.55659e+06,
4.64892e+06,
4.7431e+06,
4.84053e+06,
4.93914e+06,
5.04015e+06,
5.15018e+06,
5.28062e+06,
5.39794e+06,
5.50659e+06,
5.6086e+06,
5.70524e+06,
5.79843e+06,
5.88911e+06,
5.97561e+06,
6.06085e+06,
6.14502e+06,
6.22919e+06,
6.31803e+06,
6.40586e+06,
6.49042e+06,
6.57345e+06,
6.65453e+06,
6.73546e+06,
6.81329e+06,
6.89124e+06,
6.96832e+06,
7.04586e+06,
7.13158e+06,
7.21772e+06,
7.29931e+06,
7.37843e+06,
7.45682e+06,
7.5342e+06,
7.60974e+06,
7.68523e+06,
7.75858e+06,
7.83372e+06,
7.91687e+06,
8.00176e+06,
8.0822e+06,
8.16037e+06,
8.23721e+06,
8.31288e+06,
8.38685e+06,
8.46244e+06,
8.53722e+06,
8.61674e+06,
8.69877e+06,
8.7819e+06,
8.86532e+06,
8.94405e+06,
9.02098e+06,
9.09636e+06,
9.17115e+06,
9.24452e+06,
9.32078e+06,
9.40058e+06,
9.47985e+06,
9.5581e+06,
9.63733e+06,
9.71621e+06,
9.79131e+06,
9.86501e+06,
9.93748e+06,
1.001e+07,
1.00889e+07,
1.01673e+07,
1.02441e+07,
1.03192e+07,
1.03946e+07,
1.04669e+07,
1.0538e+07,
1.06087e+07,
1.06781e+07,
1.07536e+07,
1.0832e+07,
1.09105e+07,
1.09886e+07,
1.10665e+07,
1.11443e+07,
1.12228e+07,
1.13022e+07,
1.13797e+07,
1.14639e+07,
1.15489e+07,
1.1633e+07,
1.17157e+07,
1.17984e+07,
1.18791e+07,
1.19607e+07,
1.2042e+07,
1.21252e+07,
1.22126e+07,
1.22992e+07,
1.23845e+07,
1.24694e+07,
1.25553e+07,
1.26414e+07,
1.27263e+07,
1.28123e+07,
1.28974e+07,
1.29873e+07,
1.30815e+07,
1.3175e+07,
1.32644e+07,
1.33517e+07,
1.34385e+07,
1.3524e+07,
1.3609e+07,
1.36942e+07,
1.37812e+07,
1.38713e+07,
1.39616e+07,
1.40533e+07,
1.41423e+07,
1.42304e+07,
1.43173e+07,
1.44032e+07,
1.44881e+07,
1.45748e+07,
1.46651e+07,
1.47543e+07,
1.48442e+07,
1.49351e+07,
1.50274e+07,
1.51163e+07,
1.52044e+07,
1.52907e+07,
1.53775e+07,
1.54681e+07,
1.55604e+07,
1.56537e+07,
1.57471e+07,
1.58407e+07,
1.59354e+07,
1.60312e+07,
1.6125e+07,
1.62178e+07,
1.63114e+07,
1.64052e+07,
1.64987e+07,
1.65932e+07,
1.6687e+07,
1.67802e+07,
1.6875e+07,
1.6972e+07,
1.70693e+07,
1.71703e+07,
1.72745e+07,
1.73775e+07,
1.74755e+07,
1.75727e+07,
1.76683e+07,
1.77631e+07,
1.78568e+07,
1.79498e+07,
1.80457e+07,
1.81433e+07,
1.82396e+07,
1.83354e+07,
1.84299e+07,
1.85232e+07,
1.86152e+07,
1.87074e+07,
1.8799e+07,
1.88906e+07,
1.89851e+07,
478966,
479049,
479155,
479304,
479499,
479527,
479685,
479812,
479985,
480144,
480252,
480389,
480569,
480756,
480921,
481037,
481196,
481319,
481419,
481515,
481578,
481649,
481768,
481933,
482088,
482233,
482324,
482433,
482565,
482729,
482911,
483028,
483144,
483307,
483557,
483708,
483905,
484044,
484242,
484367,
484589,
484694,
484881,
485047,
485191,
485329,
485540,
485751,
485995,
486130,
486393,
486561,
486781,
486926,
487064,
487271,
487553,
487762,
488036,
488265,
488514,
488680,
488933,
489122,
489319,
489517,
489701,
489986,
490258,
490492,
490732,
490953,
491192,
491339,
491552,
491772,
491927,
492154,
492466,
492624,
492731,
493021,
493241,
493466,
493624,
493791,
494066,
494328,
494582,
494891,
495131,
495336,
495597,
495781,
496046,
496323,
496561,
496827,
496956,
497091,
497296,
497650,
497942,
498152,
498420,
498692,
499034,
499329,
499700,
500054,
500357,
500650,
501124,
501582,
502050,
502559,
503024,
503571,
504070,
504580,
505112,
505650,
506229,
506736,
507289,
507849,
508471,
509155,
509791,
510439,
511153,
511802,
512496,
513192,
513885,
514586,
515276,
516116,
516858,
517608,
518442,
519311,
520104,
520860,
521664,
522553,
523489,
524430,
525331,
526335,
527226,
528316,
529265,
530117,
531128,
532250,
533339,
534489,
535474,
536526,
537629,
538651,
539785,
540824,
541857,
543047,
544219,
545389,
546628,
547791,
549018,
550293,
551523,
552677,
553840,
555075,
556306,
557528,
558848,
560191,
561432,
562788,
564054,
565356,
566542,
567958,
569275,
570525,
571868,
573251,
574643,
576067,
577532,
578915,
580293,
581840,
583271,
584802,
586392,
587940,
589534,
591085,
592686,
594211,
595773,
597347,
598988,
600573,
602252,
603981,
605744,
607419,
609090,
610789,
612498,
614197,
616036,
617867,
619810,
621645,
623484,
625327,
627111,
629101,
631028,
632873,
634969,
636945,
638873,
640855,
642870,
644974,
646936,
648890,
650948,
653097,
655120,
657374,
659597,
661798,
664125,
666418,
668520,
670742,
673038,
675425,
677878,
680240,
682652,
684996,
687510,
690065,
692549,
695083,
697787,
700407,
703004,
705590,
708320,
711057,
713721,
716931,
720621,
723740,
727209,
730851,
734374,
738000,
741611,
745339,
748962,
752767,
756516,
760076,
763914,
767754,
771457,
775273,
779024,
782792,
786660,
790450,
794298,
798078,
802021,
805933,
809870,
813961,
818066,
821980,
825970,
830124,
834220,
838165,
842120,
846442,
850779,
855296,
859854,
864308,
868765,
873132,
877331,
881727,
886140,
890399,
894688,
899173,
903651,
908239,
912384,
916874,
921216,
925514,
930024,
934611,
939293,
943958,
948470,
952973,
957604,
962109,
966531,
971242,
975763,
980587,
985346,
990211,
995153,
999846,
1.00485e+06,
1.00972e+06,
1.01475e+06,
1.01942e+06,
1.02426e+06,
1.02915e+06,
1.03411e+06,
1.03911e+06,
1.0441e+06,
1.04909e+06,
1.05435e+06,
1.05942e+06,
1.0644e+06,
1.06929e+06,
1.07445e+06,
1.07959e+06,
1.08445e+06,
1.08958e+06,
1.09475e+06,
1.10013e+06,
1.10556e+06,
1.11085e+06,
1.11608e+06,
1.12127e+06,
1.12655e+06,
1.13164e+06,
1.13697e+06,
1.14245e+06,
1.14794e+06,
1.15352e+06,
1.15903e+06,
1.16465e+06,
1.17017e+06,
1.17544e+06,
1.18097e+06,
1.18663e+06,
1.19237e+06,
1.19813e+06,
1.20358e+06,
1.20933e+06,
1.21495e+06,
1.22095e+06,
1.2267e+06,
1.23266e+06,
1.23867e+06,
1.24435e+06,
1.2503e+06,
1.2561e+06,
1.26199e+06,
1.26792e+06,
1.27382e+06,
1.27998e+06,
1.28592e+06,
1.29162e+06,
1.29762e+06,
1.30341e+06,
1.30939e+06,
1.31555e+06,
1.32184e+06,
1.328e+06,
1.3343e+06,
1.34056e+06,
1.34682e+06,
1.35266e+06,
1.35852e+06,
1.36481e+06,
1.37111e+06,
1.37729e+06,
1.38351e+06,
1.38968e+06,
1.396e+06,
1.40243e+06,
1.40891e+06,
1.41511e+06,
1.42144e+06,
1.42803e+06,
1.43468e+06,
1.44103e+06,
1.44741e+06,
1.45402e+06,
1.46079e+06,
1.46755e+06,
1.47419e+06,
1.4808e+06,
1.48742e+06,
1.49389e+06,
1.5005e+06,
1.50721e+06,
1.51388e+06,
1.52042e+06,
1.527e+06,
1.53376e+06,
1.54076e+06,
1.54756e+06,
1.55476e+06,
1.56173e+06,
1.56883e+06,
1.57575e+06,
1.58264e+06,
1.58955e+06,
1.59641e+06,
1.60357e+06,
1.61083e+06,
1.61808e+06,
1.62528e+06,
1.63245e+06,
1.63955e+06,
1.64682e+06,
1.65385e+06,
1.66122e+06,
1.66864e+06,
1.67627e+06,
1.68358e+06,
1.69062e+06,
1.69806e+06,
1.70558e+06,
1.71284e+06,
1.72049e+06,
1.72808e+06,
1.73542e+06,
1.74335e+06,
1.751e+06,
1.75858e+06,
1.76605e+06,
1.77396e+06,
1.78164e+06,
1.78924e+06,
1.79733e+06,
1.80516e+06,
1.81319e+06,
1.82113e+06,
1.82921e+06,
1.83728e+06,
1.84503e+06,
1.8529e+06,
1.86101e+06,
1.86923e+06,
1.87737e+06,
1.88563e+06,
1.89381e+06,
1.90203e+06,
1.91024e+06,
1.91843e+06,
1.92653e+06,
1.9347e+06,
1.94304e+06,
1.95162e+06,
1.9599e+06,
1.9682e+06,
1.97652e+06,
1.9851e+06,
1.99365e+06,
2.00218e+06,
2.01071e+06,
2.01962e+06,
2.0284e+06,
2.03711e+06,
2.0461e+06,
2.055e+06,
2.06358e+06,
2.07247e+06,
2.08131e+06,
2.09042e+06,
2.09943e+06,
2.10834e+06,
2.11737e+06,
2.12648e+06,
2.13571e+06,
2.14491e+06,
2.15412e+06,
2.1632e+06,
2.17261e+06,
2.18241e+06,
2.19162e+06,
2.20109e+06,
2.21037e+06,
2.22005e+06,
2.2295e+06,
2.23909e+06,
2.24861e+06,
2.25848e+06,
2.26836e+06,
2.2784e+06,
2.28798e+06,
2.29812e+06,
2.30838e+06,
2.31839e+06,
2.32835e+06,
2.3385e+06,
2.34865e+06,
2.35917e+06,
2.36976e+06,
2.38034e+06,
2.39052e+06,
2.40098e+06,
2.41162e+06,
2.42174e+06,
2.43229e+06,
2.44273e+06,
2.45372e+06,
2.46444e+06,
2.47557e+06,
2.48633e+06,
2.49714e+06,
2.508e+06,
2.51882e+06,
2.52976e+06,
2.54123e+06,
2.55276e+06,
2.56439e+06,
2.57606e+06,
2.58761e+06,
2.59908e+06,
2.61011e+06,
2.62138e+06,
2.6333e+06,
2.64547e+06,
2.65742e+06,
2.66967e+06,
2.68228e+06,
2.69473e+06,
2.70695e+06,
2.71918e+06,
2.73151e+06,
2.74412e+06,
2.7575e+06,
2.77082e+06,
2.78365e+06,
2.79718e+06,
2.81037e+06,
2.82322e+06,
2.83658e+06,
2.8499e+06,
2.86353e+06,
2.87771e+06,
2.89177e+06,
2.906e+06,
2.9202e+06,
2.93479e+06,
2.94931e+06,
2.9636e+06,
2.97876e+06,
2.99433e+06,
3.00932e+06,
3.02426e+06,
3.0396e+06,
3.05465e+06,
3.07037e+06,
3.08622e+06,
3.10189e+06,
3.11814e+06,
3.13437e+06,
3.15076e+06,
3.16646e+06,
3.18286e+06,
3.19948e+06,
3.21651e+06,
3.23338e+06,
3.25036e+06,
3.26775e+06,
3.28541e+06,
3.30372e+06,
3.322e+06,
3.34037e+06,
3.35912e+06,
3.37797e+06,
3.39682e+06,
3.41671e+06,
3.43716e+06,
3.45764e+06,
3.47809e+06,
3.49928e+06,
3.51983e+06,
3.53967e+06,
3.56053e+06,
3.58174e+06,
3.60321e+06,
3.6255e+06,
3.64792e+06,
3.66993e+06,
3.69257e+06,
3.7152e+06,
3.73821e+06,
3.76096e+06,
3.78364e+06,
3.80724e+06,
3.83128e+06,
3.85539e+06,
3.88082e+06,
3.90625e+06,
3.93152e+06,
3.95692e+06,
3.98268e+06,
4.00846e+06,
4.0354e+06,
4.06266e+06,
4.09048e+06,
4.11821e+06,
4.1469e+06,
4.17686e+06,
4.20712e+06,
4.23791e+06,
4.26855e+06,
4.29991e+06,
4.33204e+06,
4.37012e+06,
4.45305e+06,
4.53793e+06,
4.62232e+06,
4.70885e+06,
4.79624e+06,
4.88546e+06,
4.97606e+06,
5.0673e+06,
5.16317e+06,
5.27268e+06,
5.40385e+06,
5.51515e+06,
5.61529e+06,
5.70916e+06,
5.7987e+06,
5.88527e+06,
5.96881e+06,
6.04925e+06,
6.12834e+06,
6.21225e+06,
6.30028e+06,
6.38803e+06,
6.47111e+06,
6.54922e+06,
6.62778e+06,
6.70456e+06,
6.77995e+06,
6.85436e+06,
6.92731e+06,
7.00776e+06,
7.08781e+06,
7.16998e+06,
7.2524e+06,
7.32851e+06,
7.403e+06,
7.47722e+06,
7.54951e+06,
7.62151e+06,
7.69703e+06,
7.77372e+06,
7.85033e+06,
7.92837e+06,
8.00673e+06,
8.08428e+06,
8.15855e+06,
8.23348e+06,
8.30677e+06,
8.38018e+06,
8.45867e+06,
8.53679e+06,
8.61373e+06,
8.68951e+06,
8.76683e+06,
8.84468e+06,
8.92033e+06,
8.99408e+06,
9.06666e+06,
9.14249e+06,
9.21894e+06,
9.29376e+06,
9.3684e+06,
9.44275e+06,
9.5168e+06,
9.59129e+06,
9.66572e+06,
9.73837e+06,
9.8113e+06,
9.88136e+06,
9.95274e+06,
1.00235e+07,
1.00924e+07,
1.01611e+07,
1.0235e+07,
1.03091e+07,
1.03838e+07,
1.0461e+07,
1.05401e+07,
1.06169e+07,
1.06931e+07,
1.07685e+07,
1.08435e+07,
1.0918e+07,
1.09926e+07,
1.10664e+07,
1.11423e+07,
1.1227e+07,
1.1312e+07,
1.1394e+07,
1.14746e+07,
1.15547e+07,
1.16332e+07,
1.17108e+07,
1.1789e+07,
1.18672e+07,
1.19511e+07,
1.20343e+07,
1.21206e+07,
1.22059e+07,
1.22896e+07,
1.23722e+07,
1.24542e+07,
1.25362e+07,
1.26174e+07,
1.27035e+07,
1.27904e+07,
1.28777e+07,
1.29653e+07,
1.30544e+07,
1.31417e+07,
1.32267e+07,
1.33103e+07,
1.33931e+07,
1.34791e+07,
1.3565e+07,
1.36521e+07,
1.37384e+07,
1.3824e+07,
1.39103e+07,
1.39975e+07,
1.4082e+07,
1.41658e+07,
1.42519e+07,
1.43387e+07,
1.44255e+07,
1.4512e+07,
1.45982e+07,
1.46842e+07,
1.47698e+07,
1.48566e+07,
1.49452e+07,
1.50358e+07,
1.51274e+07,
1.52189e+07,
1.53102e+07,
1.53993e+07,
1.54896e+07,
1.55791e+07,
1.56688e+07,
1.57601e+07,
1.58516e+07,
1.59471e+07,
1.60401e+07,
1.61325e+07,
1.62241e+07,
1.63144e+07,
1.64046e+07,
1.64956e+07,
1.65868e+07,
1.66787e+07,
1.67768e+07,
1.68778e+07,
1.69835e+07,
1.70816e+07,
1.71759e+07,
1.72698e+07,
1.7362e+07,
1.74535e+07,
1.7544e+07,
1.7636e+07,
1.77298e+07,
1.78234e+07,
1.79168e+07,
1.80112e+07,
1.81033e+07,
478966,
479044,
479185,
479346,
479545,
479595,
479765,
479893,
480081,
480204,
480347,
480555,
480793,
480934,
481138,
481228,
481403,
481575,
481631,
481726,
481754,
481867,
482072,
482237,
482360,
482512,
482643,
482808,
482887,
483105,
483220,
483396,
483583,
483767,
483928,
484119,
484347,
484560,
484742,
485016,
485159,
485302,
485458,
485725,
485824,
486016,
486217,
486533,
486734,
486920,
487171,
487389,
487574,
487749,
487953,
488129,
488381,
488655,
488829,
489110,
489435,
489700,
489942,
490237,
490404,
490606,
490884,
491150,
491346,
491582,
491825,
492107,
492364,
492643,
492850,
493091,
493349,
493607,
493858,
494113,
494309,
494581,
494788,
495057,
495323,
495578,
495802,
496015,
496225,
496549,
496702,
497122,
497427,
497649,
497901,
498166,
498498,
498756,
499089,
499442,
499688,
499891,
500160,
500324,
500646,
500967,
501419,
501777,
502192,
502565,
502922,
503240,
503668,
504008,
504380,
504842,
505398,
505800,
506407,
506859,
507399,
508004,
508581,
509160,
509743,
510310,
510878,
511627,
512335,
513046,
513723,
514533,
515295,
515853,
516552,
517326,
518191,
519051,
519859,
520712,
521599,
522406,
523279,
524043,
524871,
525897,
526810,
527723,
528780,
529861,
530878,
531904,
532941,
533968,
535092,
536313,
537404,
538486,
539390,
540581,
541619,
542829,
544066,
545159,
546271,
547498,
548724,
549941,
551056,
552367,
553615,
554955,
556242,
557478,
558552,
559938,
561267,
562683,
564104,
565407,
566700,
567981,
569368,
570759,
572117,
573416,
574849,
576336,
577837,
579356,
580738,
582099,
583604,
584987,
586568,
587981,
589618,
591308,
592864,
594487,
596096,
597732,
599435,
601023,
602687,
604225,
605919,
607684,
609414,
611150,
612888,
614747,
616494,
618225,
620071,
621909,
623795,
625751,
627664,
629658,
631515,
633346,
635323,
637308,
639277,
641246,
643269,
645231,
647299,
649280,
651479,
653797,
656043,
658357,
660419,
662490,
664801,
666959,
669293,
671477,
673801,
676198,
678636,
681024,
683382,
685796,
688238,
690676,
693164,
695621,
698309,
700917,
703680,
706398,
709090,
711749,
714436,
717273,
719993,
722913,
725572,
728486,
731255,
734027,
736825,
739534,
742499,
745394,
748467,
751305,
754666,
758377,
761993,
765693,
769738,
773559,
777380,
781417,
785217,
789200,
793173,
797396,
801629,
805646,
809752,
814012,
817950,
822220,
826354,
830430,
834435,
838430,
842382,
846438,
850553,
854712,
858979,
863079,
867358,
871638,
875650,
879915,
884216,
888524,
892857,
897408,
901841,
906158,
910597,
915087,
919665,
924287,
928797,
933157,
937604,
942265,
946880,
951556,
956136,
960750,
965288,
970027,
974782,
979362,
984052,
988786,
993469,
998258,
1.00298e+06,
1.0078e+06,
1.01243e+06,
1.01703e+06,
1.02171e+06,
1.02637e+06,
1.0313e+06,
1.03627e+06,
1.04134e+06,
1.04644e+06,
1.05145e+06,
1.05644e+06,
1.06132e+06,
1.06643e+06,
1.07175e+06,
1.07678e+06,
1.08195e+06,
1.08724e+06,
1.09237e+06,
1.09767e+06,
1.10283e+06,
1.10792e+06,
1.11323e+06,
1.11854e+06,
1.12381e+06,
1.12898e+06,
1.13417e+06,
1.13967e+06,
1.14511e+06,
1.1504e+06,
1.15577e+06,
1.16138e+06,
1.16674e+06,
1.17209e+06,
1.17768e+06,
1.18286e+06,
1.18848e+06,
1.19405e+06,
1.1995e+06,
1.20498e+06,
1.21073e+06,
1.21636e+06,
1.22218e+06,
1.2281e+06,
1.23409e+06,
1.24016e+06,
1.246e+06,
1.25171e+06,
1.25757e+06,
1.26349e+06,
1.26935e+06,
1.27512e+06,
1.2812e+06,
1.28701e+06,
1.29289e+06,
1.29873e+06,
1.30476e+06,
1.31074e+06,
1.31699e+06,
1.3233e+06,
1.32923e+06,
1.33518e+06,
1.34116e+06,
1.3472e+06,
1.35334e+06,
1.35929e+06,
1.36539e+06,
1.37149e+06,
1.37777e+06,
1.38404e+06,
1.3901e+06,
1.39625e+06,
1.40259e+06,
1.40886e+06,
1.41523e+06,
1.4213e+06,
1.42772e+06,
1.43421e+06,
1.44087e+06,
1.44749e+06,
1.45375e+06,
1.46044e+06,
1.46687e+06,
1.47327e+06,
1.47989e+06,
1.48611e+06,
1.49259e+06,
1.49912e+06,
1.50543e+06,
1.51196e+06,
1.51874e+06,
1.52572e+06,
1.53258e+06,
1.53928e+06,
1.54614e+06,
1.55289e+06,
1.55943e+06,
1.56623e+06,
1.5729e+06,
1.5798e+06,
1.58667e+06,
1.59375e+06,
1.60053e+06,
1.60769e+06,
1.61458e+06,
1.62147e+06,
1.62846e+06,
1.63576e+06,
1.64297e+06,
1.6504e+06,
1.65775e+06,
1.66513e+06,
1.67237e+06,
1.67958e+06,
1.68666e+06,
1.69389e+06,
1.70102e+06,
1.70864e+06,
1.71627e+06,
1.72363e+06,
1.73103e+06,
1.73869e+06,
1.74623e+06,
1.75364e+06,
1.76119e+06,
1.76832e+06,
1.77601e+06,
1.78376e+06,
1.79151e+06,
1.79905e+06,
1.8069e+06,
1.81461e+06,
1.82238e+06,
1.82991e+06,
1.8374e+06,
1.84523e+06,
1.8531e+06,
1.86093e+06,
1.86916e+06,
1.87735e+06,
1.8853e+06,
1.89362e+06,
1.90149e+06,
1.90969e+06,
1.91779e+06,
1.92555e+06,
1.93382e+06,
1.94205e+06,
1.95033e+06,
1.95882e+06,
1.96717e+06,
1.97536e+06,
1.98382e+06,
1.99245e+06,
2.00093e+06,
2.00901e+06,
2.01735e+06,
2.02577e+06,
2.03424e+06,
2.04296e+06,
2.05138e+06,
2.06004e+06,
2.06874e+06,
2.07753e+06,
2.08614e+06,
2.09453e+06,
2.10324e+06,
2.11199e+06,
2.12082e+06,
2.1299e+06,
2.13902e+06,
2.14816e+06,
2.15723e+06,
2.16662e+06,
2.17592e+06,
2.18468e+06,
2.19369e+06,
2.20301e+06,
2.21219e+06,
2.22164e+06,
2.23098e+06,
2.24059e+06,
2.25004e+06,
2.2598e+06,
2.26942e+06,
2.2787e+06,
2.28811e+06,
2.29766e+06,
2.30722e+06,
2.31722e+06,
2.32731e+06,
2.33739e+06,
2.34723e+06,
2.35738e+06,
2.36706e+06,
2.3766e+06,
2.38624e+06,
2.39633e+06,
2.4067e+06,
2.41704e+06,
2.42761e+06,
2.43794e+06,
2.44842e+06,
2.45896e+06,
2.4693e+06,
2.47908e+06,
2.48982e+06,
2.50064e+06,
2.51152e+06,
2.52267e+06,
2.53365e+06,
2.54466e+06,
2.55542e+06,
2.56634e+06,
2.57715e+06,
2.58764e+06,
2.59889e+06,
2.61047e+06,
2.6221e+06,
2.63355e+06,
2.64537e+06,
2.6568e+06,
2.66833e+06,
2.6797e+06,
2.69136e+06,
2.70336e+06,
2.71535e+06,
2.72797e+06,
2.74045e+06,
2.75295e+06,
2.76507e+06,
2.77746e+06,
2.78976e+06,
2.80276e+06,
2.8162e+06,
2.82938e+06,
2.84256e+06,
2.85598e+06,
2.86939e+06,
2.8827e+06,
2.89606e+06,
2.90992e+06,
2.92408e+06,
2.93803e+06,
2.9525e+06,
2.96619e+06,
2.97994e+06,
2.99374e+06,
3.00834e+06,
3.0232e+06,
3.038e+06,
3.053e+06,
3.06787e+06,
3.08286e+06,
3.09788e+06,
3.11283e+06,
3.12808e+06,
3.14381e+06,
3.15945e+06,
3.17528e+06,
3.19135e+06,
3.20755e+06,
3.22396e+06,
3.24063e+06,
3.25744e+06,
3.27357e+06,
3.29049e+06,
3.30729e+06,
3.32423e+06,
3.34171e+06,
3.36002e+06,
3.37827e+06,
3.39687e+06,
3.41523e+06,
3.43388e+06,
3.45231e+06,
3.47138e+06,
3.49161e+06,
3.51215e+06,
3.53247e+06,
3.55243e+06,
3.57282e+06,
3.59343e+06,
3.61401e+06,
3.63493e+06,
3.65535e+06,
3.67635e+06,
3.69798e+06,
3.7201e+06,
3.74228e+06,
3.76498e+06,
3.78776e+06,
3.81066e+06,
3.83336e+06,
3.85589e+06,
3.87874e+06,
3.90263e+06,
3.92734e+06,
3.95282e+06,
3.97704e+06,
4.00225e+06,
4.02753e+06,
4.05349e+06,
4.07969e+06,
4.10595e+06,
4.13245e+06,
4.15914e+06,
4.18779e+06,
4.21727e+06,
4.24717e+06,
4.27712e+06,
4.30724e+06,
4.34047e+06,
4.40777e+06,
4.48708e+06,
4.56654e+06,
4.64486e+06,
4.7236e+06,
4.80337e+06,
4.88424e+06,
4.96734e+06,
5.05079e+06,
5.13601e+06,
5.2317e+06,
5.33395e+06,
5.44855e+06,
5.56312e+06,
5.65905e+06,
5.74784e+06,
5.83283e+06,
5.91498e+06,
5.99469e+06,
6.07547e+06,
6.15862e+06,
6.24072e+06,
6.32123e+06,
6.40473e+06,
6.48479e+06,
6.56112e+06,
6.6348e+06,
6.70736e+06,
6.78018e+06,
6.85785e+06,
6.93552e+06,
7.01119e+06,
7.08495e+06,
7.16055e+06,
7.23845e+06,
7.31337e+06,
7.38554e+06,
7.45551e+06,
7.52788e+06,
7.60392e+06,
7.67901e+06,
7.75262e+06,
7.82442e+06,
7.89672e+06,
7.97017e+06,
8.04608e+06,
8.11921e+06,
8.19212e+06,
8.26859e+06,
8.34363e+06,
8.41798e+06,
8.4923e+06,
8.56473e+06,
8.6364e+06,
8.70812e+06,
8.78055e+06,
8.85482e+06,
8.92978e+06,
9.00444e+06,
9.0784e+06,
9.15147e+06,
9.22173e+06,
9.28639e+06,
9.3521e+06,
9.41911e+06,
9.48527e+06,
9.5559e+06,
9.63434e+06,
9.7104e+06,
9.78497e+06,
9.85863e+06,
9.93119e+06,
1.00032e+07,
1.00746e+07,
1.01461e+07,
1.02181e+07,
1.02942e+07,
1.03707e+07,
1.04483e+07,
1.05232e+07,
1.05967e+07,
1.06698e+07,
1.07417e+07,
1.08131e+07,
1.08844e+07,
1.09627e+07,
1.10423e+07,
1.11215e+07,
1.12013e+07,
1.12812e+07,
1.13585e+07,
1.14357e+07,
1.15123e+07,
1.15886e+07,
1.16669e+07,
1.17477e+07,
1.18283e+07,
1.19094e+07,
1.19909e+07,
1.2073e+07,
1.21559e+07,
1.22357e+07,
1.2315e+07,
1.23966e+07,
1.24795e+07,
1.25619e+07,
1.26446e+07,
1.27267e+07,
1.2809e+07,
1.28914e+07,
1.29756e+07,
1.30621e+07,
1.31454e+07,
1.32309e+07,
1.33151e+07,
1.33997e+07,
1.34833e+07,
1.35663e+07,
1.36488e+07,
1.37309e+07,
1.38133e+07,
1.38957e+07,
1.39836e+07,
1.4069e+07,
1.41544e+07,
1.42386e+07,
1.43226e+07,
1.44063e+07,
1.449e+07,
1.45763e+07,
1.46636e+07,
1.4753e+07,
1.48443e+07,
1.4936e+07,
1.50242e+07,
1.51128e+07,
1.52008e+07,
1.52887e+07,
1.53756e+07,
1.54628e+07,
1.5551e+07,
1.56395e+07,
1.57294e+07,
1.58198e+07,
1.59117e+07,
1.60023e+07,
1.60913e+07,
1.61804e+07,
1.62701e+07,
1.63609e+07,
1.64556e+07,
1.65525e+07,
1.66496e+07,
1.67431e+07,
1.68366e+07,
1.69316e+07,
1.70239e+07,
1.71151e+07,
1.72048e+07,
478966,
479051,
479201,
479356,
479586,
479649,
479858,
480014,
480175,
480328,
480496,
480714,
480934,
481098,
481234,
481383,
481599,
481734,
481907,
481965,
482056,
482122,
482335,
482491,
482648,
482804,
483009,
483164,
483376,
483595,
483715,
483912,
484120,
484264,
484444,
484711,
484918,
485172,
485382,
485604,
485783,
486021,
486208,
486374,
486543,
486720,
486964,
487272,
487575,
487783,
487989,
488261,
488508,
488633,
488884,
489089,
489295,
489524,
489880,
490204,
490460,
490796,
490959,
491255,
491511,
491714,
492035,
492304,
492563,
492796,
492996,
493312,
493693,
493951,
494257,
494524,
494854,
495115,
495328,
495606,
495814,
496060,
496365,
496633,
496901,
497199,
497534,
497777,
498094,
498413,
498735,
499068,
499442,
499639,
499920,
500213,
500549,
500872,
501238,
501579,
501914,
502253,
502590,
502911,
503261,
503638,
503968,
504286,
504654,
505114,
505454,
505881,
506298,
506674,
507136,
507588,
508072,
508621,
509136,
509710,
510362,
510982,
511547,
512007,
512595,
513300,
514002,
514728,
515424,
516175,
516828,
517568,
518341,
519065,
519703,
520329,
521184,
522038,
522919,
523862,
524789,
525717,
526654,
527590,
528599,
529624,
530504,
531525,
532622,
533588,
534685,
535742,
536810,
537805,
538964,
540090,
541213,
542367,
543430,
544621,
545796,
547245,
548513,
549688,
550933,
552139,
553364,
554576,
555810,
557058,
558402,
559803,
561213,
562249,
563626,
565102,
566377,
567704,
569191,
570661,
571923,
573279,
574881,
576230,
577711,
579167,
580649,
582113,
583627,
585146,
586714,
588333,
589932,
591496,
593174,
594769,
596393,
598038,
599751,
601334,
602893,
604495,
606022,
607702,
609552,
611324,
612959,
614844,
616633,
618513,
620245,
622223,
624074,
625853,
627703,
629553,
631436,
633506,
635424,
637452,
639530,
641556,
643593,
645562,
647505,
649756,
651880,
654043,
656163,
658374,
660539,
662708,
664986,
667276,
669282,
671494,
673927,
676338,
678912,
681405,
683885,
686351,
688744,
691188,
693572,
696097,
698624,
701274,
704044,
706838,
709509,
712210,
714848,
717752,
720478,
723299,
726112,
728763,
731680,
734701,
737463,
740415,
743327,
746184,
749147,
752300,
755382,
758832,
762202,
765231,
768316,
771594,
774952,
778101,
781509,
784777,
788029,
790921,
794004,
797422,
800702,
804430,
808522,
812597,
816667,
820761,
824820,
828912,
833334,
837436,
841686,
845751,
850075,
854167,
858100,
862433,
866578,
870526,
874880,
879357,
883644,
887714,
891954,
896118,
900503,
904878,
909187,
913603,
917972,
922502,
926931,
931229,
935745,
940197,
944544,
949049,
953692,
958399,
963227,
967832,
972430,
977244,
982086,
986856,
991723,
996409,
1.0013e+06,
1.00595e+06,
1.01062e+06,
1.01547e+06,
1.02039e+06,
1.02517e+06,
1.02996e+06,
1.03466e+06,
1.03958e+06,
1.04441e+06,
1.04928e+06,
1.05417e+06,
1.05923e+06,
1.06414e+06,
1.06926e+06,
1.07422e+06,
1.07935e+06,
1.08454e+06,
1.08962e+06,
1.09462e+06,
1.0996e+06,
1.10464e+06,
1.10984e+06,
1.11512e+06,
1.12038e+06,
1.12568e+06,
1.13097e+06,
1.13611e+06,
1.14149e+06,
1.14705e+06,
1.1525e+06,
1.15793e+06,
1.16325e+06,
1.16867e+06,
1.17405e+06,
1.17948e+06,
1.1849e+06,
1.19042e+06,
1.19577e+06,
1.20135e+06,
1.20689e+06,
1.21257e+06,
1.21812e+06,
1.2239e+06,
1.2296e+06,
1.23531e+06,
1.24107e+06,
1.24677e+06,
1.25258e+06,
1.25833e+06,
1.26406e+06,
1.26986e+06,
1.27573e+06,
1.28155e+06,
1.28737e+06,
1.29327e+06,
1.29942e+06,
1.30534e+06,
1.31108e+06,
1.3172e+06,
1.32324e+06,
1.3294e+06,
1.33542e+06,
1.34148e+06,
1.34779e+06,
1.35393e+06,
1.36004e+06,
1.36605e+06,
1.37227e+06,
1.37821e+06,
1.38434e+06,
1.3905e+06,
1.39662e+06,
1.40299e+06,
1.40933e+06,
1.41562e+06,
1.42189e+06,
1.42821e+06,
1.43445e+06,
1.44077e+06,
1.44704e+06,
1.45359e+06,
1.45996e+06,
1.4661e+06,
1.4723e+06,
1.47867e+06,
1.48488e+06,
1.49094e+06,
1.49736e+06,
1.50394e+06,
1.5106e+06,
1.51729e+06,
1.52399e+06,
1.53068e+06,
1.53725e+06,
1.54389e+06,
1.55053e+06,
1.55707e+06,
1.56369e+06,
1.57043e+06,
1.5773e+06,
1.58401e+06,
1.59078e+06,
1.59758e+06,
1.60423e+06,
1.61113e+06,
1.61816e+06,
1.62526e+06,
1.63234e+06,
1.63926e+06,
1.64616e+06,
1.65328e+06,
1.66023e+06,
1.66724e+06,
1.67407e+06,
1.68129e+06,
1.68847e+06,
1.69558e+06,
1.7028e+06,
1.71003e+06,
1.71724e+06,
1.72439e+06,
1.73175e+06,
1.73932e+06,
1.74682e+06,
1.75439e+06,
1.76179e+06,
1.76926e+06,
1.77677e+06,
1.78425e+06,
1.79159e+06,
1.7992e+06,
1.80676e+06,
1.81445e+06,
1.82213e+06,
1.82979e+06,
1.83771e+06,
1.84541e+06,
1.85296e+06,
1.86067e+06,
1.86842e+06,
1.87631e+06,
1.8839e+06,
1.8918e+06,
1.89997e+06,
1.90802e+06,
1.91596e+06,
1.9238e+06,
1.93164e+06,
1.93966e+06,
1.94759e+06,
1.95553e+06,
1.96338e+06,
1.97143e+06,
1.97981e+06,
1.98824e+06,
1.9965e+06,
2.00466e+06,
2.01273e+06,
2.02106e+06,
2.02935e+06,
2.03789e+06,
2.04629e+06,
2.05489e+06,
2.06329e+06,
2.07175e+06,
2.08038e+06,
2.08866e+06,
2.09726e+06,
2.10582e+06,
2.1148e+06,
2.12348e+06,
2.13211e+06,
2.14103e+06,
2.14961e+06,
2.15865e+06,
2.16762e+06,
2.1762e+06,
2.18466e+06,
2.19366e+06,
2.20298e+06,
2.21202e+06,
2.22098e+06,
2.23013e+06,
2.23939e+06,
2.24894e+06,
2.25813e+06,
2.26715e+06,
2.27653e+06,
2.28605e+06,
2.29562e+06,
2.30528e+06,
2.31485e+06,
2.32466e+06,
2.33398e+06,
2.3435e+06,
2.35275e+06,
2.36204e+06,
2.37179e+06,
2.38158e+06,
2.39161e+06,
2.40151e+06,
2.41165e+06,
2.42139e+06,
2.43114e+06,
2.44115e+06,
2.45124e+06,
2.46106e+06,
2.47112e+06,
2.4816e+06,
2.4919e+06,
2.50201e+06,
2.51236e+06,
2.52234e+06,
2.53269e+06,
2.54336e+06,
2.55396e+06,
2.56455e+06,
2.57546e+06,
2.58644e+06,
2.59759e+06,
2.60825e+06,
2.61908e+06,
2.62997e+06,
2.64126e+06,
2.65256e+06,
2.664e+06,
2.6754e+06,
2.68712e+06,
2.69878e+06,
2.71034e+06,
2.72178e+06,
2.73324e+06,
2.745e+06,
2.75705e+06,
2.7693e+06,
2.78144e+06,
2.79378e+06,
2.80617e+06,
2.81827e+06,
2.83051e+06,
2.84315e+06,
2.85593e+06,
2.86942e+06,
2.88257e+06,
2.89573e+06,
2.90899e+06,
2.92183e+06,
2.93462e+06,
2.94817e+06,
2.9617e+06,
2.97556e+06,
2.98934e+06,
3.00343e+06,
3.01735e+06,
3.03155e+06,
3.04577e+06,
3.05922e+06,
3.07351e+06,
3.0877e+06,
3.10307e+06,
3.11774e+06,
3.13283e+06,
3.14786e+06,
3.16293e+06,
3.178e+06,
3.19358e+06,
3.20848e+06,
3.22336e+06,
3.23911e+06,
3.25517e+06,
3.27156e+06,
3.28762e+06,
3.30443e+06,
3.32138e+06,
3.33789e+06,
3.3545e+06,
3.37091e+06,
3.3876e+06,
3.40537e+06,
3.42346e+06,
3.44185e+06,
3.45993e+06,
3.47812e+06,
3.49644e+06,
3.51519e+06,
3.53455e+06,
3.55409e+06,
3.5737e+06,
3.59399e+06,
3.61372e+06,
3.63389e+06,
3.65417e+06,
3.67463e+06,
3.69506e+06,
3.71552e+06,
3.73594e+06,
3.75719e+06,
3.77879e+06,
3.80111e+06,
3.82364e+06,
3.84646e+06,
3.86933e+06,
3.89183e+06,
3.91473e+06,
3.9377e+06,
3.96176e+06,
3.9858e+06,
4.00979e+06,
4.03415e+06,
4.05867e+06,
4.08408e+06,
4.11002e+06,
4.13584e+06,
4.16179e+06,
4.18798e+06,
4.21501e+06,
4.24267e+06,
4.27087e+06,
4.29972e+06,
4.3371e+06,
4.41065e+06,
4.48317e+06,
4.5555e+06,
4.62794e+06,
4.70114e+06,
4.77383e+06,
4.84685e+06,
4.92066e+06,
4.99604e+06,
5.07639e+06,
5.16158e+06,
5.24734e+06,
5.33496e+06,
5.43012e+06,
5.53663e+06,
5.64383e+06,
5.73297e+06,
5.81666e+06,
5.89687e+06,
5.98057e+06,
6.06266e+06,
6.14174e+06,
6.21929e+06,
6.29514e+06,
6.37222e+06,
6.44984e+06,
6.52668e+06,
6.59865e+06,
6.67097e+06,
6.74649e+06,
6.82032e+06,
6.89385e+06,
6.96755e+06,
7.03931e+06,
7.11033e+06,
7.18233e+06,
7.25458e+06,
7.3273e+06,
7.40087e+06,
7.47394e+06,
7.54483e+06,
7.616e+06,
7.68694e+06,
7.75746e+06,
7.82875e+06,
7.89914e+06,
7.96927e+06,
8.04147e+06,
8.11735e+06,
8.19152e+06,
8.26345e+06,
8.33446e+06,
8.40448e+06,
8.47512e+06,
8.54379e+06,
8.61114e+06,
8.67365e+06,
8.74255e+06,
8.81215e+06,
8.88174e+06,
8.95173e+06,
9.02346e+06,
9.09539e+06,
9.16633e+06,
9.23669e+06,
9.30523e+06,
9.37747e+06,
9.45019e+06,
9.5237e+06,
9.59807e+06,
9.67218e+06,
9.74375e+06,
9.815e+06,
9.88525e+06,
9.95427e+06,
1.00251e+07,
1.00979e+07,
1.01708e+07,
1.02435e+07,
1.03163e+07,
1.03891e+07,
1.04625e+07,
1.05338e+07,
1.06036e+07,
1.06755e+07,
1.0752e+07,
1.08275e+07,
1.09021e+07,
1.09766e+07,
1.10511e+07,
1.11266e+07,
1.12031e+07,
1.12803e+07,
1.13562e+07,
1.14336e+07,
1.15121e+07,
1.15912e+07,
1.167e+07,
1.17484e+07,
1.18255e+07,
1.19032e+07,
1.19807e+07,
1.20582e+07,
1.21406e+07,
1.22215e+07,
1.23018e+07,
1.23815e+07,
1.24605e+07,
1.25395e+07,
1.26188e+07,
1.26972e+07,
1.27759e+07,
1.28565e+07,
1.2941e+07,
1.30274e+07,
1.31119e+07,
1.31951e+07,
1.32771e+07,
1.33575e+07,
1.34372e+07,
1.35165e+07,
1.3596e+07,
1.36779e+07,
1.37606e+07,
1.38438e+07,
1.39284e+07,
1.40124e+07,
1.40984e+07,
1.41838e+07,
1.42692e+07,
1.43543e+07,
1.44394e+07,
1.45256e+07,
1.46121e+07,
1.46985e+07,
1.47849e+07,
1.48735e+07,
1.49623e+07,
1.50485e+07,
1.51344e+07,
1.52201e+07,
1.5306e+07,
1.53917e+07,
1.54774e+07,
1.55632e+07,
1.56497e+07,
1.57382e+07,
1.58279e+07,
1.59182e+07,
1.60077e+07,
1.60986e+07,
1.61922e+07,
1.62874e+07,
478966,
479067,
479245,
479410,
479644,
479717,
479893,
480127,
480304,
480493,
480650,
480863,
481072,
481237,
481386,
481549,
481757,
481989,
482128,
482195,
482293,
482457,
482623,
482890,
483048,
483243,
483472,
483675,
483914,
484050,
484203,
484448,
484611,
484739,
484908,
485201,
485490,
485756,
485968,
486225,
486457,
486643,
486846,
487054,
487268,
487450,
487712,
488085,
488319,
488558,
488776,
489065,
489313,
489640,
489891,
490168,
490442,
490697,
490970,
491319,
491566,
491803,
492053,
492358,
492675,
492900,
493166,
493489,
493681,
493989,
494225,
494611,
494911,
495244,
495560,
495893,
496145,
496519,
496772,
497088,
497267,
497571,
497863,
498211,
498473,
498810,
499134,
499507,
499846,
500163,
500480,
500879,
501234,
501588,
501978,
502318,
502670,
502948,
503291,
503693,
504061,
504402,
504740,
505126,
505542,
505948,
506435,
506851,
507275,
507648,
508096,
508533,
508934,
509288,
509765,
510302,
510752,
511373,
512002,
512549,
513137,
513718,
514323,
514860,
515513,
516205,
516827,
517546,
518234,
519030,
519804,
520599,
521274,
522011,
522821,
523686,
524607,
525601,
526527,
527444,
528476,
529482,
530391,
531118,
532076,
533150,
534120,
535167,
536238,
537327,
538387,
539486,
540637,
541804,
542843,
543962,
545114,
546297,
547469,
548665,
549933,
551256,
552727,
553991,
555176,
556446,
557698,
558943,
560227,
561578,
562941,
564332,
565666,
566881,
568284,
569722,
571104,
572598,
574090,
575490,
576961,
578539,
580212,
581683,
583263,
584751,
586340,
587896,
589490,
591032,
592609,
594201,
595924,
597555,
599142,
600683,
602475,
604183,
605983,
607679,
609515,
611232,
612998,
614756,
616496,
618241,
620104,
622025,
623839,
625675,
627610,
629534,
631413,
633324,
635395,
637265,
639322,
641335,
643335,
645299,
647369,
649420,
651534,
653622,
655800,
657966,
660220,
662483,
664778,
667145,
669291,
671571,
673840,
676180,
678496,
681015,
683527,
685903,
688368,
690900,
693294,
695937,
698505,
701215,
703830,
706528,
709279,
712046,
714906,
717547,
720219,
723054,
725818,
728686,
731885,
734994,
738187,
741316,
744306,
747271,
750194,
753310,
756402,
759207,
762414,
765671,
768963,
772288,
775430,
778639,
782015,
785122,
788490,
792035,
795356,
798702,
801893,
805247,
808670,
811938,
815359,
818660,
822085,
825386,
828654,
832084,
835423,
838872,
842436,
845933,
849376,
852804,
856496,
860661,
864770,
868979,
873309,
877625,
882102,
886413,
890743,
895067,
899585,
904004,
908328,
912589,
916994,
921267,
925932,
930282,
934897,
939595,
944026,
948435,
952821,
957413,
961966,
966494,
970897,
975518,
980092,
984651,
989221,
993655,
998513,
1.00306e+06,
1.00778e+06,
1.01256e+06,
1.01744e+06,
1.02219e+06,
1.02706e+06,
1.03197e+06,
1.03685e+06,
1.04162e+06,
1.04667e+06,
1.0518e+06,
1.05677e+06,
1.06186e+06,
1.06698e+06,
1.07194e+06,
1.07709e+06,
1.08208e+06,
1.08737e+06,
1.09211e+06,
1.09725e+06,
1.10252e+06,
1.10754e+06,
1.11272e+06,
1.11773e+06,
1.12282e+06,
1.12811e+06,
1.13317e+06,
1.13831e+06,
1.1435e+06,
1.14864e+06,
1.15403e+06,
1.15934e+06,
1.16468e+06,
1.16996e+06,
1.17528e+06,
1.18051e+06,
1.18589e+06,
1.19129e+06,
1.19678e+06,
1.20231e+06,
1.20777e+06,
1.21341e+06,
1.2189e+06,
1.2247e+06,
1.23037e+06,
1.23616e+06,
1.24178e+06,
1.24777e+06,
1.25353e+06,
1.25916e+06,
1.26507e+06,
1.27097e+06,
1.27673e+06,
1.28272e+06,
1.28851e+06,
1.29432e+06,
1.30017e+06,
1.30595e+06,
1.31181e+06,
1.31771e+06,
1.32354e+06,
1.32975e+06,
1.33587e+06,
1.34196e+06,
1.34787e+06,
1.35382e+06,
1.35986e+06,
1.3659e+06,
1.37167e+06,
1.37762e+06,
1.38365e+06,
1.39001e+06,
1.39627e+06,
1.40246e+06,
1.4087e+06,
1.4151e+06,
1.42132e+06,
1.42748e+06,
1.43364e+06,
1.43987e+06,
1.44609e+06,
1.45223e+06,
1.45851e+06,
1.46463e+06,
1.4711e+06,
1.47719e+06,
1.48366e+06,
1.49008e+06,
1.49633e+06,
1.50276e+06,
1.50916e+06,
1.51562e+06,
1.52205e+06,
1.52843e+06,
1.53489e+06,
1.54137e+06,
1.54811e+06,
1.55456e+06,
1.56099e+06,
1.56752e+06,
1.57422e+06,
1.58068e+06,
1.58735e+06,
1.5938e+06,
1.60051e+06,
1.6074e+06,
1.61424e+06,
1.62108e+06,
1.62796e+06,
1.6348e+06,
1.64154e+06,
1.64819e+06,
1.65499e+06,
1.66219e+06,
1.66949e+06,
1.67661e+06,
1.68346e+06,
1.6903e+06,
1.69743e+06,
1.7045e+06,
1.71148e+06,
1.71844e+06,
1.72571e+06,
1.73286e+06,
1.74015e+06,
1.7475e+06,
1.75477e+06,
1.76198e+06,
1.76925e+06,
1.77626e+06,
1.78331e+06,
1.79047e+06,
1.79798e+06,
1.80545e+06,
1.8129e+06,
1.82037e+06,
1.8278e+06,
1.83555e+06,
1.84295e+06,
1.85047e+06,
1.85796e+06,
1.86552e+06,
1.87334e+06,
1.88113e+06,
1.88909e+06,
1.89694e+06,
1.90455e+06,
1.91235e+06,
1.91994e+06,
1.92775e+06,
1.93553e+06,
1.94355e+06,
1.95151e+06,
1.95942e+06,
1.96738e+06,
1.97533e+06,
1.98347e+06,
1.9914e+06,
1.99915e+06,
2.00715e+06,
2.01546e+06,
2.02385e+06,
2.0318e+06,
2.04005e+06,
2.04809e+06,
2.05629e+06,
2.06456e+06,
2.07286e+06,
2.08086e+06,
2.08901e+06,
2.09749e+06,
2.10606e+06,
2.11474e+06,
2.12322e+06,
2.13188e+06,
2.14051e+06,
2.14888e+06,
2.15751e+06,
2.16642e+06,
2.17501e+06,
2.18403e+06,
2.19265e+06,
2.20144e+06,
2.21041e+06,
2.21906e+06,
2.22787e+06,
2.23674e+06,
2.24574e+06,
2.2546e+06,
2.26359e+06,
2.27278e+06,
2.28197e+06,
2.29112e+06,
2.30007e+06,
2.30897e+06,
2.31806e+06,
2.32745e+06,
2.33692e+06,
2.3461e+06,
2.35543e+06,
2.36511e+06,
2.37447e+06,
2.38376e+06,
2.39317e+06,
2.40243e+06,
2.41226e+06,
2.42205e+06,
2.43183e+06,
2.44148e+06,
2.45104e+06,
2.46093e+06,
2.47073e+06,
2.48045e+06,
2.49005e+06,
2.50006e+06,
2.51036e+06,
2.52063e+06,
2.53073e+06,
2.5405e+06,
2.55051e+06,
2.56097e+06,
2.57125e+06,
2.58123e+06,
2.59157e+06,
2.60228e+06,
2.61299e+06,
2.62397e+06,
2.63458e+06,
2.64533e+06,
2.65626e+06,
2.66712e+06,
2.67804e+06,
2.6888e+06,
2.7002e+06,
2.71184e+06,
2.72367e+06,
2.7352e+06,
2.74729e+06,
2.75882e+06,
2.77015e+06,
2.78188e+06,
2.79359e+06,
2.80568e+06,
2.81798e+06,
2.83022e+06,
2.84248e+06,
2.85453e+06,
2.86682e+06,
2.87839e+06,
2.89053e+06,
2.90259e+06,
2.91529e+06,
2.92831e+06,
2.94121e+06,
2.95397e+06,
2.96685e+06,
2.97979e+06,
2.99287e+06,
3.00559e+06,
3.01852e+06,
3.0323e+06,
3.04649e+06,
3.06044e+06,
3.07447e+06,
3.08841e+06,
3.10248e+06,
3.1167e+06,
3.13101e+06,
3.14489e+06,
3.15957e+06,
3.17424e+06,
3.18913e+06,
3.20397e+06,
3.21887e+06,
3.23431e+06,
3.24969e+06,
3.26551e+06,
3.28063e+06,
3.29523e+06,
3.31063e+06,
3.32649e+06,
3.34266e+06,
3.35898e+06,
3.37551e+06,
3.3917e+06,
3.40839e+06,
3.42484e+06,
3.4417e+06,
3.45851e+06,
3.4761e+06,
3.49409e+06,
3.51168e+06,
3.52941e+06,
3.54773e+06,
3.5659e+06,
3.58478e+06,
3.60414e+06,
3.62446e+06,
3.64376e+06,
3.6632e+06,
3.68301e+06,
3.70317e+06,
3.72396e+06,
3.74445e+06,
3.76479e+06,
3.78509e+06,
3.80578e+06,
3.82698e+06,
3.8487e+06,
3.87024e+06,
3.89221e+06,
3.91437e+06,
3.93645e+06,
3.9586e+06,
3.98133e+06,
4.00443e+06,
4.02839e+06,
4.05222e+06,
4.07502e+06,
4.09937e+06,
4.12409e+06,
4.14928e+06,
4.17452e+06,
4.19989e+06,
4.22528e+06,
4.25189e+06,
4.27896e+06,
4.31202e+06,
4.38077e+06,
4.44773e+06,
4.51377e+06,
4.57977e+06,
4.64573e+06,
4.71236e+06,
4.77975e+06,
4.8472e+06,
4.91487e+06,
4.98661e+06,
5.06235e+06,
5.13832e+06,
5.21711e+06,
5.29505e+06,
5.37597e+06,
5.4588e+06,
5.5505e+06,
5.65523e+06,
5.74888e+06,
5.8361e+06,
5.91906e+06,
5.99992e+06,
6.07862e+06,
6.15431e+06,
6.22848e+06,
6.30074e+06,
6.37217e+06,
6.4456e+06,
6.52076e+06,
6.59809e+06,
6.67105e+06,
6.74262e+06,
6.81262e+06,
6.88181e+06,
6.95112e+06,
7.02046e+06,
7.08884e+06,
7.15703e+06,
7.2289e+06,
7.30338e+06,
7.37648e+06,
7.44611e+06,
7.51473e+06,
7.58306e+06,
7.65096e+06,
7.71922e+06,
7.7865e+06,
7.85522e+06,
7.92564e+06,
7.99471e+06,
8.06088e+06,
8.12742e+06,
8.19198e+06,
8.25446e+06,
8.32381e+06,
8.39243e+06,
8.46123e+06,
8.53246e+06,
8.60309e+06,
8.67409e+06,
8.74567e+06,
8.81807e+06,
8.89176e+06,
8.96145e+06,
9.03033e+06,
9.0983e+06,
9.16833e+06,
9.23941e+06,
9.31008e+06,
9.37978e+06,
9.44972e+06,
9.51969e+06,
9.58977e+06,
9.66106e+06,
9.73071e+06,
9.80034e+06,
9.8714e+06,
9.94222e+06,
1.00127e+07,
1.00829e+07,
1.01522e+07,
1.02211e+07,
1.02908e+07,
1.03608e+07,
1.04317e+07,
1.05058e+07,
1.05795e+07,
1.06529e+07,
1.0726e+07,
1.07984e+07,
1.08713e+07,
1.09432e+07,
1.10157e+07,
1.10879e+07,
1.11631e+07,
1.12417e+07,
1.13209e+07,
1.13974e+07,
1.14735e+07,
1.15489e+07,
1.16238e+07,
1.16989e+07,
1.17734e+07,
1.18482e+07,
1.19258e+07,
1.2003e+07,
1.20815e+07,
1.21615e+07,
1.22386e+07,
1.2315e+07,
1.23914e+07,
1.24674e+07,
1.25435e+07,
1.26218e+07,
1.27018e+07,
1.27817e+07,
1.28618e+07,
1.29434e+07,
1.30268e+07,
1.31083e+07,
1.31874e+07,
1.32663e+07,
1.3345e+07,
1.34257e+07,
1.35058e+07,
1.35881e+07,
1.36712e+07,
1.37542e+07,
1.38381e+07,
1.39235e+07,
1.4009e+07,
1.40922e+07,
1.41763e+07,
1.42599e+07,
1.43439e+07,
1.4428e+07,
1.45117e+07,
1.45952e+07,
1.46796e+07,
1.4764e+07,
1.48489e+07,
1.49356e+07,
1.5021e+07,
1.51046e+07,
1.5189e+07,
1.52737e+07,
1.5358e+07,
478966,
479078,
479271,
479441,
479675,
479809,
479952,
480202,
480387,
480603,
480774,
481002,
481180,
481356,
481525,
481705,
481963,
482163,
482332,
482439,
482604,
482780,
482979,
483201,
483399,
483620,
483853,
484126,
484409,
484592,
484697,
484942,
485151,
485309,
485545,
485793,
486086,
486360,
486666,
486931,
487072,
487380,
487547,
487824,
488044,
488227,
488515,
488837,
489088,
489363,
489631,
489884,
490199,
490497,
490707,
491016,
491330,
491624,
491808,
492132,
492390,
492689,
493044,
493320,
493607,
493883,
494183,
494418,
494759,
495112,
495406,
495740,
496044,
496392,
496671,
496958,
497345,
497630,
497913,
498315,
498655,
499044,
499362,
499613,
500008,
500303,
500746,
501138,
501499,
501928,
502317,
502697,
503152,
503523,
503889,
504286,
504682,
504983,
505337,
505729,
506143,
506588,
506974,
507409,
507861,
508380,
508722,
509221,
509704,
510154,
510689,
511222,
511656,
512118,
512584,
513135,
513705,
514272,
514742,
515319,
515985,
516548,
517137,
517750,
518408,
519114,
519927,
520675,
521482,
522142,
522978,
523871,
524800,
525602,
526434,
527262,
528328,
529227,
530180,
531165,
532079,
533108,
534079,
534983,
535953,
536994,
538035,
539008,
540057,
541307,
542381,
543504,
544656,
545759,
546943,
548105,
549278,
550469,
551788,
553120,
554433,
555747,
556946,
558311,
559613,
561011,
562274,
563527,
564909,
566380,
567848,
569155,
570494,
571761,
573224,
574714,
576251,
577767,
579373,
580997,
582548,
584116,
585634,
587002,
588577,
590282,
591886,
593523,
595373,
597161,
598760,
600458,
602079,
603765,
605471,
607066,
608911,
610690,
612568,
614449,
616155,
618025,
619792,
621569,
623369,
625219,
627040,
629048,
630946,
633025,
635078,
637002,
638902,
640883,
642862,
644930,
646898,
648836,
650984,
653176,
655312,
657466,
659712,
661914,
664196,
666521,
668730,
670982,
673258,
675651,
677947,
680484,
682930,
685308,
687659,
690186,
692567,
695337,
697851,
700569,
703158,
705852,
708607,
711523,
714666,
717563,
720535,
723316,
726047,
728821,
731771,
734893,
737799,
740892,
743914,
747040,
750267,
753313,
756171,
759168,
762556,
765946,
769223,
772276,
775406,
778478,
781845,
784918,
788154,
791501,
794894,
798253,
801466,
804850,
808235,
811730,
815268,
819088,
822506,
826019,
829457,
832999,
836370,
839805,
843280,
846859,
850351,
853944,
857234,
860695,
864218,
867797,
871480,
875049,
878549,
882202,
885693,
889326,
893069,
896609,
900437,
903979,
907555,
911119,
914946,
918934,
923510,
927944,
932582,
937167,
941655,
946221,
950773,
955163,
959731,
964297,
968841,
973525,
978061,
982584,
987396,
992024,
996595,
1.00125e+06,
1.00589e+06,
1.01067e+06,
1.01533e+06,
1.02036e+06,
1.02504e+06,
1.02973e+06,
1.0345e+06,
1.03947e+06,
1.04419e+06,
1.0491e+06,
1.05398e+06,
1.05876e+06,
1.06365e+06,
1.06855e+06,
1.07348e+06,
1.07835e+06,
1.08329e+06,
1.08846e+06,
1.0936e+06,
1.09851e+06,
1.10366e+06,
1.1088e+06,
1.11415e+06,
1.11946e+06,
1.12462e+06,
1.12972e+06,
1.13503e+06,
1.14033e+06,
1.14564e+06,
1.15093e+06,
1.15623e+06,
1.16157e+06,
1.16689e+06,
1.17235e+06,
1.17753e+06,
1.18268e+06,
1.1882e+06,
1.19364e+06,
1.19904e+06,
1.20426e+06,
1.20959e+06,
1.21507e+06,
1.22059e+06,
1.22593e+06,
1.23151e+06,
1.23708e+06,
1.24282e+06,
1.24854e+06,
1.25408e+06,
1.25958e+06,
1.26543e+06,
1.27108e+06,
1.27668e+06,
1.28253e+06,
1.28844e+06,
1.29409e+06,
1.30028e+06,
1.30608e+06,
1.3117e+06,
1.31722e+06,
1.3231e+06,
1.32928e+06,
1.3354e+06,
1.34124e+06,
1.34707e+06,
1.35307e+06,
1.35926e+06,
1.36518e+06,
1.3713e+06,
1.37733e+06,
1.38337e+06,
1.38946e+06,
1.3955e+06,
1.40158e+06,
1.40778e+06,
1.41383e+06,
1.41986e+06,
1.42586e+06,
1.43196e+06,
1.43791e+06,
1.44393e+06,
1.45019e+06,
1.45624e+06,
1.46223e+06,
1.46848e+06,
1.47472e+06,
1.48103e+06,
1.48757e+06,
1.49385e+06,
1.5001e+06,
1.5065e+06,
1.5124e+06,
1.51889e+06,
1.52549e+06,
1.5319e+06,
1.5383e+06,
1.54487e+06,
1.55123e+06,
1.55772e+06,
1.56403e+06,
1.5705e+06,
1.57701e+06,
1.58355e+06,
1.59033e+06,
1.59713e+06,
1.60389e+06,
1.61054e+06,
1.61706e+06,
1.62379e+06,
1.63038e+06,
1.63689e+06,
1.64353e+06,
1.65013e+06,
1.65707e+06,
1.66391e+06,
1.67087e+06,
1.67768e+06,
1.68446e+06,
1.69118e+06,
1.69781e+06,
1.70471e+06,
1.71183e+06,
1.71907e+06,
1.72629e+06,
1.73347e+06,
1.7405e+06,
1.74743e+06,
1.75453e+06,
1.7617e+06,
1.76853e+06,
1.77558e+06,
1.78296e+06,
1.79024e+06,
1.79744e+06,
1.80475e+06,
1.81213e+06,
1.81931e+06,
1.82665e+06,
1.83383e+06,
1.84097e+06,
1.84838e+06,
1.85557e+06,
1.86266e+06,
1.87012e+06,
1.87757e+06,
1.88499e+06,
1.89251e+06,
1.89998e+06,
1.90746e+06,
1.91488e+06,
1.92248e+06,
1.92992e+06,
1.93775e+06,
1.94549e+06,
1.95337e+06,
1.9612e+06,
1.96903e+06,
1.97673e+06,
1.98476e+06,
1.9926e+06,
2.00036e+06,
2.00825e+06,
2.01611e+06,
2.02418e+06,
2.03212e+06,
2.04028e+06,
2.04798e+06,
2.05605e+06,
2.06408e+06,
2.07223e+06,
2.08056e+06,
2.08878e+06,
2.09697e+06,
2.10526e+06,
2.11337e+06,
2.12156e+06,
2.12962e+06,
2.13799e+06,
2.14661e+06,
2.15485e+06,
2.16338e+06,
2.17188e+06,
2.18059e+06,
2.18913e+06,
2.19729e+06,
2.20568e+06,
2.21445e+06,
2.22326e+06,
2.23219e+06,
2.24066e+06,
2.24941e+06,
2.25831e+06,
2.26714e+06,
2.27597e+06,
2.28474e+06,
2.29366e+06,
2.30276e+06,
2.31155e+06,
2.3207e+06,
2.32941e+06,
2.33835e+06,
2.3475e+06,
2.35636e+06,
2.36519e+06,
2.3743e+06,
2.38363e+06,
2.39313e+06,
2.40239e+06,
2.41163e+06,
2.42046e+06,
2.42964e+06,
2.43908e+06,
2.44824e+06,
2.45759e+06,
2.46698e+06,
2.4764e+06,
2.48619e+06,
2.49611e+06,
2.50568e+06,
2.5152e+06,
2.52476e+06,
2.53421e+06,
2.54376e+06,
2.55404e+06,
2.56392e+06,
2.57414e+06,
2.5844e+06,
2.59465e+06,
2.6053e+06,
2.61529e+06,
2.62558e+06,
2.6356e+06,
2.64653e+06,
2.65722e+06,
2.66805e+06,
2.67875e+06,
2.68967e+06,
2.70113e+06,
2.71228e+06,
2.72305e+06,
2.73376e+06,
2.74465e+06,
2.75586e+06,
2.76713e+06,
2.7785e+06,
2.7899e+06,
2.80124e+06,
2.81312e+06,
2.82439e+06,
2.83533e+06,
2.84675e+06,
2.85871e+06,
2.87092e+06,
2.88291e+06,
2.89522e+06,
2.90713e+06,
2.91935e+06,
2.93134e+06,
2.94332e+06,
2.95525e+06,
2.96779e+06,
2.98013e+06,
2.99302e+06,
3.00613e+06,
3.01906e+06,
3.03151e+06,
3.04456e+06,
3.05743e+06,
3.07014e+06,
3.08309e+06,
3.09658e+06,
3.11015e+06,
3.12376e+06,
3.13794e+06,
3.1517e+06,
3.16581e+06,
3.18024e+06,
3.19434e+06,
3.20887e+06,
3.22309e+06,
3.23736e+06,
3.25221e+06,
3.26669e+06,
3.28171e+06,
3.29709e+06,
3.31244e+06,
3.32732e+06,
3.34225e+06,
3.35803e+06,
3.37304e+06,
3.38822e+06,
3.4043e+06,
3.42019e+06,
3.43632e+06,
3.4524e+06,
3.46838e+06,
3.4844e+06,
3.5017e+06,
3.51897e+06,
3.53575e+06,
3.55303e+06,
3.57067e+06,
3.58833e+06,
3.60664e+06,
3.625e+06,
3.64427e+06,
3.66293e+06,
3.68255e+06,
3.70236e+06,
3.72171e+06,
3.74121e+06,
3.76136e+06,
3.78113e+06,
3.80124e+06,
3.8211e+06,
3.84092e+06,
3.86167e+06,
3.88296e+06,
3.90411e+06,
3.925e+06,
3.94629e+06,
3.9674e+06,
3.98884e+06,
4.01087e+06,
4.03304e+06,
4.05538e+06,
4.07882e+06,
4.10183e+06,
4.1251e+06,
4.14844e+06,
4.17229e+06,
4.19687e+06,
4.22163e+06,
4.24614e+06,
4.27296e+06,
4.32172e+06,
4.38476e+06,
4.44731e+06,
4.50861e+06,
4.56871e+06,
4.62898e+06,
4.68951e+06,
4.75106e+06,
4.81362e+06,
4.87674e+06,
4.94378e+06,
5.01317e+06,
5.08149e+06,
5.15169e+06,
5.22221e+06,
5.29422e+06,
5.3677e+06,
5.44215e+06,
5.51879e+06,
5.60469e+06,
5.70354e+06,
5.80402e+06,
5.88843e+06,
5.9686e+06,
6.04354e+06,
6.11839e+06,
6.19056e+06,
6.26072e+06,
6.33041e+06,
6.40222e+06,
6.47528e+06,
6.54941e+06,
6.62472e+06,
6.69498e+06,
6.76266e+06,
6.82882e+06,
6.8944e+06,
6.95891e+06,
7.02666e+06,
7.09687e+06,
7.1654e+06,
7.2338e+06,
7.30248e+06,
7.37284e+06,
7.43536e+06,
7.49662e+06,
7.55698e+06,
7.61885e+06,
7.68716e+06,
7.75703e+06,
7.82668e+06,
7.89562e+06,
7.9639e+06,
8.03271e+06,
8.1025e+06,
8.17309e+06,
8.2405e+06,
8.30752e+06,
8.3767e+06,
8.44684e+06,
8.5156e+06,
8.58381e+06,
8.65199e+06,
8.71951e+06,
8.78751e+06,
8.85678e+06,
8.92684e+06,
8.99683e+06,
9.06661e+06,
9.1351e+06,
9.2038e+06,
9.27165e+06,
9.33948e+06,
9.40634e+06,
9.4732e+06,
9.54017e+06,
9.60894e+06,
9.68038e+06,
9.75102e+06,
9.81994e+06,
9.88855e+06,
9.95732e+06,
1.00253e+07,
1.00924e+07,
1.0159e+07,
1.02257e+07,
1.02971e+07,
1.03696e+07,
1.04427e+07,
1.05165e+07,
1.05877e+07,
1.06588e+07,
1.07299e+07,
1.08005e+07,
1.08708e+07,
1.09435e+07,
1.10172e+07,
1.10909e+07,
1.11643e+07,
1.12383e+07,
1.13143e+07,
1.13891e+07,
1.1463e+07,
1.15354e+07,
1.16081e+07,
1.16825e+07,
1.17575e+07,
1.18319e+07,
1.19063e+07,
1.19804e+07,
1.20557e+07,
1.21314e+07,
1.22077e+07,
1.22821e+07,
1.23574e+07,
1.24339e+07,
1.25103e+07,
1.2586e+07,
1.26627e+07,
1.274e+07,
1.28173e+07,
1.28949e+07,
1.29727e+07,
1.30527e+07,
1.31373e+07,
1.32199e+07,
1.33018e+07,
1.33837e+07,
1.34642e+07,
1.35454e+07,
1.36265e+07,
1.37069e+07,
1.37876e+07,
1.38692e+07,
1.39528e+07,
1.40369e+07,
1.412e+07,
1.42023e+07,
1.42845e+07,
1.4367e+07,
1.44482e+07,
478966,
479085,
479287,
479497,
479729,
479882,
480026,
480288,
480509,
480699,
480888,
481095,
481290,
481483,
481652,
481895,
482172,
482372,
482616,
482733,
482893,
483098,
483377,
483556,
483776,
484076,
484313,
484556,
484851,
485096,
485222,
485441,
485694,
485974,
486149,
486455,
486709,
487032,
487292,
487596,
487778,
488043,
488297,
488530,
488732,
488921,
489164,
489542,
489808,
490080,
490432,
490675,
490941,
491267,
491517,
491776,
492143,
492415,
492700,
492906,
493227,
493474,
493785,
494136,
494452,
494739,
495076,
495466,
495822,
496219,
496607,
496973,
497277,
497617,
497921,
498315,
498599,
498899,
499266,
499620,
499980,
500315,
500757,
501111,
501499,
501969,
502323,
502712,
503121,
503528,
503997,
504487,
504890,
505319,
505804,
506235,
506693,
507035,
507487,
507935,
508380,
508863,
509272,
509688,
510203,
510663,
511189,
511695,
512166,
512678,
513225,
513763,
514298,
514805,
515265,
515913,
516332,
516990,
517624,
518348,
519044,
519667,
520329,
521049,
521773,
522544,
523216,
523914,
524768,
525558,
526386,
527347,
528188,
529068,
529997,
530914,
532004,
532906,
533875,
534857,
535749,
536741,
537723,
538681,
539804,
540923,
542103,
543162,
544238,
545208,
546356,
547592,
548796,
550011,
551127,
552320,
553569,
554962,
556241,
557569,
558874,
560189,
561495,
562819,
564259,
565625,
567004,
568342,
569789,
571298,
572618,
573969,
575343,
576823,
578344,
579980,
581426,
582998,
584603,
586209,
587789,
589419,
591203,
592876,
594531,
596062,
597794,
599517,
601327,
603133,
604778,
606502,
608130,
609783,
611507,
613388,
615239,
617097,
619121,
620926,
622766,
624576,
626548,
628419,
630267,
632338,
634234,
636397,
638509,
640515,
642419,
644418,
646470,
648391,
650483,
652595,
654791,
656964,
659258,
661427,
663651,
665892,
668164,
670373,
672661,
674915,
677256,
679746,
682176,
684694,
687164,
689642,
692182,
694673,
697535,
700135,
702867,
705665,
708448,
711293,
714072,
717015,
719823,
722629,
725470,
728384,
731242,
734176,
737079,
740070,
743114,
746196,
749259,
752456,
755591,
758634,
761731,
764903,
767980,
771501,
774775,
778007,
781125,
784126,
787456,
790653,
794031,
797481,
800933,
804291,
807729,
811249,
814451,
817913,
821429,
824779,
828420,
831879,
835460,
838910,
842481,
845974,
849468,
853099,
856750,
860267,
863813,
867405,
871092,
874832,
878435,
882225,
885976,
889613,
893343,
897027,
900712,
904373,
908119,
911836,
915519,
919314,
923144,
926822,
930652,
934480,
938302,
942096,
945919,
949630,
953540,
957511,
961390,
965186,
968782,
972861,
976607,
980562,
984619,
989085,
993907,
998661,
1.00308e+06,
1.0078e+06,
1.01256e+06,
1.01734e+06,
1.02209e+06,
1.02701e+06,
1.03171e+06,
1.03656e+06,
1.04175e+06,
1.0466e+06,
1.05147e+06,
1.05623e+06,
1.06107e+06,
1.06599e+06,
1.07083e+06,
1.0758e+06,
1.08077e+06,
1.08575e+06,
1.09072e+06,
1.09582e+06,
1.10082e+06,
1.10569e+06,
1.1105e+06,
1.11581e+06,
1.12096e+06,
1.12601e+06,
1.13127e+06,
1.13665e+06,
1.14175e+06,
1.14691e+06,
1.15176e+06,
1.15692e+06,
1.162e+06,
1.16705e+06,
1.17237e+06,
1.17781e+06,
1.18345e+06,
1.18908e+06,
1.19444e+06,
1.19979e+06,
1.20522e+06,
1.21039e+06,
1.21564e+06,
1.22112e+06,
1.2267e+06,
1.23211e+06,
1.23776e+06,
1.24337e+06,
1.24907e+06,
1.25481e+06,
1.26033e+06,
1.266e+06,
1.27164e+06,
1.27712e+06,
1.28292e+06,
1.28865e+06,
1.2946e+06,
1.30026e+06,
1.30609e+06,
1.31185e+06,
1.3175e+06,
1.32295e+06,
1.32835e+06,
1.33422e+06,
1.34013e+06,
1.34591e+06,
1.35176e+06,
1.35782e+06,
1.36399e+06,
1.3699e+06,
1.37571e+06,
1.38146e+06,
1.38734e+06,
1.39336e+06,
1.39938e+06,
1.40535e+06,
1.41129e+06,
1.41752e+06,
1.42365e+06,
1.42974e+06,
1.43572e+06,
1.44139e+06,
1.4474e+06,
1.45352e+06,
1.45958e+06,
1.46577e+06,
1.47202e+06,
1.47811e+06,
1.4844e+06,
1.49055e+06,
1.49665e+06,
1.50278e+06,
1.50876e+06,
1.51506e+06,
1.52149e+06,
1.5278e+06,
1.53411e+06,
1.5404e+06,
1.54684e+06,
1.55319e+06,
1.55926e+06,
1.56535e+06,
1.57161e+06,
1.57806e+06,
1.58474e+06,
1.59138e+06,
1.59811e+06,
1.60467e+06,
1.6114e+06,
1.61785e+06,
1.62441e+06,
1.63118e+06,
1.63783e+06,
1.64464e+06,
1.65145e+06,
1.65803e+06,
1.6647e+06,
1.6715e+06,
1.67803e+06,
1.68478e+06,
1.69153e+06,
1.69831e+06,
1.70506e+06,
1.71227e+06,
1.71925e+06,
1.72616e+06,
1.73282e+06,
1.73953e+06,
1.74632e+06,
1.7533e+06,
1.76021e+06,
1.76687e+06,
1.7737e+06,
1.78072e+06,
1.78792e+06,
1.795e+06,
1.80214e+06,
1.80937e+06,
1.81624e+06,
1.82355e+06,
1.83097e+06,
1.83792e+06,
1.84499e+06,
1.85218e+06,
1.85933e+06,
1.86658e+06,
1.87388e+06,
1.88108e+06,
1.88856e+06,
1.89607e+06,
1.9033e+06,
1.91052e+06,
1.91791e+06,
1.92517e+06,
1.93262e+06,
1.94011e+06,
1.94748e+06,
1.95481e+06,
1.96255e+06,
1.96995e+06,
1.97762e+06,
1.98526e+06,
1.99282e+06,
2.00048e+06,
2.00817e+06,
2.01557e+06,
2.02306e+06,
2.03094e+06,
2.03864e+06,
2.04647e+06,
2.05442e+06,
2.06243e+06,
2.07063e+06,
2.07877e+06,
2.08649e+06,
2.09433e+06,
2.10252e+06,
2.11057e+06,
2.11863e+06,
2.12703e+06,
2.13515e+06,
2.14318e+06,
2.15148e+06,
2.15965e+06,
2.16773e+06,
2.17577e+06,
2.18416e+06,
2.19239e+06,
2.20088e+06,
2.20963e+06,
2.21803e+06,
2.22633e+06,
2.23451e+06,
2.24304e+06,
2.2512e+06,
2.25973e+06,
2.26825e+06,
2.27678e+06,
2.28534e+06,
2.29392e+06,
2.3025e+06,
2.31091e+06,
2.31936e+06,
2.32789e+06,
2.33658e+06,
2.34528e+06,
2.35428e+06,
2.36323e+06,
2.37243e+06,
2.3815e+06,
2.39044e+06,
2.39906e+06,
2.4076e+06,
2.41656e+06,
2.42561e+06,
2.43459e+06,
2.44364e+06,
2.45292e+06,
2.46216e+06,
2.4714e+06,
2.48074e+06,
2.48973e+06,
2.49825e+06,
2.50739e+06,
2.5169e+06,
2.5264e+06,
2.53593e+06,
2.54564e+06,
2.55554e+06,
2.56536e+06,
2.57502e+06,
2.5846e+06,
2.59404e+06,
2.60408e+06,
2.61442e+06,
2.6245e+06,
2.63482e+06,
2.6453e+06,
2.65591e+06,
2.66632e+06,
2.67685e+06,
2.68713e+06,
2.69752e+06,
2.7079e+06,
2.71837e+06,
2.72928e+06,
2.74002e+06,
2.75079e+06,
2.76176e+06,
2.77253e+06,
2.7835e+06,
2.79402e+06,
2.80471e+06,
2.81545e+06,
2.82654e+06,
2.83759e+06,
2.84885e+06,
2.86003e+06,
2.87102e+06,
2.88221e+06,
2.89329e+06,
2.90436e+06,
2.91597e+06,
2.92766e+06,
2.93991e+06,
2.95202e+06,
2.96396e+06,
2.97625e+06,
2.98814e+06,
3e+06,
3.01256e+06,
3.02494e+06,
3.03738e+06,
3.05014e+06,
3.06294e+06,
3.07557e+06,
3.08842e+06,
3.10085e+06,
3.11374e+06,
3.12678e+06,
3.14028e+06,
3.15352e+06,
3.16669e+06,
3.18008e+06,
3.19358e+06,
3.20681e+06,
3.2206e+06,
3.23422e+06,
3.24815e+06,
3.26244e+06,
3.2768e+06,
3.2907e+06,
3.30493e+06,
3.31937e+06,
3.3342e+06,
3.34918e+06,
3.36391e+06,
3.37849e+06,
3.39352e+06,
3.40881e+06,
3.42448e+06,
3.43961e+06,
3.455e+06,
3.47106e+06,
3.48716e+06,
3.50314e+06,
3.51936e+06,
3.53577e+06,
3.5525e+06,
3.56983e+06,
3.58683e+06,
3.6029e+06,
3.61979e+06,
3.63724e+06,
3.65473e+06,
3.67275e+06,
3.69078e+06,
3.70933e+06,
3.72827e+06,
3.74764e+06,
3.76686e+06,
3.78594e+06,
3.80531e+06,
3.82516e+06,
3.84477e+06,
3.86403e+06,
3.88343e+06,
3.9035e+06,
3.92414e+06,
3.94508e+06,
3.9656e+06,
3.98581e+06,
4.00602e+06,
4.02703e+06,
4.04812e+06,
4.06956e+06,
4.09158e+06,
4.11389e+06,
4.13632e+06,
4.15901e+06,
4.18204e+06,
4.20459e+06,
4.22806e+06,
4.25388e+06,
4.29946e+06,
4.35726e+06,
4.41445e+06,
4.47142e+06,
4.52841e+06,
4.58518e+06,
4.64154e+06,
4.697e+06,
4.75348e+06,
4.81105e+06,
4.87201e+06,
4.93583e+06,
4.99887e+06,
5.06231e+06,
5.12558e+06,
5.19023e+06,
5.25489e+06,
5.32177e+06,
5.38857e+06,
5.45866e+06,
5.53294e+06,
5.61125e+06,
5.69475e+06,
5.78685e+06,
5.88115e+06,
5.96031e+06,
6.03619e+06,
6.10791e+06,
6.1772e+06,
6.2484e+06,
6.32044e+06,
6.3903e+06,
6.45963e+06,
6.52811e+06,
6.59678e+06,
6.66669e+06,
6.73253e+06,
6.79148e+06,
6.84829e+06,
6.90848e+06,
6.97411e+06,
7.04197e+06,
7.10988e+06,
7.17748e+06,
7.24554e+06,
7.31296e+06,
7.38119e+06,
7.44942e+06,
7.51807e+06,
7.5868e+06,
7.6541e+06,
7.72048e+06,
7.78756e+06,
7.85372e+06,
7.91946e+06,
7.98473e+06,
8.05012e+06,
8.1174e+06,
8.18777e+06,
8.25698e+06,
8.32447e+06,
8.39079e+06,
8.45755e+06,
8.52376e+06,
8.5896e+06,
8.65426e+06,
8.71963e+06,
8.78597e+06,
8.8548e+06,
8.9249e+06,
8.99499e+06,
9.06217e+06,
9.12878e+06,
9.1945e+06,
9.2599e+06,
9.32509e+06,
9.39024e+06,
9.45746e+06,
9.52454e+06,
9.59197e+06,
9.65988e+06,
9.72886e+06,
9.79624e+06,
9.86208e+06,
9.92861e+06,
9.99414e+06,
1.00612e+07,
1.01306e+07,
1.01995e+07,
1.02688e+07,
1.03388e+07,
1.04095e+07,
1.04805e+07,
1.05526e+07,
1.06225e+07,
1.06913e+07,
1.07623e+07,
1.08343e+07,
1.09055e+07,
1.09765e+07,
1.10475e+07,
1.11181e+07,
1.11882e+07,
1.12593e+07,
1.13319e+07,
1.14048e+07,
1.14783e+07,
1.1551e+07,
1.1623e+07,
1.16956e+07,
1.1768e+07,
1.18398e+07,
1.19114e+07,
1.19837e+07,
1.20555e+07,
1.21307e+07,
1.22072e+07,
1.22822e+07,
1.23569e+07,
1.24315e+07,
1.25057e+07,
1.25798e+07,
1.26566e+07,
1.27333e+07,
1.28108e+07,
1.28908e+07,
1.29717e+07,
1.3054e+07,
1.31373e+07,
1.32174e+07,
1.32965e+07,
1.33762e+07,
1.34553e+07,
1.35346e+07,
478966,
479109,
479299,
479542,
479766,
479943,
480114,
480366,
480616,
480786,
480970,
481182,
481406,
481611,
481856,
482111,
482433,
482654,
482883,
483065,
483237,
483447,
483727,
483926,
484213,
484464,
484741,
484940,
485249,
485547,
485672,
485922,
486235,
486450,
486752,
487038,
487284,
487581,
487774,
488088,
488316,
488580,
488857,
489191,
489427,
489607,
489895,
490147,
490415,
490666,
490957,
491272,
491597,
491964,
492240,
492550,
492920,
493233,
493476,
493801,
494154,
494414,
494763,
495095,
495417,
495768,
496088,
496472,
496831,
497142,
497583,
497932,
498287,
498633,
498986,
499415,
499787,
500180,
500633,
500953,
501332,
501790,
502126,
502636,
503037,
503462,
503905,
504336,
504825,
505206,
505657,
506141,
506658,
507085,
507676,
508078,
508579,
509056,
509454,
509986,
510462,
511012,
511396,
511819,
512387,
512972,
513562,
514155,
514686,
515178,
515713,
516256,
516826,
517337,
517937,
518650,
519347,
520010,
520647,
521343,
522048,
522854,
523538,
524283,
524933,
525609,
526501,
527333,
528169,
529069,
530025,
530992,
531992,
532907,
533731,
534626,
535463,
536432,
537441,
538592,
539698,
540790,
541815,
542876,
543975,
544993,
546127,
547176,
548369,
549486,
550733,
552000,
553326,
554566,
555738,
556876,
558176,
559346,
560722,
562111,
563587,
564833,
566181,
567445,
568953,
570489,
571925,
573329,
574729,
576151,
577647,
579163,
580671,
582214,
583946,
585592,
586966,
588633,
590212,
591732,
593408,
595144,
596742,
598423,
600152,
601919,
603698,
605380,
607175,
608985,
610762,
612489,
614411,
616169,
617976,
619911,
621762,
623643,
625623,
627597,
629498,
631337,
633369,
635316,
637186,
639235,
641226,
643347,
645416,
647500,
649527,
651648,
653813,
655908,
658105,
660233,
662530,
664848,
666974,
669303,
671582,
673795,
676195,
678606,
680931,
683638,
686515,
689146,
691794,
694217,
696880,
699353,
702248,
704658,
707355,
710076,
712773,
715540,
718412,
721374,
724271,
727128,
730018,
732951,
735814,
738773,
741729,
744706,
747721,
750782,
753877,
756878,
759903,
763145,
766434,
769550,
772893,
776259,
779551,
782944,
786250,
789437,
792715,
796015,
799458,
802760,
806131,
809602,
812940,
816455,
819887,
823414,
826922,
830483,
833967,
837653,
841263,
844961,
848395,
851703,
855343,
858952,
862403,
865990,
869603,
873393,
877146,
880957,
884634,
888214,
891892,
895736,
899462,
903340,
907230,
911002,
914798,
918737,
922723,
926525,
930532,
934247,
938076,
941696,
945590,
949524,
953477,
957442,
961295,
965155,
969173,
972976,
976845,
980755,
984619,
988734,
992709,
996611,
1.00051e+06,
1.00454e+06,
1.00865e+06,
1.01271e+06,
1.01679e+06,
1.02081e+06,
1.02483e+06,
1.0289e+06,
1.03315e+06,
1.03725e+06,
1.04151e+06,
1.04563e+06,
1.04995e+06,
1.05422e+06,
1.05824e+06,
1.06244e+06,
1.06688e+06,
1.07171e+06,
1.0769e+06,
1.082e+06,
1.08692e+06,
1.09176e+06,
1.09697e+06,
1.10222e+06,
1.10722e+06,
1.11226e+06,
1.11707e+06,
1.12219e+06,
1.12732e+06,
1.13266e+06,
1.13783e+06,
1.14308e+06,
1.14837e+06,
1.15331e+06,
1.15823e+06,
1.16339e+06,
1.16869e+06,
1.17381e+06,
1.1789e+06,
1.18425e+06,
1.18957e+06,
1.19521e+06,
1.20055e+06,
1.20597e+06,
1.21112e+06,
1.21639e+06,
1.22162e+06,
1.22726e+06,
1.23261e+06,
1.23794e+06,
1.24337e+06,
1.24893e+06,
1.25437e+06,
1.25987e+06,
1.26525e+06,
1.27073e+06,
1.27632e+06,
1.28228e+06,
1.28794e+06,
1.29362e+06,
1.29932e+06,
1.30513e+06,
1.3109e+06,
1.31656e+06,
1.32215e+06,
1.32762e+06,
1.33315e+06,
1.33885e+06,
1.34451e+06,
1.35051e+06,
1.35636e+06,
1.36215e+06,
1.36803e+06,
1.37395e+06,
1.37996e+06,
1.38549e+06,
1.39125e+06,
1.39714e+06,
1.40293e+06,
1.40874e+06,
1.41453e+06,
1.42024e+06,
1.42591e+06,
1.43187e+06,
1.43764e+06,
1.44349e+06,
1.44933e+06,
1.4553e+06,
1.46119e+06,
1.4673e+06,
1.47339e+06,
1.47957e+06,
1.48539e+06,
1.4915e+06,
1.49783e+06,
1.50396e+06,
1.51018e+06,
1.51642e+06,
1.5227e+06,
1.52892e+06,
1.53523e+06,
1.5416e+06,
1.54761e+06,
1.55393e+06,
1.56023e+06,
1.56644e+06,
1.57296e+06,
1.5795e+06,
1.58598e+06,
1.59235e+06,
1.59875e+06,
1.6051e+06,
1.61164e+06,
1.61858e+06,
1.62514e+06,
1.63145e+06,
1.63789e+06,
1.64434e+06,
1.65107e+06,
1.65759e+06,
1.66382e+06,
1.67008e+06,
1.67672e+06,
1.68354e+06,
1.69019e+06,
1.69688e+06,
1.70369e+06,
1.71031e+06,
1.71713e+06,
1.72361e+06,
1.73022e+06,
1.73701e+06,
1.74395e+06,
1.75097e+06,
1.75805e+06,
1.76485e+06,
1.7716e+06,
1.77861e+06,
1.78535e+06,
1.79214e+06,
1.79915e+06,
1.80615e+06,
1.81318e+06,
1.82e+06,
1.82707e+06,
1.83377e+06,
1.8406e+06,
1.84746e+06,
1.8545e+06,
1.86169e+06,
1.86871e+06,
1.87579e+06,
1.88298e+06,
1.89031e+06,
1.89717e+06,
1.90412e+06,
1.91117e+06,
1.91815e+06,
1.9251e+06,
1.93223e+06,
1.94003e+06,
1.94771e+06,
1.95526e+06,
1.96269e+06,
1.97023e+06,
1.97752e+06,
1.98478e+06,
1.99205e+06,
1.99921e+06,
2.00662e+06,
2.01423e+06,
2.02191e+06,
2.02958e+06,
2.03709e+06,
2.04484e+06,
2.05219e+06,
2.05968e+06,
2.06738e+06,
2.07485e+06,
2.08262e+06,
2.09058e+06,
2.09821e+06,
2.10614e+06,
2.11434e+06,
2.12206e+06,
2.12985e+06,
2.1376e+06,
2.14529e+06,
2.1534e+06,
2.16137e+06,
2.16936e+06,
2.17742e+06,
2.18565e+06,
2.19417e+06,
2.20237e+06,
2.21037e+06,
2.21833e+06,
2.22639e+06,
2.23457e+06,
2.24309e+06,
2.25135e+06,
2.25955e+06,
2.26773e+06,
2.27611e+06,
2.28428e+06,
2.29234e+06,
2.30049e+06,
2.30884e+06,
2.31714e+06,
2.3257e+06,
2.33396e+06,
2.34241e+06,
2.35091e+06,
2.35975e+06,
2.36836e+06,
2.37648e+06,
2.38454e+06,
2.39324e+06,
2.40178e+06,
2.41058e+06,
2.41923e+06,
2.42808e+06,
2.43693e+06,
2.44587e+06,
2.4546e+06,
2.46282e+06,
2.47152e+06,
2.48057e+06,
2.48984e+06,
2.49862e+06,
2.50781e+06,
2.51715e+06,
2.52635e+06,
2.53533e+06,
2.54419e+06,
2.55384e+06,
2.56326e+06,
2.57302e+06,
2.58283e+06,
2.59235e+06,
2.60223e+06,
2.61186e+06,
2.62178e+06,
2.63165e+06,
2.6416e+06,
2.65122e+06,
2.66116e+06,
2.6708e+06,
2.68075e+06,
2.69085e+06,
2.70097e+06,
2.71107e+06,
2.72118e+06,
2.73107e+06,
2.74161e+06,
2.75148e+06,
2.76156e+06,
2.77168e+06,
2.78203e+06,
2.79272e+06,
2.80314e+06,
2.81364e+06,
2.82428e+06,
2.83494e+06,
2.84553e+06,
2.85593e+06,
2.86648e+06,
2.87749e+06,
2.8883e+06,
2.89954e+06,
2.91062e+06,
2.92172e+06,
2.93276e+06,
2.9445e+06,
2.9559e+06,
2.96677e+06,
2.9782e+06,
2.99014e+06,
3.00203e+06,
3.01387e+06,
3.02559e+06,
3.03711e+06,
3.04914e+06,
3.0613e+06,
3.07372e+06,
3.08617e+06,
3.09882e+06,
3.11116e+06,
3.12403e+06,
3.13629e+06,
3.14865e+06,
3.16088e+06,
3.17453e+06,
3.18804e+06,
3.20117e+06,
3.21392e+06,
3.22658e+06,
3.2397e+06,
3.25295e+06,
3.2661e+06,
3.27946e+06,
3.29293e+06,
3.30722e+06,
3.32148e+06,
3.33556e+06,
3.34914e+06,
3.36319e+06,
3.3776e+06,
3.39223e+06,
3.40643e+06,
3.42055e+06,
3.43567e+06,
3.45077e+06,
3.46632e+06,
3.48197e+06,
3.49714e+06,
3.51284e+06,
3.52829e+06,
3.54406e+06,
3.55963e+06,
3.57538e+06,
3.59186e+06,
3.60842e+06,
3.62504e+06,
3.64165e+06,
3.65817e+06,
3.67476e+06,
3.69164e+06,
3.70931e+06,
3.72662e+06,
3.74469e+06,
3.76299e+06,
3.78092e+06,
3.79909e+06,
3.81767e+06,
3.83642e+06,
3.85562e+06,
3.87426e+06,
3.89285e+06,
3.91174e+06,
3.93138e+06,
3.95094e+06,
3.97151e+06,
3.99201e+06,
4.01219e+06,
4.03176e+06,
4.05165e+06,
4.07173e+06,
4.09221e+06,
4.11355e+06,
4.13551e+06,
4.15702e+06,
4.17886e+06,
4.20072e+06,
4.22378e+06,
4.25361e+06,
4.30678e+06,
4.35912e+06,
4.4109e+06,
4.46313e+06,
4.51504e+06,
4.56737e+06,
4.62009e+06,
4.67302e+06,
4.72616e+06,
4.78011e+06,
4.83644e+06,
4.89331e+06,
4.95095e+06,
5.00963e+06,
5.06868e+06,
5.12777e+06,
5.18696e+06,
5.24689e+06,
5.30739e+06,
5.37239e+06,
5.43863e+06,
5.50694e+06,
5.57605e+06,
5.64731e+06,
5.72203e+06,
5.80053e+06,
5.88795e+06,
5.97288e+06,
6.04425e+06,
6.11241e+06,
6.17666e+06,
6.23866e+06,
6.3086e+06,
6.37861e+06,
6.44586e+06,
6.51198e+06,
6.5784e+06,
6.64552e+06,
6.71475e+06,
6.78441e+06,
6.852e+06,
6.91853e+06,
6.98461e+06,
7.04981e+06,
7.11592e+06,
7.1807e+06,
7.24485e+06,
7.30915e+06,
7.37603e+06,
7.44455e+06,
7.51309e+06,
7.57946e+06,
7.64399e+06,
7.70896e+06,
7.77365e+06,
7.837e+06,
7.89984e+06,
7.96298e+06,
8.02825e+06,
8.09487e+06,
8.16132e+06,
8.22894e+06,
8.29543e+06,
8.36043e+06,
8.42477e+06,
8.48854e+06,
8.55251e+06,
8.617e+06,
8.68232e+06,
8.74788e+06,
8.81361e+06,
8.8794e+06,
8.94519e+06,
9.01282e+06,
9.07847e+06,
9.14214e+06,
9.20625e+06,
9.27217e+06,
9.33755e+06,
9.40271e+06,
9.46729e+06,
9.53249e+06,
9.59735e+06,
9.66275e+06,
9.72848e+06,
9.79544e+06,
9.86092e+06,
9.92936e+06,
9.9978e+06,
1.00656e+07,
1.01335e+07,
1.02015e+07,
1.02691e+07,
1.03364e+07,
1.04049e+07,
1.04731e+07,
1.05438e+07,
1.06156e+07,
1.06861e+07,
1.07551e+07,
1.08237e+07,
1.08925e+07,
1.09613e+07,
1.10287e+07,
1.10972e+07,
1.1165e+07,
1.12351e+07,
1.13062e+07,
1.13783e+07,
1.14504e+07,
1.15217e+07,
1.15914e+07,
1.1661e+07,
1.17304e+07,
1.17995e+07,
1.18701e+07,
1.19426e+07,
1.20153e+07,
1.20885e+07,
1.21625e+07,
1.22398e+07,
1.23171e+07,
1.23923e+07,
1.24667e+07,
1.25414e+07,
1.26173e+07,
478966,
479120,
479340,
479581,
479809,
479997,
480202,
480476,
480718,
480894,
481039,
481286,
481521,
481804,
482036,
482331,
482612,
482905,
483173,
483362,
483584,
483832,
484059,
484309,
484539,
484827,
485121,
485350,
485581,
485875,
486123,
486363,
486669,
487014,
487210,
487436,
487695,
487990,
488267,
488566,
488804,
489050,
489292,
489641,
489914,
490158,
490522,
490729,
490994,
491267,
491535,
491868,
492272,
492610,
492951,
493346,
493674,
493931,
494285,
494637,
494973,
495360,
495698,
496116,
496420,
496738,
497138,
497479,
497885,
498245,
498640,
498992,
499422,
499783,
500218,
500674,
501168,
501652,
502042,
502418,
502870,
503291,
503720,
504137,
504634,
505055,
505511,
506014,
506457,
507049,
507494,
508019,
508531,
509056,
509654,
510088,
510596,
511139,
511581,
512144,
512659,
513145,
513727,
514200,
514814,
515278,
515832,
516400,
517069,
517750,
518363,
518940,
519433,
520072,
520808,
521461,
522102,
522864,
523563,
524300,
525059,
525876,
526563,
527242,
527971,
528772,
529645,
530594,
531628,
532697,
533649,
534505,
535515,
536309,
537162,
538168,
539228,
540367,
541473,
542627,
543757,
544780,
545866,
546982,
547821,
548990,
550256,
551312,
552649,
553846,
555081,
556361,
557528,
558753,
559927,
561086,
562447,
563829,
565167,
566637,
568158,
569560,
571084,
572342,
573732,
575171,
576794,
578273,
579806,
581427,
583048,
584594,
586099,
587688,
589212,
590682,
592233,
593918,
595553,
597288,
598947,
600786,
602483,
604153,
605967,
607791,
609501,
611215,
613045,
615101,
617034,
618760,
620520,
622356,
624154,
626006,
627904,
629754,
631768,
633892,
635964,
637820,
639960,
641971,
644012,
645931,
647979,
650068,
652252,
654294,
656588,
658809,
661058,
663328,
665500,
667742,
670062,
672383,
674921,
677612,
680212,
682807,
685249,
687780,
690120,
692622,
695260,
697779,
700395,
703132,
705806,
708580,
711293,
714089,
716772,
719429,
722367,
725074,
727955,
730859,
733784,
736657,
739809,
742674,
745605,
748845,
751877,
754854,
757950,
761135,
764304,
767434,
770598,
773744,
777273,
780653,
784010,
787254,
790514,
793722,
797302,
800687,
804107,
807392,
810775,
814202,
817573,
821273,
824685,
828126,
831634,
835164,
838866,
842398,
846231,
849703,
853252,
856991,
860451,
863981,
867619,
871436,
875156,
878796,
882781,
886641,
890558,
894358,
897922,
901720,
905513,
909457,
913209,
916944,
920709,
924412,
928341,
932176,
935984,
940009,
943930,
947842,
951686,
955578,
959535,
963659,
967779,
971729,
975655,
979630,
983632,
987624,
991852,
995782,
999880,
1.00389e+06,
1.00792e+06,
1.01202e+06,
1.01615e+06,
1.02006e+06,
1.0242e+06,
1.02837e+06,
1.03269e+06,
1.03675e+06,
1.04082e+06,
1.04506e+06,
1.04923e+06,
1.05341e+06,
1.05759e+06,
1.06191e+06,
1.06611e+06,
1.07046e+06,
1.07478e+06,
1.07889e+06,
1.08313e+06,
1.08741e+06,
1.09188e+06,
1.09621e+06,
1.10049e+06,
1.1049e+06,
1.10927e+06,
1.11373e+06,
1.11807e+06,
1.12231e+06,
1.12666e+06,
1.13109e+06,
1.13551e+06,
1.13991e+06,
1.14454e+06,
1.1489e+06,
1.15351e+06,
1.15842e+06,
1.16358e+06,
1.16877e+06,
1.174e+06,
1.17929e+06,
1.18469e+06,
1.19005e+06,
1.19525e+06,
1.20049e+06,
1.20584e+06,
1.21122e+06,
1.21662e+06,
1.22181e+06,
1.2271e+06,
1.23251e+06,
1.23792e+06,
1.24347e+06,
1.24878e+06,
1.25433e+06,
1.25965e+06,
1.26527e+06,
1.27063e+06,
1.27636e+06,
1.28187e+06,
1.28735e+06,
1.29301e+06,
1.29864e+06,
1.304e+06,
1.30947e+06,
1.31514e+06,
1.32078e+06,
1.32649e+06,
1.33201e+06,
1.33755e+06,
1.34319e+06,
1.34873e+06,
1.35445e+06,
1.36033e+06,
1.36607e+06,
1.37183e+06,
1.37759e+06,
1.3831e+06,
1.38866e+06,
1.39435e+06,
1.40014e+06,
1.40589e+06,
1.41165e+06,
1.41718e+06,
1.42311e+06,
1.42909e+06,
1.43505e+06,
1.44087e+06,
1.44635e+06,
1.45216e+06,
1.45793e+06,
1.46369e+06,
1.46958e+06,
1.47529e+06,
1.48109e+06,
1.48714e+06,
1.49342e+06,
1.49947e+06,
1.5053e+06,
1.51126e+06,
1.5173e+06,
1.52334e+06,
1.52929e+06,
1.53553e+06,
1.54169e+06,
1.54776e+06,
1.55394e+06,
1.56006e+06,
1.56627e+06,
1.57256e+06,
1.57874e+06,
1.58496e+06,
1.59122e+06,
1.59775e+06,
1.60413e+06,
1.61049e+06,
1.61698e+06,
1.6235e+06,
1.6299e+06,
1.63615e+06,
1.64246e+06,
1.6489e+06,
1.65532e+06,
1.66194e+06,
1.66838e+06,
1.67499e+06,
1.68163e+06,
1.68822e+06,
1.69486e+06,
1.70123e+06,
1.7078e+06,
1.71422e+06,
1.7208e+06,
1.7274e+06,
1.73423e+06,
1.74094e+06,
1.7477e+06,
1.75442e+06,
1.76065e+06,
1.7671e+06,
1.77368e+06,
1.7802e+06,
1.78707e+06,
1.79373e+06,
1.80066e+06,
1.80759e+06,
1.81451e+06,
1.82125e+06,
1.82802e+06,
1.83466e+06,
1.8414e+06,
1.84827e+06,
1.8556e+06,
1.86264e+06,
1.86968e+06,
1.87683e+06,
1.88391e+06,
1.89077e+06,
1.89743e+06,
1.90387e+06,
1.91063e+06,
1.91784e+06,
1.92495e+06,
1.93237e+06,
1.93957e+06,
1.9466e+06,
1.95401e+06,
1.96107e+06,
1.96796e+06,
1.97483e+06,
1.98198e+06,
1.98928e+06,
1.99664e+06,
2.0039e+06,
2.01117e+06,
2.01861e+06,
2.02587e+06,
2.03327e+06,
2.04043e+06,
2.04745e+06,
2.05513e+06,
2.06264e+06,
2.07026e+06,
2.07788e+06,
2.08544e+06,
2.09284e+06,
2.1005e+06,
2.10828e+06,
2.11579e+06,
2.12351e+06,
2.13125e+06,
2.13896e+06,
2.14668e+06,
2.15452e+06,
2.16222e+06,
2.16988e+06,
2.17788e+06,
2.18596e+06,
2.19343e+06,
2.20104e+06,
2.20894e+06,
2.21698e+06,
2.22482e+06,
2.2328e+06,
2.24068e+06,
2.24864e+06,
2.25649e+06,
2.26413e+06,
2.27187e+06,
2.27981e+06,
2.28782e+06,
2.29596e+06,
2.30392e+06,
2.31202e+06,
2.32023e+06,
2.3286e+06,
2.33672e+06,
2.34474e+06,
2.35286e+06,
2.36102e+06,
2.36936e+06,
2.37777e+06,
2.38623e+06,
2.3945e+06,
2.40312e+06,
2.41137e+06,
2.41952e+06,
2.42808e+06,
2.43622e+06,
2.44448e+06,
2.45313e+06,
2.46187e+06,
2.47065e+06,
2.47922e+06,
2.488e+06,
2.49631e+06,
2.5045e+06,
2.51378e+06,
2.52288e+06,
2.53196e+06,
2.541e+06,
2.55024e+06,
2.55941e+06,
2.56862e+06,
2.5779e+06,
2.58717e+06,
2.59669e+06,
2.60642e+06,
2.61567e+06,
2.62493e+06,
2.63438e+06,
2.64402e+06,
2.65356e+06,
2.66321e+06,
2.67263e+06,
2.68215e+06,
2.69193e+06,
2.70154e+06,
2.71106e+06,
2.72052e+06,
2.73049e+06,
2.73989e+06,
2.74957e+06,
2.75927e+06,
2.76871e+06,
2.77863e+06,
2.78878e+06,
2.79917e+06,
2.80875e+06,
2.81841e+06,
2.8285e+06,
2.83847e+06,
2.84845e+06,
2.85872e+06,
2.86878e+06,
2.87993e+06,
2.89058e+06,
2.90154e+06,
2.91212e+06,
2.92245e+06,
2.93298e+06,
2.94429e+06,
2.95531e+06,
2.96628e+06,
2.9772e+06,
2.98842e+06,
2.99977e+06,
3.01103e+06,
3.02191e+06,
3.03329e+06,
3.04476e+06,
3.05644e+06,
3.06815e+06,
3.07919e+06,
3.09121e+06,
3.10342e+06,
3.11535e+06,
3.12753e+06,
3.13935e+06,
3.15111e+06,
3.16313e+06,
3.17527e+06,
3.18696e+06,
3.19886e+06,
3.21185e+06,
3.22524e+06,
3.23852e+06,
3.25173e+06,
3.26436e+06,
3.27733e+06,
3.29056e+06,
3.3038e+06,
3.31654e+06,
3.32997e+06,
3.34414e+06,
3.35818e+06,
3.372e+06,
3.38563e+06,
3.3993e+06,
3.41307e+06,
3.42711e+06,
3.44116e+06,
3.45476e+06,
3.46961e+06,
3.4842e+06,
3.49863e+06,
3.51337e+06,
3.52824e+06,
3.54291e+06,
3.55798e+06,
3.5733e+06,
3.5884e+06,
3.6037e+06,
3.61983e+06,
3.63616e+06,
3.6524e+06,
3.6689e+06,
3.68541e+06,
3.70174e+06,
3.71743e+06,
3.73376e+06,
3.75039e+06,
3.7678e+06,
3.78549e+06,
3.80359e+06,
3.82104e+06,
3.83877e+06,
3.85656e+06,
3.87395e+06,
3.89223e+06,
3.91032e+06,
3.92812e+06,
3.94723e+06,
3.96589e+06,
3.98487e+06,
4.0048e+06,
4.02453e+06,
4.04418e+06,
4.06321e+06,
4.08232e+06,
4.10121e+06,
4.12124e+06,
4.14213e+06,
4.16332e+06,
4.1845e+06,
4.20687e+06,
4.2363e+06,
4.2855e+06,
4.33398e+06,
4.38151e+06,
4.42874e+06,
4.47706e+06,
4.5254e+06,
4.57367e+06,
4.62224e+06,
4.67108e+06,
4.72199e+06,
4.7747e+06,
4.827e+06,
4.87906e+06,
4.93045e+06,
4.98438e+06,
5.03886e+06,
5.09314e+06,
5.14827e+06,
5.20299e+06,
5.26083e+06,
5.31884e+06,
5.37265e+06,
5.42498e+06,
5.48117e+06,
5.54742e+06,
5.61381e+06,
5.68095e+06,
5.7511e+06,
5.82551e+06,
5.90811e+06,
5.99817e+06,
6.07658e+06,
6.14857e+06,
6.21866e+06,
6.28799e+06,
6.35555e+06,
6.42234e+06,
6.48786e+06,
6.55254e+06,
6.61879e+06,
6.68702e+06,
6.75499e+06,
6.82338e+06,
6.88944e+06,
6.95363e+06,
7.01728e+06,
7.08061e+06,
7.1432e+06,
7.20656e+06,
7.27159e+06,
7.336e+06,
7.39989e+06,
7.46451e+06,
7.52976e+06,
7.59452e+06,
7.65672e+06,
7.71957e+06,
7.78109e+06,
7.8444e+06,
7.90798e+06,
7.97113e+06,
8.03372e+06,
8.09705e+06,
8.15967e+06,
8.22325e+06,
8.28871e+06,
8.35329e+06,
8.41645e+06,
8.48037e+06,
8.54367e+06,
8.60726e+06,
8.67123e+06,
8.7347e+06,
8.79772e+06,
8.86065e+06,
8.92314e+06,
8.98655e+06,
9.05163e+06,
9.11735e+06,
9.18187e+06,
9.24641e+06,
9.31033e+06,
9.37354e+06,
9.43602e+06,
9.49898e+06,
9.56218e+06,
9.62534e+06,
9.69166e+06,
9.75974e+06,
9.82843e+06,
9.89662e+06,
9.96357e+06,
1.003e+07,
1.00962e+07,
1.01616e+07,
1.0228e+07,
1.02936e+07,
1.03603e+07,
1.0428e+07,
1.04965e+07,
1.0564e+07,
1.06332e+07,
1.07021e+07,
1.0769e+07,
1.08357e+07,
1.09012e+07,
1.09687e+07,
1.1037e+07,
1.1105e+07,
1.1173e+07,
1.12404e+07,
1.13083e+07,
1.13766e+07,
1.14465e+07,
1.15159e+07,
1.15844e+07,
1.16529e+07,
1.17236e+07,
478966,
479123,
479377,
479595,
479854,
480048,
480264,
480533,
480823,
481018,
481145,
481407,
481698,
482010,
482271,
482536,
482810,
483138,
483422,
483689,
483916,
484150,
484425,
484638,
484862,
485137,
485433,
485787,
485940,
486225,
486521,
486795,
487061,
487332,
487656,
487919,
488120,
488463,
488748,
489032,
489305,
489653,
489941,
490246,
490459,
490731,
491079,
491391,
491624,
491864,
492153,
492518,
492897,
493245,
493586,
494024,
494368,
494723,
495094,
495326,
495738,
496151,
496537,
496954,
497324,
497670,
498019,
498435,
498813,
499243,
499608,
500015,
500461,
500933,
501365,
501819,
502287,
502782,
503277,
503816,
504210,
504662,
505084,
505506,
506007,
506532,
507043,
507565,
508150,
508618,
509109,
509601,
510144,
510765,
511377,
511930,
512490,
513046,
513622,
514222,
514749,
515343,
516009,
516532,
517033,
517708,
518271,
518894,
519549,
520225,
520922,
521562,
522227,
522933,
523574,
524250,
524900,
525698,
526476,
527193,
527959,
528772,
529584,
530290,
531163,
532097,
533089,
534070,
535165,
536149,
537104,
537886,
538822,
539695,
540702,
541782,
542901,
544115,
545288,
546359,
547485,
548691,
549685,
550767,
551924,
553167,
554452,
555703,
556982,
558213,
559575,
560815,
562012,
563111,
564374,
565738,
567167,
568548,
570061,
571553,
572896,
574320,
575702,
577074,
578446,
579945,
581388,
582987,
584788,
586532,
588162,
589783,
591279,
592845,
594400,
596019,
597656,
599499,
601267,
603028,
604824,
606580,
608321,
610015,
611607,
613450,
615219,
616942,
618753,
620656,
622717,
624574,
626499,
628392,
630348,
632075,
634130,
636038,
637960,
640014,
642088,
644083,
646257,
648297,
650344,
652369,
654476,
656851,
659030,
661328,
663832,
666381,
668783,
671114,
673595,
675883,
678173,
680594,
683127,
685520,
688107,
690565,
693263,
695575,
698088,
700860,
703546,
706354,
709056,
711658,
714589,
717339,
720006,
722608,
725355,
728092,
730876,
733774,
736829,
739988,
743060,
746474,
749430,
752409,
755435,
758634,
761773,
764788,
767913,
771223,
774415,
777681,
780912,
784248,
787761,
791047,
794284,
797535,
800940,
804349,
807962,
811461,
815055,
818474,
821914,
825426,
829076,
832705,
836257,
839785,
843341,
846759,
850488,
854219,
857827,
861315,
864915,
868446,
872197,
875983,
879882,
883801,
887617,
891427,
895194,
898957,
902891,
906725,
910439,
914122,
918077,
921951,
925833,
929555,
933396,
937196,
941254,
945125,
949103,
953022,
956962,
960909,
964928,
968909,
972890,
976935,
980956,
984932,
989022,
993153,
997415,
1.00164e+06,
1.00575e+06,
1.00991e+06,
1.01386e+06,
1.01792e+06,
1.02195e+06,
1.026e+06,
1.03015e+06,
1.03439e+06,
1.03875e+06,
1.04316e+06,
1.04756e+06,
1.05184e+06,
1.05597e+06,
1.06012e+06,
1.06455e+06,
1.06871e+06,
1.07307e+06,
1.07725e+06,
1.08165e+06,
1.08609e+06,
1.09045e+06,
1.09464e+06,
1.09888e+06,
1.10322e+06,
1.10761e+06,
1.11198e+06,
1.11644e+06,
1.12087e+06,
1.12531e+06,
1.1299e+06,
1.13459e+06,
1.13886e+06,
1.14327e+06,
1.1476e+06,
1.15198e+06,
1.15646e+06,
1.16097e+06,
1.16563e+06,
1.17037e+06,
1.17489e+06,
1.17955e+06,
1.18394e+06,
1.18848e+06,
1.19298e+06,
1.19742e+06,
1.20206e+06,
1.20684e+06,
1.21141e+06,
1.21615e+06,
1.22074e+06,
1.22536e+06,
1.22988e+06,
1.23446e+06,
1.23921e+06,
1.24382e+06,
1.24862e+06,
1.25346e+06,
1.25853e+06,
1.26386e+06,
1.26951e+06,
1.27506e+06,
1.2807e+06,
1.28623e+06,
1.29165e+06,
1.29693e+06,
1.30264e+06,
1.30824e+06,
1.31374e+06,
1.31929e+06,
1.32494e+06,
1.33043e+06,
1.33603e+06,
1.34161e+06,
1.34746e+06,
1.35325e+06,
1.35872e+06,
1.3641e+06,
1.36967e+06,
1.37512e+06,
1.38083e+06,
1.38627e+06,
1.39186e+06,
1.39708e+06,
1.40259e+06,
1.40804e+06,
1.41383e+06,
1.41973e+06,
1.42543e+06,
1.43121e+06,
1.43686e+06,
1.44277e+06,
1.44838e+06,
1.45398e+06,
1.45924e+06,
1.46493e+06,
1.47064e+06,
1.47654e+06,
1.48236e+06,
1.48849e+06,
1.49445e+06,
1.50053e+06,
1.50623e+06,
1.51174e+06,
1.5175e+06,
1.52328e+06,
1.52938e+06,
1.53552e+06,
1.54174e+06,
1.54789e+06,
1.55395e+06,
1.5601e+06,
1.5659e+06,
1.57175e+06,
1.57764e+06,
1.5838e+06,
1.59012e+06,
1.59635e+06,
1.60267e+06,
1.60879e+06,
1.61502e+06,
1.62106e+06,
1.62718e+06,
1.6331e+06,
1.63933e+06,
1.6457e+06,
1.65189e+06,
1.65856e+06,
1.66484e+06,
1.67123e+06,
1.67761e+06,
1.6838e+06,
1.68994e+06,
1.69598e+06,
1.70253e+06,
1.70919e+06,
1.71594e+06,
1.72261e+06,
1.72938e+06,
1.73611e+06,
1.74261e+06,
1.74911e+06,
1.75524e+06,
1.76143e+06,
1.76819e+06,
1.7749e+06,
1.78147e+06,
1.78832e+06,
1.79513e+06,
1.80189e+06,
1.80878e+06,
1.81532e+06,
1.8215e+06,
1.82801e+06,
1.83493e+06,
1.84165e+06,
1.84828e+06,
1.85514e+06,
1.86188e+06,
1.86889e+06,
1.87552e+06,
1.88224e+06,
1.88844e+06,
1.89517e+06,
1.90202e+06,
1.90906e+06,
1.91603e+06,
1.92296e+06,
1.93001e+06,
1.93685e+06,
1.94376e+06,
1.95048e+06,
1.95727e+06,
1.96416e+06,
1.97138e+06,
1.97867e+06,
1.98577e+06,
1.99281e+06,
1.99995e+06,
2.00692e+06,
2.01382e+06,
2.02086e+06,
2.02809e+06,
2.03518e+06,
2.04272e+06,
2.05015e+06,
2.05737e+06,
2.06467e+06,
2.07196e+06,
2.07907e+06,
2.08608e+06,
2.09334e+06,
2.10073e+06,
2.10826e+06,
2.11564e+06,
2.12322e+06,
2.13083e+06,
2.13835e+06,
2.14562e+06,
2.15303e+06,
2.16061e+06,
2.16805e+06,
2.17546e+06,
2.18302e+06,
2.19077e+06,
2.19851e+06,
2.20618e+06,
2.2139e+06,
2.22133e+06,
2.22898e+06,
2.23639e+06,
2.24429e+06,
2.25184e+06,
2.25943e+06,
2.26715e+06,
2.27505e+06,
2.28292e+06,
2.29069e+06,
2.29827e+06,
2.30598e+06,
2.3135e+06,
2.3218e+06,
2.32944e+06,
2.33727e+06,
2.34508e+06,
2.35322e+06,
2.36108e+06,
2.36896e+06,
2.37703e+06,
2.38453e+06,
2.3927e+06,
2.4009e+06,
2.40854e+06,
2.41635e+06,
2.42489e+06,
2.43294e+06,
2.44094e+06,
2.4494e+06,
2.45763e+06,
2.46586e+06,
2.47481e+06,
2.48353e+06,
2.49208e+06,
2.50083e+06,
2.50963e+06,
2.51834e+06,
2.52742e+06,
2.53624e+06,
2.5451e+06,
2.55394e+06,
2.56286e+06,
2.57185e+06,
2.58065e+06,
2.58965e+06,
2.59866e+06,
2.60772e+06,
2.61649e+06,
2.62576e+06,
2.63456e+06,
2.6437e+06,
2.65282e+06,
2.66191e+06,
2.6706e+06,
2.67939e+06,
2.68872e+06,
2.69791e+06,
2.70692e+06,
2.71533e+06,
2.7246e+06,
2.73388e+06,
2.74367e+06,
2.75362e+06,
2.76315e+06,
2.77237e+06,
2.78198e+06,
2.79154e+06,
2.801e+06,
2.8099e+06,
2.81983e+06,
2.83003e+06,
2.84035e+06,
2.85066e+06,
2.86034e+06,
2.86997e+06,
2.87997e+06,
2.88977e+06,
2.89932e+06,
2.90919e+06,
2.91975e+06,
2.93042e+06,
2.94098e+06,
2.95149e+06,
2.96168e+06,
2.97164e+06,
2.98212e+06,
2.99256e+06,
3.00323e+06,
3.01368e+06,
3.02481e+06,
3.03621e+06,
3.04763e+06,
3.05877e+06,
3.06931e+06,
3.07979e+06,
3.09102e+06,
3.10197e+06,
3.11265e+06,
3.12452e+06,
3.13644e+06,
3.14854e+06,
3.16048e+06,
3.17241e+06,
3.18393e+06,
3.19575e+06,
3.2079e+06,
3.21964e+06,
3.23169e+06,
3.24405e+06,
3.25678e+06,
3.26928e+06,
3.28245e+06,
3.29519e+06,
3.30754e+06,
3.31975e+06,
3.33248e+06,
3.34482e+06,
3.3576e+06,
3.3713e+06,
3.38535e+06,
3.39917e+06,
3.41286e+06,
3.42671e+06,
3.43971e+06,
3.45275e+06,
3.4662e+06,
3.47931e+06,
3.49383e+06,
3.50827e+06,
3.52262e+06,
3.53708e+06,
3.55152e+06,
3.56609e+06,
3.58043e+06,
3.59499e+06,
3.60944e+06,
3.62366e+06,
3.63891e+06,
3.65393e+06,
3.66907e+06,
3.68482e+06,
3.70073e+06,
3.71699e+06,
3.73243e+06,
3.74732e+06,
3.7629e+06,
3.77882e+06,
3.79569e+06,
3.81331e+06,
3.83048e+06,
3.8479e+06,
3.86476e+06,
3.88198e+06,
3.89879e+06,
3.91582e+06,
3.93257e+06,
3.95052e+06,
3.96909e+06,
3.98741e+06,
4.00544e+06,
4.02431e+06,
4.04345e+06,
4.06201e+06,
4.08041e+06,
4.09802e+06,
4.11586e+06,
4.13497e+06,
4.15538e+06,
4.17571e+06,
4.19931e+06,
4.24035e+06,
4.28573e+06,
4.33035e+06,
4.37453e+06,
4.41738e+06,
4.46095e+06,
4.50621e+06,
4.55083e+06,
4.5952e+06,
4.64087e+06,
4.68812e+06,
4.73686e+06,
4.78307e+06,
4.82582e+06,
4.86367e+06,
4.9089e+06,
4.95927e+06,
5.01004e+06,
5.0617e+06,
5.11412e+06,
5.17109e+06,
5.22778e+06,
5.28476e+06,
5.34223e+06,
5.39945e+06,
5.45878e+06,
5.51843e+06,
5.57931e+06,
5.64164e+06,
5.70562e+06,
5.77168e+06,
5.84134e+06,
5.91347e+06,
5.99015e+06,
6.07484e+06,
6.15288e+06,
6.22255e+06,
6.29023e+06,
6.3562e+06,
6.42258e+06,
6.48998e+06,
6.55615e+06,
6.62123e+06,
6.68554e+06,
6.74934e+06,
6.81395e+06,
6.87952e+06,
6.94345e+06,
7.00604e+06,
7.06892e+06,
7.13236e+06,
7.19543e+06,
7.25722e+06,
7.31852e+06,
7.38062e+06,
7.44285e+06,
7.50424e+06,
7.56508e+06,
7.6283e+06,
7.69154e+06,
7.75404e+06,
7.81506e+06,
7.87626e+06,
7.93734e+06,
7.99877e+06,
8.05943e+06,
8.11985e+06,
8.18051e+06,
8.24242e+06,
8.30566e+06,
8.37082e+06,
8.43529e+06,
8.49721e+06,
8.55849e+06,
8.61972e+06,
8.68131e+06,
8.74243e+06,
8.80376e+06,
8.86455e+06,
8.92778e+06,
8.9907e+06,
9.05338e+06,
9.11737e+06,
9.18136e+06,
9.2432e+06,
9.30579e+06,
9.36857e+06,
9.43065e+06,
9.49442e+06,
9.56009e+06,
9.62486e+06,
9.68975e+06,
9.7545e+06,
9.82016e+06,
9.88688e+06,
9.9536e+06,
1.0019e+07,
1.00832e+07,
1.0148e+07,
1.02136e+07,
1.02794e+07,
1.03442e+07,
1.04102e+07,
1.04757e+07,
1.05411e+07,
1.06065e+07,
1.06726e+07,
1.07391e+07,
1.08051e+07,
1.08717e+07,
478966,
479124,
479408,
479631,
479876,
480102,
480339,
480635,
480889,
481140,
481266,
481572,
481949,
482226,
482500,
482731,
483068,
483327,
483715,
483956,
484212,
484465,
484675,
484930,
485177,
485432,
485780,
486033,
486316,
486602,
486881,
487216,
487431,
487742,
488042,
488332,
488666,
488900,
489184,
489458,
489725,
490046,
490421,
490765,
491030,
491316,
491654,
492006,
492353,
492573,
492861,
493210,
493535,
493965,
494286,
494652,
495108,
495492,
495854,
496200,
496558,
496935,
497386,
497731,
498232,
498641,
499091,
499460,
499768,
500204,
500620,
501081,
501605,
502106,
502552,
503075,
503579,
504004,
504516,
505023,
505494,
505937,
506454,
506952,
507453,
508035,
508657,
509215,
509702,
510161,
510837,
511373,
511978,
512513,
513124,
513689,
514348,
514924,
515595,
516171,
516791,
517466,
518113,
518683,
519303,
519911,
520663,
521335,
522015,
522721,
523328,
523981,
524750,
525461,
526216,
526916,
527711,
528495,
529221,
530008,
530759,
531604,
532505,
533368,
534330,
535292,
536291,
537267,
538203,
539256,
540227,
541300,
542317,
543285,
544344,
545485,
546498,
547684,
548776,
550006,
551049,
552341,
553563,
554843,
556145,
557254,
558497,
559820,
561014,
562299,
563595,
564888,
566091,
567421,
568813,
570171,
571523,
572906,
574404,
575902,
577368,
578748,
580190,
581691,
583293,
584905,
586518,
588136,
589757,
591606,
593159,
594749,
596203,
597896,
599642,
601386,
603093,
604784,
606415,
608274,
610103,
611844,
613536,
615271,
616977,
618834,
620876,
622844,
624768,
626660,
628564,
630438,
632402,
634232,
636076,
638003,
639940,
642079,
644387,
646427,
648571,
650632,
652784,
654774,
657031,
659744,
662114,
664325,
666637,
668951,
671386,
673703,
676000,
678271,
680641,
683133,
685535,
687936,
690507,
693051,
695686,
698317,
701018,
703449,
706064,
708810,
711379,
714136,
716923,
719831,
722578,
725554,
728315,
731097,
733867,
736881,
739752,
742721,
745842,
748885,
751986,
755161,
758338,
761300,
764340,
767674,
770863,
774034,
777238,
780686,
783962,
787228,
790629,
793917,
797053,
800491,
803974,
807563,
811206,
814900,
818567,
822100,
825468,
828885,
832452,
835997,
839499,
843018,
846486,
850301,
853776,
857674,
861428,
864947,
868582,
872328,
876013,
879676,
883418,
887076,
890956,
894824,
898708,
902597,
906373,
910402,
914202,
918002,
921944,
925871,
929738,
933620,
937581,
941412,
945211,
949030,
953193,
956968,
961032,
965027,
969177,
973362,
977505,
981429,
985312,
989288,
993426,
997570,
1.00171e+06,
1.00598e+06,
1.01008e+06,
1.01419e+06,
1.01836e+06,
1.02234e+06,
1.02637e+06,
1.03068e+06,
1.03506e+06,
1.03947e+06,
1.04388e+06,
1.0482e+06,
1.05249e+06,
1.05673e+06,
1.06104e+06,
1.06534e+06,
1.06944e+06,
1.07385e+06,
1.07836e+06,
1.08282e+06,
1.08731e+06,
1.09163e+06,
1.09609e+06,
1.10049e+06,
1.10499e+06,
1.1092e+06,
1.11353e+06,
1.11787e+06,
1.12238e+06,
1.12711e+06,
1.13176e+06,
1.13623e+06,
1.14078e+06,
1.14521e+06,
1.1497e+06,
1.15412e+06,
1.15832e+06,
1.16276e+06,
1.16725e+06,
1.17203e+06,
1.17675e+06,
1.18143e+06,
1.18608e+06,
1.19061e+06,
1.19508e+06,
1.19966e+06,
1.20422e+06,
1.209e+06,
1.21354e+06,
1.21817e+06,
1.22283e+06,
1.2276e+06,
1.23244e+06,
1.23708e+06,
1.24164e+06,
1.24617e+06,
1.25071e+06,
1.2554e+06,
1.26011e+06,
1.26497e+06,
1.26977e+06,
1.27453e+06,
1.2793e+06,
1.28402e+06,
1.28881e+06,
1.2937e+06,
1.29854e+06,
1.30344e+06,
1.30835e+06,
1.31332e+06,
1.31818e+06,
1.32319e+06,
1.32807e+06,
1.33307e+06,
1.33805e+06,
1.34287e+06,
1.34797e+06,
1.3528e+06,
1.35758e+06,
1.36242e+06,
1.36752e+06,
1.37248e+06,
1.37797e+06,
1.38349e+06,
1.38899e+06,
1.3941e+06,
1.39946e+06,
1.40501e+06,
1.41066e+06,
1.41638e+06,
1.42195e+06,
1.42756e+06,
1.43331e+06,
1.43913e+06,
1.44453e+06,
1.44983e+06,
1.45549e+06,
1.46113e+06,
1.46692e+06,
1.4725e+06,
1.47817e+06,
1.48406e+06,
1.48987e+06,
1.49559e+06,
1.50138e+06,
1.50668e+06,
1.51244e+06,
1.51831e+06,
1.5241e+06,
1.52989e+06,
1.53576e+06,
1.54172e+06,
1.54774e+06,
1.55367e+06,
1.5594e+06,
1.56483e+06,
1.5707e+06,
1.57672e+06,
1.58282e+06,
1.58867e+06,
1.59483e+06,
1.60089e+06,
1.60693e+06,
1.61299e+06,
1.61884e+06,
1.62492e+06,
1.631e+06,
1.6373e+06,
1.64356e+06,
1.6497e+06,
1.65593e+06,
1.66215e+06,
1.6685e+06,
1.67476e+06,
1.68049e+06,
1.68653e+06,
1.69287e+06,
1.69918e+06,
1.7056e+06,
1.71188e+06,
1.71837e+06,
1.72466e+06,
1.73096e+06,
1.73717e+06,
1.74329e+06,
1.74959e+06,
1.75589e+06,
1.76229e+06,
1.76844e+06,
1.77491e+06,
1.78148e+06,
1.78801e+06,
1.79437e+06,
1.80066e+06,
1.80711e+06,
1.81348e+06,
1.81991e+06,
1.8264e+06,
1.83291e+06,
1.83957e+06,
1.84622e+06,
1.85289e+06,
1.85953e+06,
1.86594e+06,
1.87266e+06,
1.87931e+06,
1.88605e+06,
1.89289e+06,
1.89972e+06,
1.9065e+06,
1.91336e+06,
1.91994e+06,
1.92666e+06,
1.93311e+06,
1.94023e+06,
1.94694e+06,
1.95372e+06,
1.96053e+06,
1.96732e+06,
1.97434e+06,
1.98109e+06,
1.98789e+06,
1.99448e+06,
2.00109e+06,
2.00817e+06,
2.01505e+06,
2.02203e+06,
2.029e+06,
2.03617e+06,
2.04317e+06,
2.05027e+06,
2.05714e+06,
2.06394e+06,
2.07098e+06,
2.07825e+06,
2.08551e+06,
2.09277e+06,
2.09997e+06,
2.10715e+06,
2.11462e+06,
2.12187e+06,
2.12895e+06,
2.13604e+06,
2.14359e+06,
2.15082e+06,
2.15801e+06,
2.16514e+06,
2.1727e+06,
2.18018e+06,
2.18742e+06,
2.19479e+06,
2.20185e+06,
2.20911e+06,
2.21669e+06,
2.2243e+06,
2.2315e+06,
2.23851e+06,
2.24588e+06,
2.25336e+06,
2.26089e+06,
2.2684e+06,
2.2757e+06,
2.2833e+06,
2.29105e+06,
2.29859e+06,
2.30567e+06,
2.31288e+06,
2.32033e+06,
2.32801e+06,
2.33556e+06,
2.34293e+06,
2.35044e+06,
2.35877e+06,
2.36683e+06,
2.37468e+06,
2.38205e+06,
2.38954e+06,
2.39725e+06,
2.40514e+06,
2.41281e+06,
2.42054e+06,
2.42821e+06,
2.4367e+06,
2.44527e+06,
2.45344e+06,
2.46149e+06,
2.46978e+06,
2.47813e+06,
2.48641e+06,
2.49481e+06,
2.50323e+06,
2.5118e+06,
2.52023e+06,
2.52889e+06,
2.53737e+06,
2.54571e+06,
2.55388e+06,
2.56239e+06,
2.57091e+06,
2.57929e+06,
2.58762e+06,
2.5966e+06,
2.60539e+06,
2.61426e+06,
2.62276e+06,
2.63106e+06,
2.63925e+06,
2.64784e+06,
2.65659e+06,
2.6651e+06,
2.67356e+06,
2.68288e+06,
2.69198e+06,
2.70096e+06,
2.70982e+06,
2.71836e+06,
2.72703e+06,
2.7363e+06,
2.74529e+06,
2.75374e+06,
2.76308e+06,
2.77218e+06,
2.78166e+06,
2.79102e+06,
2.80021e+06,
2.80924e+06,
2.81832e+06,
2.82751e+06,
2.83664e+06,
2.84542e+06,
2.85534e+06,
2.86516e+06,
2.87496e+06,
2.88493e+06,
2.89486e+06,
2.90437e+06,
2.91382e+06,
2.92357e+06,
2.93325e+06,
2.94302e+06,
2.95316e+06,
2.96362e+06,
2.97401e+06,
2.98441e+06,
2.99482e+06,
3.00425e+06,
3.01387e+06,
3.02387e+06,
3.0333e+06,
3.04351e+06,
3.05427e+06,
3.06534e+06,
3.07639e+06,
3.08749e+06,
3.09834e+06,
3.10893e+06,
3.11932e+06,
3.13015e+06,
3.14024e+06,
3.15186e+06,
3.16363e+06,
3.17543e+06,
3.18747e+06,
3.19897e+06,
3.21075e+06,
3.22191e+06,
3.23308e+06,
3.24447e+06,
3.25634e+06,
3.26844e+06,
3.28074e+06,
3.29333e+06,
3.30551e+06,
3.31786e+06,
3.33048e+06,
3.3426e+06,
3.35453e+06,
3.36685e+06,
3.37897e+06,
3.39165e+06,
3.40489e+06,
3.41789e+06,
3.43114e+06,
3.44421e+06,
3.45775e+06,
3.47018e+06,
3.48259e+06,
3.49481e+06,
3.50806e+06,
3.52197e+06,
3.53599e+06,
3.55038e+06,
3.56473e+06,
3.57867e+06,
3.59259e+06,
3.60606e+06,
3.6195e+06,
3.63314e+06,
3.64824e+06,
3.66324e+06,
3.67792e+06,
3.69223e+06,
3.70724e+06,
3.72216e+06,
3.73751e+06,
3.75236e+06,
3.76662e+06,
3.78095e+06,
3.79658e+06,
3.81229e+06,
3.82813e+06,
3.8447e+06,
3.86123e+06,
3.8777e+06,
3.89447e+06,
3.91015e+06,
3.92515e+06,
3.94144e+06,
3.95898e+06,
3.97682e+06,
3.99491e+06,
4.01256e+06,
4.0303e+06,
4.0479e+06,
4.06608e+06,
4.08301e+06,
4.09985e+06,
4.11804e+06,
4.13613e+06,
4.15498e+06,
4.17639e+06,
4.21365e+06,
4.25536e+06,
4.29653e+06,
4.3364e+06,
4.36917e+06,
4.39818e+06,
4.43725e+06,
4.47991e+06,
4.52264e+06,
4.56653e+06,
4.61245e+06,
4.65941e+06,
4.70583e+06,
4.75295e+06,
4.79926e+06,
4.84677e+06,
4.89438e+06,
4.94239e+06,
4.99017e+06,
5.03835e+06,
5.08963e+06,
5.14169e+06,
5.19438e+06,
5.2474e+06,
5.30032e+06,
5.3541e+06,
5.40785e+06,
5.46192e+06,
5.517e+06,
5.57298e+06,
5.63314e+06,
5.69383e+06,
5.75535e+06,
5.81757e+06,
5.88102e+06,
5.947e+06,
6.01554e+06,
6.08829e+06,
6.16917e+06,
6.24564e+06,
6.31596e+06,
6.38368e+06,
6.45062e+06,
6.51609e+06,
6.58022e+06,
6.64259e+06,
6.70548e+06,
6.76705e+06,
6.82836e+06,
6.88974e+06,
6.95421e+06,
7.01854e+06,
7.08107e+06,
7.14232e+06,
7.20235e+06,
7.26254e+06,
7.32227e+06,
7.38195e+06,
7.44145e+06,
7.50059e+06,
7.56201e+06,
7.6236e+06,
7.68575e+06,
7.74754e+06,
7.80706e+06,
7.86605e+06,
7.92567e+06,
7.98527e+06,
8.04505e+06,
8.10448e+06,
8.16454e+06,
8.2246e+06,
8.28499e+06,
8.34615e+06,
8.40794e+06,
8.4703e+06,
8.53114e+06,
8.59058e+06,
8.65059e+06,
8.71164e+06,
8.77275e+06,
8.83364e+06,
8.89398e+06,
8.95601e+06,
9.01745e+06,
9.07835e+06,
9.14029e+06,
9.20322e+06,
9.26602e+06,
9.32857e+06,
9.39245e+06,
9.45596e+06,
9.51961e+06,
9.58314e+06,
9.64648e+06,
9.70942e+06,
9.77245e+06,
9.83516e+06,
9.89837e+06,
9.964e+06,
1.00306e+07,
478966,
479153,
479415,
479666,
479914,
480169,
480445,
480682,
481010,
481229,
481403,
481735,
482104,
482404,
482740,
483018,
483303,
483602,
484017,
484231,
484403,
484672,
485004,
485234,
485456,
485771,
486080,
486319,
486639,
486994,
487279,
487531,
487834,
488107,
488488,
488863,
489166,
489455,
489644,
489973,
490201,
490510,
490826,
491218,
491568,
491937,
492266,
492594,
492973,
493238,
493545,
493924,
494254,
494597,
494993,
495448,
495814,
496194,
496489,
496929,
497329,
497762,
498109,
498578,
499034,
499485,
499919,
500373,
500877,
501314,
501773,
502160,
502640,
503193,
503651,
504166,
504711,
505140,
505723,
506271,
506825,
507364,
507943,
508519,
509098,
509621,
510165,
510733,
511284,
511990,
512482,
513078,
513766,
514291,
514966,
515602,
516169,
516922,
517596,
518327,
518936,
519548,
520239,
520811,
521533,
522262,
522877,
523581,
524189,
524992,
525715,
526443,
527192,
527775,
528549,
529367,
530242,
531013,
531796,
532688,
533681,
534600,
535582,
536413,
537455,
538424,
539444,
540441,
541450,
542452,
543527,
544619,
545704,
546664,
547767,
548950,
550098,
551223,
552397,
553476,
554820,
556130,
557436,
558643,
559834,
561076,
562372,
563649,
564837,
566185,
567459,
568824,
570298,
571569,
573003,
574368,
575797,
577228,
578699,
580082,
581403,
583021,
584676,
586199,
587791,
589487,
591095,
592712,
594354,
596006,
597666,
599476,
601292,
602979,
604579,
606361,
608144,
609894,
611616,
613499,
615149,
616907,
618906,
620783,
622516,
624434,
626313,
628326,
630293,
632171,
633960,
635868,
637908,
639859,
641854,
643986,
646098,
648182,
650295,
652748,
655051,
657324,
659788,
661954,
664075,
666408,
668632,
671063,
673354,
675580,
678010,
680233,
682749,
685147,
687632,
690073,
692659,
695209,
697792,
700305,
702852,
705521,
708276,
710923,
713720,
716448,
719183,
721855,
724643,
727503,
730345,
733331,
736202,
739186,
741929,
745020,
748091,
751261,
754335,
757456,
760634,
763736,
766864,
769898,
773181,
776407,
779723,
783096,
786484,
789723,
793066,
796573,
799901,
803349,
806744,
810235,
813663,
817119,
820706,
824386,
827988,
831704,
835214,
838730,
842257,
845854,
849412,
852923,
856704,
860271,
863987,
867540,
871217,
874965,
878660,
882509,
886437,
890359,
894223,
898048,
902039,
905775,
909896,
913616,
917394,
921412,
925350,
929371,
933246,
937325,
941318,
945065,
949060,
952815,
956845,
960701,
964640,
968748,
972744,
976903,
981264,
985212,
989284,
993179,
997177,
1.00134e+06,
1.00558e+06,
1.00986e+06,
1.01394e+06,
1.01815e+06,
1.02232e+06,
1.02658e+06,
1.03066e+06,
1.03484e+06,
1.03916e+06,
1.04335e+06,
1.0478e+06,
1.05235e+06,
1.05661e+06,
1.06089e+06,
1.06524e+06,
1.06964e+06,
1.07378e+06,
1.07805e+06,
1.08238e+06,
1.08677e+06,
1.09128e+06,
1.09577e+06,
1.10005e+06,
1.10448e+06,
1.10895e+06,
1.11331e+06,
1.11771e+06,
1.12221e+06,
1.12683e+06,
1.13139e+06,
1.136e+06,
1.1407e+06,
1.14536e+06,
1.14982e+06,
1.15431e+06,
1.15887e+06,
1.16323e+06,
1.16751e+06,
1.1722e+06,
1.17698e+06,
1.18164e+06,
1.18621e+06,
1.19085e+06,
1.19557e+06,
1.2003e+06,
1.20484e+06,
1.20936e+06,
1.21387e+06,
1.21855e+06,
1.22336e+06,
1.22823e+06,
1.23298e+06,
1.23749e+06,
1.24227e+06,
1.24714e+06,
1.25177e+06,
1.25644e+06,
1.26122e+06,
1.26582e+06,
1.27067e+06,
1.27527e+06,
1.28011e+06,
1.28499e+06,
1.2898e+06,
1.29466e+06,
1.29942e+06,
1.30421e+06,
1.30926e+06,
1.31434e+06,
1.31932e+06,
1.32432e+06,
1.32939e+06,
1.33428e+06,
1.33927e+06,
1.34437e+06,
1.34921e+06,
1.3543e+06,
1.35902e+06,
1.36368e+06,
1.36837e+06,
1.3732e+06,
1.37829e+06,
1.38318e+06,
1.38804e+06,
1.39272e+06,
1.39756e+06,
1.40239e+06,
1.4072e+06,
1.41185e+06,
1.41675e+06,
1.42163e+06,
1.42663e+06,
1.43157e+06,
1.43658e+06,
1.44139e+06,
1.44628e+06,
1.45113e+06,
1.45596e+06,
1.46098e+06,
1.46599e+06,
1.47097e+06,
1.47578e+06,
1.48084e+06,
1.48576e+06,
1.49065e+06,
1.49547e+06,
1.5012e+06,
1.5069e+06,
1.51264e+06,
1.5183e+06,
1.52425e+06,
1.53018e+06,
1.53617e+06,
1.54191e+06,
1.54771e+06,
1.55368e+06,
1.55956e+06,
1.56526e+06,
1.57091e+06,
1.57678e+06,
1.58257e+06,
1.58844e+06,
1.59464e+06,
1.60048e+06,
1.60631e+06,
1.61216e+06,
1.61813e+06,
1.62377e+06,
1.62947e+06,
1.63554e+06,
1.64155e+06,
1.64763e+06,
1.65364e+06,
1.65969e+06,
1.66566e+06,
1.67157e+06,
1.67769e+06,
1.68363e+06,
1.68962e+06,
1.69571e+06,
1.70173e+06,
1.70777e+06,
1.71391e+06,
1.72003e+06,
1.72583e+06,
1.73216e+06,
1.73862e+06,
1.74465e+06,
1.751e+06,
1.75724e+06,
1.76341e+06,
1.76966e+06,
1.77605e+06,
1.78231e+06,
1.78824e+06,
1.7946e+06,
1.80119e+06,
1.80751e+06,
1.81375e+06,
1.8201e+06,
1.82631e+06,
1.83264e+06,
1.83915e+06,
1.84519e+06,
1.85137e+06,
1.85802e+06,
1.86478e+06,
1.87118e+06,
1.87752e+06,
1.88392e+06,
1.89048e+06,
1.89689e+06,
1.90332e+06,
1.9096e+06,
1.9162e+06,
1.92285e+06,
1.92943e+06,
1.93584e+06,
1.94234e+06,
1.94866e+06,
1.95527e+06,
1.96187e+06,
1.96836e+06,
1.97467e+06,
1.98158e+06,
1.98838e+06,
1.99549e+06,
2.00206e+06,
2.00873e+06,
2.01544e+06,
2.02219e+06,
2.02909e+06,
2.03582e+06,
2.04246e+06,
2.0497e+06,
2.05684e+06,
2.06375e+06,
2.07078e+06,
2.07772e+06,
2.0847e+06,
2.09181e+06,
2.09868e+06,
2.1054e+06,
2.11226e+06,
2.11911e+06,
2.12647e+06,
2.13371e+06,
2.14048e+06,
2.1472e+06,
2.15421e+06,
2.16131e+06,
2.16825e+06,
2.17512e+06,
2.1819e+06,
2.18908e+06,
2.19636e+06,
2.20372e+06,
2.21071e+06,
2.21794e+06,
2.2251e+06,
2.23231e+06,
2.23943e+06,
2.24615e+06,
2.25366e+06,
2.26134e+06,
2.26886e+06,
2.27643e+06,
2.28358e+06,
2.29062e+06,
2.298e+06,
2.30511e+06,
2.31209e+06,
2.31877e+06,
2.32621e+06,
2.33389e+06,
2.34165e+06,
2.34933e+06,
2.35627e+06,
2.36329e+06,
2.37083e+06,
2.37816e+06,
2.38518e+06,
2.39234e+06,
2.40032e+06,
2.40834e+06,
2.41635e+06,
2.42456e+06,
2.43252e+06,
2.44025e+06,
2.44825e+06,
2.45597e+06,
2.4637e+06,
2.47182e+06,
2.48004e+06,
2.48819e+06,
2.49653e+06,
2.50471e+06,
2.51267e+06,
2.52069e+06,
2.52873e+06,
2.53668e+06,
2.54453e+06,
2.55296e+06,
2.5613e+06,
2.56982e+06,
2.57827e+06,
2.5868e+06,
2.59447e+06,
2.60216e+06,
2.61014e+06,
2.6178e+06,
2.62551e+06,
2.6341e+06,
2.64291e+06,
2.65157e+06,
2.66012e+06,
2.66866e+06,
2.67636e+06,
2.68424e+06,
2.69215e+06,
2.70006e+06,
2.70857e+06,
2.71733e+06,
2.72616e+06,
2.73509e+06,
2.74414e+06,
2.75306e+06,
2.76151e+06,
2.76983e+06,
2.77858e+06,
2.7869e+06,
2.79613e+06,
2.80544e+06,
2.81463e+06,
2.82375e+06,
2.83326e+06,
2.84226e+06,
2.8508e+06,
2.85927e+06,
2.86818e+06,
2.87665e+06,
2.88627e+06,
2.89603e+06,
2.90575e+06,
2.91533e+06,
2.92475e+06,
2.93411e+06,
2.9427e+06,
2.95129e+06,
2.95997e+06,
2.9688e+06,
2.97897e+06,
2.98925e+06,
2.99943e+06,
3.00939e+06,
3.01948e+06,
3.02957e+06,
3.03898e+06,
3.04886e+06,
3.05858e+06,
3.06844e+06,
3.079e+06,
3.08942e+06,
3.10044e+06,
3.11112e+06,
3.12182e+06,
3.13254e+06,
3.14296e+06,
3.15325e+06,
3.16352e+06,
3.17435e+06,
3.18554e+06,
3.19645e+06,
3.208e+06,
3.21951e+06,
3.23081e+06,
3.2422e+06,
3.25296e+06,
3.26326e+06,
3.27377e+06,
3.28543e+06,
3.2973e+06,
3.30933e+06,
3.32166e+06,
3.33374e+06,
3.34563e+06,
3.35763e+06,
3.3688e+06,
3.37997e+06,
3.39144e+06,
3.40429e+06,
3.41709e+06,
3.42972e+06,
3.44227e+06,
3.4549e+06,
3.46727e+06,
3.48018e+06,
3.49214e+06,
3.5041e+06,
3.51617e+06,
3.52911e+06,
3.54229e+06,
3.55523e+06,
3.56856e+06,
3.58214e+06,
3.59596e+06,
3.60957e+06,
3.62215e+06,
3.63441e+06,
3.64751e+06,
3.66147e+06,
3.67608e+06,
3.69049e+06,
3.7048e+06,
3.71909e+06,
3.73353e+06,
3.74782e+06,
3.76108e+06,
3.77424e+06,
3.78885e+06,
3.80453e+06,
3.81967e+06,
3.83471e+06,
3.84983e+06,
3.86507e+06,
3.88071e+06,
3.89633e+06,
3.9108e+06,
3.92465e+06,
3.94021e+06,
3.95553e+06,
3.97182e+06,
3.98769e+06,
4.00381e+06,
4.01993e+06,
4.03587e+06,
4.0509e+06,
4.05894e+06,
4.06228e+06,
4.08061e+06,
4.09934e+06,
4.12039e+06,
4.14803e+06,
4.18809e+06,
4.2283e+06,
4.26819e+06,
4.30804e+06,
4.34788e+06,
4.38814e+06,
4.42816e+06,
4.46806e+06,
4.50857e+06,
4.54931e+06,
4.59244e+06,
4.63564e+06,
4.67954e+06,
4.72316e+06,
4.76739e+06,
4.81094e+06,
4.8553e+06,
4.89941e+06,
4.94431e+06,
4.9907e+06,
5.03899e+06,
5.08764e+06,
5.13635e+06,
5.18478e+06,
5.23373e+06,
5.28381e+06,
5.33306e+06,
5.38388e+06,
5.43466e+06,
5.48644e+06,
5.54078e+06,
5.5954e+06,
5.65045e+06,
5.70589e+06,
5.76291e+06,
5.82123e+06,
5.87913e+06,
5.93906e+06,
6.00001e+06,
6.06535e+06,
6.13439e+06,
6.20898e+06,
6.2889e+06,
6.3622e+06,
6.42829e+06,
6.49258e+06,
6.55656e+06,
6.61934e+06,
6.68103e+06,
6.74174e+06,
6.80349e+06,
6.86467e+06,
6.92538e+06,
6.98612e+06,
7.04792e+06,
7.1083e+06,
7.16787e+06,
7.22676e+06,
7.28552e+06,
7.34379e+06,
7.40207e+06,
7.46078e+06,
7.51907e+06,
7.57832e+06,
7.6371e+06,
7.69552e+06,
7.75523e+06,
7.81545e+06,
7.87433e+06,
7.93341e+06,
7.99323e+06,
8.05276e+06,
8.11134e+06,
8.16972e+06,
8.22803e+06,
8.28643e+06,
8.3449e+06,
8.4032e+06,
8.4618e+06,
8.52141e+06,
8.58312e+06,
8.64453e+06,
8.7054e+06,
8.76564e+06,
8.82495e+06,
8.88453e+06,
8.94404e+06,
9.00381e+06,
9.06356e+06,
9.1248e+06,
9.18782e+06,
478966,
479162,
479437,
479690,
479965,
480212,
480507,
480762,
481059,
481303,
481543,
481880,
482243,
482597,
482976,
483242,
483523,
483829,
484165,
484448,
484734,
484937,
485248,
485537,
485708,
486028,
486330,
486594,
486892,
487282,
487607,
487871,
488167,
488492,
488869,
489196,
489556,
489769,
490033,
490401,
490681,
490996,
491381,
491718,
492113,
492448,
492831,
493193,
493546,
493921,
494233,
494616,
494945,
495349,
495787,
496129,
496499,
496850,
497310,
497699,
498037,
498555,
499004,
499439,
499842,
500318,
500850,
501346,
501857,
502365,
502820,
503336,
503901,
504391,
504847,
505332,
505869,
506362,
506966,
507609,
508183,
508783,
509427,
510060,
510660,
511269,
511792,
512357,
512921,
513408,
514113,
514722,
515373,
516153,
516905,
517579,
518252,
518929,
519636,
520322,
521045,
521802,
522430,
523075,
523725,
524387,
525041,
525783,
526556,
527304,
528131,
528872,
529661,
530394,
531090,
531889,
532786,
533607,
534431,
535280,
536341,
537346,
538465,
539376,
540337,
541374,
542371,
543384,
544420,
545555,
546669,
547788,
548917,
550063,
551018,
552226,
553448,
554582,
555694,
557020,
558350,
559643,
561041,
562259,
563577,
564862,
566051,
567454,
568613,
570010,
571491,
572890,
574295,
575599,
576979,
578461,
579892,
581275,
582756,
584145,
585729,
587439,
589132,
590615,
592089,
593775,
595428,
597158,
598695,
600277,
601961,
603731,
605562,
607360,
609328,
611136,
612943,
614739,
616514,
618211,
619958,
621980,
623883,
625731,
627674,
629503,
631483,
633364,
635310,
637109,
639172,
641263,
643209,
645209,
647722,
650152,
652465,
654606,
656828,
658882,
661146,
663333,
665665,
667906,
670157,
672611,
674963,
677457,
679890,
682221,
684559,
687099,
689535,
691953,
694403,
696896,
699471,
701983,
704523,
707227,
710008,
712753,
715622,
718345,
720970,
723687,
726514,
729278,
732220,
734956,
737656,
740745,
743865,
746857,
749766,
752887,
755979,
759039,
762185,
765245,
768431,
771659,
775124,
778241,
781378,
784803,
788231,
791659,
794876,
798217,
801693,
805086,
808638,
812147,
815733,
819216,
822783,
826417,
830014,
833656,
837473,
841109,
844679,
848327,
851900,
855586,
859362,
862972,
866413,
870257,
873935,
877633,
881453,
885147,
889114,
893007,
896828,
900700,
904503,
908598,
912648,
916806,
920826,
924725,
928737,
932759,
936584,
940540,
944561,
948386,
952270,
956338,
960154,
963996,
968049,
972063,
976119,
979999,
984181,
988395,
992328,
996324,
1.00052e+06,
1.00468e+06,
1.00878e+06,
1.01291e+06,
1.01706e+06,
1.02141e+06,
1.02565e+06,
1.02986e+06,
1.034e+06,
1.03799e+06,
1.04235e+06,
1.04661e+06,
1.05089e+06,
1.05517e+06,
1.05951e+06,
1.06403e+06,
1.06862e+06,
1.07295e+06,
1.07725e+06,
1.08146e+06,
1.08589e+06,
1.09015e+06,
1.09452e+06,
1.09899e+06,
1.10342e+06,
1.10792e+06,
1.11235e+06,
1.11675e+06,
1.12106e+06,
1.12577e+06,
1.13031e+06,
1.13484e+06,
1.1394e+06,
1.14396e+06,
1.14852e+06,
1.15304e+06,
1.15758e+06,
1.16218e+06,
1.16658e+06,
1.17128e+06,
1.17591e+06,
1.18051e+06,
1.18499e+06,
1.18975e+06,
1.19439e+06,
1.19898e+06,
1.20378e+06,
1.20841e+06,
1.21313e+06,
1.21788e+06,
1.22263e+06,
1.22728e+06,
1.23196e+06,
1.23667e+06,
1.24151e+06,
1.24619e+06,
1.25102e+06,
1.25595e+06,
1.26044e+06,
1.26524e+06,
1.27006e+06,
1.27479e+06,
1.27964e+06,
1.2844e+06,
1.28932e+06,
1.2941e+06,
1.29904e+06,
1.30374e+06,
1.30836e+06,
1.31346e+06,
1.31858e+06,
1.32365e+06,
1.32868e+06,
1.33367e+06,
1.33879e+06,
1.34374e+06,
1.34868e+06,
1.35389e+06,
1.3589e+06,
1.36382e+06,
1.36879e+06,
1.37359e+06,
1.37843e+06,
1.38311e+06,
1.38788e+06,
1.39275e+06,
1.39764e+06,
1.40248e+06,
1.40716e+06,
1.41227e+06,
1.4173e+06,
1.42198e+06,
1.42675e+06,
1.43187e+06,
1.43668e+06,
1.44146e+06,
1.4462e+06,
1.45105e+06,
1.4558e+06,
1.46076e+06,
1.46598e+06,
1.47085e+06,
1.47567e+06,
1.4805e+06,
1.48567e+06,
1.49061e+06,
1.49548e+06,
1.5002e+06,
1.50522e+06,
1.51065e+06,
1.51572e+06,
1.52075e+06,
1.52563e+06,
1.53072e+06,
1.53579e+06,
1.54101e+06,
1.5461e+06,
1.55113e+06,
1.5562e+06,
1.56146e+06,
1.56673e+06,
1.57182e+06,
1.57689e+06,
1.582e+06,
1.58711e+06,
1.59221e+06,
1.59718e+06,
1.60204e+06,
1.60751e+06,
1.61269e+06,
1.61791e+06,
1.62307e+06,
1.62827e+06,
1.63346e+06,
1.63932e+06,
1.6452e+06,
1.65102e+06,
1.65669e+06,
1.66282e+06,
1.66897e+06,
1.67522e+06,
1.68123e+06,
1.68707e+06,
1.69294e+06,
1.69877e+06,
1.7047e+06,
1.71069e+06,
1.71663e+06,
1.72258e+06,
1.7287e+06,
1.7348e+06,
1.7406e+06,
1.7465e+06,
1.75279e+06,
1.75886e+06,
1.76487e+06,
1.77101e+06,
1.77685e+06,
1.78324e+06,
1.78931e+06,
1.79566e+06,
1.80164e+06,
1.80753e+06,
1.81368e+06,
1.81977e+06,
1.82579e+06,
1.83164e+06,
1.83776e+06,
1.84405e+06,
1.85042e+06,
1.85673e+06,
1.86276e+06,
1.86886e+06,
1.87526e+06,
1.88158e+06,
1.8878e+06,
1.89378e+06,
1.90013e+06,
1.90666e+06,
1.91319e+06,
1.91982e+06,
1.92601e+06,
1.93226e+06,
1.93864e+06,
1.94519e+06,
1.9516e+06,
1.95766e+06,
1.96438e+06,
1.97095e+06,
1.97789e+06,
1.98447e+06,
1.99093e+06,
1.99713e+06,
2.00374e+06,
2.01034e+06,
2.01683e+06,
2.02337e+06,
2.03009e+06,
2.03695e+06,
2.04354e+06,
2.05011e+06,
2.05668e+06,
2.06333e+06,
2.06989e+06,
2.07646e+06,
2.08279e+06,
2.08961e+06,
2.09672e+06,
2.10348e+06,
2.11007e+06,
2.11708e+06,
2.12366e+06,
2.13051e+06,
2.13752e+06,
2.14426e+06,
2.15103e+06,
2.15809e+06,
2.16529e+06,
2.1725e+06,
2.17961e+06,
2.18647e+06,
2.19291e+06,
2.19958e+06,
2.20632e+06,
2.2129e+06,
2.21929e+06,
2.22653e+06,
2.23399e+06,
2.24122e+06,
2.24839e+06,
2.25559e+06,
2.26226e+06,
2.26875e+06,
2.27552e+06,
2.28239e+06,
2.28895e+06,
2.29653e+06,
2.30408e+06,
2.31144e+06,
2.31867e+06,
2.32591e+06,
2.33245e+06,
2.33909e+06,
2.34571e+06,
2.35241e+06,
2.35921e+06,
2.36683e+06,
2.3745e+06,
2.38225e+06,
2.38998e+06,
2.39758e+06,
2.40494e+06,
2.41255e+06,
2.42009e+06,
2.42763e+06,
2.43526e+06,
2.44304e+06,
2.45084e+06,
2.45861e+06,
2.4663e+06,
2.47406e+06,
2.48177e+06,
2.4892e+06,
2.4966e+06,
2.50417e+06,
2.51213e+06,
2.52017e+06,
2.52806e+06,
2.53589e+06,
2.54368e+06,
2.55137e+06,
2.55877e+06,
2.56582e+06,
2.57311e+06,
2.58038e+06,
2.58851e+06,
2.59662e+06,
2.60495e+06,
2.61284e+06,
2.6209e+06,
2.62908e+06,
2.63671e+06,
2.64425e+06,
2.6518e+06,
2.65946e+06,
2.66806e+06,
2.67656e+06,
2.68518e+06,
2.69362e+06,
2.70208e+06,
2.71044e+06,
2.71799e+06,
2.72588e+06,
2.73362e+06,
2.7417e+06,
2.75055e+06,
2.75936e+06,
2.76799e+06,
2.77663e+06,
2.78508e+06,
2.7936e+06,
2.80167e+06,
2.80965e+06,
2.81747e+06,
2.82596e+06,
2.83497e+06,
2.84394e+06,
2.85276e+06,
2.86161e+06,
2.87054e+06,
2.87926e+06,
2.88701e+06,
2.89494e+06,
2.90241e+06,
2.91166e+06,
2.92117e+06,
2.93038e+06,
2.93977e+06,
2.94937e+06,
2.95862e+06,
2.96799e+06,
2.97708e+06,
2.98554e+06,
2.99379e+06,
3.00322e+06,
3.01309e+06,
3.02276e+06,
3.03289e+06,
3.04274e+06,
3.05277e+06,
3.0624e+06,
3.07182e+06,
3.08066e+06,
3.08985e+06,
3.10009e+06,
3.11048e+06,
3.12084e+06,
3.1308e+06,
3.1411e+06,
3.1517e+06,
3.16151e+06,
3.17124e+06,
3.18061e+06,
3.19083e+06,
3.20197e+06,
3.21298e+06,
3.22405e+06,
3.23484e+06,
3.24567e+06,
3.25717e+06,
3.2678e+06,
3.27825e+06,
3.28836e+06,
3.29912e+06,
3.31059e+06,
3.32175e+06,
3.33323e+06,
3.34469e+06,
3.35616e+06,
3.36773e+06,
3.37928e+06,
3.38978e+06,
3.39973e+06,
3.41082e+06,
3.4227e+06,
3.43452e+06,
3.44642e+06,
3.45857e+06,
3.47082e+06,
3.48285e+06,
3.49503e+06,
3.5061e+06,
3.51694e+06,
3.52939e+06,
3.54218e+06,
3.55512e+06,
3.568e+06,
3.58065e+06,
3.59335e+06,
3.6064e+06,
3.61895e+06,
3.63097e+06,
3.64201e+06,
3.65586e+06,
3.6693e+06,
3.68244e+06,
3.69573e+06,
3.70921e+06,
3.72284e+06,
3.73616e+06,
3.74956e+06,
3.76171e+06,
3.77326e+06,
3.78717e+06,
3.80109e+06,
3.81546e+06,
3.82958e+06,
3.844e+06,
3.85774e+06,
3.8715e+06,
3.88311e+06,
3.88774e+06,
3.88974e+06,
3.90621e+06,
3.92245e+06,
3.93918e+06,
3.95549e+06,
3.97181e+06,
3.98837e+06,
4.00521e+06,
4.02189e+06,
4.03928e+06,
4.05685e+06,
4.07447e+06,
4.09237e+06,
4.1113e+06,
4.13621e+06,
4.17306e+06,
4.21061e+06,
4.24822e+06,
4.286e+06,
4.32383e+06,
4.36109e+06,
4.39886e+06,
4.43625e+06,
4.47421e+06,
4.51321e+06,
4.55376e+06,
4.59448e+06,
4.63511e+06,
4.67546e+06,
4.71604e+06,
4.75705e+06,
4.79865e+06,
4.83981e+06,
4.88157e+06,
4.92382e+06,
4.96797e+06,
5.01354e+06,
5.05794e+06,
5.10312e+06,
5.14927e+06,
5.19513e+06,
5.24092e+06,
5.28707e+06,
5.33404e+06,
5.38065e+06,
5.43055e+06,
5.48158e+06,
5.53186e+06,
5.58259e+06,
5.63368e+06,
5.68553e+06,
5.73821e+06,
5.79131e+06,
5.84579e+06,
5.90134e+06,
5.95911e+06,
6.01868e+06,
6.07867e+06,
6.14003e+06,
6.20428e+06,
6.27107e+06,
6.34507e+06,
6.42046e+06,
6.48705e+06,
6.54915e+06,
6.6124e+06,
6.67504e+06,
6.73668e+06,
6.79718e+06,
6.85659e+06,
6.91593e+06,
6.97462e+06,
7.03295e+06,
7.09071e+06,
7.14988e+06,
7.20983e+06,
7.26889e+06,
7.32694e+06,
7.38405e+06,
7.44112e+06,
7.49746e+06,
7.55351e+06,
7.60954e+06,
7.66647e+06,
7.72391e+06,
7.78273e+06,
7.84272e+06,
7.90241e+06,
7.96138e+06,
8.01956e+06,
8.07651e+06,
8.13375e+06,
8.19096e+06,
8.24889e+06,
8.30549e+06,
8.36347e+06,
478966,
479174,
479441,
479717,
480011,
480298,
480560,
480833,
481110,
481400,
481669,
482035,
482391,
482762,
483159,
483468,
483762,
484015,
484351,
484711,
484995,
485199,
485496,
485736,
485920,
486238,
486543,
486843,
487256,
487564,
487899,
488176,
488479,
488838,
489166,
489547,
489820,
490160,
490459,
490826,
491168,
491475,
491842,
492209,
492594,
492981,
493367,
493782,
494172,
494536,
494928,
495274,
495684,
496113,
496457,
496813,
497177,
497612,
498029,
498404,
498820,
499253,
499696,
500288,
500783,
501328,
501834,
502294,
502771,
503365,
503911,
504449,
504947,
505470,
505973,
506466,
506985,
507554,
508231,
508891,
509539,
510095,
510730,
511479,
512144,
512685,
513253,
513957,
514514,
515160,
515791,
516540,
517242,
517944,
518671,
519363,
520078,
520872,
521586,
522409,
523091,
523747,
524447,
525119,
525834,
526571,
527151,
527931,
528820,
529585,
530368,
531262,
532119,
532936,
533772,
534441,
535158,
536083,
537168,
538302,
539249,
540271,
541207,
542144,
543176,
544182,
545239,
546262,
547369,
548608,
549794,
550929,
552079,
553184,
554286,
555580,
556656,
557747,
559062,
560399,
561687,
562982,
564431,
565660,
566893,
568270,
569563,
570856,
572260,
573596,
575040,
576464,
578028,
579414,
580820,
582110,
583605,
584906,
586450,
588225,
589858,
591491,
593063,
594664,
596255,
597880,
599558,
601115,
602729,
604440,
606316,
608145,
609927,
611679,
613523,
615400,
617335,
619222,
621127,
622932,
624848,
626732,
628662,
630485,
632466,
634337,
636119,
638116,
640089,
642604,
645013,
647252,
649494,
651506,
653715,
655963,
658169,
660295,
662446,
664720,
667017,
669440,
671680,
673920,
676360,
678772,
681330,
683683,
685956,
688408,
690952,
693483,
696003,
698555,
701199,
703860,
706537,
709110,
711483,
714371,
717392,
720020,
722700,
725393,
728235,
730987,
733914,
736862,
739667,
742445,
745544,
748443,
751339,
754446,
757510,
760690,
763817,
767010,
770112,
773285,
776656,
779766,
783108,
786373,
789611,
792916,
796111,
799415,
802823,
806266,
809838,
813468,
817209,
820830,
824270,
827781,
831421,
835090,
838837,
842406,
845971,
849576,
853323,
857106,
860690,
864384,
868209,
871871,
875605,
879000,
882771,
886612,
890599,
894501,
898309,
902193,
906206,
910346,
914306,
918257,
922278,
926233,
930158,
934218,
938135,
942131,
946224,
950195,
954173,
958009,
962137,
966369,
970342,
974380,
978223,
982114,
986092,
990093,
994243,
998297,
1.00256e+06,
1.00689e+06,
1.01115e+06,
1.0152e+06,
1.01936e+06,
1.02342e+06,
1.02764e+06,
1.03165e+06,
1.03585e+06,
1.03996e+06,
1.04433e+06,
1.04856e+06,
1.05291e+06,
1.05717e+06,
1.06146e+06,
1.06573e+06,
1.07008e+06,
1.07434e+06,
1.07847e+06,
1.08266e+06,
1.08732e+06,
1.09169e+06,
1.0962e+06,
1.10064e+06,
1.10508e+06,
1.10942e+06,
1.11393e+06,
1.11844e+06,
1.12282e+06,
1.12725e+06,
1.13184e+06,
1.13652e+06,
1.14102e+06,
1.14548e+06,
1.14987e+06,
1.15448e+06,
1.15905e+06,
1.16379e+06,
1.16831e+06,
1.17276e+06,
1.17739e+06,
1.18212e+06,
1.18671e+06,
1.19114e+06,
1.19577e+06,
1.20054e+06,
1.20538e+06,
1.21007e+06,
1.21464e+06,
1.21929e+06,
1.22411e+06,
1.2288e+06,
1.23368e+06,
1.23831e+06,
1.24298e+06,
1.24772e+06,
1.25247e+06,
1.25724e+06,
1.26177e+06,
1.26658e+06,
1.27151e+06,
1.27643e+06,
1.28128e+06,
1.28612e+06,
1.29089e+06,
1.29567e+06,
1.30053e+06,
1.3054e+06,
1.31025e+06,
1.31518e+06,
1.32038e+06,
1.32537e+06,
1.33018e+06,
1.33529e+06,
1.34039e+06,
1.34568e+06,
1.35073e+06,
1.35574e+06,
1.36088e+06,
1.36611e+06,
1.37125e+06,
1.37606e+06,
1.38091e+06,
1.38562e+06,
1.39045e+06,
1.39531e+06,
1.40025e+06,
1.40508e+06,
1.40964e+06,
1.41443e+06,
1.41949e+06,
1.42444e+06,
1.42944e+06,
1.43413e+06,
1.43884e+06,
1.44381e+06,
1.44873e+06,
1.45364e+06,
1.45826e+06,
1.46336e+06,
1.4685e+06,
1.4737e+06,
1.47872e+06,
1.48347e+06,
1.4884e+06,
1.49339e+06,
1.49844e+06,
1.5032e+06,
1.50802e+06,
1.51313e+06,
1.51848e+06,
1.52353e+06,
1.52872e+06,
1.53345e+06,
1.53845e+06,
1.54341e+06,
1.54854e+06,
1.55348e+06,
1.5585e+06,
1.56374e+06,
1.56906e+06,
1.57436e+06,
1.57959e+06,
1.58471e+06,
1.58967e+06,
1.59472e+06,
1.59986e+06,
1.60499e+06,
1.61022e+06,
1.61565e+06,
1.6209e+06,
1.6262e+06,
1.63139e+06,
1.63643e+06,
1.6415e+06,
1.64666e+06,
1.65186e+06,
1.65691e+06,
1.662e+06,
1.6674e+06,
1.67285e+06,
1.67823e+06,
1.68353e+06,
1.68868e+06,
1.69381e+06,
1.69888e+06,
1.70421e+06,
1.70929e+06,
1.7144e+06,
1.7198e+06,
1.72513e+06,
1.73051e+06,
1.73586e+06,
1.74094e+06,
1.74598e+06,
1.75133e+06,
1.75659e+06,
1.76166e+06,
1.76709e+06,
1.7725e+06,
1.77791e+06,
1.78345e+06,
1.78937e+06,
1.79511e+06,
1.80103e+06,
1.80685e+06,
1.81272e+06,
1.81825e+06,
1.82442e+06,
1.83092e+06,
1.83711e+06,
1.84328e+06,
1.84942e+06,
1.85527e+06,
1.86124e+06,
1.8674e+06,
1.87342e+06,
1.87923e+06,
1.88554e+06,
1.89195e+06,
1.8984e+06,
1.90468e+06,
1.91108e+06,
1.91681e+06,
1.92272e+06,
1.92874e+06,
1.93486e+06,
1.94075e+06,
1.94718e+06,
1.95346e+06,
1.95997e+06,
1.96641e+06,
1.97275e+06,
1.97906e+06,
1.98505e+06,
1.99126e+06,
1.99745e+06,
2.00356e+06,
2.00997e+06,
2.01658e+06,
2.02318e+06,
2.02983e+06,
2.03664e+06,
2.04311e+06,
2.04952e+06,
2.05597e+06,
2.06224e+06,
2.06868e+06,
2.07538e+06,
2.08212e+06,
2.08872e+06,
2.09534e+06,
2.10197e+06,
2.10831e+06,
2.11464e+06,
2.12091e+06,
2.12725e+06,
2.13387e+06,
2.14086e+06,
2.14765e+06,
2.15425e+06,
2.161e+06,
2.16794e+06,
2.17418e+06,
2.18038e+06,
2.18692e+06,
2.193e+06,
2.19979e+06,
2.20672e+06,
2.21378e+06,
2.22068e+06,
2.22758e+06,
2.23433e+06,
2.24057e+06,
2.2468e+06,
2.25317e+06,
2.2592e+06,
2.26618e+06,
2.27326e+06,
2.28037e+06,
2.28747e+06,
2.2947e+06,
2.30169e+06,
2.30809e+06,
2.31425e+06,
2.32063e+06,
2.32681e+06,
2.33406e+06,
2.34162e+06,
2.34903e+06,
2.35608e+06,
2.36362e+06,
2.3709e+06,
2.37824e+06,
2.3855e+06,
2.39265e+06,
2.39999e+06,
2.40757e+06,
2.41518e+06,
2.42262e+06,
2.42968e+06,
2.43708e+06,
2.44444e+06,
2.45152e+06,
2.45832e+06,
2.46527e+06,
2.47255e+06,
2.48013e+06,
2.48784e+06,
2.49512e+06,
2.50256e+06,
2.51003e+06,
2.51749e+06,
2.52422e+06,
2.5311e+06,
2.53804e+06,
2.54524e+06,
2.55318e+06,
2.56111e+06,
2.56893e+06,
2.57689e+06,
2.58455e+06,
2.59214e+06,
2.59912e+06,
2.60604e+06,
2.61297e+06,
2.62093e+06,
2.62878e+06,
2.63684e+06,
2.645e+06,
2.65282e+06,
2.66094e+06,
2.66895e+06,
2.67623e+06,
2.68336e+06,
2.69028e+06,
2.69844e+06,
2.70643e+06,
2.71455e+06,
2.72255e+06,
2.73068e+06,
2.73893e+06,
2.74704e+06,
2.75453e+06,
2.76173e+06,
2.76904e+06,
2.77729e+06,
2.78576e+06,
2.79433e+06,
2.80258e+06,
2.81119e+06,
2.81955e+06,
2.82776e+06,
2.83508e+06,
2.84186e+06,
2.84908e+06,
2.85762e+06,
2.86631e+06,
2.87529e+06,
2.88413e+06,
2.89326e+06,
2.902e+06,
2.91064e+06,
2.91848e+06,
2.92611e+06,
2.93433e+06,
2.9434e+06,
2.95246e+06,
2.96156e+06,
2.97082e+06,
2.97983e+06,
2.98895e+06,
2.99772e+06,
3.006e+06,
3.01408e+06,
3.02281e+06,
3.03237e+06,
3.04182e+06,
3.05139e+06,
3.06078e+06,
3.07036e+06,
3.07999e+06,
3.08922e+06,
3.09788e+06,
3.10642e+06,
3.11593e+06,
3.12592e+06,
3.13594e+06,
3.14573e+06,
3.1556e+06,
3.16562e+06,
3.1756e+06,
3.18563e+06,
3.1948e+06,
3.20354e+06,
3.21344e+06,
3.22357e+06,
3.23403e+06,
3.24441e+06,
3.25497e+06,
3.26559e+06,
3.27614e+06,
3.2862e+06,
3.29545e+06,
3.30416e+06,
3.31481e+06,
3.32562e+06,
3.3371e+06,
3.34844e+06,
3.35951e+06,
3.37037e+06,
3.38168e+06,
3.39233e+06,
3.40206e+06,
3.41135e+06,
3.42313e+06,
3.43461e+06,
3.44598e+06,
3.45747e+06,
3.46924e+06,
3.4808e+06,
3.49217e+06,
3.50349e+06,
3.51389e+06,
3.5238e+06,
3.53558e+06,
3.54737e+06,
3.55947e+06,
3.57144e+06,
3.58356e+06,
3.59578e+06,
3.60795e+06,
3.61968e+06,
3.63037e+06,
3.64097e+06,
3.65356e+06,
3.66636e+06,
3.67914e+06,
3.69164e+06,
3.7039e+06,
3.71597e+06,
3.72749e+06,
3.73727e+06,
3.7391e+06,
3.74092e+06,
3.75546e+06,
3.76991e+06,
3.78451e+06,
3.79897e+06,
3.81318e+06,
3.82803e+06,
3.84266e+06,
3.85782e+06,
3.87292e+06,
3.88798e+06,
3.90322e+06,
3.91837e+06,
3.93372e+06,
3.94888e+06,
3.96455e+06,
3.98075e+06,
3.9971e+06,
4.01339e+06,
4.02954e+06,
4.04611e+06,
4.06274e+06,
4.07911e+06,
4.09678e+06,
4.11615e+06,
4.14675e+06,
4.18157e+06,
4.2162e+06,
4.2511e+06,
4.28604e+06,
4.32097e+06,
4.35667e+06,
4.39157e+06,
4.42744e+06,
4.46262e+06,
4.49947e+06,
4.53682e+06,
4.57544e+06,
4.6132e+06,
4.65211e+06,
4.68997e+06,
4.72911e+06,
4.76756e+06,
4.80531e+06,
4.84539e+06,
4.88564e+06,
4.92796e+06,
4.97027e+06,
5.01223e+06,
5.05448e+06,
5.09717e+06,
5.13936e+06,
5.18265e+06,
5.22578e+06,
5.26935e+06,
5.31361e+06,
5.35961e+06,
5.40543e+06,
5.45171e+06,
5.49827e+06,
5.54612e+06,
5.59397e+06,
5.64317e+06,
5.69218e+06,
5.7418e+06,
5.79114e+06,
5.84282e+06,
5.89579e+06,
5.95021e+06,
6.00456e+06,
6.05978e+06,
6.11604e+06,
6.17334e+06,
6.23198e+06,
6.29247e+06,
6.35513e+06,
6.42432e+06,
6.49858e+06,
6.56825e+06,
6.6309e+06,
6.69164e+06,
6.75193e+06,
6.81136e+06,
6.86981e+06,
6.92769e+06,
6.98432e+06,
7.04165e+06,
7.09982e+06,
7.1579e+06,
7.21587e+06,
7.27397e+06,
7.33121e+06,
7.38744e+06,
7.44333e+06,
7.49906e+06,
7.55495e+06,
478966,
479170,
479444,
479752,
480008,
480333,
480627,
480854,
481227,
481539,
481780,
482253,
482536,
482910,
483353,
483674,
483952,
484196,
484540,
484913,
485216,
485452,
485662,
485885,
486148,
486478,
486782,
487062,
487517,
487863,
488161,
488473,
488854,
489120,
489492,
489832,
490224,
490493,
490852,
491270,
491593,
491952,
492311,
492683,
493040,
493449,
493920,
494344,
494696,
495100,
495474,
495856,
496314,
496715,
497053,
497468,
497878,
498286,
498808,
499240,
499705,
500111,
500578,
501096,
501695,
502172,
502684,
503154,
503704,
504328,
504867,
505343,
505972,
506499,
507105,
507636,
508221,
508857,
509513,
510087,
510833,
511460,
512150,
512806,
513414,
514149,
514791,
515419,
516102,
516736,
517492,
518242,
518955,
519602,
520332,
521172,
521911,
522634,
523423,
524236,
524974,
525725,
526469,
527205,
527954,
528644,
529428,
530240,
531020,
531841,
532681,
533535,
534451,
535314,
536055,
536903,
537751,
538781,
539958,
541083,
542125,
543173,
544116,
545182,
546179,
547162,
548121,
549360,
550549,
551634,
552832,
553921,
555088,
556229,
557332,
558497,
559597,
560910,
562277,
563620,
564989,
566383,
567792,
568989,
570254,
571591,
572812,
574344,
575787,
577274,
578788,
580242,
581532,
582898,
584297,
585720,
587027,
588649,
590303,
591944,
593778,
595588,
597167,
598815,
600248,
601869,
603574,
605355,
607044,
608866,
610686,
612534,
614449,
616199,
618004,
619853,
621624,
623561,
625660,
627629,
629766,
631815,
633832,
635623,
637418,
639776,
641936,
644159,
646325,
648550,
650698,
652936,
655229,
657316,
659434,
661601,
663732,
665898,
668281,
670663,
673052,
675441,
677795,
680061,
682368,
684742,
687154,
689437,
692002,
694671,
697243,
699816,
702606,
705214,
707835,
710406,
712995,
715563,
718285,
721130,
723811,
726628,
729502,
732271,
735036,
737881,
740521,
743394,
746346,
749240,
752269,
755105,
758226,
761326,
764397,
767590,
770710,
773772,
776983,
780372,
783536,
786752,
790048,
793296,
796675,
800024,
803318,
806566,
810124,
813549,
817067,
820653,
824300,
827940,
831781,
835325,
838874,
842533,
846243,
850172,
853758,
857456,
861109,
864625,
868185,
871993,
875621,
879092,
883104,
886933,
890618,
894425,
898337,
902365,
906186,
910251,
914156,
918248,
922229,
926204,
930184,
934264,
938446,
942542,
946431,
950519,
954523,
958536,
962611,
966683,
970602,
974596,
978619,
982699,
986762,
990829,
994846,
998926,
1.00321e+06,
1.00737e+06,
1.01174e+06,
1.01588e+06,
1.01993e+06,
1.02402e+06,
1.02814e+06,
1.03234e+06,
1.03649e+06,
1.0406e+06,
1.04485e+06,
1.04917e+06,
1.05364e+06,
1.0578e+06,
1.06217e+06,
1.06628e+06,
1.07052e+06,
1.07471e+06,
1.07908e+06,
1.08323e+06,
1.08764e+06,
1.09226e+06,
1.09676e+06,
1.10119e+06,
1.10548e+06,
1.1098e+06,
1.11418e+06,
1.11875e+06,
1.12316e+06,
1.1275e+06,
1.13215e+06,
1.13679e+06,
1.14137e+06,
1.14585e+06,
1.15036e+06,
1.15483e+06,
1.1594e+06,
1.16388e+06,
1.16831e+06,
1.17267e+06,
1.17729e+06,
1.18204e+06,
1.18664e+06,
1.19149e+06,
1.1962e+06,
1.20088e+06,
1.20554e+06,
1.21017e+06,
1.21481e+06,
1.21935e+06,
1.22407e+06,
1.22897e+06,
1.23376e+06,
1.23841e+06,
1.24335e+06,
1.24791e+06,
1.25251e+06,
1.25736e+06,
1.26226e+06,
1.26688e+06,
1.27179e+06,
1.27656e+06,
1.28132e+06,
1.2862e+06,
1.29108e+06,
1.29576e+06,
1.30054e+06,
1.30523e+06,
1.31018e+06,
1.31505e+06,
1.32001e+06,
1.32495e+06,
1.32985e+06,
1.33487e+06,
1.33993e+06,
1.34503e+06,
1.35009e+06,
1.35527e+06,
1.36024e+06,
1.36548e+06,
1.37047e+06,
1.37582e+06,
1.38079e+06,
1.38579e+06,
1.39067e+06,
1.39557e+06,
1.40026e+06,
1.40498e+06,
1.40981e+06,
1.41445e+06,
1.41942e+06,
1.42449e+06,
1.4296e+06,
1.4346e+06,
1.43961e+06,
1.44436e+06,
1.44904e+06,
1.45422e+06,
1.45896e+06,
1.46371e+06,
1.46881e+06,
1.47403e+06,
1.479e+06,
1.484e+06,
1.48909e+06,
1.49395e+06,
1.49874e+06,
1.50371e+06,
1.50855e+06,
1.51341e+06,
1.51866e+06,
1.52394e+06,
1.52906e+06,
1.53406e+06,
1.53931e+06,
1.54409e+06,
1.54906e+06,
1.55429e+06,
1.55915e+06,
1.56417e+06,
1.56957e+06,
1.57485e+06,
1.58007e+06,
1.58548e+06,
1.59051e+06,
1.59562e+06,
1.60063e+06,
1.60579e+06,
1.61082e+06,
1.61592e+06,
1.62129e+06,
1.62662e+06,
1.63206e+06,
1.6372e+06,
1.64245e+06,
1.64755e+06,
1.65261e+06,
1.65766e+06,
1.66261e+06,
1.66785e+06,
1.67315e+06,
1.67857e+06,
1.68403e+06,
1.68946e+06,
1.69493e+06,
1.70009e+06,
1.70516e+06,
1.71033e+06,
1.71525e+06,
1.72058e+06,
1.72596e+06,
1.73128e+06,
1.73668e+06,
1.74202e+06,
1.74755e+06,
1.75255e+06,
1.75771e+06,
1.7629e+06,
1.76783e+06,
1.77318e+06,
1.77876e+06,
1.78413e+06,
1.78941e+06,
1.79488e+06,
1.80035e+06,
1.80527e+06,
1.81023e+06,
1.81544e+06,
1.82019e+06,
1.82571e+06,
1.83108e+06,
1.83665e+06,
1.8421e+06,
1.84738e+06,
1.85295e+06,
1.85794e+06,
1.86304e+06,
1.86822e+06,
1.87297e+06,
1.87847e+06,
1.88406e+06,
1.88966e+06,
1.89518e+06,
1.90062e+06,
1.90593e+06,
1.91106e+06,
1.91605e+06,
1.92116e+06,
1.926e+06,
1.93169e+06,
1.93741e+06,
1.94298e+06,
1.94906e+06,
1.95522e+06,
1.96151e+06,
1.96754e+06,
1.97338e+06,
1.97934e+06,
1.98542e+06,
1.99197e+06,
1.9985e+06,
2.0049e+06,
2.01132e+06,
2.01772e+06,
2.02396e+06,
2.03016e+06,
2.03615e+06,
2.04222e+06,
2.0481e+06,
2.05488e+06,
2.06137e+06,
2.06786e+06,
2.07418e+06,
2.08053e+06,
2.0868e+06,
2.09306e+06,
2.09895e+06,
2.10488e+06,
2.111e+06,
2.11769e+06,
2.12433e+06,
2.13075e+06,
2.13717e+06,
2.14395e+06,
2.15025e+06,
2.15618e+06,
2.16213e+06,
2.16775e+06,
2.17432e+06,
2.18094e+06,
2.1876e+06,
2.19415e+06,
2.20096e+06,
2.20753e+06,
2.21387e+06,
2.21967e+06,
2.22543e+06,
2.23125e+06,
2.23809e+06,
2.24484e+06,
2.25182e+06,
2.25881e+06,
2.26569e+06,
2.27232e+06,
2.27881e+06,
2.28458e+06,
2.29042e+06,
2.29616e+06,
2.30318e+06,
2.31031e+06,
2.31753e+06,
2.32463e+06,
2.33132e+06,
2.33804e+06,
2.34502e+06,
2.35161e+06,
2.35829e+06,
2.36519e+06,
2.37249e+06,
2.37977e+06,
2.38684e+06,
2.39376e+06,
2.40058e+06,
2.40765e+06,
2.41467e+06,
2.42131e+06,
2.42811e+06,
2.43483e+06,
2.442e+06,
2.44931e+06,
2.4565e+06,
2.46354e+06,
2.47082e+06,
2.47795e+06,
2.48529e+06,
2.49182e+06,
2.49809e+06,
2.50434e+06,
2.51175e+06,
2.51923e+06,
2.5266e+06,
2.53407e+06,
2.54135e+06,
2.54895e+06,
2.55628e+06,
2.5628e+06,
2.56919e+06,
2.57592e+06,
2.58351e+06,
2.59106e+06,
2.59858e+06,
2.6061e+06,
2.61354e+06,
2.62118e+06,
2.62849e+06,
2.63529e+06,
2.6416e+06,
2.64851e+06,
2.65593e+06,
2.66357e+06,
2.67142e+06,
2.6791e+06,
2.68721e+06,
2.69502e+06,
2.70291e+06,
2.70996e+06,
2.71664e+06,
2.72402e+06,
2.73187e+06,
2.73993e+06,
2.74782e+06,
2.75589e+06,
2.76391e+06,
2.77199e+06,
2.77926e+06,
2.78585e+06,
2.79161e+06,
2.79918e+06,
2.80752e+06,
2.81566e+06,
2.82379e+06,
2.83218e+06,
2.84036e+06,
2.84846e+06,
2.85652e+06,
2.86412e+06,
2.87077e+06,
2.87908e+06,
2.88747e+06,
2.89589e+06,
2.90434e+06,
2.91278e+06,
2.92103e+06,
2.9293e+06,
2.93759e+06,
2.94519e+06,
2.95238e+06,
2.96116e+06,
2.97026e+06,
2.97912e+06,
2.98792e+06,
2.99672e+06,
3.00536e+06,
3.01413e+06,
3.0229e+06,
3.031e+06,
3.03846e+06,
3.0477e+06,
3.05688e+06,
3.06576e+06,
3.07469e+06,
3.08371e+06,
3.09273e+06,
3.10189e+06,
3.11094e+06,
3.11891e+06,
3.12639e+06,
3.13564e+06,
3.14493e+06,
3.15434e+06,
3.16382e+06,
3.17362e+06,
3.18303e+06,
3.19211e+06,
3.20121e+06,
3.20968e+06,
3.21789e+06,
3.22788e+06,
3.23779e+06,
3.2481e+06,
3.2582e+06,
3.26805e+06,
3.27814e+06,
3.28805e+06,
3.29788e+06,
3.30645e+06,
3.31484e+06,
3.32551e+06,
3.33594e+06,
3.34657e+06,
3.35715e+06,
3.36734e+06,
3.37807e+06,
3.38823e+06,
3.39852e+06,
3.4075e+06,
3.41642e+06,
3.42734e+06,
3.43789e+06,
3.44863e+06,
3.45949e+06,
3.47052e+06,
3.48173e+06,
3.49271e+06,
3.50322e+06,
3.51242e+06,
3.52202e+06,
3.53295e+06,
3.54404e+06,
3.55532e+06,
3.56623e+06,
3.57736e+06,
3.58795e+06,
3.59779e+06,
3.60604e+06,
3.60515e+06,
3.60754e+06,
3.6206e+06,
3.63342e+06,
3.64637e+06,
3.65956e+06,
3.67267e+06,
3.68562e+06,
3.69873e+06,
3.71202e+06,
3.72555e+06,
3.73883e+06,
3.75245e+06,
3.76581e+06,
3.77965e+06,
3.79347e+06,
3.80762e+06,
3.82202e+06,
3.83595e+06,
3.85047e+06,
3.86459e+06,
3.87886e+06,
3.89328e+06,
3.90755e+06,
3.92241e+06,
3.93743e+06,
3.95242e+06,
3.96747e+06,
3.98264e+06,
3.99744e+06,
4.01251e+06,
4.02787e+06,
4.04355e+06,
4.05896e+06,
4.07492e+06,
4.09118e+06,
4.10909e+06,
4.13584e+06,
4.16819e+06,
4.20118e+06,
4.23399e+06,
4.26733e+06,
4.30029e+06,
4.33345e+06,
4.36615e+06,
4.39961e+06,
4.43326e+06,
4.46766e+06,
4.50396e+06,
4.53998e+06,
4.57533e+06,
4.61139e+06,
4.64678e+06,
4.68286e+06,
4.71911e+06,
4.75563e+06,
4.79243e+06,
4.82907e+06,
4.86795e+06,
4.90669e+06,
4.94538e+06,
4.9852e+06,
5.02484e+06,
5.06517e+06,
5.10562e+06,
5.14583e+06,
5.18548e+06,
5.22617e+06,
5.26886e+06,
5.31202e+06,
5.356e+06,
5.39988e+06,
5.44452e+06,
5.48896e+06,
5.53321e+06,
5.57887e+06,
5.62451e+06,
5.67027e+06,
5.71644e+06,
5.76492e+06,
5.81372e+06,
5.8625e+06,
5.91123e+06,
5.96098e+06,
6.01115e+06,
6.06284e+06,
6.11549e+06,
6.16763e+06,
6.22148e+06,
6.27837e+06,
6.33589e+06,
6.39521e+06,
6.45641e+06,
6.52113e+06,
6.59127e+06,
6.66139e+06,
6.72372e+06,
478966,
479182,
479455,
479765,
480063,
480377,
480673,
480919,
481334,
481625,
481987,
482361,
482670,
483120,
483506,
483769,
484073,
484423,
484764,
485018,
485328,
485649,
485857,
486090,
486424,
486695,
487025,
487322,
487762,
488135,
488473,
488767,
489058,
489456,
489849,
490169,
490553,
490872,
491237,
491617,
492004,
492331,
492750,
493129,
493517,
493967,
494402,
494823,
495255,
495605,
495984,
496361,
496756,
497288,
497702,
498178,
498622,
498963,
499397,
499857,
500363,
500819,
501360,
501941,
502407,
502926,
503509,
503919,
504474,
505016,
505659,
506298,
506848,
507527,
508151,
508765,
509459,
509984,
510659,
511298,
511991,
512585,
513276,
513970,
514739,
515411,
516140,
516890,
517668,
518410,
519185,
519837,
520678,
521434,
522295,
522976,
523725,
524501,
525238,
526099,
526953,
527773,
528661,
529394,
530089,
530791,
531649,
532499,
533321,
534087,
535030,
535853,
536861,
537572,
538439,
539248,
540327,
541340,
542540,
543561,
544595,
545711,
546807,
547700,
548661,
549670,
550980,
552154,
553176,
554363,
555530,
556738,
558010,
559129,
560309,
561413,
562731,
564229,
565577,
566839,
568124,
569541,
570876,
572065,
573386,
574734,
576185,
577675,
579129,
580667,
582099,
583579,
585162,
586488,
587813,
589257,
590887,
592698,
594493,
596145,
597757,
599464,
601172,
602869,
604458,
606012,
607848,
609582,
611425,
613363,
615277,
617130,
619050,
620778,
622635,
624373,
626297,
628311,
630333,
632277,
634154,
636392,
638766,
641077,
643190,
645180,
647257,
649524,
651670,
653798,
655899,
658121,
660230,
662327,
664636,
666745,
669083,
671480,
673935,
676300,
678716,
681051,
683420,
685722,
688074,
690439,
692817,
695407,
698011,
700638,
703103,
705686,
708278,
710693,
713192,
715815,
718407,
721199,
723991,
726684,
729504,
732454,
735372,
737975,
740685,
743362,
746289,
749397,
752409,
755423,
758511,
761391,
764476,
767404,
770324,
773329,
776265,
779540,
782814,
786111,
789309,
792766,
796156,
799483,
802880,
805970,
809321,
812708,
816148,
819703,
823301,
827088,
830758,
834513,
838036,
841667,
845340,
849026,
852661,
856208,
859934,
863624,
867368,
871022,
874487,
878083,
881664,
885506,
889436,
893381,
897401,
901140,
904983,
909089,
913276,
917244,
921323,
925420,
929367,
933263,
937213,
941226,
945205,
949274,
953438,
957594,
961689,
965812,
969817,
973875,
977935,
982023,
986028,
990065,
994081,
998023,
1.00191e+06,
1.00624e+06,
1.01069e+06,
1.01493e+06,
1.01906e+06,
1.02335e+06,
1.02761e+06,
1.03151e+06,
1.03574e+06,
1.03987e+06,
1.04395e+06,
1.04837e+06,
1.05271e+06,
1.05707e+06,
1.06137e+06,
1.0658e+06,
1.06996e+06,
1.07426e+06,
1.07835e+06,
1.08254e+06,
1.08666e+06,
1.09113e+06,
1.09563e+06,
1.1001e+06,
1.10453e+06,
1.10913e+06,
1.11368e+06,
1.11816e+06,
1.12235e+06,
1.12659e+06,
1.13102e+06,
1.13567e+06,
1.14049e+06,
1.14498e+06,
1.14955e+06,
1.15418e+06,
1.15858e+06,
1.16286e+06,
1.1674e+06,
1.17185e+06,
1.17624e+06,
1.18087e+06,
1.1855e+06,
1.18996e+06,
1.19473e+06,
1.19949e+06,
1.2042e+06,
1.20875e+06,
1.21331e+06,
1.21798e+06,
1.22278e+06,
1.22761e+06,
1.2323e+06,
1.23696e+06,
1.24182e+06,
1.24656e+06,
1.25122e+06,
1.2559e+06,
1.2605e+06,
1.26513e+06,
1.26978e+06,
1.27463e+06,
1.27943e+06,
1.28436e+06,
1.28919e+06,
1.29406e+06,
1.29886e+06,
1.30368e+06,
1.30819e+06,
1.31295e+06,
1.3177e+06,
1.32269e+06,
1.3277e+06,
1.33283e+06,
1.33779e+06,
1.34279e+06,
1.34773e+06,
1.3529e+06,
1.35803e+06,
1.36321e+06,
1.3684e+06,
1.37344e+06,
1.37844e+06,
1.38356e+06,
1.38856e+06,
1.39347e+06,
1.39832e+06,
1.40312e+06,
1.40788e+06,
1.41263e+06,
1.41737e+06,
1.42251e+06,
1.42774e+06,
1.43264e+06,
1.43772e+06,
1.44256e+06,
1.44752e+06,
1.4522e+06,
1.45691e+06,
1.46167e+06,
1.46653e+06,
1.47167e+06,
1.47696e+06,
1.48231e+06,
1.4874e+06,
1.49244e+06,
1.49746e+06,
1.50225e+06,
1.5072e+06,
1.51194e+06,
1.51677e+06,
1.52205e+06,
1.52718e+06,
1.53242e+06,
1.5377e+06,
1.54296e+06,
1.54796e+06,
1.55284e+06,
1.55768e+06,
1.56268e+06,
1.56774e+06,
1.57324e+06,
1.57848e+06,
1.58377e+06,
1.58909e+06,
1.59423e+06,
1.59946e+06,
1.60438e+06,
1.60928e+06,
1.61438e+06,
1.61949e+06,
1.62484e+06,
1.63031e+06,
1.63563e+06,
1.64092e+06,
1.64619e+06,
1.65147e+06,
1.65649e+06,
1.66149e+06,
1.66655e+06,
1.67163e+06,
1.67701e+06,
1.68238e+06,
1.68774e+06,
1.69309e+06,
1.69833e+06,
1.7036e+06,
1.70854e+06,
1.71372e+06,
1.71863e+06,
1.72403e+06,
1.72941e+06,
1.73489e+06,
1.74033e+06,
1.7458e+06,
1.75103e+06,
1.75629e+06,
1.76132e+06,
1.76627e+06,
1.77118e+06,
1.77659e+06,
1.78194e+06,
1.78738e+06,
1.79295e+06,
1.79835e+06,
1.80359e+06,
1.8089e+06,
1.81392e+06,
1.81888e+06,
1.82382e+06,
1.82943e+06,
1.83495e+06,
1.8403e+06,
1.84593e+06,
1.85129e+06,
1.85667e+06,
1.86188e+06,
1.86692e+06,
1.87192e+06,
1.87659e+06,
1.88229e+06,
1.88781e+06,
1.89329e+06,
1.89874e+06,
1.90429e+06,
1.90979e+06,
1.91517e+06,
1.92046e+06,
1.92539e+06,
1.93034e+06,
1.93579e+06,
1.94134e+06,
1.94692e+06,
1.95243e+06,
1.95813e+06,
1.96358e+06,
1.96899e+06,
1.97412e+06,
1.97932e+06,
1.98427e+06,
1.9898e+06,
1.99543e+06,
2.00092e+06,
2.00666e+06,
2.01213e+06,
2.01768e+06,
2.02322e+06,
2.02848e+06,
2.03355e+06,
2.03873e+06,
2.0444e+06,
2.04993e+06,
2.05554e+06,
2.06105e+06,
2.06648e+06,
2.07202e+06,
2.07726e+06,
2.08224e+06,
2.08731e+06,
2.09237e+06,
2.09801e+06,
2.1036e+06,
2.10937e+06,
2.11499e+06,
2.12078e+06,
2.12725e+06,
2.13354e+06,
2.13913e+06,
2.14472e+06,
2.15049e+06,
2.15694e+06,
2.16333e+06,
2.1698e+06,
2.17618e+06,
2.18265e+06,
2.18878e+06,
2.19504e+06,
2.20061e+06,
2.20588e+06,
2.21186e+06,
2.21816e+06,
2.22468e+06,
2.23138e+06,
2.23806e+06,
2.24457e+06,
2.25102e+06,
2.25724e+06,
2.26268e+06,
2.26783e+06,
2.27371e+06,
2.28043e+06,
2.28725e+06,
2.29398e+06,
2.30089e+06,
2.30759e+06,
2.31441e+06,
2.32092e+06,
2.32724e+06,
2.33339e+06,
2.33982e+06,
2.34668e+06,
2.35341e+06,
2.36015e+06,
2.36715e+06,
2.37399e+06,
2.38082e+06,
2.38751e+06,
2.39385e+06,
2.40014e+06,
2.40681e+06,
2.41361e+06,
2.42062e+06,
2.42767e+06,
2.4348e+06,
2.44142e+06,
2.44809e+06,
2.45456e+06,
2.46049e+06,
2.46569e+06,
2.47267e+06,
2.47968e+06,
2.48666e+06,
2.49374e+06,
2.50099e+06,
2.50799e+06,
2.51508e+06,
2.52162e+06,
2.52772e+06,
2.53316e+06,
2.54022e+06,
2.54718e+06,
2.55471e+06,
2.56179e+06,
2.56895e+06,
2.57603e+06,
2.58294e+06,
2.58988e+06,
2.59636e+06,
2.60174e+06,
2.60923e+06,
2.61672e+06,
2.62409e+06,
2.63157e+06,
2.63929e+06,
2.6468e+06,
2.65422e+06,
2.66126e+06,
2.66734e+06,
2.67322e+06,
2.68064e+06,
2.68814e+06,
2.69563e+06,
2.70316e+06,
2.7109e+06,
2.7185e+06,
2.72557e+06,
2.73282e+06,
2.73851e+06,
2.74378e+06,
2.75132e+06,
2.75904e+06,
2.76671e+06,
2.7746e+06,
2.78258e+06,
2.79035e+06,
2.79786e+06,
2.80528e+06,
2.81219e+06,
2.81841e+06,
2.82649e+06,
2.8346e+06,
2.84257e+06,
2.85061e+06,
2.85884e+06,
2.86681e+06,
2.87469e+06,
2.88235e+06,
2.88931e+06,
2.89602e+06,
2.90432e+06,
2.91273e+06,
2.921e+06,
2.92912e+06,
2.93748e+06,
2.94552e+06,
2.95367e+06,
2.96183e+06,
2.96913e+06,
2.97609e+06,
2.98446e+06,
2.99313e+06,
3.0015e+06,
3.00982e+06,
3.01817e+06,
3.02631e+06,
3.03474e+06,
3.043e+06,
3.05006e+06,
3.0574e+06,
3.06568e+06,
3.07422e+06,
3.08288e+06,
3.09146e+06,
3.10021e+06,
3.10914e+06,
3.11779e+06,
3.12634e+06,
3.13366e+06,
3.14089e+06,
3.15009e+06,
3.15906e+06,
3.16816e+06,
3.17744e+06,
3.1865e+06,
3.19579e+06,
3.20465e+06,
3.21327e+06,
3.22076e+06,
3.22841e+06,
3.23781e+06,
3.24749e+06,
3.25699e+06,
3.26666e+06,
3.27596e+06,
3.28514e+06,
3.29443e+06,
3.30344e+06,
3.31118e+06,
3.31928e+06,
3.3291e+06,
3.33915e+06,
3.34906e+06,
3.35864e+06,
3.36864e+06,
3.37872e+06,
3.38848e+06,
3.39816e+06,
3.40606e+06,
3.41494e+06,
3.42501e+06,
3.43491e+06,
3.44474e+06,
3.45474e+06,
3.46475e+06,
3.47377e+06,
3.48253e+06,
3.48977e+06,
3.48647e+06,
3.48916e+06,
3.50051e+06,
3.51196e+06,
3.52375e+06,
3.53556e+06,
3.54722e+06,
3.55872e+06,
3.57043e+06,
3.58197e+06,
3.59392e+06,
3.60629e+06,
3.61846e+06,
3.63039e+06,
3.64268e+06,
3.65531e+06,
3.66784e+06,
3.68021e+06,
3.69277e+06,
3.7059e+06,
3.71869e+06,
3.73177e+06,
3.74448e+06,
3.75703e+06,
3.76987e+06,
3.78302e+06,
3.79627e+06,
3.80991e+06,
3.82328e+06,
3.83664e+06,
3.85014e+06,
3.86332e+06,
3.87696e+06,
3.89102e+06,
3.90464e+06,
3.91859e+06,
3.93244e+06,
3.9464e+06,
3.96015e+06,
3.97447e+06,
3.98892e+06,
4.00374e+06,
4.01847e+06,
4.03322e+06,
4.04815e+06,
4.06291e+06,
4.07814e+06,
4.0946e+06,
4.11216e+06,
4.14244e+06,
4.17284e+06,
4.20337e+06,
4.2341e+06,
4.26468e+06,
4.29549e+06,
4.3271e+06,
4.35838e+06,
4.38995e+06,
4.42137e+06,
4.45424e+06,
4.48764e+06,
4.5211e+06,
4.55447e+06,
4.58765e+06,
4.62183e+06,
4.65588e+06,
4.69073e+06,
4.72429e+06,
4.75895e+06,
4.7943e+06,
4.83075e+06,
4.86797e+06,
4.90592e+06,
4.94337e+06,
4.9798e+06,
5.01678e+06,
5.05445e+06,
5.0921e+06,
5.12953e+06,
5.16772e+06,
5.20745e+06,
5.24751e+06,
5.28787e+06,
5.32902e+06,
5.36945e+06,
5.41069e+06,
5.45296e+06,
5.49541e+06,
5.53801e+06,
5.58082e+06,
5.62451e+06,
5.66899e+06,
5.71414e+06,
5.76007e+06,
5.80525e+06,
5.85107e+06,
5.89732e+06,
478966,
479189,
479478,
479785,
480133,
480412,
480719,
481025,
481425,
481805,
482153,
482502,
482888,
483306,
483618,
483872,
484281,
484524,
484937,
485124,
485507,
485837,
486121,
486347,
486696,
486998,
487293,
487614,
488046,
488328,
488692,
489075,
489405,
489731,
490129,
490523,
490912,
491269,
491620,
491984,
492336,
492698,
493062,
493611,
494049,
494441,
494839,
495259,
495687,
496143,
496529,
496997,
497408,
497894,
498330,
498738,
499166,
499556,
499993,
500519,
501078,
501529,
502081,
502702,
503232,
503682,
504197,
504759,
505327,
505964,
506579,
507302,
507822,
508547,
509316,
509878,
510486,
511193,
511854,
512523,
513159,
513880,
514525,
515281,
516019,
516800,
517404,
518218,
519034,
519764,
520533,
521358,
522239,
523086,
523865,
524685,
525518,
526265,
527133,
528012,
528850,
529700,
530617,
531256,
531948,
532779,
533656,
534585,
535474,
536320,
537203,
538090,
538980,
539852,
540576,
541719,
542790,
543803,
544819,
545970,
547108,
548241,
549395,
550262,
551206,
552334,
553470,
554673,
556019,
557300,
558476,
559777,
560919,
562084,
563159,
564460,
565690,
567041,
568404,
569700,
571130,
572606,
574098,
575383,
576674,
578059,
579557,
581107,
582655,
584212,
585765,
587389,
588857,
590213,
591552,
593141,
594962,
596580,
598259,
599936,
601587,
603473,
605198,
606854,
608343,
609971,
611975,
613784,
615640,
617392,
619155,
620998,
622944,
624727,
626402,
628173,
630166,
632149,
634603,
637011,
639197,
641472,
643571,
645528,
647494,
649640,
651812,
654110,
656354,
658674,
660988,
663081,
665233,
667324,
669352,
671489,
673940,
676378,
678743,
681047,
683495,
686090,
688462,
690790,
693080,
695374,
697933,
700353,
702970,
705702,
708256,
710820,
713386,
715864,
718408,
720913,
723618,
726531,
729305,
732087,
734876,
737646,
740288,
742900,
745684,
748406,
751269,
754158,
757250,
760365,
763422,
766522,
769473,
772383,
775384,
778564,
781777,
784982,
788275,
791515,
794817,
797940,
801380,
804625,
807696,
810986,
814513,
818036,
821480,
825155,
828723,
832435,
836190,
839723,
843251,
846912,
850414,
854132,
857945,
861731,
865552,
869337,
873080,
876568,
880142,
883625,
887553,
891425,
895347,
899217,
903078,
907056,
911084,
915147,
919319,
923316,
927339,
931235,
935204,
939126,
943143,
947185,
951225,
955415,
959562,
963349,
967432,
971487,
975625,
979769,
983934,
988115,
992292,
996352,
1.00039e+06,
1.00421e+06,
1.0084e+06,
1.01243e+06,
1.01665e+06,
1.02088e+06,
1.025e+06,
1.02906e+06,
1.03346e+06,
1.03758e+06,
1.04167e+06,
1.04568e+06,
1.05023e+06,
1.05461e+06,
1.05898e+06,
1.06309e+06,
1.06752e+06,
1.0718e+06,
1.07617e+06,
1.08032e+06,
1.08447e+06,
1.08875e+06,
1.09334e+06,
1.09784e+06,
1.10215e+06,
1.10653e+06,
1.11097e+06,
1.11531e+06,
1.11972e+06,
1.12422e+06,
1.12855e+06,
1.13278e+06,
1.13734e+06,
1.14214e+06,
1.14679e+06,
1.15129e+06,
1.15588e+06,
1.16031e+06,
1.16472e+06,
1.16904e+06,
1.17355e+06,
1.17795e+06,
1.18244e+06,
1.18709e+06,
1.19185e+06,
1.19655e+06,
1.20122e+06,
1.20588e+06,
1.2107e+06,
1.21521e+06,
1.2197e+06,
1.22419e+06,
1.22885e+06,
1.23361e+06,
1.2386e+06,
1.24336e+06,
1.24818e+06,
1.25302e+06,
1.25774e+06,
1.26242e+06,
1.26689e+06,
1.27145e+06,
1.2762e+06,
1.281e+06,
1.28589e+06,
1.29061e+06,
1.29547e+06,
1.30036e+06,
1.30528e+06,
1.30997e+06,
1.31457e+06,
1.31925e+06,
1.32423e+06,
1.32914e+06,
1.33408e+06,
1.33907e+06,
1.34406e+06,
1.34915e+06,
1.35416e+06,
1.35942e+06,
1.36482e+06,
1.36999e+06,
1.37488e+06,
1.37975e+06,
1.38469e+06,
1.38965e+06,
1.39461e+06,
1.39955e+06,
1.40448e+06,
1.40913e+06,
1.4137e+06,
1.41828e+06,
1.42346e+06,
1.4286e+06,
1.43376e+06,
1.4387e+06,
1.44375e+06,
1.44869e+06,
1.45374e+06,
1.45823e+06,
1.46288e+06,
1.46757e+06,
1.47283e+06,
1.47797e+06,
1.48308e+06,
1.48828e+06,
1.49321e+06,
1.49813e+06,
1.50324e+06,
1.50805e+06,
1.51266e+06,
1.51751e+06,
1.52289e+06,
1.52821e+06,
1.53327e+06,
1.5385e+06,
1.54366e+06,
1.54905e+06,
1.5542e+06,
1.55895e+06,
1.56375e+06,
1.56865e+06,
1.57408e+06,
1.57931e+06,
1.58464e+06,
1.58998e+06,
1.59538e+06,
1.60052e+06,
1.60571e+06,
1.61065e+06,
1.6155e+06,
1.62049e+06,
1.62598e+06,
1.6314e+06,
1.63683e+06,
1.64218e+06,
1.6475e+06,
1.65269e+06,
1.65805e+06,
1.66297e+06,
1.66786e+06,
1.67297e+06,
1.67828e+06,
1.68378e+06,
1.68923e+06,
1.69461e+06,
1.69998e+06,
1.70527e+06,
1.71059e+06,
1.71534e+06,
1.72017e+06,
1.7253e+06,
1.73087e+06,
1.73617e+06,
1.74165e+06,
1.74705e+06,
1.75244e+06,
1.7578e+06,
1.76308e+06,
1.7679e+06,
1.7728e+06,
1.77799e+06,
1.78344e+06,
1.7888e+06,
1.79423e+06,
1.79967e+06,
1.80492e+06,
1.8104e+06,
1.81564e+06,
1.8205e+06,
1.8251e+06,
1.83049e+06,
1.83603e+06,
1.84157e+06,
1.84704e+06,
1.85242e+06,
1.85781e+06,
1.86324e+06,
1.86864e+06,
1.87362e+06,
1.87811e+06,
1.88338e+06,
1.88897e+06,
1.89457e+06,
1.89996e+06,
1.90553e+06,
1.91093e+06,
1.91633e+06,
1.92175e+06,
1.92674e+06,
1.9314e+06,
1.93666e+06,
1.94218e+06,
1.94787e+06,
1.95336e+06,
1.95905e+06,
1.96473e+06,
1.97012e+06,
1.97564e+06,
1.98084e+06,
1.98551e+06,
1.99102e+06,
1.99664e+06,
2.00203e+06,
2.00766e+06,
2.01312e+06,
2.01865e+06,
2.02431e+06,
2.0298e+06,
2.03495e+06,
2.03985e+06,
2.04536e+06,
2.05117e+06,
2.05668e+06,
2.06233e+06,
2.0679e+06,
2.07348e+06,
2.07891e+06,
2.08432e+06,
2.08928e+06,
2.09378e+06,
2.09927e+06,
2.10489e+06,
2.11055e+06,
2.11607e+06,
2.12156e+06,
2.1271e+06,
2.13261e+06,
2.1379e+06,
2.14251e+06,
2.14682e+06,
2.15245e+06,
2.15824e+06,
2.16386e+06,
2.16942e+06,
2.17492e+06,
2.18036e+06,
2.18583e+06,
2.19115e+06,
2.19551e+06,
2.1995e+06,
2.20528e+06,
2.21093e+06,
2.21663e+06,
2.22221e+06,
2.22773e+06,
2.23334e+06,
2.23871e+06,
2.24404e+06,
2.24833e+06,
2.2519e+06,
2.25777e+06,
2.26356e+06,
2.26918e+06,
2.27496e+06,
2.28083e+06,
2.28653e+06,
2.29228e+06,
2.29799e+06,
2.30416e+06,
2.3102e+06,
2.3167e+06,
2.32328e+06,
2.33e+06,
2.33657e+06,
2.34298e+06,
2.34976e+06,
2.35633e+06,
2.36247e+06,
2.36862e+06,
2.37436e+06,
2.38122e+06,
2.38778e+06,
2.39445e+06,
2.40098e+06,
2.40749e+06,
2.41403e+06,
2.4207e+06,
2.42683e+06,
2.43223e+06,
2.43739e+06,
2.44406e+06,
2.45061e+06,
2.45736e+06,
2.46416e+06,
2.47097e+06,
2.47756e+06,
2.48378e+06,
2.49009e+06,
2.49557e+06,
2.50101e+06,
2.50773e+06,
2.51462e+06,
2.52135e+06,
2.52807e+06,
2.53469e+06,
2.54155e+06,
2.54857e+06,
2.55529e+06,
2.56104e+06,
2.56658e+06,
2.57354e+06,
2.58049e+06,
2.58768e+06,
2.59478e+06,
2.60187e+06,
2.60886e+06,
2.61556e+06,
2.62237e+06,
2.6282e+06,
2.63374e+06,
2.64119e+06,
2.6482e+06,
2.6553e+06,
2.66246e+06,
2.66937e+06,
2.67621e+06,
2.68315e+06,
2.68964e+06,
2.69463e+06,
2.69992e+06,
2.70743e+06,
2.71486e+06,
2.72204e+06,
2.72925e+06,
2.73646e+06,
2.74362e+06,
2.75081e+06,
2.75792e+06,
2.7639e+06,
2.77016e+06,
2.77773e+06,
2.78524e+06,
2.79303e+06,
2.80053e+06,
2.80816e+06,
2.8157e+06,
2.8232e+06,
2.8304e+06,
2.83669e+06,
2.84331e+06,
2.85104e+06,
2.85852e+06,
2.86628e+06,
2.8741e+06,
2.88175e+06,
2.88955e+06,
2.89711e+06,
2.90467e+06,
2.91098e+06,
2.91777e+06,
2.92573e+06,
2.9333e+06,
2.94136e+06,
2.94946e+06,
2.95723e+06,
2.96499e+06,
2.97261e+06,
2.98009e+06,
2.98641e+06,
2.99337e+06,
3.00139e+06,
3.00959e+06,
3.0177e+06,
3.0257e+06,
3.03387e+06,
3.042e+06,
3.05002e+06,
3.05798e+06,
3.06436e+06,
3.07179e+06,
3.08032e+06,
3.08868e+06,
3.09741e+06,
3.10567e+06,
3.11402e+06,
3.12228e+06,
3.13049e+06,
3.13854e+06,
3.14495e+06,
3.15245e+06,
3.1608e+06,
3.16913e+06,
3.17773e+06,
3.18623e+06,
3.19491e+06,
3.20344e+06,
3.21173e+06,
3.21967e+06,
3.22579e+06,
3.23348e+06,
3.24238e+06,
3.25136e+06,
3.26046e+06,
3.26951e+06,
3.27843e+06,
3.28711e+06,
3.29585e+06,
3.30473e+06,
3.31154e+06,
3.31966e+06,
3.32865e+06,
3.33783e+06,
3.34632e+06,
3.35528e+06,
3.36393e+06,
3.37177e+06,
3.37915e+06,
3.3855e+06,
3.37888e+06,
3.38355e+06,
3.39382e+06,
3.40423e+06,
3.41475e+06,
3.42545e+06,
3.43633e+06,
3.44705e+06,
3.45743e+06,
3.46781e+06,
3.47834e+06,
3.48918e+06,
3.50003e+06,
3.5111e+06,
3.52245e+06,
3.53397e+06,
3.54508e+06,
3.55622e+06,
3.56736e+06,
3.57871e+06,
3.59009e+06,
3.60205e+06,
3.61341e+06,
3.62496e+06,
3.63646e+06,
3.64797e+06,
3.65973e+06,
3.67147e+06,
3.68354e+06,
3.69548e+06,
3.70746e+06,
3.71955e+06,
3.7318e+06,
3.7437e+06,
3.75585e+06,
3.76799e+06,
3.78054e+06,
3.79326e+06,
3.8057e+06,
3.81785e+06,
3.8304e+06,
3.84324e+06,
3.8563e+06,
3.8695e+06,
3.88298e+06,
3.89615e+06,
3.90955e+06,
3.92236e+06,
3.93559e+06,
3.94899e+06,
3.96258e+06,
3.97632e+06,
3.9901e+06,
4.00391e+06,
4.01751e+06,
4.03152e+06,
4.0451e+06,
4.05944e+06,
4.07401e+06,
4.08924e+06,
4.10509e+06,
4.13209e+06,
4.16003e+06,
4.18851e+06,
4.21751e+06,
4.24697e+06,
4.27619e+06,
4.30637e+06,
4.33598e+06,
4.36539e+06,
4.39511e+06,
4.42562e+06,
4.45742e+06,
4.4898e+06,
4.52143e+06,
4.55412e+06,
4.58569e+06,
4.61715e+06,
4.64895e+06,
4.68065e+06,
4.713e+06,
4.74639e+06,
4.78034e+06,
4.81481e+06,
4.84978e+06,
4.88493e+06,
4.91921e+06,
4.95429e+06,
4.9896e+06,
5.02583e+06,
5.0614e+06,
5.09747e+06,
5.13411e+06,
5.17183e+06,
5.20981e+06,
5.24831e+06,
5.28692e+06,
478966,
479206,
479471,
479809,
480169,
480459,
480756,
481037,
481499,
481927,
482276,
482656,
483061,
483502,
483705,
484020,
484426,
484694,
484998,
485265,
485618,
485977,
486305,
486597,
486929,
487229,
487531,
487944,
488238,
488643,
489042,
489381,
489774,
490176,
490494,
490832,
491175,
491565,
491914,
492330,
492694,
493089,
493481,
493960,
494455,
494812,
495211,
495607,
496042,
496615,
497070,
497570,
497943,
498422,
498864,
499292,
499772,
500184,
500684,
501310,
501817,
502340,
502864,
503357,
503941,
504555,
505061,
505563,
506175,
506854,
507515,
508166,
508880,
509471,
510094,
510799,
511459,
512111,
512846,
513587,
514303,
515116,
515893,
516666,
517310,
518087,
518923,
519678,
520418,
521223,
522094,
523001,
523859,
524736,
525523,
526339,
527059,
528001,
528776,
529701,
530553,
531396,
532251,
532970,
533649,
534673,
535539,
536509,
537457,
538424,
539274,
540245,
541223,
541957,
542934,
544133,
545206,
546270,
547479,
548553,
549731,
550903,
551978,
552953,
553927,
555093,
556189,
557463,
558781,
560006,
561309,
562547,
563840,
564914,
566038,
567424,
568720,
570187,
571510,
572911,
574464,
575940,
577280,
578518,
579764,
581296,
582828,
584327,
585874,
587401,
588919,
590486,
592015,
593412,
594890,
596527,
598297,
599931,
601687,
603508,
605309,
607009,
608668,
610162,
611883,
613678,
615518,
617449,
619253,
621161,
623046,
624933,
626691,
628404,
629991,
632438,
634859,
637119,
639138,
641065,
643294,
645336,
647364,
649271,
651279,
653379,
655640,
657945,
660198,
662421,
664722,
667099,
669411,
671452,
673593,
675920,
678323,
680743,
683289,
685642,
688131,
690526,
693044,
695255,
697366,
699791,
702553,
705066,
707539,
710085,
712637,
715163,
717801,
720265,
722623,
725487,
728157,
730821,
733586,
736416,
739253,
741993,
744965,
747650,
750285,
753175,
756031,
758976,
762040,
765021,
767969,
770894,
773905,
776817,
779556,
782605,
785902,
789187,
792519,
795709,
799006,
802224,
805517,
808967,
811875,
815295,
818802,
822222,
825751,
829414,
833182,
836750,
840453,
844126,
847871,
851607,
855206,
858786,
862507,
866100,
869670,
873408,
877300,
880813,
884217,
888107,
892086,
896054,
900163,
903986,
907839,
911801,
915759,
919841,
923753,
927876,
931855,
935991,
940051,
944077,
947906,
951786,
955797,
959992,
963839,
968054,
972241,
976392,
980570,
984715,
988955,
992998,
996994,
1.00101e+06,
1.00482e+06,
1.00901e+06,
1.01317e+06,
1.01738e+06,
1.02162e+06,
1.02602e+06,
1.03017e+06,
1.03431e+06,
1.03852e+06,
1.04259e+06,
1.04658e+06,
1.05075e+06,
1.05498e+06,
1.05941e+06,
1.06368e+06,
1.06804e+06,
1.07247e+06,
1.0769e+06,
1.08111e+06,
1.08521e+06,
1.08918e+06,
1.09352e+06,
1.09794e+06,
1.10245e+06,
1.10702e+06,
1.11134e+06,
1.11572e+06,
1.12021e+06,
1.12466e+06,
1.12897e+06,
1.13309e+06,
1.13758e+06,
1.14218e+06,
1.14681e+06,
1.15139e+06,
1.15599e+06,
1.16047e+06,
1.16504e+06,
1.16951e+06,
1.17389e+06,
1.17803e+06,
1.18273e+06,
1.1873e+06,
1.19198e+06,
1.19683e+06,
1.20123e+06,
1.206e+06,
1.21056e+06,
1.21518e+06,
1.21949e+06,
1.22388e+06,
1.22869e+06,
1.23347e+06,
1.23829e+06,
1.24314e+06,
1.24785e+06,
1.25279e+06,
1.25752e+06,
1.26228e+06,
1.26683e+06,
1.27121e+06,
1.27609e+06,
1.28096e+06,
1.28591e+06,
1.29071e+06,
1.29564e+06,
1.30056e+06,
1.30537e+06,
1.31019e+06,
1.31467e+06,
1.3192e+06,
1.32405e+06,
1.32907e+06,
1.3341e+06,
1.33904e+06,
1.34401e+06,
1.34903e+06,
1.35426e+06,
1.3592e+06,
1.36445e+06,
1.36996e+06,
1.37483e+06,
1.37978e+06,
1.3846e+06,
1.38969e+06,
1.39459e+06,
1.39956e+06,
1.40441e+06,
1.4093e+06,
1.41381e+06,
1.41807e+06,
1.42305e+06,
1.42806e+06,
1.43314e+06,
1.4382e+06,
1.44329e+06,
1.44824e+06,
1.4532e+06,
1.45814e+06,
1.4628e+06,
1.46717e+06,
1.47223e+06,
1.4774e+06,
1.48255e+06,
1.48755e+06,
1.49256e+06,
1.49768e+06,
1.50274e+06,
1.50775e+06,
1.51236e+06,
1.51664e+06,
1.52183e+06,
1.52703e+06,
1.53208e+06,
1.53731e+06,
1.54266e+06,
1.54778e+06,
1.55311e+06,
1.55833e+06,
1.56289e+06,
1.56757e+06,
1.57284e+06,
1.57829e+06,
1.58355e+06,
1.58886e+06,
1.59407e+06,
1.59918e+06,
1.6045e+06,
1.6097e+06,
1.61451e+06,
1.61908e+06,
1.6245e+06,
1.62997e+06,
1.63537e+06,
1.64071e+06,
1.64606e+06,
1.65132e+06,
1.65648e+06,
1.66174e+06,
1.66667e+06,
1.67146e+06,
1.6769e+06,
1.68237e+06,
1.68774e+06,
1.69316e+06,
1.69854e+06,
1.70372e+06,
1.70901e+06,
1.71446e+06,
1.71939e+06,
1.7242e+06,
1.72969e+06,
1.73508e+06,
1.74046e+06,
1.74578e+06,
1.75107e+06,
1.75632e+06,
1.7617e+06,
1.76693e+06,
1.77167e+06,
1.7763e+06,
1.78188e+06,
1.78738e+06,
1.79294e+06,
1.79826e+06,
1.80368e+06,
1.80916e+06,
1.81456e+06,
1.81999e+06,
1.82489e+06,
1.82942e+06,
1.83495e+06,
1.84044e+06,
1.84597e+06,
1.85126e+06,
1.85664e+06,
1.86205e+06,
1.86737e+06,
1.87271e+06,
1.87756e+06,
1.88239e+06,
1.88793e+06,
1.89343e+06,
1.89896e+06,
1.90435e+06,
1.90979e+06,
1.91538e+06,
1.92083e+06,
1.92602e+06,
1.93082e+06,
1.93547e+06,
1.94088e+06,
1.94646e+06,
1.95201e+06,
1.95774e+06,
1.96319e+06,
1.96888e+06,
1.97441e+06,
1.97995e+06,
1.98488e+06,
1.98954e+06,
1.99509e+06,
2.00068e+06,
2.00648e+06,
2.01202e+06,
2.01758e+06,
2.02305e+06,
2.02859e+06,
2.03399e+06,
2.03898e+06,
2.04377e+06,
2.04937e+06,
2.0551e+06,
2.06069e+06,
2.0663e+06,
2.07172e+06,
2.0773e+06,
2.08265e+06,
2.08817e+06,
2.09306e+06,
2.09786e+06,
2.10351e+06,
2.10904e+06,
2.11469e+06,
2.12035e+06,
2.12599e+06,
2.1313e+06,
2.13681e+06,
2.14196e+06,
2.14647e+06,
2.15114e+06,
2.15673e+06,
2.1623e+06,
2.16792e+06,
2.1735e+06,
2.17921e+06,
2.18464e+06,
2.19011e+06,
2.19534e+06,
2.19958e+06,
2.2041e+06,
2.20972e+06,
2.21531e+06,
2.22099e+06,
2.22672e+06,
2.23209e+06,
2.23757e+06,
2.24292e+06,
2.24846e+06,
2.25243e+06,
2.25668e+06,
2.26243e+06,
2.26811e+06,
2.27386e+06,
2.27959e+06,
2.28523e+06,
2.29097e+06,
2.2967e+06,
2.30216e+06,
2.3074e+06,
2.31265e+06,
2.31853e+06,
2.3242e+06,
2.32999e+06,
2.33572e+06,
2.34137e+06,
2.34683e+06,
2.35228e+06,
2.35774e+06,
2.36263e+06,
2.36772e+06,
2.37346e+06,
2.37909e+06,
2.38466e+06,
2.39029e+06,
2.3958e+06,
2.40118e+06,
2.40651e+06,
2.4118e+06,
2.41585e+06,
2.42042e+06,
2.42607e+06,
2.4317e+06,
2.4372e+06,
2.4427e+06,
2.44831e+06,
2.45367e+06,
2.45904e+06,
2.46417e+06,
2.46823e+06,
2.47313e+06,
2.47891e+06,
2.48469e+06,
2.49131e+06,
2.49799e+06,
2.50444e+06,
2.51091e+06,
2.51747e+06,
2.52374e+06,
2.5287e+06,
2.53443e+06,
2.54123e+06,
2.54783e+06,
2.55437e+06,
2.56083e+06,
2.5674e+06,
2.57388e+06,
2.58029e+06,
2.5869e+06,
2.59184e+06,
2.59778e+06,
2.60453e+06,
2.6111e+06,
2.61793e+06,
2.62435e+06,
2.63092e+06,
2.63759e+06,
2.64415e+06,
2.65026e+06,
2.65451e+06,
2.6602e+06,
2.66719e+06,
2.67396e+06,
2.68082e+06,
2.68787e+06,
2.69463e+06,
2.70125e+06,
2.7079e+06,
2.71446e+06,
2.71983e+06,
2.72611e+06,
2.73344e+06,
2.74071e+06,
2.74798e+06,
2.7551e+06,
2.7621e+06,
2.76938e+06,
2.77631e+06,
2.78308e+06,
2.78853e+06,
2.79504e+06,
2.80233e+06,
2.80969e+06,
2.81724e+06,
2.82477e+06,
2.83187e+06,
2.83911e+06,
2.84609e+06,
2.85297e+06,
2.85844e+06,
2.86525e+06,
2.8727e+06,
2.88023e+06,
2.88757e+06,
2.895e+06,
2.90209e+06,
2.90966e+06,
2.91682e+06,
2.92401e+06,
2.92947e+06,
2.93642e+06,
2.94411e+06,
2.95147e+06,
2.95905e+06,
2.9664e+06,
2.97404e+06,
2.98176e+06,
2.98926e+06,
2.99663e+06,
3.00221e+06,
3.00934e+06,
3.01731e+06,
3.02499e+06,
3.03287e+06,
3.04082e+06,
3.04867e+06,
3.0563e+06,
3.06398e+06,
3.07112e+06,
3.07673e+06,
3.08409e+06,
3.09214e+06,
3.10029e+06,
3.10825e+06,
3.11603e+06,
3.12398e+06,
3.13165e+06,
3.13921e+06,
3.14681e+06,
3.15188e+06,
3.15917e+06,
3.16725e+06,
3.17511e+06,
3.18334e+06,
3.19152e+06,
3.19967e+06,
3.20805e+06,
3.21617e+06,
3.2239e+06,
3.22928e+06,
3.23678e+06,
3.24512e+06,
3.25309e+06,
3.26127e+06,
3.26916e+06,
3.27648e+06,
3.28318e+06,
3.28954e+06,
3.29437e+06,
3.28526e+06,
3.29097e+06,
3.30017e+06,
3.30961e+06,
3.31907e+06,
3.32877e+06,
3.33837e+06,
3.3478e+06,
3.35747e+06,
3.36719e+06,
3.37699e+06,
3.38722e+06,
3.39719e+06,
3.40704e+06,
3.4167e+06,
3.42677e+06,
3.43724e+06,
3.44766e+06,
3.45788e+06,
3.46819e+06,
3.4783e+06,
3.48876e+06,
3.49939e+06,
3.51004e+06,
3.52056e+06,
3.53119e+06,
3.54189e+06,
3.55264e+06,
3.56321e+06,
3.57371e+06,
3.58486e+06,
3.59587e+06,
3.60697e+06,
3.61771e+06,
3.62858e+06,
3.63941e+06,
3.6505e+06,
3.66184e+06,
3.67302e+06,
3.68439e+06,
3.69566e+06,
3.70703e+06,
3.71877e+06,
3.73043e+06,
3.74256e+06,
3.7544e+06,
3.76618e+06,
3.77837e+06,
3.79069e+06,
3.80257e+06,
3.81426e+06,
3.82634e+06,
3.83824e+06,
3.85084e+06,
3.86318e+06,
3.87561e+06,
3.88825e+06,
3.90078e+06,
3.91285e+06,
3.92556e+06,
3.93841e+06,
3.9512e+06,
3.96414e+06,
3.97707e+06,
3.9899e+06,
4.00297e+06,
4.01571e+06,
4.02893e+06,
4.04244e+06,
4.0561e+06,
4.06983e+06,
4.0837e+06,
4.09893e+06,
4.11602e+06,
4.14315e+06,
4.17022e+06,
4.19763e+06,
4.22469e+06,
4.25255e+06,
4.28062e+06,
4.30782e+06,
4.33551e+06,
4.36325e+06,
4.39156e+06,
4.42095e+06,
4.45141e+06,
4.48128e+06,
4.51103e+06,
4.54116e+06,
4.57079e+06,
4.60124e+06,
4.63153e+06,
4.66167e+06,
4.6927e+06,
4.72371e+06,
4.75628e+06,
4.78854e+06,
478966,
479225,
479488,
479855,
480231,
480511,
480788,
481138,
481580,
482044,
482394,
482807,
483185,
483570,
483862,
484144,
484523,
484834,
485129,
485491,
485802,
486162,
486485,
486866,
487176,
487453,
487835,
488210,
488646,
488982,
489302,
489691,
490034,
490399,
490744,
491154,
491443,
491853,
492270,
492688,
493058,
493493,
493896,
494300,
494755,
495234,
495702,
496112,
496536,
496990,
497410,
498008,
498348,
498836,
499348,
499844,
500376,
500794,
501357,
501939,
502481,
503107,
503690,
504306,
504795,
505369,
505939,
506491,
507103,
507667,
508318,
509021,
509764,
510339,
511024,
511728,
512420,
513134,
513867,
514651,
515430,
516209,
516986,
517898,
518703,
519437,
520239,
521028,
521913,
522840,
523633,
524429,
525297,
526199,
527103,
527928,
528768,
529656,
530405,
531301,
532168,
533072,
533898,
534569,
535510,
536476,
537288,
538306,
539353,
540301,
541356,
542402,
543402,
544280,
545360,
546439,
547617,
548785,
549965,
551184,
552342,
553453,
554637,
555466,
556536,
557796,
559047,
560349,
561618,
562903,
564128,
565494,
566618,
567709,
568889,
570295,
571720,
573044,
574409,
575902,
577296,
578752,
580209,
581412,
582727,
584259,
585681,
587198,
588731,
590351,
591907,
593537,
595005,
596341,
597800,
599666,
601458,
603269,
604943,
606608,
608275,
610048,
611938,
613444,
614942,
616849,
618636,
620612,
622526,
624332,
626262,
628134,
630311,
632373,
634341,
636486,
638493,
640492,
642629,
644809,
646894,
648955,
651036,
652854,
654801,
657098,
659256,
661337,
663528,
665879,
668125,
670543,
672836,
674851,
677186,
679678,
682234,
684686,
687079,
689513,
691794,
694315,
696740,
698884,
701035,
703576,
706219,
708806,
711271,
713834,
716473,
719087,
721555,
723913,
726325,
729140,
731987,
734901,
737607,
740454,
743198,
745975,
748814,
751359,
754024,
756953,
759831,
762908,
765838,
768666,
771554,
774667,
777725,
780357,
783206,
786458,
789634,
792934,
796149,
799463,
802698,
805877,
809252,
812383,
815495,
818810,
822210,
825731,
829405,
832882,
836458,
840099,
843835,
847643,
851319,
854887,
858409,
862122,
865882,
869606,
873476,
877223,
880764,
884342,
887786,
891573,
895473,
899311,
903138,
907023,
910851,
915080,
919189,
923461,
927610,
931688,
935501,
939338,
943369,
947356,
951362,
955331,
959372,
963467,
967552,
971698,
975794,
979855,
983918,
988046,
992229,
996277,
1.00038e+06,
1.00425e+06,
1.00813e+06,
1.01226e+06,
1.0166e+06,
1.0209e+06,
1.02503e+06,
1.02926e+06,
1.03354e+06,
1.03781e+06,
1.04192e+06,
1.04579e+06,
1.04985e+06,
1.05415e+06,
1.05861e+06,
1.06295e+06,
1.06727e+06,
1.07155e+06,
1.07587e+06,
1.08011e+06,
1.08445e+06,
1.08862e+06,
1.09268e+06,
1.09731e+06,
1.10168e+06,
1.10596e+06,
1.11039e+06,
1.11498e+06,
1.1193e+06,
1.12369e+06,
1.12815e+06,
1.13254e+06,
1.13674e+06,
1.14129e+06,
1.14573e+06,
1.15032e+06,
1.15477e+06,
1.15929e+06,
1.16376e+06,
1.16826e+06,
1.17274e+06,
1.17693e+06,
1.18116e+06,
1.18581e+06,
1.19041e+06,
1.1951e+06,
1.19959e+06,
1.20423e+06,
1.2089e+06,
1.21353e+06,
1.21802e+06,
1.2224e+06,
1.22693e+06,
1.23157e+06,
1.23642e+06,
1.24117e+06,
1.24606e+06,
1.25078e+06,
1.25545e+06,
1.26027e+06,
1.26501e+06,
1.26952e+06,
1.27411e+06,
1.27896e+06,
1.28381e+06,
1.28871e+06,
1.29369e+06,
1.29873e+06,
1.30352e+06,
1.3084e+06,
1.31305e+06,
1.31759e+06,
1.32212e+06,
1.32718e+06,
1.33209e+06,
1.33698e+06,
1.34207e+06,
1.34731e+06,
1.35227e+06,
1.35729e+06,
1.36235e+06,
1.36766e+06,
1.37287e+06,
1.37793e+06,
1.38287e+06,
1.388e+06,
1.39283e+06,
1.39766e+06,
1.40248e+06,
1.40752e+06,
1.41234e+06,
1.4167e+06,
1.42131e+06,
1.42632e+06,
1.43135e+06,
1.43637e+06,
1.44134e+06,
1.44646e+06,
1.45134e+06,
1.45635e+06,
1.46123e+06,
1.46541e+06,
1.46994e+06,
1.47516e+06,
1.48032e+06,
1.48534e+06,
1.49039e+06,
1.49555e+06,
1.50067e+06,
1.50553e+06,
1.51028e+06,
1.51452e+06,
1.51904e+06,
1.52435e+06,
1.52958e+06,
1.53478e+06,
1.54009e+06,
1.54537e+06,
1.55052e+06,
1.55571e+06,
1.56058e+06,
1.56504e+06,
1.56992e+06,
1.57519e+06,
1.58045e+06,
1.58579e+06,
1.5911e+06,
1.59651e+06,
1.60188e+06,
1.60716e+06,
1.61221e+06,
1.61686e+06,
1.62147e+06,
1.62671e+06,
1.63214e+06,
1.63746e+06,
1.64277e+06,
1.64814e+06,
1.65357e+06,
1.65884e+06,
1.6639e+06,
1.66872e+06,
1.67363e+06,
1.67892e+06,
1.68436e+06,
1.68981e+06,
1.69515e+06,
1.70043e+06,
1.70582e+06,
1.71097e+06,
1.71622e+06,
1.72077e+06,
1.72562e+06,
1.73091e+06,
1.73638e+06,
1.74179e+06,
1.74708e+06,
1.75234e+06,
1.75774e+06,
1.7633e+06,
1.76842e+06,
1.7731e+06,
1.77794e+06,
1.78332e+06,
1.78884e+06,
1.79423e+06,
1.79956e+06,
1.8049e+06,
1.81045e+06,
1.81572e+06,
1.82097e+06,
1.82539e+06,
1.83046e+06,
1.83604e+06,
1.84165e+06,
1.84711e+06,
1.85265e+06,
1.85826e+06,
1.8638e+06,
1.86911e+06,
1.87436e+06,
1.87879e+06,
1.88393e+06,
1.88954e+06,
1.89513e+06,
1.90071e+06,
1.90609e+06,
1.91163e+06,
1.91708e+06,
1.92259e+06,
1.92794e+06,
1.93233e+06,
1.93736e+06,
1.94291e+06,
1.94867e+06,
1.95425e+06,
1.95969e+06,
1.96516e+06,
1.97071e+06,
1.97633e+06,
1.98183e+06,
1.98634e+06,
1.99137e+06,
1.997e+06,
2.00255e+06,
2.00806e+06,
2.01382e+06,
2.01942e+06,
2.02498e+06,
2.03043e+06,
2.03589e+06,
2.04067e+06,
2.046e+06,
2.05146e+06,
2.0571e+06,
2.06259e+06,
2.06811e+06,
2.07363e+06,
2.07916e+06,
2.0846e+06,
2.08998e+06,
2.09439e+06,
2.09956e+06,
2.10534e+06,
2.1108e+06,
2.11635e+06,
2.12219e+06,
2.12781e+06,
2.13329e+06,
2.13862e+06,
2.14386e+06,
2.14822e+06,
2.15322e+06,
2.15868e+06,
2.16422e+06,
2.16974e+06,
2.1754e+06,
2.18094e+06,
2.18647e+06,
2.19197e+06,
2.1971e+06,
2.20092e+06,
2.20585e+06,
2.21158e+06,
2.21719e+06,
2.2227e+06,
2.22835e+06,
2.23375e+06,
2.23908e+06,
2.24464e+06,
2.24987e+06,
2.25331e+06,
2.25827e+06,
2.26393e+06,
2.26957e+06,
2.27525e+06,
2.28102e+06,
2.2869e+06,
2.29261e+06,
2.2982e+06,
2.3037e+06,
2.30872e+06,
2.31429e+06,
2.32007e+06,
2.3257e+06,
2.33131e+06,
2.33699e+06,
2.34282e+06,
2.34842e+06,
2.35408e+06,
2.35951e+06,
2.36425e+06,
2.36965e+06,
2.37531e+06,
2.38105e+06,
2.38666e+06,
2.39214e+06,
2.39771e+06,
2.40321e+06,
2.40863e+06,
2.41393e+06,
2.41752e+06,
2.42271e+06,
2.42833e+06,
2.4341e+06,
2.43976e+06,
2.44532e+06,
2.45084e+06,
2.45622e+06,
2.46163e+06,
2.46692e+06,
2.47043e+06,
2.47562e+06,
2.4813e+06,
2.48684e+06,
2.49256e+06,
2.49813e+06,
2.50363e+06,
2.50897e+06,
2.5145e+06,
2.51971e+06,
2.52327e+06,
2.52841e+06,
2.53411e+06,
2.53964e+06,
2.54529e+06,
2.55086e+06,
2.55643e+06,
2.56189e+06,
2.56727e+06,
2.57218e+06,
2.57562e+06,
2.5809e+06,
2.58657e+06,
2.59195e+06,
2.59742e+06,
2.60281e+06,
2.60844e+06,
2.6139e+06,
2.61921e+06,
2.62414e+06,
2.62658e+06,
2.63151e+06,
2.63713e+06,
2.64265e+06,
2.6483e+06,
2.65402e+06,
2.65977e+06,
2.6652e+06,
2.67092e+06,
2.67676e+06,
2.68152e+06,
2.68787e+06,
2.69485e+06,
2.70165e+06,
2.70811e+06,
2.71493e+06,
2.72184e+06,
2.72843e+06,
2.7353e+06,
2.74176e+06,
2.7466e+06,
2.75296e+06,
2.75985e+06,
2.76698e+06,
2.77381e+06,
2.78072e+06,
2.78752e+06,
2.7942e+06,
2.8009e+06,
2.80752e+06,
2.8124e+06,
2.81893e+06,
2.82603e+06,
2.83279e+06,
2.83982e+06,
2.84664e+06,
2.85362e+06,
2.86063e+06,
2.86751e+06,
2.87411e+06,
2.87917e+06,
2.88597e+06,
2.89318e+06,
2.90034e+06,
2.90756e+06,
2.91474e+06,
2.92182e+06,
2.9289e+06,
2.9363e+06,
2.94318e+06,
2.94806e+06,
2.95476e+06,
2.96213e+06,
2.96965e+06,
2.97707e+06,
2.9845e+06,
2.99205e+06,
2.99939e+06,
3.00663e+06,
3.01363e+06,
3.01821e+06,
3.02551e+06,
3.03335e+06,
3.04076e+06,
3.04818e+06,
3.05559e+06,
3.06265e+06,
3.06997e+06,
3.07718e+06,
3.08424e+06,
3.08849e+06,
3.09571e+06,
3.10338e+06,
3.11118e+06,
3.11859e+06,
3.126e+06,
3.13356e+06,
3.14118e+06,
3.14866e+06,
3.15574e+06,
3.16037e+06,
3.16783e+06,
3.17543e+06,
3.1829e+06,
3.19051e+06,
3.19787e+06,
3.20462e+06,
3.21086e+06,
3.2166e+06,
3.22114e+06,
3.21062e+06,
3.21699e+06,
3.22587e+06,
3.23466e+06,
3.24316e+06,
3.25199e+06,
3.26065e+06,
3.26951e+06,
3.27817e+06,
3.28714e+06,
3.29592e+06,
3.30463e+06,
3.31339e+06,
3.32229e+06,
3.3314e+06,
3.34037e+06,
3.34946e+06,
3.35883e+06,
3.3679e+06,
3.37694e+06,
3.38617e+06,
3.39569e+06,
3.40528e+06,
3.41485e+06,
3.42461e+06,
3.43394e+06,
3.44349e+06,
3.45313e+06,
3.463e+06,
3.47264e+06,
3.48253e+06,
3.49227e+06,
3.50223e+06,
3.51178e+06,
3.52194e+06,
3.53182e+06,
3.54178e+06,
3.5519e+06,
3.56195e+06,
3.57184e+06,
3.58197e+06,
3.59228e+06,
3.60251e+06,
3.61279e+06,
3.62326e+06,
3.6342e+06,
3.64483e+06,
3.65546e+06,
3.66608e+06,
3.67697e+06,
3.68769e+06,
3.69833e+06,
3.70916e+06,
3.72026e+06,
3.73123e+06,
3.7423e+06,
3.75331e+06,
3.76448e+06,
3.77593e+06,
3.78755e+06,
3.79881e+06,
3.81049e+06,
3.82219e+06,
3.83386e+06,
3.84589e+06,
3.85937e+06,
3.87408e+06,
3.88859e+06,
3.90301e+06,
3.91742e+06,
3.93251e+06,
3.94748e+06,
3.96281e+06,
3.97825e+06,
3.99375e+06,
4.00939e+06,
4.02476e+06,
4.0405e+06,
4.05627e+06,
4.07228e+06,
4.08868e+06,
4.10477e+06,
4.12094e+06,
4.13716e+06,
4.15363e+06,
4.1711e+06,
4.18938e+06,
4.2172e+06,
4.24665e+06,
4.27571e+06,
4.3053e+06,
4.3348e+06,
4.36456e+06,
4.39398e+06,
4.42436e+06,
4.455e+06,
4.48599e+06,
478966,
479241,
479509,
479885,
480246,
480537,
480886,
481264,
481684,
482142,
482507,
482964,
483304,
483671,
483971,
484222,
484605,
484949,
485309,
485664,
486006,
486343,
486708,
487078,
487441,
487728,
488072,
488562,
488918,
489253,
489588,
489932,
490344,
490652,
491068,
491429,
491833,
492204,
492639,
493055,
493470,
493836,
494299,
494724,
495243,
495632,
496084,
496544,
496974,
497420,
497893,
498370,
498891,
499339,
499961,
500443,
500950,
501492,
502090,
502694,
503209,
503883,
504420,
504992,
505563,
506157,
506729,
507314,
507954,
508637,
509366,
509972,
510670,
511412,
512047,
512770,
513445,
514203,
514955,
515764,
516570,
517287,
518173,
518954,
519755,
520617,
521443,
522226,
523155,
524103,
525000,
525809,
526807,
527643,
528562,
529445,
530254,
531096,
532058,
533008,
533924,
534852,
535752,
536463,
537391,
538307,
539284,
540274,
541361,
542392,
543396,
544448,
545463,
546364,
547736,
548861,
550108,
551390,
552594,
553750,
554863,
555970,
557108,
557985,
559317,
560482,
561678,
562821,
564229,
565509,
566726,
567965,
569176,
570150,
571461,
572872,
574307,
575679,
577078,
578400,
579927,
581424,
582758,
583756,
585197,
586811,
588419,
589921,
591521,
593162,
594657,
596299,
597745,
598958,
600597,
602434,
604068,
605929,
607687,
609554,
611351,
613165,
614775,
616177,
617811,
619712,
621449,
623515,
625337,
627293,
629396,
631637,
633799,
635457,
637288,
639498,
641626,
643790,
645720,
647840,
649928,
652118,
654257,
655974,
658110,
660249,
662440,
664607,
666913,
669166,
671380,
673791,
676090,
678023,
680399,
682765,
685346,
687592,
689984,
692364,
694834,
697333,
699729,
701734,
704137,
706840,
709356,
711785,
714371,
716933,
719503,
722335,
724994,
727388,
729983,
732726,
735398,
738189,
740890,
743571,
746279,
749077,
751823,
754367,
757233,
760171,
763093,
765999,
769012,
771937,
774945,
777847,
780763,
783454,
786398,
789650,
792866,
796021,
799274,
802596,
805756,
809020,
812072,
815094,
818345,
821807,
825175,
828636,
832090,
835658,
839163,
842760,
846324,
849879,
853435,
857086,
860879,
864556,
868302,
871937,
875743,
879477,
883135,
886391,
890115,
893996,
897919,
901769,
905696,
909575,
913517,
917427,
921479,
925810,
929727,
933768,
937798,
941583,
945737,
949598,
953784,
957824,
961771,
965650,
969493,
973731,
977717,
981831,
985979,
990207,
994404,
998382,
1.00242e+06,
1.00611e+06,
1.01019e+06,
1.01445e+06,
1.01886e+06,
1.02297e+06,
1.02717e+06,
1.03129e+06,
1.03553e+06,
1.03985e+06,
1.04397e+06,
1.04792e+06,
1.05212e+06,
1.05652e+06,
1.06087e+06,
1.0649e+06,
1.06926e+06,
1.07365e+06,
1.07803e+06,
1.08217e+06,
1.08646e+06,
1.09035e+06,
1.09458e+06,
1.09907e+06,
1.10343e+06,
1.10768e+06,
1.11225e+06,
1.11676e+06,
1.1212e+06,
1.12569e+06,
1.13007e+06,
1.13414e+06,
1.13856e+06,
1.14309e+06,
1.14756e+06,
1.15203e+06,
1.15644e+06,
1.16091e+06,
1.16552e+06,
1.16993e+06,
1.17439e+06,
1.17839e+06,
1.18295e+06,
1.18767e+06,
1.19211e+06,
1.19674e+06,
1.20147e+06,
1.20605e+06,
1.21072e+06,
1.21527e+06,
1.22009e+06,
1.22421e+06,
1.2289e+06,
1.23353e+06,
1.23815e+06,
1.24277e+06,
1.2476e+06,
1.25231e+06,
1.25718e+06,
1.26182e+06,
1.26671e+06,
1.27083e+06,
1.27576e+06,
1.28076e+06,
1.28543e+06,
1.29027e+06,
1.29522e+06,
1.29992e+06,
1.30488e+06,
1.30963e+06,
1.31447e+06,
1.31869e+06,
1.32359e+06,
1.32857e+06,
1.33358e+06,
1.33853e+06,
1.34341e+06,
1.34838e+06,
1.35336e+06,
1.3586e+06,
1.36366e+06,
1.36908e+06,
1.37407e+06,
1.37916e+06,
1.38415e+06,
1.38914e+06,
1.39418e+06,
1.39909e+06,
1.40401e+06,
1.40886e+06,
1.41365e+06,
1.4177e+06,
1.42261e+06,
1.42764e+06,
1.43264e+06,
1.43758e+06,
1.44264e+06,
1.44758e+06,
1.45248e+06,
1.45744e+06,
1.46224e+06,
1.46625e+06,
1.47118e+06,
1.47614e+06,
1.48129e+06,
1.48644e+06,
1.49135e+06,
1.49653e+06,
1.5017e+06,
1.50657e+06,
1.51155e+06,
1.51551e+06,
1.52042e+06,
1.52546e+06,
1.53056e+06,
1.53568e+06,
1.54084e+06,
1.54614e+06,
1.55138e+06,
1.55651e+06,
1.56155e+06,
1.56577e+06,
1.57086e+06,
1.57615e+06,
1.58138e+06,
1.58639e+06,
1.59169e+06,
1.59704e+06,
1.60231e+06,
1.60743e+06,
1.61264e+06,
1.61713e+06,
1.62234e+06,
1.62765e+06,
1.63292e+06,
1.63821e+06,
1.64361e+06,
1.64872e+06,
1.65395e+06,
1.65915e+06,
1.66426e+06,
1.66877e+06,
1.67399e+06,
1.67931e+06,
1.68459e+06,
1.69008e+06,
1.69539e+06,
1.7007e+06,
1.70588e+06,
1.71125e+06,
1.71641e+06,
1.72069e+06,
1.72592e+06,
1.73133e+06,
1.73678e+06,
1.74222e+06,
1.74753e+06,
1.75277e+06,
1.75802e+06,
1.76341e+06,
1.76842e+06,
1.77272e+06,
1.77819e+06,
1.78362e+06,
1.78911e+06,
1.79452e+06,
1.79988e+06,
1.80505e+06,
1.81037e+06,
1.81589e+06,
1.82108e+06,
1.82535e+06,
1.8306e+06,
1.83601e+06,
1.8416e+06,
1.84699e+06,
1.85245e+06,
1.85791e+06,
1.86326e+06,
1.86883e+06,
1.87402e+06,
1.87814e+06,
1.88351e+06,
1.88898e+06,
1.89446e+06,
1.9e+06,
1.90533e+06,
1.91079e+06,
1.91618e+06,
1.9216e+06,
1.92683e+06,
1.93095e+06,
1.93624e+06,
1.94173e+06,
1.94736e+06,
1.95296e+06,
1.95835e+06,
1.96394e+06,
1.96958e+06,
1.97512e+06,
1.98034e+06,
1.98484e+06,
1.99033e+06,
1.99565e+06,
2.00122e+06,
2.00683e+06,
2.0122e+06,
2.01784e+06,
2.02336e+06,
2.02896e+06,
2.03441e+06,
2.03904e+06,
2.0446e+06,
2.0501e+06,
2.05577e+06,
2.06151e+06,
2.06702e+06,
2.07264e+06,
2.07823e+06,
2.08377e+06,
2.08908e+06,
2.09331e+06,
2.09884e+06,
2.10443e+06,
2.10997e+06,
2.11549e+06,
2.12102e+06,
2.12645e+06,
2.1318e+06,
2.13746e+06,
2.14281e+06,
2.14683e+06,
2.15224e+06,
2.15793e+06,
2.1635e+06,
2.16917e+06,
2.17471e+06,
2.18011e+06,
2.18552e+06,
2.19097e+06,
2.19628e+06,
2.19961e+06,
2.20508e+06,
2.21081e+06,
2.21632e+06,
2.22194e+06,
2.22764e+06,
2.23307e+06,
2.23863e+06,
2.24394e+06,
2.2491e+06,
2.25218e+06,
2.25748e+06,
2.26332e+06,
2.26896e+06,
2.27483e+06,
2.28066e+06,
2.28642e+06,
2.29203e+06,
2.29769e+06,
2.3032e+06,
2.30822e+06,
2.31381e+06,
2.31957e+06,
2.32534e+06,
2.33118e+06,
2.33699e+06,
2.34243e+06,
2.34819e+06,
2.35381e+06,
2.35946e+06,
2.36401e+06,
2.36954e+06,
2.37519e+06,
2.3807e+06,
2.38647e+06,
2.39214e+06,
2.3976e+06,
2.40311e+06,
2.40856e+06,
2.41383e+06,
2.41727e+06,
2.42278e+06,
2.42845e+06,
2.43392e+06,
2.43951e+06,
2.44534e+06,
2.45074e+06,
2.45617e+06,
2.46174e+06,
2.46696e+06,
2.47037e+06,
2.47594e+06,
2.48169e+06,
2.48735e+06,
2.49296e+06,
2.49864e+06,
2.50424e+06,
2.50984e+06,
2.51526e+06,
2.52037e+06,
2.52382e+06,
2.52942e+06,
2.53503e+06,
2.54067e+06,
2.54636e+06,
2.55196e+06,
2.55755e+06,
2.56301e+06,
2.56842e+06,
2.57357e+06,
2.577e+06,
2.58253e+06,
2.58817e+06,
2.59377e+06,
2.59929e+06,
2.60499e+06,
2.61067e+06,
2.61607e+06,
2.6214e+06,
2.6264e+06,
2.62851e+06,
2.63397e+06,
2.63966e+06,
2.64553e+06,
2.65119e+06,
2.65711e+06,
2.6627e+06,
2.66815e+06,
2.67374e+06,
2.67893e+06,
2.68235e+06,
2.68797e+06,
2.69372e+06,
2.69954e+06,
2.70532e+06,
2.71112e+06,
2.71669e+06,
2.72223e+06,
2.72772e+06,
2.73296e+06,
2.73641e+06,
2.74213e+06,
2.74795e+06,
2.7537e+06,
2.75933e+06,
2.76499e+06,
2.77049e+06,
2.77603e+06,
2.78156e+06,
2.78674e+06,
2.79037e+06,
2.79578e+06,
2.80161e+06,
2.80749e+06,
2.81312e+06,
2.81858e+06,
2.82436e+06,
2.82987e+06,
2.8354e+06,
2.8406e+06,
2.84391e+06,
2.84937e+06,
2.85514e+06,
2.86097e+06,
2.86664e+06,
2.87277e+06,
2.87968e+06,
2.88618e+06,
2.89266e+06,
2.89895e+06,
2.90341e+06,
2.91027e+06,
2.91734e+06,
2.92425e+06,
2.93119e+06,
2.93799e+06,
2.94492e+06,
2.95156e+06,
2.95822e+06,
2.96463e+06,
2.96889e+06,
2.9757e+06,
2.98287e+06,
2.99001e+06,
2.99699e+06,
3.0039e+06,
3.01056e+06,
3.01742e+06,
3.02379e+06,
3.03033e+06,
3.03435e+06,
3.04132e+06,
3.04858e+06,
3.05575e+06,
3.06284e+06,
3.07003e+06,
3.07712e+06,
3.08398e+06,
3.09064e+06,
3.09732e+06,
3.10137e+06,
3.10867e+06,
3.11597e+06,
3.1229e+06,
3.12983e+06,
3.13656e+06,
3.14278e+06,
3.14865e+06,
3.15391e+06,
3.15727e+06,
3.14565e+06,
3.15271e+06,
3.16083e+06,
3.16886e+06,
3.1772e+06,
3.18536e+06,
3.1934e+06,
3.2012e+06,
3.20959e+06,
3.21772e+06,
3.22612e+06,
3.23447e+06,
3.24282e+06,
3.25098e+06,
3.25928e+06,
3.26775e+06,
3.2761e+06,
3.28474e+06,
3.29328e+06,
3.30156e+06,
3.31021e+06,
3.31894e+06,
3.3274e+06,
3.33637e+06,
3.34558e+06,
3.35461e+06,
3.36335e+06,
3.37327e+06,
3.38449e+06,
3.39601e+06,
3.40726e+06,
3.41913e+06,
3.43015e+06,
3.44157e+06,
3.45299e+06,
3.46452e+06,
3.47639e+06,
3.48837e+06,
3.50026e+06,
3.51175e+06,
3.52336e+06,
3.53518e+06,
3.54724e+06,
3.55914e+06,
3.57124e+06,
3.58358e+06,
3.59574e+06,
3.60807e+06,
3.62034e+06,
3.63321e+06,
3.64611e+06,
3.65888e+06,
3.6721e+06,
3.68508e+06,
3.69833e+06,
3.71145e+06,
3.72465e+06,
3.73816e+06,
3.75211e+06,
3.76614e+06,
3.78001e+06,
3.79398e+06,
3.80827e+06,
3.82253e+06,
3.83704e+06,
3.85144e+06,
3.86579e+06,
3.88046e+06,
3.89474e+06,
3.90908e+06,
3.92364e+06,
3.93877e+06,
3.95411e+06,
3.96906e+06,
3.98394e+06,
3.99887e+06,
4.01474e+06,
4.03033e+06,
4.04591e+06,
4.06168e+06,
4.07729e+06,
4.09302e+06,
4.10899e+06,
4.12519e+06,
4.14123e+06,
4.157e+06,
4.17373e+06,
4.19081e+06,
4.20797e+06,
4.2253e+06,
4.24231e+06,
4.25941e+06,
4.27663e+06,
4.29395e+06,
4.31119e+06,
4.32915e+06,
4.34668e+06,
478966,
479254,
479525,
479926,
480279,
480552,
480950,
481358,
481794,
482240,
482702,
483047,
483382,
483717,
484068,
484394,
484686,
485098,
485480,
485834,
486157,
486498,
486876,
487321,
487657,
487985,
488347,
488779,
489172,
489480,
489834,
490222,
490541,
490908,
491375,
491738,
492118,
492563,
492926,
493342,
493827,
494281,
494827,
495209,
495643,
496092,
496483,
496945,
497410,
497865,
498304,
498798,
499382,
499917,
500376,
500954,
501508,
502060,
502744,
503328,
503983,
504449,
505028,
505582,
506242,
506798,
507455,
508085,
508820,
509472,
510173,
510773,
511537,
512325,
513023,
513762,
514600,
515282,
516006,
516832,
517587,
518453,
519178,
520011,
520935,
521775,
522619,
523538,
524420,
525371,
526203,
527172,
528062,
528929,
529815,
530749,
531717,
532714,
533706,
534711,
535642,
536521,
537490,
538256,
539283,
540359,
541387,
542516,
543581,
544580,
545580,
546594,
547747,
548624,
549906,
551149,
552410,
553665,
554821,
556029,
557167,
558322,
559440,
560350,
561635,
562942,
564199,
565371,
566663,
567880,
569131,
570489,
571748,
572798,
574121,
575419,
576771,
578106,
579606,
581057,
582554,
583871,
585089,
586280,
587917,
589392,
590851,
592392,
593926,
595476,
597061,
598558,
600096,
601395,
603152,
604924,
606676,
608543,
610371,
612020,
613731,
615438,
617200,
618536,
620368,
622147,
624097,
625941,
628215,
630438,
632482,
634519,
636518,
638164,
640338,
642366,
644418,
646391,
648410,
650565,
652652,
654819,
656832,
658532,
660608,
662820,
665110,
667246,
669513,
671769,
674216,
676582,
678838,
680826,
683129,
685447,
687861,
690104,
692474,
694802,
697310,
699792,
702375,
704378,
706906,
709353,
711864,
714497,
717110,
719676,
722273,
724937,
727541,
729917,
732582,
735254,
738070,
740752,
743542,
746211,
749048,
751917,
754671,
757112,
759890,
762723,
765645,
768706,
771592,
774526,
777487,
780433,
783329,
786071,
789122,
792187,
795390,
798426,
801486,
804654,
807919,
811154,
814554,
817471,
820755,
824115,
827593,
831000,
834349,
837633,
841174,
844652,
848357,
852064,
855542,
859153,
862748,
866396,
869916,
873486,
877040,
880734,
884487,
887622,
891517,
895372,
899249,
903223,
907177,
911050,
914891,
918852,
922779,
926779,
930868,
934900,
938976,
942898,
946937,
950930,
954958,
958942,
962798,
966641,
970704,
974902,
978941,
983101,
987265,
991329,
995442,
999402,
1.00343e+06,
1.0073e+06,
1.0112e+06,
1.01536e+06,
1.01976e+06,
1.02415e+06,
1.02833e+06,
1.03252e+06,
1.03676e+06,
1.04077e+06,
1.04492e+06,
1.04862e+06,
1.05277e+06,
1.057e+06,
1.06127e+06,
1.06563e+06,
1.06989e+06,
1.07414e+06,
1.0786e+06,
1.0829e+06,
1.08711e+06,
1.09102e+06,
1.0953e+06,
1.09976e+06,
1.10415e+06,
1.10844e+06,
1.11296e+06,
1.11738e+06,
1.1217e+06,
1.1261e+06,
1.13028e+06,
1.13425e+06,
1.13883e+06,
1.1434e+06,
1.14778e+06,
1.15222e+06,
1.15685e+06,
1.16134e+06,
1.16593e+06,
1.17034e+06,
1.17472e+06,
1.17877e+06,
1.18339e+06,
1.18795e+06,
1.19248e+06,
1.19714e+06,
1.20176e+06,
1.20645e+06,
1.21105e+06,
1.21571e+06,
1.22049e+06,
1.22468e+06,
1.22933e+06,
1.23393e+06,
1.23853e+06,
1.24323e+06,
1.24788e+06,
1.25274e+06,
1.25744e+06,
1.26214e+06,
1.26679e+06,
1.27108e+06,
1.27594e+06,
1.28072e+06,
1.28555e+06,
1.29036e+06,
1.29517e+06,
1.30008e+06,
1.30493e+06,
1.30971e+06,
1.31438e+06,
1.31872e+06,
1.3235e+06,
1.32867e+06,
1.33358e+06,
1.33845e+06,
1.34344e+06,
1.34833e+06,
1.35339e+06,
1.35837e+06,
1.36342e+06,
1.36888e+06,
1.37386e+06,
1.37892e+06,
1.38387e+06,
1.38864e+06,
1.39368e+06,
1.39851e+06,
1.4034e+06,
1.40811e+06,
1.41295e+06,
1.41715e+06,
1.42217e+06,
1.42704e+06,
1.43202e+06,
1.43696e+06,
1.44188e+06,
1.44679e+06,
1.45171e+06,
1.45664e+06,
1.46136e+06,
1.46535e+06,
1.47032e+06,
1.47552e+06,
1.48058e+06,
1.48566e+06,
1.49067e+06,
1.49572e+06,
1.50081e+06,
1.50574e+06,
1.51047e+06,
1.51433e+06,
1.51949e+06,
1.52476e+06,
1.52993e+06,
1.53494e+06,
1.54014e+06,
1.54522e+06,
1.55032e+06,
1.55537e+06,
1.56036e+06,
1.56452e+06,
1.5696e+06,
1.57495e+06,
1.5802e+06,
1.58545e+06,
1.59071e+06,
1.59596e+06,
1.60107e+06,
1.60635e+06,
1.61144e+06,
1.6159e+06,
1.62108e+06,
1.62628e+06,
1.63154e+06,
1.63669e+06,
1.64195e+06,
1.64709e+06,
1.65228e+06,
1.65751e+06,
1.66251e+06,
1.66682e+06,
1.67208e+06,
1.6774e+06,
1.6829e+06,
1.6882e+06,
1.69358e+06,
1.69892e+06,
1.70418e+06,
1.70946e+06,
1.71447e+06,
1.71874e+06,
1.7242e+06,
1.72944e+06,
1.73478e+06,
1.74013e+06,
1.74548e+06,
1.75073e+06,
1.756e+06,
1.76139e+06,
1.76658e+06,
1.77089e+06,
1.77616e+06,
1.7818e+06,
1.78728e+06,
1.79272e+06,
1.79801e+06,
1.80321e+06,
1.80858e+06,
1.81374e+06,
1.81912e+06,
1.82329e+06,
1.82859e+06,
1.83398e+06,
1.83932e+06,
1.84483e+06,
1.8502e+06,
1.85561e+06,
1.86087e+06,
1.86631e+06,
1.87158e+06,
1.87588e+06,
1.88132e+06,
1.88677e+06,
1.89238e+06,
1.89787e+06,
1.90328e+06,
1.90863e+06,
1.91402e+06,
1.91932e+06,
1.92468e+06,
1.92891e+06,
1.93442e+06,
1.93985e+06,
1.94535e+06,
1.95098e+06,
1.95658e+06,
1.96193e+06,
1.9674e+06,
1.97289e+06,
1.97813e+06,
1.98245e+06,
1.98797e+06,
1.99345e+06,
1.99883e+06,
2.00442e+06,
2.01012e+06,
2.01561e+06,
2.02114e+06,
2.02651e+06,
2.03189e+06,
2.03647e+06,
2.04218e+06,
2.04785e+06,
2.05318e+06,
2.05862e+06,
2.06417e+06,
2.06972e+06,
2.0753e+06,
2.08067e+06,
2.08583e+06,
2.08984e+06,
2.09558e+06,
2.10126e+06,
2.10705e+06,
2.11264e+06,
2.11808e+06,
2.12355e+06,
2.12899e+06,
2.13432e+06,
2.13968e+06,
2.14338e+06,
2.14893e+06,
2.15459e+06,
2.1603e+06,
2.16596e+06,
2.17167e+06,
2.17737e+06,
2.18284e+06,
2.18815e+06,
2.19328e+06,
2.19669e+06,
2.20243e+06,
2.20818e+06,
2.21369e+06,
2.21949e+06,
2.22538e+06,
2.231e+06,
2.23651e+06,
2.2419e+06,
2.24723e+06,
2.25025e+06,
2.25599e+06,
2.26192e+06,
2.26763e+06,
2.27339e+06,
2.27925e+06,
2.28512e+06,
2.29084e+06,
2.29664e+06,
2.30229e+06,
2.30722e+06,
2.31307e+06,
2.31893e+06,
2.32475e+06,
2.33036e+06,
2.33614e+06,
2.34206e+06,
2.34779e+06,
2.3535e+06,
2.35903e+06,
2.36374e+06,
2.36941e+06,
2.37519e+06,
2.38078e+06,
2.38655e+06,
2.39249e+06,
2.39812e+06,
2.40353e+06,
2.40898e+06,
2.41426e+06,
2.41756e+06,
2.4233e+06,
2.42893e+06,
2.43466e+06,
2.44029e+06,
2.44595e+06,
2.45179e+06,
2.45747e+06,
2.4629e+06,
2.46809e+06,
2.47139e+06,
2.47699e+06,
2.48253e+06,
2.48826e+06,
2.49391e+06,
2.49956e+06,
2.50524e+06,
2.5108e+06,
2.5164e+06,
2.52154e+06,
2.5247e+06,
2.5302e+06,
2.53589e+06,
2.54177e+06,
2.54755e+06,
2.55331e+06,
2.55895e+06,
2.56446e+06,
2.56994e+06,
2.57512e+06,
2.57834e+06,
2.58389e+06,
2.58945e+06,
2.59492e+06,
2.60063e+06,
2.60623e+06,
2.61173e+06,
2.61723e+06,
2.62243e+06,
2.62739e+06,
2.62961e+06,
2.63533e+06,
2.6413e+06,
2.64702e+06,
2.65259e+06,
2.65825e+06,
2.66381e+06,
2.66938e+06,
2.67473e+06,
2.6799e+06,
2.68355e+06,
2.68935e+06,
2.6951e+06,
2.70097e+06,
2.70649e+06,
2.71221e+06,
2.71791e+06,
2.7235e+06,
2.72893e+06,
2.73416e+06,
2.73771e+06,
2.7434e+06,
2.74905e+06,
2.75486e+06,
2.76071e+06,
2.76637e+06,
2.77197e+06,
2.77756e+06,
2.78303e+06,
2.7881e+06,
2.79177e+06,
2.79743e+06,
2.80311e+06,
2.80862e+06,
2.81427e+06,
2.81997e+06,
2.82574e+06,
2.83136e+06,
2.83697e+06,
2.84199e+06,
2.84518e+06,
2.85082e+06,
2.85641e+06,
2.86196e+06,
2.86746e+06,
2.87305e+06,
2.87856e+06,
2.88411e+06,
2.88944e+06,
2.89474e+06,
2.89768e+06,
2.90334e+06,
2.90911e+06,
2.91466e+06,
2.9201e+06,
2.92566e+06,
2.93118e+06,
2.93652e+06,
2.94188e+06,
2.94698e+06,
2.94979e+06,
2.95542e+06,
2.96106e+06,
2.96654e+06,
2.97206e+06,
2.97745e+06,
2.98294e+06,
2.9885e+06,
2.99379e+06,
2.99868e+06,
3.00105e+06,
3.00663e+06,
3.01209e+06,
3.01764e+06,
3.02318e+06,
3.02859e+06,
3.03418e+06,
3.03979e+06,
3.04535e+06,
3.05084e+06,
3.05508e+06,
3.06259e+06,
3.07083e+06,
3.07954e+06,
3.08811e+06,
3.09624e+06,
3.104e+06,
3.11206e+06,
3.11899e+06,
3.12416e+06,
3.11475e+06,
3.12402e+06,
3.13388e+06,
3.14396e+06,
3.15434e+06,
3.16454e+06,
3.17491e+06,
3.18509e+06,
3.19513e+06,
3.20549e+06,
3.21589e+06,
3.22663e+06,
3.23714e+06,
3.24765e+06,
3.25802e+06,
3.26885e+06,
3.27956e+06,
3.2902e+06,
3.30075e+06,
3.31165e+06,
3.32254e+06,
3.33397e+06,
3.34487e+06,
3.35627e+06,
3.36767e+06,
3.37948e+06,
3.39127e+06,
3.40304e+06,
3.41484e+06,
3.42679e+06,
3.43846e+06,
3.45038e+06,
3.46239e+06,
3.47433e+06,
3.48646e+06,
3.49876e+06,
3.51134e+06,
3.52337e+06,
3.53544e+06,
3.54801e+06,
3.56039e+06,
3.57269e+06,
3.58502e+06,
3.59711e+06,
3.60971e+06,
3.62225e+06,
3.63493e+06,
3.64778e+06,
3.66075e+06,
3.67345e+06,
3.6863e+06,
3.69954e+06,
3.713e+06,
3.7264e+06,
3.74008e+06,
3.75357e+06,
3.76749e+06,
3.78126e+06,
3.79556e+06,
3.80938e+06,
3.82325e+06,
3.83725e+06,
3.85124e+06,
3.86522e+06,
3.87992e+06,
3.89444e+06,
3.90897e+06,
3.92358e+06,
3.93854e+06,
3.95306e+06,
3.96784e+06,
3.9829e+06,
3.99773e+06,
4.01292e+06,
4.02803e+06,
4.04342e+06,
4.05859e+06,
4.07393e+06,
4.08973e+06,
4.10535e+06,
4.12128e+06,
4.13701e+06,
4.15359e+06,
4.17025e+06,
4.18681e+06,
4.20359e+06,
4.22041e+06,
4.23746e+06,
4.25475e+06,
4.27171e+06,
4.28857e+06,
4.30629e+06,
4.32404e+06,
4.34185e+06,
4.35942e+06,
4.37673e+06,
4.39477e+06,
478966,
479262,
479528,
479931,
480338,
480595,
481001,
481440,
481901,
482315,
482824,
483136,
483483,
483844,
484166,
484528,
484833,
485209,
485602,
485959,
486299,
486733,
487061,
487485,
487877,
488304,
488628,
488964,
489363,
489717,
490020,
490452,
490807,
491125,
491593,
492011,
492416,
492835,
493209,
493672,
494249,
494683,
495180,
495613,
496128,
496555,
496974,
497399,
497886,
498383,
498859,
499323,
499857,
500417,
500953,
501507,
502140,
502791,
503316,
503945,
504467,
504992,
505666,
506282,
506816,
507473,
508201,
508867,
509601,
510260,
511014,
511753,
512503,
513316,
514097,
514825,
515561,
516415,
517194,
518005,
518832,
519617,
520391,
521184,
521964,
522884,
523738,
524664,
525649,
526645,
527568,
528543,
529447,
530346,
531320,
532237,
533255,
534190,
535325,
536338,
537225,
538267,
539371,
540209,
541160,
542207,
543403,
544505,
545504,
546506,
547566,
548751,
549958,
551042,
552265,
553468,
554729,
555988,
557197,
558339,
559403,
560570,
561771,
562702,
563976,
565291,
566465,
567722,
568882,
570174,
571477,
572807,
574043,
574998,
576371,
577765,
579187,
580702,
582156,
583550,
584920,
586277,
587596,
588770,
590290,
591770,
593249,
594991,
596540,
597963,
599441,
600912,
602365,
603618,
605487,
607314,
609038,
610904,
612499,
614370,
616163,
617915,
619431,
620665,
622659,
624487,
626707,
628954,
631143,
633073,
635106,
637122,
639059,
640697,
642664,
644662,
646748,
648875,
651067,
653100,
655045,
657158,
659267,
661007,
663227,
665507,
667839,
670071,
672485,
674845,
676993,
679152,
681259,
682982,
685297,
687584,
689902,
692360,
694902,
697346,
699789,
702135,
704434,
706498,
709025,
711542,
713924,
716366,
719079,
721851,
724579,
727179,
729928,
732085,
734829,
737563,
740332,
742954,
745691,
748526,
751385,
754072,
756861,
759226,
762151,
765082,
767833,
770659,
773623,
776626,
779513,
782364,
785306,
787999,
791103,
794141,
797163,
800147,
803362,
806624,
809804,
812935,
816127,
818953,
822326,
825594,
829086,
832339,
835490,
838986,
842536,
845957,
849525,
853123,
856655,
860170,
863902,
867496,
871064,
874514,
878022,
881652,
885191,
888312,
891994,
895888,
899691,
903447,
907282,
911268,
915208,
919363,
923185,
927307,
931229,
935157,
939127,
943062,
946973,
951034,
955057,
959074,
962917,
966727,
970786,
974860,
978816,
982827,
986870,
991008,
995265,
999303,
1.00321e+06,
1.00683e+06,
1.01109e+06,
1.01521e+06,
1.01945e+06,
1.02369e+06,
1.0277e+06,
1.03179e+06,
1.03585e+06,
1.04029e+06,
1.04438e+06,
1.04822e+06,
1.05249e+06,
1.0567e+06,
1.06098e+06,
1.06528e+06,
1.06953e+06,
1.07365e+06,
1.07782e+06,
1.0823e+06,
1.08657e+06,
1.09028e+06,
1.09457e+06,
1.0991e+06,
1.10338e+06,
1.10787e+06,
1.11232e+06,
1.11665e+06,
1.12093e+06,
1.12529e+06,
1.12962e+06,
1.13346e+06,
1.13779e+06,
1.14242e+06,
1.1468e+06,
1.15134e+06,
1.15578e+06,
1.16028e+06,
1.1648e+06,
1.16923e+06,
1.1736e+06,
1.17753e+06,
1.18183e+06,
1.18641e+06,
1.1911e+06,
1.19579e+06,
1.20041e+06,
1.20503e+06,
1.20957e+06,
1.21421e+06,
1.21876e+06,
1.22296e+06,
1.22749e+06,
1.23211e+06,
1.23675e+06,
1.24164e+06,
1.24637e+06,
1.25116e+06,
1.25566e+06,
1.26038e+06,
1.26518e+06,
1.26941e+06,
1.27399e+06,
1.2789e+06,
1.28383e+06,
1.28858e+06,
1.29339e+06,
1.29827e+06,
1.30301e+06,
1.30775e+06,
1.31244e+06,
1.31666e+06,
1.32144e+06,
1.3264e+06,
1.33142e+06,
1.33653e+06,
1.34149e+06,
1.3465e+06,
1.3514e+06,
1.35651e+06,
1.3615e+06,
1.36676e+06,
1.37159e+06,
1.37649e+06,
1.38139e+06,
1.38629e+06,
1.39112e+06,
1.39603e+06,
1.40091e+06,
1.40589e+06,
1.41068e+06,
1.41459e+06,
1.41955e+06,
1.42443e+06,
1.42958e+06,
1.43462e+06,
1.43947e+06,
1.44424e+06,
1.44931e+06,
1.45419e+06,
1.45891e+06,
1.4629e+06,
1.46793e+06,
1.47297e+06,
1.47802e+06,
1.48294e+06,
1.4881e+06,
1.49301e+06,
1.49795e+06,
1.50296e+06,
1.50788e+06,
1.51186e+06,
1.51689e+06,
1.52203e+06,
1.52702e+06,
1.53216e+06,
1.53723e+06,
1.54226e+06,
1.54731e+06,
1.55221e+06,
1.5573e+06,
1.56156e+06,
1.56673e+06,
1.5718e+06,
1.57692e+06,
1.58223e+06,
1.58736e+06,
1.59259e+06,
1.59764e+06,
1.60264e+06,
1.60782e+06,
1.61208e+06,
1.61716e+06,
1.62233e+06,
1.62754e+06,
1.63286e+06,
1.63816e+06,
1.64326e+06,
1.64861e+06,
1.65404e+06,
1.65916e+06,
1.66354e+06,
1.66864e+06,
1.67367e+06,
1.67909e+06,
1.68439e+06,
1.68966e+06,
1.69493e+06,
1.69997e+06,
1.70527e+06,
1.71043e+06,
1.71499e+06,
1.72027e+06,
1.7255e+06,
1.73103e+06,
1.73632e+06,
1.74151e+06,
1.7468e+06,
1.75229e+06,
1.75751e+06,
1.76264e+06,
1.76694e+06,
1.77236e+06,
1.77768e+06,
1.78297e+06,
1.78818e+06,
1.79352e+06,
1.79887e+06,
1.80418e+06,
1.80954e+06,
1.81468e+06,
1.81904e+06,
1.82454e+06,
1.83018e+06,
1.83565e+06,
1.8409e+06,
1.84638e+06,
1.85182e+06,
1.85722e+06,
1.86253e+06,
1.86798e+06,
1.87207e+06,
1.87755e+06,
1.88315e+06,
1.88866e+06,
1.89433e+06,
1.89987e+06,
1.90532e+06,
1.91069e+06,
1.91604e+06,
1.92142e+06,
1.92551e+06,
1.93106e+06,
1.93673e+06,
1.94247e+06,
1.9481e+06,
1.95387e+06,
1.95938e+06,
1.96487e+06,
1.97034e+06,
1.97579e+06,
1.98011e+06,
1.98561e+06,
1.99128e+06,
1.99685e+06,
2.00243e+06,
2.00799e+06,
2.01353e+06,
2.01905e+06,
2.02452e+06,
2.03009e+06,
2.03468e+06,
2.04014e+06,
2.04582e+06,
2.05143e+06,
2.0572e+06,
2.06271e+06,
2.0682e+06,
2.07392e+06,
2.07944e+06,
2.08478e+06,
2.08909e+06,
2.09448e+06,
2.10017e+06,
2.10562e+06,
2.1111e+06,
2.1168e+06,
2.12233e+06,
2.12774e+06,
2.133e+06,
2.13828e+06,
2.1423e+06,
2.14792e+06,
2.15359e+06,
2.15928e+06,
2.16505e+06,
2.17071e+06,
2.17635e+06,
2.18182e+06,
2.1871e+06,
2.19229e+06,
2.19579e+06,
2.20134e+06,
2.20703e+06,
2.21256e+06,
2.21828e+06,
2.22395e+06,
2.22968e+06,
2.23536e+06,
2.24067e+06,
2.2458e+06,
2.24895e+06,
2.25461e+06,
2.26024e+06,
2.26606e+06,
2.27187e+06,
2.27764e+06,
2.28342e+06,
2.2892e+06,
2.29491e+06,
2.30062e+06,
2.30572e+06,
2.31145e+06,
2.31739e+06,
2.32314e+06,
2.32891e+06,
2.3345e+06,
2.34021e+06,
2.34573e+06,
2.35113e+06,
2.35679e+06,
2.36153e+06,
2.36727e+06,
2.37291e+06,
2.37879e+06,
2.38438e+06,
2.39008e+06,
2.39564e+06,
2.40125e+06,
2.40662e+06,
2.41183e+06,
2.41525e+06,
2.42106e+06,
2.42663e+06,
2.43221e+06,
2.43784e+06,
2.44342e+06,
2.44919e+06,
2.45461e+06,
2.46002e+06,
2.46515e+06,
2.46846e+06,
2.47406e+06,
2.4798e+06,
2.48558e+06,
2.49121e+06,
2.49691e+06,
2.50253e+06,
2.5081e+06,
2.51357e+06,
2.51867e+06,
2.5221e+06,
2.52774e+06,
2.53338e+06,
2.53909e+06,
2.54469e+06,
2.55025e+06,
2.55591e+06,
2.56167e+06,
2.56688e+06,
2.57209e+06,
2.57549e+06,
2.58107e+06,
2.58678e+06,
2.59251e+06,
2.59819e+06,
2.60383e+06,
2.60941e+06,
2.61493e+06,
2.62022e+06,
2.62536e+06,
2.62765e+06,
2.63327e+06,
2.63898e+06,
2.64453e+06,
2.65023e+06,
2.65579e+06,
2.66131e+06,
2.66687e+06,
2.6723e+06,
2.67769e+06,
2.68145e+06,
2.68713e+06,
2.69283e+06,
2.69864e+06,
2.70448e+06,
2.71017e+06,
2.71571e+06,
2.72122e+06,
2.72671e+06,
2.73185e+06,
2.73557e+06,
2.7412e+06,
2.74705e+06,
2.75269e+06,
2.75828e+06,
2.76416e+06,
2.76986e+06,
2.77533e+06,
2.7807e+06,
2.78596e+06,
2.78947e+06,
2.7952e+06,
2.80096e+06,
2.80669e+06,
2.81233e+06,
2.81805e+06,
2.82388e+06,
2.82938e+06,
2.83477e+06,
2.84019e+06,
2.84385e+06,
2.8498e+06,
2.85603e+06,
2.86322e+06,
2.87045e+06,
2.87814e+06,
2.88589e+06,
2.89306e+06,
2.90033e+06,
2.9075e+06,
2.91277e+06,
2.92038e+06,
2.92811e+06,
2.93596e+06,
2.94342e+06,
2.95108e+06,
2.95874e+06,
2.96651e+06,
2.97396e+06,
2.98123e+06,
2.9862e+06,
2.99413e+06,
3.00205e+06,
3.00983e+06,
3.01775e+06,
3.02588e+06,
3.03371e+06,
3.04166e+06,
3.04929e+06,
3.05642e+06,
3.06138e+06,
3.06916e+06,
3.07724e+06,
3.08526e+06,
3.09347e+06,
3.10145e+06,
3.10969e+06,
3.11784e+06,
3.12619e+06,
3.13381e+06,
3.13926e+06,
3.14762e+06,
3.15605e+06,
3.16452e+06,
3.17266e+06,
3.18025e+06,
3.18824e+06,
3.19552e+06,
3.20188e+06,
3.20642e+06,
3.19639e+06,
3.20566e+06,
3.2151e+06,
3.22475e+06,
3.23456e+06,
3.24416e+06,
3.25343e+06,
3.26364e+06,
3.27379e+06,
3.28358e+06,
3.29335e+06,
3.30345e+06,
3.31334e+06,
3.32343e+06,
3.3336e+06,
3.34396e+06,
3.35406e+06,
3.36452e+06,
3.37521e+06,
3.38556e+06,
3.39643e+06,
3.4074e+06,
3.41797e+06,
3.42863e+06,
3.4394e+06,
3.45045e+06,
3.46142e+06,
3.47243e+06,
3.48366e+06,
3.49495e+06,
3.50666e+06,
3.51922e+06,
3.53189e+06,
3.5444e+06,
3.55749e+06,
3.57029e+06,
3.58326e+06,
3.59621e+06,
3.6091e+06,
3.62194e+06,
3.63483e+06,
3.64828e+06,
3.6614e+06,
3.67467e+06,
3.68812e+06,
3.70149e+06,
3.71491e+06,
3.72873e+06,
3.7428e+06,
3.7568e+06,
3.77093e+06,
3.78507e+06,
3.79907e+06,
3.81335e+06,
3.82737e+06,
3.84188e+06,
3.85626e+06,
3.87056e+06,
3.88496e+06,
3.89943e+06,
3.91412e+06,
3.9289e+06,
3.94423e+06,
3.95933e+06,
3.97426e+06,
3.9893e+06,
4.00438e+06,
4.01982e+06,
4.03495e+06,
4.05066e+06,
4.06589e+06,
4.08135e+06,
4.09697e+06,
4.11263e+06,
4.12893e+06,
4.14481e+06,
4.1614e+06,
4.17813e+06,
4.19447e+06,
4.21099e+06,
4.22731e+06,
4.24392e+06,
4.26046e+06,
4.27777e+06,
4.29442e+06,
4.31105e+06,
4.32847e+06,
4.34556e+06,
4.36272e+06,
4.38042e+06,
4.39812e+06,
4.41619e+06,
4.43425e+06,
4.45218e+06,
4.47037e+06,
4.48833e+06,
4.50618e+06,
478966,
479261,
479528,
479961,
480338,
480588,
481040,
481517,
481962,
482449,
482901,
483175,
483608,
483948,
484339,
484653,
484991,
485380,
485700,
486070,
486471,
486878,
487301,
487621,
488126,
488477,
488820,
489218,
489612,
489921,
490323,
490703,
491067,
491443,
491876,
492303,
492704,
493127,
493612,
494043,
494493,
494940,
495505,
496006,
496497,
496936,
497432,
497941,
498417,
498849,
499404,
499882,
500415,
500912,
501536,
502125,
502719,
503262,
503838,
504457,
505029,
505688,
506312,
506959,
507620,
508292,
509044,
509727,
510390,
511146,
511887,
512668,
513351,
514136,
514899,
515646,
516531,
517450,
518349,
519070,
519780,
520606,
521488,
522264,
523182,
524010,
524865,
525876,
526891,
527915,
528882,
529848,
530745,
531732,
532857,
533945,
534968,
536053,
536942,
537959,
538937,
540040,
541000,
541880,
542899,
543981,
545032,
546111,
547222,
548378,
549527,
550619,
551871,
552988,
554285,
555664,
556886,
558076,
559234,
560377,
561520,
562694,
563858,
564755,
566005,
567292,
568571,
569856,
571104,
572413,
573760,
575068,
576379,
577336,
578781,
580115,
581519,
582950,
584373,
585707,
587169,
588624,
590036,
591126,
592486,
594012,
595465,
597083,
598709,
600155,
601627,
603104,
604763,
606022,
607765,
609421,
611113,
613005,
614669,
616464,
618177,
619838,
621662,
623055,
624891,
627272,
629528,
631442,
633462,
635451,
637412,
639380,
641179,
642901,
644828,
646926,
649011,
651083,
653250,
655268,
657285,
659284,
661173,
663096,
665340,
667599,
670018,
672251,
674445,
676796,
679077,
681306,
683565,
685405,
687640,
689867,
692370,
694743,
697048,
699514,
701803,
704108,
706395,
708464,
710748,
713311,
716047,
718614,
721148,
723613,
726138,
728677,
731332,
733513,
736172,
738737,
741546,
744470,
747223,
749881,
752647,
755413,
758234,
760693,
763371,
766199,
769099,
772047,
775041,
777919,
780893,
783784,
786584,
789321,
792182,
795078,
798142,
801287,
804414,
807496,
810588,
813723,
816898,
819832,
823006,
826243,
829569,
832776,
836310,
839667,
843031,
846576,
849863,
853479,
856957,
860512,
864060,
867504,
871105,
874673,
878249,
881680,
885186,
888430,
891745,
895539,
899498,
903337,
907115,
910822,
914608,
918566,
922436,
926397,
930334,
934237,
938186,
942101,
946136,
950341,
954275,
958088,
961840,
965646,
969558,
973619,
977616,
981632,
985751,
989891,
993887,
998169,
1.00226e+06,
1.00591e+06,
1.00978e+06,
1.01403e+06,
1.01798e+06,
1.02221e+06,
1.02638e+06,
1.03046e+06,
1.0346e+06,
1.03875e+06,
1.04283e+06,
1.04656e+06,
1.0507e+06,
1.05498e+06,
1.05919e+06,
1.0634e+06,
1.06764e+06,
1.07192e+06,
1.07629e+06,
1.08052e+06,
1.08469e+06,
1.08867e+06,
1.09291e+06,
1.09726e+06,
1.1016e+06,
1.10581e+06,
1.10995e+06,
1.11433e+06,
1.11852e+06,
1.12283e+06,
1.12705e+06,
1.131e+06,
1.13517e+06,
1.13954e+06,
1.14423e+06,
1.14872e+06,
1.15319e+06,
1.15776e+06,
1.16231e+06,
1.16687e+06,
1.1713e+06,
1.17541e+06,
1.17961e+06,
1.18409e+06,
1.1884e+06,
1.19285e+06,
1.19752e+06,
1.20204e+06,
1.20653e+06,
1.21122e+06,
1.21573e+06,
1.22001e+06,
1.2246e+06,
1.22909e+06,
1.23386e+06,
1.23861e+06,
1.24318e+06,
1.24783e+06,
1.25245e+06,
1.25725e+06,
1.2619e+06,
1.26623e+06,
1.2708e+06,
1.27541e+06,
1.28017e+06,
1.28494e+06,
1.28957e+06,
1.29435e+06,
1.29901e+06,
1.30358e+06,
1.30838e+06,
1.31296e+06,
1.31779e+06,
1.3227e+06,
1.32767e+06,
1.33265e+06,
1.33748e+06,
1.34231e+06,
1.3473e+06,
1.35233e+06,
1.35734e+06,
1.3626e+06,
1.36753e+06,
1.3724e+06,
1.37721e+06,
1.38203e+06,
1.38694e+06,
1.3918e+06,
1.39664e+06,
1.40146e+06,
1.40627e+06,
1.41039e+06,
1.4151e+06,
1.42019e+06,
1.42516e+06,
1.43012e+06,
1.43499e+06,
1.43992e+06,
1.44488e+06,
1.44983e+06,
1.4545e+06,
1.45866e+06,
1.46346e+06,
1.46852e+06,
1.47352e+06,
1.47836e+06,
1.48333e+06,
1.48843e+06,
1.49337e+06,
1.49835e+06,
1.50304e+06,
1.50711e+06,
1.51206e+06,
1.5171e+06,
1.52237e+06,
1.52759e+06,
1.53271e+06,
1.53772e+06,
1.54268e+06,
1.54782e+06,
1.55289e+06,
1.55724e+06,
1.56229e+06,
1.56745e+06,
1.5727e+06,
1.57775e+06,
1.58286e+06,
1.58811e+06,
1.59325e+06,
1.59835e+06,
1.60344e+06,
1.60787e+06,
1.61287e+06,
1.61813e+06,
1.6235e+06,
1.62888e+06,
1.63446e+06,
1.63956e+06,
1.64469e+06,
1.64969e+06,
1.65484e+06,
1.65945e+06,
1.66464e+06,
1.67007e+06,
1.67528e+06,
1.68068e+06,
1.68603e+06,
1.69138e+06,
1.69661e+06,
1.70177e+06,
1.70694e+06,
1.71154e+06,
1.71671e+06,
1.72217e+06,
1.72752e+06,
1.73297e+06,
1.73847e+06,
1.74381e+06,
1.74927e+06,
1.7547e+06,
1.75977e+06,
1.76427e+06,
1.76961e+06,
1.77497e+06,
1.78036e+06,
1.78593e+06,
1.79136e+06,
1.79664e+06,
1.80196e+06,
1.80721e+06,
1.81251e+06,
1.81693e+06,
1.82215e+06,
1.82768e+06,
1.83307e+06,
1.83846e+06,
1.84418e+06,
1.84978e+06,
1.85514e+06,
1.86048e+06,
1.86571e+06,
1.87026e+06,
1.87548e+06,
1.88101e+06,
1.88659e+06,
1.89219e+06,
1.89773e+06,
1.90316e+06,
1.90854e+06,
1.91388e+06,
1.91914e+06,
1.92357e+06,
1.92903e+06,
1.93465e+06,
1.9403e+06,
1.94582e+06,
1.95124e+06,
1.95687e+06,
1.9624e+06,
1.96788e+06,
1.97314e+06,
1.97764e+06,
1.98345e+06,
1.98904e+06,
1.99463e+06,
2.0001e+06,
2.00575e+06,
2.01142e+06,
2.01689e+06,
2.02215e+06,
2.02745e+06,
2.03206e+06,
2.03742e+06,
2.04322e+06,
2.04901e+06,
2.05454e+06,
2.06014e+06,
2.06547e+06,
2.07094e+06,
2.0764e+06,
2.08174e+06,
2.08611e+06,
2.09144e+06,
2.09714e+06,
2.10278e+06,
2.10835e+06,
2.11379e+06,
2.11935e+06,
2.12476e+06,
2.13005e+06,
2.13531e+06,
2.13933e+06,
2.14472e+06,
2.15031e+06,
2.15592e+06,
2.16151e+06,
2.16719e+06,
2.17282e+06,
2.17831e+06,
2.18353e+06,
2.18879e+06,
2.19253e+06,
2.19813e+06,
2.20361e+06,
2.20934e+06,
2.21497e+06,
2.22062e+06,
2.22626e+06,
2.23161e+06,
2.23703e+06,
2.24213e+06,
2.24554e+06,
2.25108e+06,
2.25673e+06,
2.26241e+06,
2.26841e+06,
2.27423e+06,
2.28009e+06,
2.28581e+06,
2.29162e+06,
2.29712e+06,
2.30217e+06,
2.30778e+06,
2.3137e+06,
2.31929e+06,
2.32495e+06,
2.33062e+06,
2.33647e+06,
2.34201e+06,
2.34769e+06,
2.35315e+06,
2.35772e+06,
2.36322e+06,
2.36894e+06,
2.37457e+06,
2.38044e+06,
2.38593e+06,
2.39158e+06,
2.39694e+06,
2.40228e+06,
2.40762e+06,
2.41122e+06,
2.4167e+06,
2.42242e+06,
2.42793e+06,
2.43364e+06,
2.4394e+06,
2.4451e+06,
2.45048e+06,
2.45597e+06,
2.46116e+06,
2.46479e+06,
2.47031e+06,
2.47591e+06,
2.48161e+06,
2.48714e+06,
2.49278e+06,
2.49831e+06,
2.50363e+06,
2.50903e+06,
2.51418e+06,
2.51773e+06,
2.52312e+06,
2.52879e+06,
2.53445e+06,
2.54005e+06,
2.54575e+06,
2.55124e+06,
2.55703e+06,
2.56257e+06,
2.56767e+06,
2.57115e+06,
2.57668e+06,
2.58245e+06,
2.58814e+06,
2.59362e+06,
2.59919e+06,
2.60472e+06,
2.61002e+06,
2.61536e+06,
2.62042e+06,
2.62292e+06,
2.62843e+06,
2.63409e+06,
2.64014e+06,
2.64633e+06,
2.65208e+06,
2.65831e+06,
2.66553e+06,
2.67272e+06,
2.67954e+06,
2.68509e+06,
2.69234e+06,
2.69982e+06,
2.70719e+06,
2.71488e+06,
2.72219e+06,
2.72956e+06,
2.73704e+06,
2.74421e+06,
2.75126e+06,
2.75681e+06,
2.76435e+06,
2.77229e+06,
2.78006e+06,
2.78743e+06,
2.79504e+06,
2.80279e+06,
2.81059e+06,
2.81797e+06,
2.82528e+06,
2.83084e+06,
2.83847e+06,
2.84635e+06,
2.85432e+06,
2.86194e+06,
2.86965e+06,
2.8775e+06,
2.88509e+06,
2.89275e+06,
2.90048e+06,
2.90661e+06,
2.91465e+06,
2.92304e+06,
2.93123e+06,
2.93949e+06,
2.94761e+06,
2.95609e+06,
2.96447e+06,
2.9728e+06,
2.98049e+06,
2.98661e+06,
2.99492e+06,
3.00361e+06,
3.01231e+06,
3.02085e+06,
3.02946e+06,
3.03782e+06,
3.04619e+06,
3.05435e+06,
3.06251e+06,
3.06888e+06,
3.07769e+06,
3.08652e+06,
3.09503e+06,
3.10372e+06,
3.11256e+06,
3.12145e+06,
3.13052e+06,
3.13915e+06,
3.14738e+06,
3.15354e+06,
3.16241e+06,
3.17179e+06,
3.18104e+06,
3.19068e+06,
3.20048e+06,
3.20955e+06,
3.21896e+06,
3.22812e+06,
3.2371e+06,
3.24385e+06,
3.25382e+06,
3.26322e+06,
3.27276e+06,
3.28159e+06,
3.2907e+06,
3.29946e+06,
3.30802e+06,
3.31612e+06,
3.32164e+06,
3.31368e+06,
3.32365e+06,
3.33425e+06,
3.34507e+06,
3.35583e+06,
3.36712e+06,
3.37832e+06,
3.38902e+06,
3.39998e+06,
3.41105e+06,
3.42201e+06,
3.4331e+06,
3.4447e+06,
3.45597e+06,
3.46722e+06,
3.47896e+06,
3.49028e+06,
3.50197e+06,
3.51379e+06,
3.5256e+06,
3.5377e+06,
3.54964e+06,
3.56158e+06,
3.57347e+06,
3.58526e+06,
3.59733e+06,
3.60953e+06,
3.62204e+06,
3.63418e+06,
3.64654e+06,
3.65846e+06,
3.67074e+06,
3.68341e+06,
3.69573e+06,
3.70854e+06,
3.72119e+06,
3.73364e+06,
3.74614e+06,
3.75886e+06,
3.77185e+06,
3.78466e+06,
3.79777e+06,
3.81084e+06,
3.82433e+06,
3.83746e+06,
3.8512e+06,
3.86473e+06,
3.87823e+06,
3.89216e+06,
3.90604e+06,
3.91979e+06,
3.93354e+06,
3.94727e+06,
3.96083e+06,
3.97481e+06,
3.9886e+06,
4.00275e+06,
4.01707e+06,
4.03113e+06,
4.04506e+06,
4.0593e+06,
4.07346e+06,
4.0873e+06,
4.10236e+06,
4.11744e+06,
4.13204e+06,
4.14649e+06,
4.1614e+06,
4.17717e+06,
4.19373e+06,
4.21112e+06,
4.22839e+06,
4.24553e+06,
4.26259e+06,
4.27983e+06,
4.2973e+06,
4.31459e+06,
4.33213e+06,
4.34981e+06,
4.36791e+06,
4.38564e+06,
4.40336e+06,
4.42117e+06,
4.43943e+06,
4.45808e+06,
4.47835e+06,
4.50475e+06,
4.53175e+06,
4.5582e+06,
4.58453e+06,
4.61089e+06,
4.63771e+06,
4.66408e+06,
4.69155e+06,
4.71848e+06,
4.74585e+06,
4.77387e+06,
478966,
479280,
479556,
479987,
480344,
480611,
481133,
481598,
482062,
482599,
482985,
483299,
483678,
484063,
484456,
484776,
485122,
485527,
485857,
486269,
486660,
487077,
487443,
487868,
488302,
488592,
489012,
489462,
489815,
490135,
490502,
490887,
491299,
491755,
492214,
492556,
492948,
493464,
493945,
494389,
494841,
495269,
495723,
496307,
496777,
497303,
497841,
498289,
498845,
499314,
499811,
500340,
500949,
501422,
502016,
502568,
503156,
503741,
504386,
504976,
505628,
506314,
506924,
507591,
508303,
508978,
509688,
510460,
511210,
511943,
512693,
513447,
514121,
514957,
515701,
516484,
517300,
518195,
519019,
519836,
520696,
521567,
522463,
523349,
524264,
525187,
526119,
527102,
528093,
529164,
530223,
531213,
532325,
533237,
534119,
535220,
536328,
537380,
538370,
539413,
540570,
541562,
542612,
543565,
544542,
545711,
546746,
547834,
548977,
550029,
551122,
552262,
553561,
554731,
556000,
557325,
558478,
559705,
560959,
562206,
563422,
564627,
565763,
566768,
567976,
569306,
570597,
571821,
573072,
574460,
575702,
577072,
578418,
579622,
580796,
582252,
583738,
585102,
586478,
587831,
589186,
590608,
591997,
593279,
594668,
596156,
597751,
599216,
600730,
602249,
603753,
605277,
606804,
608232,
609674,
611425,
613137,
614853,
616689,
618384,
620072,
621819,
623505,
625422,
627405,
629506,
631457,
633406,
635341,
637286,
639195,
641127,
643016,
644803,
646705,
648827,
650829,
652873,
654892,
656965,
658874,
660964,
663074,
664908,
667035,
669288,
671559,
673913,
676234,
678627,
680713,
682942,
685054,
687104,
689103,
691627,
694025,
696244,
698628,
700950,
703307,
705529,
707933,
710104,
712379,
714893,
717513,
720004,
722456,
725028,
727595,
730122,
732499,
734937,
737341,
739977,
742713,
745273,
748018,
750740,
753326,
756123,
758759,
761378,
764122,
767008,
769978,
772852,
775773,
778742,
781541,
784372,
787316,
789965,
792821,
795799,
798726,
801853,
805022,
808032,
811115,
814131,
817185,
820213,
823108,
826448,
829642,
833017,
836365,
839632,
842963,
846333,
849711,
853102,
856542,
860017,
863390,
866879,
870369,
874108,
877566,
880814,
884339,
887505,
891003,
894650,
898466,
902171,
905939,
909709,
913485,
917362,
921158,
925050,
928950,
932556,
936282,
940318,
944370,
948380,
952298,
956291,
960130,
963985,
967955,
971967,
975889,
979704,
983623,
987792,
991883,
995839,
999749,
1.00358e+06,
1.00761e+06,
1.01168e+06,
1.01579e+06,
1.01986e+06,
1.02388e+06,
1.028e+06,
1.03205e+06,
1.03618e+06,
1.04025e+06,
1.04412e+06,
1.0481e+06,
1.05219e+06,
1.05643e+06,
1.0606e+06,
1.06486e+06,
1.06916e+06,
1.07346e+06,
1.07756e+06,
1.08169e+06,
1.08568e+06,
1.08981e+06,
1.09413e+06,
1.09844e+06,
1.1027e+06,
1.10692e+06,
1.11126e+06,
1.1156e+06,
1.1198e+06,
1.12407e+06,
1.12803e+06,
1.13218e+06,
1.1365e+06,
1.14088e+06,
1.14538e+06,
1.14995e+06,
1.15436e+06,
1.15878e+06,
1.16321e+06,
1.16759e+06,
1.17153e+06,
1.17571e+06,
1.18013e+06,
1.18469e+06,
1.18923e+06,
1.19385e+06,
1.19855e+06,
1.20305e+06,
1.20754e+06,
1.21212e+06,
1.21645e+06,
1.22066e+06,
1.22507e+06,
1.22973e+06,
1.23429e+06,
1.23904e+06,
1.24372e+06,
1.24829e+06,
1.25301e+06,
1.25751e+06,
1.26188e+06,
1.26639e+06,
1.27115e+06,
1.27571e+06,
1.28061e+06,
1.2852e+06,
1.28997e+06,
1.29469e+06,
1.2994e+06,
1.30418e+06,
1.3086e+06,
1.31311e+06,
1.31788e+06,
1.32271e+06,
1.32769e+06,
1.33263e+06,
1.33753e+06,
1.34251e+06,
1.34747e+06,
1.35254e+06,
1.35768e+06,
1.36283e+06,
1.36761e+06,
1.37241e+06,
1.37727e+06,
1.38224e+06,
1.38706e+06,
1.39206e+06,
1.3969e+06,
1.40158e+06,
1.40607e+06,
1.4107e+06,
1.4156e+06,
1.42053e+06,
1.42548e+06,
1.43027e+06,
1.43526e+06,
1.4402e+06,
1.44518e+06,
1.44995e+06,
1.45427e+06,
1.45885e+06,
1.46394e+06,
1.46893e+06,
1.47395e+06,
1.47887e+06,
1.48385e+06,
1.48902e+06,
1.49411e+06,
1.49914e+06,
1.50353e+06,
1.50813e+06,
1.51343e+06,
1.51853e+06,
1.52361e+06,
1.52867e+06,
1.5338e+06,
1.5388e+06,
1.54396e+06,
1.54895e+06,
1.55346e+06,
1.55834e+06,
1.56353e+06,
1.56874e+06,
1.57402e+06,
1.5793e+06,
1.58444e+06,
1.58963e+06,
1.59467e+06,
1.59985e+06,
1.60453e+06,
1.60959e+06,
1.61481e+06,
1.62007e+06,
1.62538e+06,
1.63058e+06,
1.63586e+06,
1.64118e+06,
1.64637e+06,
1.6516e+06,
1.6564e+06,
1.66146e+06,
1.66677e+06,
1.67225e+06,
1.67764e+06,
1.68303e+06,
1.68824e+06,
1.69349e+06,
1.69881e+06,
1.70395e+06,
1.70881e+06,
1.71376e+06,
1.71919e+06,
1.72451e+06,
1.72976e+06,
1.73524e+06,
1.74056e+06,
1.7458e+06,
1.75103e+06,
1.75635e+06,
1.7612e+06,
1.76619e+06,
1.77167e+06,
1.77698e+06,
1.78234e+06,
1.7877e+06,
1.79309e+06,
1.79847e+06,
1.80363e+06,
1.80874e+06,
1.8132e+06,
1.81816e+06,
1.82383e+06,
1.82914e+06,
1.83446e+06,
1.83979e+06,
1.84512e+06,
1.85055e+06,
1.85599e+06,
1.86114e+06,
1.86574e+06,
1.87083e+06,
1.87637e+06,
1.88178e+06,
1.88717e+06,
1.89268e+06,
1.89814e+06,
1.90361e+06,
1.90898e+06,
1.91413e+06,
1.91884e+06,
1.92403e+06,
1.9296e+06,
1.93514e+06,
1.94055e+06,
1.94592e+06,
1.95144e+06,
1.95689e+06,
1.96242e+06,
1.96768e+06,
1.9726e+06,
1.97785e+06,
1.98342e+06,
1.989e+06,
1.99443e+06,
1.99985e+06,
2.00536e+06,
2.01088e+06,
2.01646e+06,
2.02175e+06,
2.02658e+06,
2.03193e+06,
2.03748e+06,
2.04302e+06,
2.04856e+06,
2.05404e+06,
2.05948e+06,
2.06493e+06,
2.0704e+06,
2.07595e+06,
2.08069e+06,
2.08567e+06,
2.09136e+06,
2.09682e+06,
2.10243e+06,
2.10797e+06,
2.11337e+06,
2.11883e+06,
2.12437e+06,
2.1295e+06,
2.13403e+06,
2.13922e+06,
2.14487e+06,
2.1507e+06,
2.15633e+06,
2.16177e+06,
2.16726e+06,
2.17275e+06,
2.17808e+06,
2.1832e+06,
2.18727e+06,
2.19221e+06,
2.19793e+06,
2.20353e+06,
2.20938e+06,
2.21493e+06,
2.22036e+06,
2.22611e+06,
2.23146e+06,
2.23651e+06,
2.24022e+06,
2.24516e+06,
2.25099e+06,
2.2567e+06,
2.26243e+06,
2.26821e+06,
2.27378e+06,
2.27948e+06,
2.28515e+06,
2.29058e+06,
2.29579e+06,
2.30129e+06,
2.3071e+06,
2.31264e+06,
2.3185e+06,
2.32417e+06,
2.32985e+06,
2.33559e+06,
2.34101e+06,
2.34633e+06,
2.35113e+06,
2.35668e+06,
2.36236e+06,
2.36813e+06,
2.37375e+06,
2.37923e+06,
2.3848e+06,
2.39046e+06,
2.39591e+06,
2.40101e+06,
2.40464e+06,
2.40993e+06,
2.41565e+06,
2.42122e+06,
2.42681e+06,
2.43232e+06,
2.43784e+06,
2.44353e+06,
2.4492e+06,
2.45468e+06,
2.45875e+06,
2.46486e+06,
2.47205e+06,
2.47936e+06,
2.4865e+06,
2.49383e+06,
2.50101e+06,
2.50772e+06,
2.51478e+06,
2.52163e+06,
2.52721e+06,
2.534e+06,
2.54103e+06,
2.54852e+06,
2.55591e+06,
2.56312e+06,
2.57044e+06,
2.57759e+06,
2.58482e+06,
2.59173e+06,
2.59724e+06,
2.60408e+06,
2.61168e+06,
2.61907e+06,
2.62676e+06,
2.63419e+06,
2.64141e+06,
2.64858e+06,
2.65552e+06,
2.66242e+06,
2.66714e+06,
2.67448e+06,
2.68202e+06,
2.68953e+06,
2.69724e+06,
2.70493e+06,
2.7125e+06,
2.71999e+06,
2.72806e+06,
2.73571e+06,
2.74192e+06,
2.74978e+06,
2.7579e+06,
2.76574e+06,
2.77398e+06,
2.78238e+06,
2.79067e+06,
2.79882e+06,
2.80673e+06,
2.81443e+06,
2.82092e+06,
2.82906e+06,
2.8377e+06,
2.84612e+06,
2.8543e+06,
2.86274e+06,
2.87113e+06,
2.87959e+06,
2.8879e+06,
2.89616e+06,
2.90297e+06,
2.9112e+06,
2.91963e+06,
2.92812e+06,
2.93665e+06,
2.94506e+06,
2.95354e+06,
2.96227e+06,
2.97096e+06,
2.97922e+06,
2.98597e+06,
2.99495e+06,
3.00417e+06,
3.01353e+06,
3.02278e+06,
3.0323e+06,
3.04154e+06,
3.05072e+06,
3.06006e+06,
3.06884e+06,
3.07602e+06,
3.08555e+06,
3.0953e+06,
3.10491e+06,
3.11464e+06,
3.12428e+06,
3.13369e+06,
3.14321e+06,
3.15255e+06,
3.16205e+06,
3.16948e+06,
3.17945e+06,
3.18943e+06,
3.19918e+06,
3.20913e+06,
3.21914e+06,
3.22932e+06,
3.2393e+06,
3.24932e+06,
3.25877e+06,
3.26571e+06,
3.27562e+06,
3.28606e+06,
3.29653e+06,
3.30753e+06,
3.31774e+06,
3.32842e+06,
3.33888e+06,
3.34917e+06,
3.35899e+06,
3.36688e+06,
3.37778e+06,
3.38864e+06,
3.39928e+06,
3.40948e+06,
3.4197e+06,
3.42993e+06,
3.43972e+06,
3.44838e+06,
3.4554e+06,
3.44921e+06,
3.46002e+06,
3.47143e+06,
3.48364e+06,
3.4959e+06,
3.50815e+06,
3.52027e+06,
3.53257e+06,
3.54493e+06,
3.55712e+06,
3.56961e+06,
3.58196e+06,
3.59469e+06,
3.60753e+06,
3.6208e+06,
3.63394e+06,
3.64704e+06,
3.66004e+06,
3.67319e+06,
3.68637e+06,
3.69952e+06,
3.71293e+06,
3.72664e+06,
3.7403e+06,
3.7538e+06,
3.7673e+06,
3.78088e+06,
3.79441e+06,
3.80826e+06,
3.82241e+06,
3.83656e+06,
3.85043e+06,
3.86417e+06,
3.87789e+06,
3.89165e+06,
3.90578e+06,
3.92019e+06,
3.93471e+06,
3.94882e+06,
3.96303e+06,
3.97776e+06,
3.9923e+06,
4.00724e+06,
4.02217e+06,
4.03744e+06,
4.05275e+06,
4.06811e+06,
4.08306e+06,
4.09832e+06,
4.11359e+06,
4.12876e+06,
4.14454e+06,
4.16028e+06,
4.17594e+06,
4.19172e+06,
4.20699e+06,
4.22266e+06,
4.23851e+06,
4.25448e+06,
4.27066e+06,
4.28652e+06,
4.30262e+06,
4.31879e+06,
4.33462e+06,
4.35102e+06,
4.36743e+06,
4.38478e+06,
4.40227e+06,
4.41931e+06,
4.43651e+06,
4.45339e+06,
4.47142e+06,
4.49185e+06,
4.5179e+06,
4.54494e+06,
4.57085e+06,
4.59708e+06,
4.62337e+06,
4.64966e+06,
4.67586e+06,
4.70202e+06,
4.7289e+06,
4.75586e+06,
4.78338e+06,
4.81148e+06,
4.83967e+06,
4.86737e+06,
4.8957e+06,
4.92376e+06,
4.95247e+06,
4.9818e+06,
5.01109e+06,
5.04023e+06,
5.06948e+06,
5.09999e+06,
5.13107e+06,
5.16177e+06,
478966,
479282,
479588,
479970,
480356,
480676,
481138,
481640,
482183,
482733,
483026,
483449,
483768,
484186,
484581,
484890,
485231,
485593,
486062,
486436,
486917,
487311,
487686,
488030,
488407,
488792,
489199,
489611,
490032,
490351,
490722,
491140,
491528,
491897,
492289,
492764,
493290,
493724,
494111,
494680,
495120,
495530,
495942,
496513,
497067,
497561,
498174,
498718,
499279,
499679,
500273,
500803,
501348,
501962,
502490,
503129,
503635,
504355,
504944,
505576,
506161,
506746,
507432,
508174,
508941,
509616,
510353,
511094,
511854,
512674,
513430,
514180,
514909,
515679,
516473,
517221,
518101,
518949,
519876,
520734,
521748,
522662,
523591,
524464,
525319,
526371,
527413,
528397,
529459,
530390,
531263,
532402,
533533,
534633,
535628,
536654,
537625,
538573,
539676,
540808,
541854,
542943,
543984,
544928,
545932,
546990,
548097,
549192,
550360,
551553,
552637,
553801,
555026,
556361,
557635,
558969,
560093,
561410,
562681,
563950,
565193,
566415,
567592,
568720,
569946,
571252,
572509,
573800,
575058,
576377,
577736,
579066,
580322,
581594,
582817,
584142,
585605,
586935,
588369,
589730,
591139,
592596,
593932,
595187,
596506,
598118,
599722,
601190,
602641,
604117,
605657,
607282,
608778,
610152,
611579,
613154,
614812,
616585,
618371,
620111,
621849,
623534,
625587,
627538,
629329,
631140,
632958,
634908,
636740,
638641,
640477,
642395,
644390,
646232,
648083,
650039,
652047,
654172,
656166,
658228,
660286,
662306,
664433,
666458,
668549,
670834,
673173,
675336,
677434,
679519,
681821,
684023,
686145,
688349,
690560,
692775,
695034,
697426,
699725,
702133,
704464,
706859,
709180,
711354,
713639,
715960,
718604,
721102,
723476,
726091,
728591,
731102,
733646,
735964,
738255,
740740,
743380,
746072,
748745,
751536,
754261,
756829,
759544,
762046,
764727,
767506,
770247,
772991,
775793,
778800,
781688,
784485,
787361,
789976,
792890,
795750,
798723,
801807,
804819,
807984,
810985,
814087,
817010,
820114,
823162,
826266,
829357,
832686,
835778,
839114,
842335,
845676,
848949,
852270,
855802,
859141,
862568,
865937,
869352,
872745,
876128,
879555,
882909,
886130,
889678,
893149,
896828,
900522,
904075,
907901,
911677,
915251,
919053,
922757,
926709,
930636,
934454,
938143,
942046,
945881,
949650,
953472,
957357,
961160,
965008,
969145,
973035,
976893,
981042,
984925,
988825,
992796,
996645,
1.00061e+06,
1.00451e+06,
1.00839e+06,
1.01243e+06,
1.01642e+06,
1.02043e+06,
1.0245e+06,
1.02864e+06,
1.0328e+06,
1.03676e+06,
1.04063e+06,
1.04463e+06,
1.04868e+06,
1.05291e+06,
1.05699e+06,
1.0613e+06,
1.0657e+06,
1.06976e+06,
1.07391e+06,
1.078e+06,
1.08191e+06,
1.08604e+06,
1.09014e+06,
1.09422e+06,
1.09847e+06,
1.10275e+06,
1.10709e+06,
1.11145e+06,
1.11576e+06,
1.12007e+06,
1.12413e+06,
1.12833e+06,
1.13271e+06,
1.13706e+06,
1.14141e+06,
1.14604e+06,
1.15043e+06,
1.15476e+06,
1.15907e+06,
1.16333e+06,
1.16752e+06,
1.17187e+06,
1.17628e+06,
1.18075e+06,
1.18518e+06,
1.18984e+06,
1.19439e+06,
1.19887e+06,
1.2035e+06,
1.20799e+06,
1.21237e+06,
1.21674e+06,
1.22126e+06,
1.22583e+06,
1.23044e+06,
1.23524e+06,
1.23983e+06,
1.24434e+06,
1.2487e+06,
1.25327e+06,
1.25765e+06,
1.2622e+06,
1.26679e+06,
1.27145e+06,
1.27614e+06,
1.28082e+06,
1.28552e+06,
1.29031e+06,
1.29511e+06,
1.29982e+06,
1.30425e+06,
1.30897e+06,
1.31361e+06,
1.31863e+06,
1.3234e+06,
1.32827e+06,
1.33304e+06,
1.33794e+06,
1.34278e+06,
1.3477e+06,
1.35281e+06,
1.35781e+06,
1.36253e+06,
1.36751e+06,
1.37252e+06,
1.37741e+06,
1.38232e+06,
1.38723e+06,
1.39193e+06,
1.39675e+06,
1.40114e+06,
1.40576e+06,
1.41051e+06,
1.41538e+06,
1.4205e+06,
1.42542e+06,
1.43029e+06,
1.4354e+06,
1.44027e+06,
1.44501e+06,
1.44949e+06,
1.45403e+06,
1.45874e+06,
1.46375e+06,
1.46887e+06,
1.4739e+06,
1.4791e+06,
1.48412e+06,
1.48907e+06,
1.49412e+06,
1.49866e+06,
1.50339e+06,
1.50825e+06,
1.51338e+06,
1.51856e+06,
1.52373e+06,
1.5288e+06,
1.53391e+06,
1.53907e+06,
1.54418e+06,
1.54892e+06,
1.55373e+06,
1.55878e+06,
1.56397e+06,
1.56903e+06,
1.57419e+06,
1.57949e+06,
1.58451e+06,
1.58974e+06,
1.59474e+06,
1.59943e+06,
1.60437e+06,
1.60955e+06,
1.61497e+06,
1.62023e+06,
1.6255e+06,
1.6307e+06,
1.63595e+06,
1.64111e+06,
1.64623e+06,
1.65098e+06,
1.65579e+06,
1.661e+06,
1.66617e+06,
1.67156e+06,
1.67685e+06,
1.682e+06,
1.6873e+06,
1.69242e+06,
1.69764e+06,
1.70246e+06,
1.70755e+06,
1.71284e+06,
1.71822e+06,
1.72353e+06,
1.72889e+06,
1.73418e+06,
1.7396e+06,
1.74479e+06,
1.75003e+06,
1.75479e+06,
1.75979e+06,
1.76499e+06,
1.7703e+06,
1.7756e+06,
1.78102e+06,
1.78632e+06,
1.79167e+06,
1.7968e+06,
1.8021e+06,
1.80697e+06,
1.81186e+06,
1.81731e+06,
1.82261e+06,
1.82796e+06,
1.83343e+06,
1.8386e+06,
1.84404e+06,
1.84929e+06,
1.85431e+06,
1.85908e+06,
1.86402e+06,
1.86937e+06,
1.87469e+06,
1.88015e+06,
1.88547e+06,
1.89093e+06,
1.89652e+06,
1.9017e+06,
1.90678e+06,
1.91156e+06,
1.9164e+06,
1.92181e+06,
1.92743e+06,
1.9331e+06,
1.93869e+06,
1.94401e+06,
1.9496e+06,
1.95504e+06,
1.96036e+06,
1.96518e+06,
1.97011e+06,
1.97554e+06,
1.98102e+06,
1.98657e+06,
1.99219e+06,
1.99755e+06,
2.00303e+06,
2.00854e+06,
2.01376e+06,
2.01879e+06,
2.02394e+06,
2.02935e+06,
2.03497e+06,
2.04054e+06,
2.04602e+06,
2.0514e+06,
2.05715e+06,
2.0625e+06,
2.06774e+06,
2.07256e+06,
2.07763e+06,
2.08326e+06,
2.08865e+06,
2.09425e+06,
2.09974e+06,
2.10532e+06,
2.11071e+06,
2.11639e+06,
2.12156e+06,
2.12597e+06,
2.13099e+06,
2.13662e+06,
2.14206e+06,
2.14774e+06,
2.15348e+06,
2.1589e+06,
2.16425e+06,
2.16973e+06,
2.17489e+06,
2.17906e+06,
2.18375e+06,
2.18923e+06,
2.19489e+06,
2.20036e+06,
2.20599e+06,
2.21156e+06,
2.217e+06,
2.22256e+06,
2.22759e+06,
2.23152e+06,
2.23621e+06,
2.2419e+06,
2.2478e+06,
2.25368e+06,
2.25964e+06,
2.26548e+06,
2.27156e+06,
2.2786e+06,
2.28557e+06,
2.292e+06,
2.29912e+06,
2.30628e+06,
2.31326e+06,
2.32021e+06,
2.32765e+06,
2.33487e+06,
2.34187e+06,
2.34888e+06,
2.35573e+06,
2.36236e+06,
2.36913e+06,
2.37637e+06,
2.3837e+06,
2.39067e+06,
2.39784e+06,
2.40511e+06,
2.41207e+06,
2.41902e+06,
2.42566e+06,
2.43149e+06,
2.43807e+06,
2.44543e+06,
2.45296e+06,
2.46047e+06,
2.46775e+06,
2.47493e+06,
2.48198e+06,
2.48911e+06,
2.49608e+06,
2.50211e+06,
2.50883e+06,
2.51646e+06,
2.52384e+06,
2.53135e+06,
2.53925e+06,
2.54696e+06,
2.5545e+06,
2.56214e+06,
2.5696e+06,
2.57586e+06,
2.58303e+06,
2.59089e+06,
2.59887e+06,
2.60671e+06,
2.61455e+06,
2.62244e+06,
2.62995e+06,
2.63744e+06,
2.64505e+06,
2.65157e+06,
2.65929e+06,
2.66773e+06,
2.67582e+06,
2.68363e+06,
2.69151e+06,
2.69953e+06,
2.70749e+06,
2.71545e+06,
2.72308e+06,
2.72878e+06,
2.73635e+06,
2.74433e+06,
2.75266e+06,
2.76117e+06,
2.76962e+06,
2.77803e+06,
2.78653e+06,
2.79489e+06,
2.80291e+06,
2.8098e+06,
2.81804e+06,
2.8271e+06,
2.83587e+06,
2.84498e+06,
2.85407e+06,
2.86301e+06,
2.87173e+06,
2.88064e+06,
2.88961e+06,
2.89705e+06,
2.90579e+06,
2.91508e+06,
2.92427e+06,
2.93374e+06,
2.94291e+06,
2.95204e+06,
2.96155e+06,
2.97054e+06,
2.97971e+06,
2.98753e+06,
2.99686e+06,
3.00663e+06,
3.01594e+06,
3.02549e+06,
3.03561e+06,
3.0453e+06,
3.05495e+06,
3.06464e+06,
3.07423e+06,
3.08243e+06,
3.09195e+06,
3.10184e+06,
3.11207e+06,
3.12229e+06,
3.13277e+06,
3.14318e+06,
3.1535e+06,
3.16355e+06,
3.17379e+06,
3.18185e+06,
3.19218e+06,
3.20291e+06,
3.21362e+06,
3.22425e+06,
3.23532e+06,
3.24632e+06,
3.25686e+06,
3.26731e+06,
3.27761e+06,
3.28614e+06,
3.29704e+06,
3.30799e+06,
3.31917e+06,
3.33015e+06,
3.34097e+06,
3.35215e+06,
3.36325e+06,
3.37403e+06,
3.38433e+06,
3.3932e+06,
3.40455e+06,
3.41608e+06,
3.42773e+06,
3.43958e+06,
3.45126e+06,
3.46276e+06,
3.47432e+06,
3.4863e+06,
3.49772e+06,
3.50709e+06,
3.51936e+06,
3.5312e+06,
3.54271e+06,
3.55434e+06,
3.56606e+06,
3.57795e+06,
3.5889e+06,
3.599e+06,
3.607e+06,
3.6026e+06,
3.61432e+06,
3.62787e+06,
3.64167e+06,
3.65534e+06,
3.66893e+06,
3.68247e+06,
3.69611e+06,
3.71007e+06,
3.72366e+06,
3.73789e+06,
3.75222e+06,
3.7663e+06,
3.78081e+06,
3.79525e+06,
3.8096e+06,
3.82417e+06,
3.83876e+06,
3.85395e+06,
3.86867e+06,
3.88369e+06,
3.89872e+06,
3.91373e+06,
3.92876e+06,
3.94387e+06,
3.95943e+06,
3.97498e+06,
3.99019e+06,
4.00547e+06,
4.02099e+06,
4.03605e+06,
4.05172e+06,
4.06729e+06,
4.08332e+06,
4.09932e+06,
4.1151e+06,
4.13107e+06,
4.14706e+06,
4.16321e+06,
4.1796e+06,
4.19667e+06,
4.21377e+06,
4.23051e+06,
4.24718e+06,
4.26393e+06,
4.28062e+06,
4.29738e+06,
4.31438e+06,
4.33193e+06,
4.34948e+06,
4.36682e+06,
4.38432e+06,
4.4017e+06,
4.41958e+06,
4.43757e+06,
4.45506e+06,
4.47348e+06,
4.49161e+06,
4.51032e+06,
4.52958e+06,
4.55652e+06,
4.58404e+06,
4.61117e+06,
4.63946e+06,
4.66798e+06,
4.69625e+06,
4.7238e+06,
4.75204e+06,
4.77988e+06,
4.80871e+06,
4.83754e+06,
4.86813e+06,
4.89854e+06,
4.92826e+06,
4.95831e+06,
4.98837e+06,
5.0182e+06,
5.04874e+06,
5.07939e+06,
5.11139e+06,
5.14244e+06,
5.17496e+06,
5.20749e+06,
5.23977e+06,
5.27277e+06,
5.3063e+06,
5.33951e+06,
5.37375e+06,
5.40833e+06,
5.44225e+06,
5.47616e+06,
5.51062e+06,
5.54631e+06,
5.58323e+06,
5.61951e+06,
5.65637e+06,
5.69351e+06,
478966,
479283,
479590,
479983,
480379,
480695,
481188,
481693,
482260,
482779,
483134,
483551,
483882,
484278,
484645,
485030,
485363,
485763,
486181,
486518,
487001,
487476,
487897,
488192,
488570,
488964,
489325,
489718,
490159,
490525,
490945,
491369,
491763,
492120,
492521,
493023,
493460,
493956,
494398,
494868,
495275,
495790,
496333,
496850,
497298,
497827,
498491,
499019,
499574,
500068,
500581,
501121,
501683,
502308,
502994,
503570,
504197,
504807,
505331,
505962,
506594,
507222,
507951,
508697,
509429,
510127,
510854,
511583,
512533,
513334,
514125,
514843,
515616,
516345,
517200,
518093,
518986,
519899,
520785,
521756,
522615,
523580,
524631,
525623,
526611,
527570,
528588,
529605,
530452,
531488,
532570,
533613,
534661,
535650,
536712,
537743,
538800,
539900,
540905,
542039,
543141,
544152,
545178,
546180,
547141,
548089,
549160,
550374,
551661,
552861,
554048,
555258,
556578,
557742,
559055,
560419,
561679,
562904,
564179,
565366,
566669,
567985,
569255,
570328,
571595,
572835,
574133,
575395,
576744,
578101,
579351,
580695,
582035,
583294,
584542,
585766,
587324,
588725,
590101,
591333,
592828,
594280,
595605,
596822,
598237,
599695,
601244,
602752,
604198,
605683,
607246,
608808,
610058,
611475,
613008,
614541,
616243,
618042,
619723,
621442,
623217,
625167,
627256,
628972,
630811,
632611,
634344,
636148,
637926,
639952,
641913,
643808,
645793,
647520,
649311,
651158,
653204,
655295,
657398,
659523,
661674,
663654,
665830,
667837,
669804,
671876,
674071,
676316,
678454,
680642,
682835,
685082,
687309,
689441,
691642,
693787,
695991,
698332,
700692,
703060,
705293,
707712,
710162,
712285,
714592,
716997,
719318,
721726,
724315,
726883,
729271,
731835,
734356,
736658,
739027,
741439,
743923,
746594,
749231,
751947,
754435,
757071,
759719,
762379,
765036,
767695,
770339,
773259,
776147,
778940,
781778,
784590,
787346,
790024,
792833,
795605,
798358,
801327,
804182,
807067,
810011,
812893,
816220,
819148,
822198,
825180,
828122,
831482,
834719,
837947,
841181,
844433,
847818,
851312,
854597,
857912,
861120,
864377,
867679,
870828,
874141,
877556,
881067,
884274,
887698,
891028,
894435,
898040,
901559,
905196,
908963,
912674,
916360,
920095,
923872,
927555,
931290,
934944,
938670,
942331,
946117,
949895,
953711,
957694,
961480,
965252,
969120,
972954,
976937,
980912,
984932,
988879,
992748,
996530,
1.00035e+06,
1.00422e+06,
1.00814e+06,
1.01212e+06,
1.01635e+06,
1.02049e+06,
1.02471e+06,
1.02867e+06,
1.0329e+06,
1.03697e+06,
1.04097e+06,
1.04508e+06,
1.04904e+06,
1.05332e+06,
1.05749e+06,
1.06164e+06,
1.06585e+06,
1.06993e+06,
1.07415e+06,
1.07818e+06,
1.08238e+06,
1.08655e+06,
1.0906e+06,
1.09485e+06,
1.09912e+06,
1.10354e+06,
1.10779e+06,
1.11214e+06,
1.11642e+06,
1.12056e+06,
1.12475e+06,
1.12905e+06,
1.13334e+06,
1.13762e+06,
1.14187e+06,
1.14627e+06,
1.15078e+06,
1.15513e+06,
1.15939e+06,
1.16369e+06,
1.16812e+06,
1.17242e+06,
1.17673e+06,
1.18125e+06,
1.18595e+06,
1.19044e+06,
1.19478e+06,
1.19914e+06,
1.20349e+06,
1.20784e+06,
1.21221e+06,
1.21654e+06,
1.22099e+06,
1.22561e+06,
1.23015e+06,
1.23474e+06,
1.23944e+06,
1.2439e+06,
1.24855e+06,
1.25329e+06,
1.25769e+06,
1.26228e+06,
1.26699e+06,
1.2716e+06,
1.27622e+06,
1.28085e+06,
1.28547e+06,
1.29021e+06,
1.2948e+06,
1.29927e+06,
1.30387e+06,
1.30853e+06,
1.31317e+06,
1.31793e+06,
1.32284e+06,
1.32768e+06,
1.33247e+06,
1.33725e+06,
1.34213e+06,
1.34724e+06,
1.35221e+06,
1.35726e+06,
1.36208e+06,
1.367e+06,
1.37165e+06,
1.3765e+06,
1.38136e+06,
1.386e+06,
1.39077e+06,
1.39535e+06,
1.40013e+06,
1.4048e+06,
1.40962e+06,
1.41462e+06,
1.41953e+06,
1.42455e+06,
1.42949e+06,
1.43406e+06,
1.43878e+06,
1.44327e+06,
1.44814e+06,
1.45283e+06,
1.45786e+06,
1.46289e+06,
1.46783e+06,
1.47285e+06,
1.47783e+06,
1.48264e+06,
1.48766e+06,
1.49219e+06,
1.49703e+06,
1.50189e+06,
1.5069e+06,
1.51208e+06,
1.51706e+06,
1.52225e+06,
1.52727e+06,
1.53228e+06,
1.53706e+06,
1.54177e+06,
1.54673e+06,
1.55164e+06,
1.55676e+06,
1.56194e+06,
1.5671e+06,
1.57221e+06,
1.5774e+06,
1.58257e+06,
1.58742e+06,
1.59216e+06,
1.59722e+06,
1.60215e+06,
1.60722e+06,
1.6124e+06,
1.61757e+06,
1.6228e+06,
1.62805e+06,
1.63321e+06,
1.63838e+06,
1.64308e+06,
1.64817e+06,
1.65317e+06,
1.65841e+06,
1.66376e+06,
1.66893e+06,
1.6741e+06,
1.67936e+06,
1.68448e+06,
1.68958e+06,
1.69449e+06,
1.69941e+06,
1.70454e+06,
1.70979e+06,
1.71517e+06,
1.72025e+06,
1.72549e+06,
1.73077e+06,
1.73587e+06,
1.74091e+06,
1.74583e+06,
1.75109e+06,
1.75598e+06,
1.7614e+06,
1.76684e+06,
1.77216e+06,
1.77755e+06,
1.7828e+06,
1.78793e+06,
1.79296e+06,
1.79776e+06,
1.80282e+06,
1.80783e+06,
1.81321e+06,
1.81855e+06,
1.82379e+06,
1.82894e+06,
1.83425e+06,
1.83929e+06,
1.84458e+06,
1.84949e+06,
1.85487e+06,
1.85995e+06,
1.86539e+06,
1.87088e+06,
1.87611e+06,
1.88149e+06,
1.88686e+06,
1.89207e+06,
1.89733e+06,
1.90205e+06,
1.90712e+06,
1.91232e+06,
1.91791e+06,
1.92328e+06,
1.92865e+06,
1.93401e+06,
1.93941e+06,
1.94473e+06,
1.94997e+06,
1.95493e+06,
1.96014e+06,
1.96539e+06,
1.97084e+06,
1.97617e+06,
1.98153e+06,
1.98709e+06,
1.99263e+06,
1.99814e+06,
2.00371e+06,
2.00876e+06,
2.01378e+06,
2.01904e+06,
2.0245e+06,
2.03011e+06,
2.03572e+06,
2.04119e+06,
2.04672e+06,
2.05211e+06,
2.05763e+06,
2.06243e+06,
2.06764e+06,
2.07309e+06,
2.07869e+06,
2.08442e+06,
2.09057e+06,
2.09718e+06,
2.10395e+06,
2.11067e+06,
2.11707e+06,
2.12309e+06,
2.12926e+06,
2.13601e+06,
2.14302e+06,
2.14987e+06,
2.15662e+06,
2.1635e+06,
2.17041e+06,
2.17727e+06,
2.18376e+06,
2.18964e+06,
2.19572e+06,
2.20255e+06,
2.20972e+06,
2.21676e+06,
2.22377e+06,
2.23066e+06,
2.2377e+06,
2.24448e+06,
2.25111e+06,
2.25693e+06,
2.26328e+06,
2.27024e+06,
2.27745e+06,
2.28464e+06,
2.2919e+06,
2.29914e+06,
2.30649e+06,
2.31394e+06,
2.32082e+06,
2.32773e+06,
2.33487e+06,
2.34216e+06,
2.34953e+06,
2.35722e+06,
2.36476e+06,
2.37233e+06,
2.37986e+06,
2.38721e+06,
2.39455e+06,
2.40152e+06,
2.40874e+06,
2.41672e+06,
2.42451e+06,
2.43226e+06,
2.43996e+06,
2.44733e+06,
2.45496e+06,
2.46255e+06,
2.46984e+06,
2.47611e+06,
2.48318e+06,
2.49104e+06,
2.49892e+06,
2.50687e+06,
2.51492e+06,
2.52276e+06,
2.53039e+06,
2.53827e+06,
2.54612e+06,
2.55267e+06,
2.55979e+06,
2.56768e+06,
2.57587e+06,
2.58402e+06,
2.59214e+06,
2.60017e+06,
2.60806e+06,
2.61632e+06,
2.62404e+06,
2.6311e+06,
2.63897e+06,
2.6476e+06,
2.656e+06,
2.66473e+06,
2.6733e+06,
2.68195e+06,
2.69051e+06,
2.69886e+06,
2.70697e+06,
2.71413e+06,
2.72228e+06,
2.73107e+06,
2.73996e+06,
2.74885e+06,
2.75778e+06,
2.76662e+06,
2.77538e+06,
2.78397e+06,
2.79202e+06,
2.799e+06,
2.80668e+06,
2.81571e+06,
2.82527e+06,
2.83477e+06,
2.84392e+06,
2.85285e+06,
2.86211e+06,
2.87129e+06,
2.88011e+06,
2.8882e+06,
2.89718e+06,
2.90691e+06,
2.91669e+06,
2.92646e+06,
2.93632e+06,
2.94623e+06,
2.95604e+06,
2.96568e+06,
2.97536e+06,
2.98435e+06,
2.99401e+06,
3.00445e+06,
3.01463e+06,
3.02481e+06,
3.03506e+06,
3.04527e+06,
3.05582e+06,
3.06644e+06,
3.07683e+06,
3.08572e+06,
3.09566e+06,
3.1061e+06,
3.11683e+06,
3.12739e+06,
3.13815e+06,
3.14893e+06,
3.1599e+06,
3.17036e+06,
3.18095e+06,
3.19023e+06,
3.20069e+06,
3.21168e+06,
3.22279e+06,
3.23418e+06,
3.2459e+06,
3.25735e+06,
3.26869e+06,
3.27985e+06,
3.29111e+06,
3.30052e+06,
3.31165e+06,
3.32372e+06,
3.33588e+06,
3.34759e+06,
3.35927e+06,
3.37086e+06,
3.38264e+06,
3.39457e+06,
3.40626e+06,
3.41665e+06,
3.42834e+06,
3.44097e+06,
3.45326e+06,
3.4655e+06,
3.4779e+06,
3.49027e+06,
3.50254e+06,
3.51506e+06,
3.52742e+06,
3.5374e+06,
3.54975e+06,
3.56277e+06,
3.57522e+06,
3.58828e+06,
3.60144e+06,
3.615e+06,
3.62824e+06,
3.64091e+06,
3.65365e+06,
3.66464e+06,
3.67784e+06,
3.69108e+06,
3.70457e+06,
3.71804e+06,
3.73141e+06,
3.74449e+06,
3.75714e+06,
3.76864e+06,
3.77841e+06,
3.7768e+06,
3.78967e+06,
3.80497e+06,
3.82005e+06,
3.83479e+06,
3.85046e+06,
3.86552e+06,
3.88077e+06,
3.8963e+06,
3.91233e+06,
3.92806e+06,
3.94379e+06,
3.95982e+06,
3.97541e+06,
3.99173e+06,
4.00823e+06,
4.02486e+06,
4.04166e+06,
4.05794e+06,
4.07408e+06,
4.09075e+06,
4.10715e+06,
4.12369e+06,
4.14086e+06,
4.15822e+06,
4.17547e+06,
4.19273e+06,
4.20965e+06,
4.22666e+06,
4.24404e+06,
4.2614e+06,
4.27918e+06,
4.2971e+06,
4.31502e+06,
4.33237e+06,
4.35028e+06,
4.36809e+06,
4.3865e+06,
4.4053e+06,
4.42418e+06,
4.44292e+06,
4.46157e+06,
4.48048e+06,
4.49914e+06,
4.51836e+06,
4.53748e+06,
4.55795e+06,
4.57943e+06,
4.60895e+06,
4.63855e+06,
4.66772e+06,
4.69688e+06,
4.72656e+06,
4.75585e+06,
4.78626e+06,
4.81585e+06,
4.84549e+06,
4.87534e+06,
4.90599e+06,
4.93777e+06,
4.96957e+06,
5.00139e+06,
5.03441e+06,
5.06707e+06,
5.09977e+06,
5.13205e+06,
5.16471e+06,
5.19785e+06,
5.23189e+06,
5.26766e+06,
5.30321e+06,
5.33809e+06,
5.37366e+06,
5.4091e+06,
5.44432e+06,
5.48e+06,
5.51614e+06,
5.55354e+06,
5.59012e+06,
5.62791e+06,
5.66635e+06,
5.70436e+06,
5.74291e+06,
5.78153e+06,
5.82033e+06,
5.86161e+06,
5.90182e+06,
5.94242e+06,
5.9832e+06,
6.02445e+06,
6.06737e+06,
6.11015e+06,
6.15295e+06,
6.19794e+06,
6.24193e+06,
6.28593e+06,
6.33018e+06,
478966,
479295,
479592,
479999,
480386,
480758,
481272,
481785,
482320,
482845,
483206,
483661,
484009,
484382,
484749,
485104,
485508,
485881,
486256,
486642,
487177,
487604,
487982,
488362,
488735,
489072,
489559,
489917,
490232,
490575,
491084,
491505,
491951,
492356,
492790,
493213,
493677,
494157,
494531,
494990,
495491,
496014,
496589,
497095,
497611,
498107,
498639,
499204,
499813,
500347,
500908,
501510,
502089,
502700,
503336,
503866,
504543,
505144,
505826,
506436,
507067,
507713,
508512,
509248,
509994,
510648,
511404,
512108,
513012,
513826,
514629,
515489,
516289,
517103,
517987,
518873,
519793,
520739,
521674,
522784,
523774,
524653,
525577,
526582,
527552,
528567,
529639,
530493,
531513,
532505,
533538,
534548,
535522,
536577,
537624,
538718,
539759,
540782,
541880,
542974,
544063,
545163,
546304,
547235,
548311,
549425,
550514,
551722,
552910,
554125,
555356,
556573,
557809,
559103,
560478,
561756,
563005,
564219,
565537,
566829,
568196,
569397,
570480,
571698,
572907,
574152,
575437,
576717,
578008,
579350,
580718,
582145,
583480,
584633,
585926,
587219,
588614,
590002,
591443,
592861,
594290,
595683,
597118,
598458,
599848,
601339,
602748,
604209,
605672,
607068,
608502,
610033,
611539,
612926,
614529,
616167,
617766,
619330,
621096,
622929,
624724,
626833,
628720,
630319,
632051,
633740,
635482,
637367,
639225,
641143,
642948,
644836,
646724,
648570,
650445,
652512,
654452,
656449,
658473,
660483,
662474,
664595,
666821,
668798,
670804,
672738,
674920,
677101,
679355,
681485,
683562,
685839,
687963,
690074,
692258,
694418,
696594,
698835,
701098,
703365,
705658,
708246,
710618,
712819,
715152,
717596,
719771,
722171,
724499,
726981,
729326,
731908,
734447,
736732,
739068,
741545,
744054,
746500,
748994,
751671,
754237,
757012,
759670,
762137,
764797,
767570,
770291,
772915,
775589,
778334,
781022,
783814,
786607,
789279,
792006,
794979,
797739,
800494,
803228,
806078,
808984,
812078,
815090,
817969,
821015,
824042,
827070,
829979,
832891,
836035,
839193,
842478,
845809,
849098,
852292,
855579,
858912,
862165,
865349,
868715,
872097,
875553,
878974,
882301,
885687,
888972,
892360,
895815,
899324,
902648,
906213,
909992,
913683,
917334,
920945,
924569,
928293,
932063,
935886,
939460,
943189,
947045,
950756,
954598,
958400,
962051,
966005,
969781,
973786,
977671,
981627,
985336,
989165,
992921,
996846,
1.00076e+06,
1.00466e+06,
1.00854e+06,
1.01269e+06,
1.01673e+06,
1.02082e+06,
1.02486e+06,
1.02886e+06,
1.03267e+06,
1.03664e+06,
1.04083e+06,
1.04485e+06,
1.04891e+06,
1.05298e+06,
1.05694e+06,
1.06113e+06,
1.06517e+06,
1.06929e+06,
1.07325e+06,
1.07741e+06,
1.08174e+06,
1.0859e+06,
1.09014e+06,
1.09439e+06,
1.09863e+06,
1.10283e+06,
1.10694e+06,
1.11131e+06,
1.1153e+06,
1.11949e+06,
1.12393e+06,
1.12822e+06,
1.13241e+06,
1.1368e+06,
1.14118e+06,
1.1456e+06,
1.14983e+06,
1.15429e+06,
1.15831e+06,
1.16271e+06,
1.1671e+06,
1.17153e+06,
1.17591e+06,
1.18045e+06,
1.1849e+06,
1.18929e+06,
1.19383e+06,
1.1983e+06,
1.20257e+06,
1.20687e+06,
1.21143e+06,
1.21589e+06,
1.22025e+06,
1.2249e+06,
1.22928e+06,
1.23388e+06,
1.23829e+06,
1.24274e+06,
1.24715e+06,
1.25167e+06,
1.25626e+06,
1.2608e+06,
1.26534e+06,
1.27008e+06,
1.27485e+06,
1.27945e+06,
1.28408e+06,
1.28871e+06,
1.29312e+06,
1.29769e+06,
1.30239e+06,
1.30686e+06,
1.31152e+06,
1.31633e+06,
1.32134e+06,
1.32612e+06,
1.33084e+06,
1.33573e+06,
1.3407e+06,
1.34543e+06,
1.35032e+06,
1.35526e+06,
1.36017e+06,
1.36506e+06,
1.37002e+06,
1.37461e+06,
1.37927e+06,
1.38399e+06,
1.38837e+06,
1.393e+06,
1.39782e+06,
1.40249e+06,
1.40715e+06,
1.41181e+06,
1.41656e+06,
1.42144e+06,
1.42616e+06,
1.43091e+06,
1.4353e+06,
1.44014e+06,
1.44486e+06,
1.44962e+06,
1.45451e+06,
1.45945e+06,
1.46438e+06,
1.46922e+06,
1.47404e+06,
1.47891e+06,
1.48341e+06,
1.48818e+06,
1.49308e+06,
1.49791e+06,
1.50293e+06,
1.50794e+06,
1.51295e+06,
1.51788e+06,
1.52293e+06,
1.52783e+06,
1.53256e+06,
1.53746e+06,
1.54246e+06,
1.54734e+06,
1.55249e+06,
1.55767e+06,
1.56263e+06,
1.56791e+06,
1.57273e+06,
1.57771e+06,
1.58241e+06,
1.58744e+06,
1.59253e+06,
1.5976e+06,
1.60255e+06,
1.60783e+06,
1.61315e+06,
1.61826e+06,
1.62319e+06,
1.62829e+06,
1.63319e+06,
1.63839e+06,
1.64336e+06,
1.6484e+06,
1.65354e+06,
1.65878e+06,
1.664e+06,
1.66916e+06,
1.67422e+06,
1.6793e+06,
1.68412e+06,
1.68903e+06,
1.69427e+06,
1.69935e+06,
1.7045e+06,
1.7097e+06,
1.71494e+06,
1.72006e+06,
1.72541e+06,
1.73057e+06,
1.73559e+06,
1.7406e+06,
1.74566e+06,
1.75053e+06,
1.75575e+06,
1.76103e+06,
1.76639e+06,
1.7715e+06,
1.77669e+06,
1.78177e+06,
1.78661e+06,
1.79188e+06,
1.79685e+06,
1.80186e+06,
1.80713e+06,
1.81265e+06,
1.81792e+06,
1.82332e+06,
1.82869e+06,
1.83399e+06,
1.83874e+06,
1.84404e+06,
1.84917e+06,
1.85414e+06,
1.85952e+06,
1.86483e+06,
1.86995e+06,
1.87525e+06,
1.88063e+06,
1.88589e+06,
1.89058e+06,
1.89574e+06,
1.90106e+06,
1.90634e+06,
1.9118e+06,
1.91783e+06,
1.92424e+06,
1.93078e+06,
1.93737e+06,
1.94379e+06,
1.94985e+06,
1.95637e+06,
1.96295e+06,
1.96934e+06,
1.97598e+06,
1.98256e+06,
1.98942e+06,
1.99614e+06,
2.00281e+06,
2.00949e+06,
2.016e+06,
2.02247e+06,
2.02905e+06,
2.03577e+06,
2.0426e+06,
2.04931e+06,
2.05623e+06,
2.06324e+06,
2.07011e+06,
2.07676e+06,
2.08311e+06,
2.08988e+06,
2.09618e+06,
2.10288e+06,
2.10986e+06,
2.11702e+06,
2.12404e+06,
2.13087e+06,
2.13776e+06,
2.14438e+06,
2.15076e+06,
2.15751e+06,
2.16424e+06,
2.17135e+06,
2.17872e+06,
2.18592e+06,
2.19305e+06,
2.20013e+06,
2.20735e+06,
2.21454e+06,
2.22097e+06,
2.22802e+06,
2.23503e+06,
2.24248e+06,
2.25002e+06,
2.25725e+06,
2.26449e+06,
2.27174e+06,
2.27916e+06,
2.28646e+06,
2.29316e+06,
2.30027e+06,
2.3071e+06,
2.31492e+06,
2.32264e+06,
2.33041e+06,
2.33798e+06,
2.34559e+06,
2.3533e+06,
2.36125e+06,
2.36877e+06,
2.37666e+06,
2.38416e+06,
2.39167e+06,
2.39961e+06,
2.40722e+06,
2.41495e+06,
2.42263e+06,
2.43061e+06,
2.43861e+06,
2.44616e+06,
2.45422e+06,
2.46231e+06,
2.47039e+06,
2.47851e+06,
2.48661e+06,
2.49486e+06,
2.5032e+06,
2.5115e+06,
2.51948e+06,
2.52651e+06,
2.53411e+06,
2.54214e+06,
2.55069e+06,
2.55922e+06,
2.56751e+06,
2.57612e+06,
2.58467e+06,
2.59327e+06,
2.60172e+06,
2.60914e+06,
2.61716e+06,
2.62561e+06,
2.63408e+06,
2.64298e+06,
2.65165e+06,
2.6607e+06,
2.6694e+06,
2.67806e+06,
2.68656e+06,
2.69427e+06,
2.70238e+06,
2.71125e+06,
2.72047e+06,
2.72958e+06,
2.73901e+06,
2.74874e+06,
2.75788e+06,
2.76723e+06,
2.77633e+06,
2.78434e+06,
2.79318e+06,
2.80264e+06,
2.81238e+06,
2.82224e+06,
2.83208e+06,
2.84161e+06,
2.8515e+06,
2.86102e+06,
2.87007e+06,
2.8778e+06,
2.88654e+06,
2.89672e+06,
2.90704e+06,
2.91737e+06,
2.92764e+06,
2.93782e+06,
2.94774e+06,
2.95752e+06,
2.9673e+06,
2.97667e+06,
2.98644e+06,
2.99705e+06,
3.00766e+06,
3.01836e+06,
3.029e+06,
3.03949e+06,
3.05021e+06,
3.06102e+06,
3.07223e+06,
3.08246e+06,
3.09306e+06,
3.10412e+06,
3.11555e+06,
3.12675e+06,
3.13792e+06,
3.14931e+06,
3.16061e+06,
3.17203e+06,
3.18321e+06,
3.19362e+06,
3.20464e+06,
3.21621e+06,
3.22773e+06,
3.23951e+06,
3.25169e+06,
3.26402e+06,
3.27604e+06,
3.28761e+06,
3.29915e+06,
3.30962e+06,
3.32123e+06,
3.33335e+06,
3.34571e+06,
3.35848e+06,
3.37107e+06,
3.38347e+06,
3.39565e+06,
3.40814e+06,
3.42068e+06,
3.43205e+06,
3.4444e+06,
3.45796e+06,
3.47138e+06,
3.48467e+06,
3.49756e+06,
3.51064e+06,
3.52356e+06,
3.5369e+06,
3.54978e+06,
3.56164e+06,
3.57495e+06,
3.58879e+06,
3.60237e+06,
3.61609e+06,
3.62978e+06,
3.6436e+06,
3.65737e+06,
3.67156e+06,
3.68525e+06,
3.69696e+06,
3.71066e+06,
3.7248e+06,
3.73929e+06,
3.75369e+06,
3.7687e+06,
3.7836e+06,
3.79829e+06,
3.81268e+06,
3.82705e+06,
3.83984e+06,
3.85441e+06,
3.86963e+06,
3.88487e+06,
3.89991e+06,
3.91466e+06,
3.92903e+06,
3.94331e+06,
3.95676e+06,
3.96822e+06,
3.96916e+06,
3.98326e+06,
3.99978e+06,
4.0163e+06,
4.03332e+06,
4.05e+06,
4.06707e+06,
4.08442e+06,
4.10218e+06,
4.11948e+06,
4.13698e+06,
4.15459e+06,
4.17184e+06,
4.18976e+06,
4.20799e+06,
4.22695e+06,
4.24581e+06,
4.26424e+06,
4.28249e+06,
4.3013e+06,
4.31965e+06,
4.33824e+06,
4.35771e+06,
4.37741e+06,
4.39603e+06,
4.4155e+06,
4.43443e+06,
4.45365e+06,
4.47293e+06,
4.49272e+06,
4.51294e+06,
4.53281e+06,
4.55277e+06,
4.57261e+06,
4.59267e+06,
4.61406e+06,
4.64156e+06,
4.67338e+06,
4.70544e+06,
4.73686e+06,
4.76851e+06,
4.80016e+06,
4.83134e+06,
4.86281e+06,
4.89499e+06,
4.92775e+06,
4.96088e+06,
4.9948e+06,
5.02892e+06,
5.06218e+06,
5.09589e+06,
5.13048e+06,
5.16497e+06,
5.2004e+06,
5.23546e+06,
5.27026e+06,
5.30557e+06,
5.34278e+06,
5.37945e+06,
5.41708e+06,
5.45532e+06,
5.49415e+06,
5.53265e+06,
5.57154e+06,
5.6108e+06,
5.64978e+06,
5.68942e+06,
5.73057e+06,
5.7731e+06,
5.81501e+06,
5.85712e+06,
5.8989e+06,
5.94124e+06,
5.98434e+06,
6.02745e+06,
6.07046e+06,
6.11567e+06,
6.16108e+06,
6.20667e+06,
6.25236e+06,
6.29882e+06,
6.34621e+06,
6.39276e+06,
6.44118e+06,
6.49116e+06,
6.54126e+06,
6.59274e+06,
6.64377e+06,
6.69729e+06,
6.75099e+06,
6.80622e+06,
6.8622e+06,
6.92328e+06,
6.98689e+06,
7.05034e+06,
7.11359e+06,
7.17367e+06,
478966,
479285,
479606,
480004,
480411,
480777,
481297,
481869,
482440,
482869,
483282,
483754,
484137,
484427,
484821,
485243,
485611,
485942,
486348,
486810,
487257,
487626,
488055,
488527,
488866,
489280,
489748,
490131,
490510,
490839,
491282,
491610,
492107,
492604,
493024,
493399,
493862,
494361,
494812,
495253,
495794,
496264,
496718,
497341,
497822,
498377,
498876,
499369,
499939,
500561,
501141,
501831,
502315,
502995,
503683,
504353,
505018,
505674,
506349,
506935,
507597,
508266,
509061,
509820,
510520,
511193,
511869,
512687,
513528,
514386,
515226,
516037,
516941,
517940,
518772,
519639,
520719,
521627,
522715,
523608,
524544,
525560,
526507,
527463,
528411,
529457,
530374,
531353,
532304,
533271,
534338,
535368,
536346,
537489,
538442,
539596,
540632,
541775,
542789,
543906,
545004,
546170,
547179,
548167,
549268,
550372,
551528,
552721,
553907,
555066,
556260,
557322,
558512,
559950,
561338,
562732,
563929,
565198,
566477,
567810,
569132,
570398,
571679,
572834,
574189,
575544,
576815,
578071,
579341,
580808,
582197,
583561,
584856,
586012,
587330,
588756,
590002,
591247,
592730,
594213,
595665,
597126,
598593,
599934,
601379,
602798,
604189,
605517,
606991,
608436,
609966,
611438,
612956,
614375,
615870,
617380,
618933,
620451,
622164,
623792,
626014,
627931,
629911,
631639,
633249,
635066,
636844,
638543,
640313,
642074,
643966,
645970,
647912,
649774,
651562,
653440,
655293,
657168,
659150,
661072,
663089,
665272,
667358,
669287,
671369,
673573,
675598,
677547,
679579,
681770,
683927,
686139,
688309,
690481,
692673,
694920,
697069,
699274,
701448,
703691,
705980,
708349,
710759,
712982,
715202,
717451,
719775,
722081,
724426,
726870,
729236,
731705,
734255,
736629,
739102,
741529,
744055,
746417,
748819,
751401,
753994,
756447,
759116,
761611,
764276,
767038,
769551,
772315,
774935,
777599,
780292,
782918,
785707,
788279,
791118,
794033,
796950,
799797,
802579,
805328,
808323,
811249,
814200,
817077,
820093,
823058,
825918,
828916,
831905,
835128,
838376,
841393,
844711,
847834,
851108,
854323,
857551,
860852,
864050,
867217,
870529,
873945,
877066,
880173,
883475,
886859,
890247,
893513,
896804,
900350,
903784,
907427,
910979,
914457,
917939,
921616,
925094,
928849,
932553,
936231,
939837,
943577,
947144,
950764,
954450,
958079,
961870,
965604,
969502,
973379,
977193,
981063,
984872,
988517,
992231,
996134,
1.00014e+06,
1.00415e+06,
1.00792e+06,
1.0118e+06,
1.0159e+06,
1.01991e+06,
1.02372e+06,
1.02747e+06,
1.03144e+06,
1.03544e+06,
1.0394e+06,
1.04357e+06,
1.04769e+06,
1.05174e+06,
1.05587e+06,
1.05968e+06,
1.06375e+06,
1.06756e+06,
1.07165e+06,
1.07588e+06,
1.08004e+06,
1.08414e+06,
1.08836e+06,
1.09251e+06,
1.09678e+06,
1.10122e+06,
1.10536e+06,
1.10937e+06,
1.11357e+06,
1.11764e+06,
1.12183e+06,
1.12605e+06,
1.1303e+06,
1.13474e+06,
1.1391e+06,
1.14365e+06,
1.14787e+06,
1.1521e+06,
1.15641e+06,
1.16062e+06,
1.16493e+06,
1.16937e+06,
1.17382e+06,
1.17827e+06,
1.18272e+06,
1.18724e+06,
1.19156e+06,
1.19594e+06,
1.2002e+06,
1.20468e+06,
1.20903e+06,
1.21356e+06,
1.21808e+06,
1.2225e+06,
1.2271e+06,
1.23184e+06,
1.2363e+06,
1.24068e+06,
1.24525e+06,
1.24966e+06,
1.25416e+06,
1.25871e+06,
1.26326e+06,
1.26791e+06,
1.27254e+06,
1.27706e+06,
1.28169e+06,
1.2861e+06,
1.29052e+06,
1.29514e+06,
1.29976e+06,
1.30435e+06,
1.30917e+06,
1.31367e+06,
1.31833e+06,
1.32325e+06,
1.32783e+06,
1.33267e+06,
1.33751e+06,
1.34215e+06,
1.34686e+06,
1.35176e+06,
1.35656e+06,
1.36137e+06,
1.36603e+06,
1.37086e+06,
1.37548e+06,
1.37965e+06,
1.38427e+06,
1.38889e+06,
1.3935e+06,
1.39833e+06,
1.40298e+06,
1.40769e+06,
1.41251e+06,
1.41737e+06,
1.422e+06,
1.42642e+06,
1.4311e+06,
1.43576e+06,
1.4405e+06,
1.44513e+06,
1.44972e+06,
1.45476e+06,
1.4597e+06,
1.4648e+06,
1.46932e+06,
1.47386e+06,
1.47869e+06,
1.48335e+06,
1.48809e+06,
1.49277e+06,
1.49753e+06,
1.50245e+06,
1.50754e+06,
1.51258e+06,
1.51744e+06,
1.52196e+06,
1.52695e+06,
1.53194e+06,
1.5367e+06,
1.54166e+06,
1.54655e+06,
1.55162e+06,
1.55658e+06,
1.56157e+06,
1.56662e+06,
1.57143e+06,
1.57626e+06,
1.58142e+06,
1.58647e+06,
1.59124e+06,
1.59622e+06,
1.60128e+06,
1.60637e+06,
1.61162e+06,
1.61666e+06,
1.62146e+06,
1.62658e+06,
1.63184e+06,
1.63687e+06,
1.64175e+06,
1.64682e+06,
1.65201e+06,
1.65722e+06,
1.66206e+06,
1.66731e+06,
1.67208e+06,
1.6772e+06,
1.68233e+06,
1.68744e+06,
1.69247e+06,
1.69741e+06,
1.70273e+06,
1.70792e+06,
1.71312e+06,
1.71825e+06,
1.72315e+06,
1.72813e+06,
1.73325e+06,
1.73825e+06,
1.74325e+06,
1.74863e+06,
1.75394e+06,
1.75991e+06,
1.76623e+06,
1.77258e+06,
1.77854e+06,
1.78476e+06,
1.79116e+06,
1.79713e+06,
1.80321e+06,
1.80967e+06,
1.81617e+06,
1.82269e+06,
1.8291e+06,
1.83567e+06,
1.84176e+06,
1.84822e+06,
1.8547e+06,
1.86083e+06,
1.86726e+06,
1.87372e+06,
1.88006e+06,
1.88657e+06,
1.89328e+06,
1.90003e+06,
1.90606e+06,
1.91253e+06,
1.9191e+06,
1.92556e+06,
1.93195e+06,
1.93867e+06,
1.94523e+06,
1.95202e+06,
1.95883e+06,
1.96549e+06,
1.97158e+06,
1.97823e+06,
1.98502e+06,
1.99161e+06,
1.99873e+06,
2.00564e+06,
2.01269e+06,
2.01972e+06,
2.02678e+06,
2.03352e+06,
2.04033e+06,
2.04751e+06,
2.05463e+06,
2.06161e+06,
2.0687e+06,
2.07583e+06,
2.08306e+06,
2.09011e+06,
2.09702e+06,
2.10418e+06,
2.111e+06,
2.11822e+06,
2.12537e+06,
2.13244e+06,
2.13968e+06,
2.14705e+06,
2.15448e+06,
2.16166e+06,
2.16884e+06,
2.17611e+06,
2.18262e+06,
2.19025e+06,
2.19741e+06,
2.20455e+06,
2.21205e+06,
2.21947e+06,
2.22663e+06,
2.2342e+06,
2.24147e+06,
2.24882e+06,
2.25578e+06,
2.26326e+06,
2.2707e+06,
2.27828e+06,
2.28614e+06,
2.29387e+06,
2.3016e+06,
2.3095e+06,
2.31735e+06,
2.32534e+06,
2.33261e+06,
2.34039e+06,
2.34763e+06,
2.35537e+06,
2.36381e+06,
2.37194e+06,
2.38024e+06,
2.38849e+06,
2.39692e+06,
2.40521e+06,
2.4132e+06,
2.42163e+06,
2.42997e+06,
2.43823e+06,
2.44673e+06,
2.45512e+06,
2.46343e+06,
2.47199e+06,
2.48077e+06,
2.48921e+06,
2.49724e+06,
2.50568e+06,
2.51386e+06,
2.52218e+06,
2.53095e+06,
2.53946e+06,
2.54796e+06,
2.55647e+06,
2.56543e+06,
2.57409e+06,
2.58203e+06,
2.5907e+06,
2.59915e+06,
2.60827e+06,
2.6173e+06,
2.62643e+06,
2.63579e+06,
2.64504e+06,
2.65425e+06,
2.66339e+06,
2.67176e+06,
2.68045e+06,
2.68936e+06,
2.69846e+06,
2.70786e+06,
2.71764e+06,
2.72736e+06,
2.73709e+06,
2.74664e+06,
2.75614e+06,
2.76461e+06,
2.77387e+06,
2.78355e+06,
2.79358e+06,
2.80348e+06,
2.81333e+06,
2.82363e+06,
2.83378e+06,
2.8439e+06,
2.85377e+06,
2.86273e+06,
2.87239e+06,
2.88224e+06,
2.89278e+06,
2.90353e+06,
2.9144e+06,
2.92493e+06,
2.93549e+06,
2.94593e+06,
2.95607e+06,
2.96526e+06,
2.97529e+06,
2.98593e+06,
2.99731e+06,
3.00855e+06,
3.02012e+06,
3.03113e+06,
3.04215e+06,
3.05301e+06,
3.06383e+06,
3.07396e+06,
3.08468e+06,
3.09632e+06,
3.10815e+06,
3.11983e+06,
3.13149e+06,
3.14281e+06,
3.15462e+06,
3.16627e+06,
3.17757e+06,
3.18887e+06,
3.2005e+06,
3.21258e+06,
3.22511e+06,
3.23749e+06,
3.24997e+06,
3.26239e+06,
3.27459e+06,
3.28736e+06,
3.30009e+06,
3.31182e+06,
3.32422e+06,
3.33698e+06,
3.35006e+06,
3.36296e+06,
3.37609e+06,
3.38951e+06,
3.40273e+06,
3.41586e+06,
3.42893e+06,
3.44107e+06,
3.45356e+06,
3.46685e+06,
3.48044e+06,
3.49427e+06,
3.50852e+06,
3.52224e+06,
3.53593e+06,
3.54939e+06,
3.56268e+06,
3.57518e+06,
3.58884e+06,
3.60418e+06,
3.61908e+06,
3.63376e+06,
3.64849e+06,
3.663e+06,
3.67773e+06,
3.6921e+06,
3.70683e+06,
3.72086e+06,
3.73542e+06,
3.75081e+06,
3.76629e+06,
3.78147e+06,
3.7966e+06,
3.81179e+06,
3.82766e+06,
3.84321e+06,
3.85857e+06,
3.8723e+06,
3.88747e+06,
3.90336e+06,
3.91927e+06,
3.93543e+06,
3.9517e+06,
3.96796e+06,
3.98427e+06,
4.00039e+06,
4.01668e+06,
4.0314e+06,
4.04718e+06,
4.064e+06,
4.08181e+06,
4.09865e+06,
4.11543e+06,
4.13194e+06,
4.14773e+06,
4.16316e+06,
4.17668e+06,
4.18119e+06,
4.19672e+06,
4.21553e+06,
4.2341e+06,
4.25281e+06,
4.27162e+06,
4.29089e+06,
4.31055e+06,
4.3308e+06,
4.35024e+06,
4.36969e+06,
4.38947e+06,
4.4089e+06,
4.42855e+06,
4.44863e+06,
4.46999e+06,
4.49104e+06,
4.51191e+06,
4.53255e+06,
4.55337e+06,
4.57448e+06,
4.5955e+06,
4.61769e+06,
4.63981e+06,
4.66323e+06,
4.69306e+06,
4.72638e+06,
4.75901e+06,
4.79287e+06,
4.82637e+06,
4.86059e+06,
4.89395e+06,
4.92733e+06,
4.96069e+06,
4.99501e+06,
5.02976e+06,
5.06591e+06,
5.10239e+06,
5.139e+06,
5.17588e+06,
5.21301e+06,
5.2504e+06,
5.28805e+06,
5.3258e+06,
5.36327e+06,
5.40385e+06,
5.44462e+06,
5.48476e+06,
5.52512e+06,
5.56565e+06,
5.60661e+06,
5.64769e+06,
5.68951e+06,
5.73222e+06,
5.77428e+06,
5.81697e+06,
5.86134e+06,
5.90513e+06,
5.95018e+06,
5.99494e+06,
6.0412e+06,
6.08771e+06,
6.13478e+06,
6.18144e+06,
6.22906e+06,
6.277e+06,
6.32654e+06,
6.37683e+06,
6.42968e+06,
6.48152e+06,
6.53452e+06,
6.58837e+06,
6.64249e+06,
6.69741e+06,
6.75347e+06,
6.81076e+06,
6.87629e+06,
6.94317e+06,
7.00935e+06,
7.07566e+06,
7.13411e+06,
7.19131e+06,
7.24785e+06,
7.30339e+06,
7.36012e+06,
7.41629e+06,
7.47144e+06,
7.5272e+06,
7.58227e+06,
7.6387e+06,
7.69562e+06,
7.75139e+06,
7.80573e+06,
7.85848e+06,
7.91153e+06,
7.96604e+06,
8.02073e+06,
478966,
479296,
479613,
480015,
480457,
480809,
481353,
481951,
482530,
482910,
483293,
483787,
484213,
484547,
484893,
485268,
485696,
486042,
486506,
486911,
487375,
487774,
488179,
488587,
489039,
489393,
489809,
490279,
490647,
491111,
491431,
491825,
492237,
492681,
493117,
493570,
493966,
494461,
494886,
495389,
495958,
496499,
496998,
497559,
498159,
498647,
499124,
499638,
500227,
500684,
501336,
501994,
502607,
503298,
504002,
504721,
505378,
506062,
506787,
507412,
508069,
508815,
509517,
510189,
510914,
511652,
512427,
513264,
514049,
514890,
515757,
516601,
517525,
518527,
519512,
520459,
521489,
522406,
523333,
524326,
525288,
526303,
527297,
528300,
529279,
530166,
531066,
532158,
533178,
534159,
535273,
536142,
537222,
538264,
539370,
540448,
541514,
542672,
543738,
544657,
545716,
546829,
547995,
549043,
550082,
551244,
552367,
553502,
554751,
555885,
557132,
558305,
559489,
560777,
562235,
563608,
565001,
566212,
567459,
568896,
570241,
571529,
572735,
573995,
575319,
576686,
577941,
579257,
580539,
581913,
583362,
584657,
585844,
587086,
588410,
589885,
591226,
592540,
593948,
595370,
596866,
598331,
599714,
600930,
602351,
603775,
605305,
606777,
608142,
609688,
611124,
612496,
614051,
615480,
616963,
618411,
619866,
621456,
623013,
624707,
626736,
628739,
630588,
632345,
634179,
636082,
637797,
639515,
641152,
642963,
644786,
646675,
648540,
650316,
652229,
654129,
655966,
657912,
659964,
661905,
663881,
665883,
667843,
669672,
671688,
673741,
675800,
677861,
679863,
681955,
684113,
686321,
688515,
690627,
692778,
694890,
697077,
699291,
701374,
703506,
705777,
708192,
710530,
712634,
714972,
717385,
719710,
722162,
724582,
726795,
729278,
731674,
734115,
736490,
738994,
741550,
743908,
746303,
748792,
751338,
753976,
756418,
758967,
761296,
764016,
766760,
769406,
772056,
774736,
777435,
780181,
782803,
785445,
788054,
790788,
793744,
796556,
799248,
802019,
804838,
807626,
810484,
813384,
816221,
819175,
822219,
825083,
828029,
831105,
834133,
837103,
840175,
843132,
846390,
849416,
852472,
855542,
858730,
861890,
865230,
868485,
871775,
874879,
877995,
881157,
884470,
887589,
890901,
894394,
897721,
900970,
904402,
907713,
911283,
914743,
918009,
921521,
924967,
928562,
932161,
935999,
939446,
943124,
946683,
950327,
953814,
957287,
960918,
964509,
968164,
971902,
975710,
979622,
983437,
987157,
990805,
994584,
998241,
1.0022e+06,
1.00586e+06,
1.00971e+06,
1.01363e+06,
1.0176e+06,
1.02145e+06,
1.02548e+06,
1.02957e+06,
1.03356e+06,
1.03752e+06,
1.0415e+06,
1.04552e+06,
1.04938e+06,
1.05341e+06,
1.05735e+06,
1.06127e+06,
1.06547e+06,
1.06931e+06,
1.07338e+06,
1.07751e+06,
1.08159e+06,
1.08588e+06,
1.08999e+06,
1.09411e+06,
1.09835e+06,
1.10233e+06,
1.10656e+06,
1.11058e+06,
1.11472e+06,
1.11886e+06,
1.12333e+06,
1.12767e+06,
1.13228e+06,
1.13643e+06,
1.14092e+06,
1.14516e+06,
1.14949e+06,
1.15369e+06,
1.15808e+06,
1.16226e+06,
1.1665e+06,
1.17097e+06,
1.17539e+06,
1.17981e+06,
1.1842e+06,
1.18849e+06,
1.19295e+06,
1.19712e+06,
1.20145e+06,
1.20591e+06,
1.21031e+06,
1.21482e+06,
1.21931e+06,
1.22376e+06,
1.22829e+06,
1.2326e+06,
1.2372e+06,
1.24148e+06,
1.2459e+06,
1.25042e+06,
1.25495e+06,
1.25927e+06,
1.26388e+06,
1.26833e+06,
1.27284e+06,
1.27718e+06,
1.28157e+06,
1.28618e+06,
1.29073e+06,
1.29543e+06,
1.30017e+06,
1.30468e+06,
1.3092e+06,
1.31386e+06,
1.31863e+06,
1.32357e+06,
1.32836e+06,
1.33292e+06,
1.33754e+06,
1.34226e+06,
1.3469e+06,
1.35167e+06,
1.35631e+06,
1.36092e+06,
1.36546e+06,
1.37004e+06,
1.37456e+06,
1.37915e+06,
1.38384e+06,
1.3884e+06,
1.39289e+06,
1.39736e+06,
1.40201e+06,
1.40658e+06,
1.41135e+06,
1.41578e+06,
1.42049e+06,
1.42508e+06,
1.42989e+06,
1.43448e+06,
1.43909e+06,
1.4437e+06,
1.44843e+06,
1.45331e+06,
1.45809e+06,
1.46243e+06,
1.4672e+06,
1.472e+06,
1.47679e+06,
1.48156e+06,
1.48638e+06,
1.49112e+06,
1.49612e+06,
1.50104e+06,
1.50589e+06,
1.51054e+06,
1.51531e+06,
1.52005e+06,
1.52493e+06,
1.52982e+06,
1.53469e+06,
1.53951e+06,
1.54452e+06,
1.54946e+06,
1.55438e+06,
1.55904e+06,
1.56412e+06,
1.56909e+06,
1.57407e+06,
1.57891e+06,
1.58375e+06,
1.58847e+06,
1.59369e+06,
1.59886e+06,
1.60407e+06,
1.60902e+06,
1.61461e+06,
1.62067e+06,
1.62675e+06,
1.63289e+06,
1.63888e+06,
1.64478e+06,
1.65094e+06,
1.65714e+06,
1.66309e+06,
1.66905e+06,
1.67525e+06,
1.68155e+06,
1.68799e+06,
1.69451e+06,
1.70062e+06,
1.70666e+06,
1.71287e+06,
1.71929e+06,
1.72572e+06,
1.73161e+06,
1.73787e+06,
1.7442e+06,
1.75043e+06,
1.75693e+06,
1.76335e+06,
1.76963e+06,
1.77627e+06,
1.7827e+06,
1.7891e+06,
1.79516e+06,
1.80144e+06,
1.80774e+06,
1.814e+06,
1.82058e+06,
1.82702e+06,
1.83381e+06,
1.84031e+06,
1.8467e+06,
1.85327e+06,
1.85933e+06,
1.86623e+06,
1.87305e+06,
1.87994e+06,
1.88663e+06,
1.89333e+06,
1.9004e+06,
1.90743e+06,
1.91427e+06,
1.92101e+06,
1.92741e+06,
1.93423e+06,
1.94133e+06,
1.9484e+06,
1.95522e+06,
1.96202e+06,
1.96897e+06,
1.97588e+06,
1.98301e+06,
1.99005e+06,
1.99695e+06,
2.00415e+06,
2.01124e+06,
2.01841e+06,
2.02562e+06,
2.03248e+06,
2.0397e+06,
2.0469e+06,
2.05422e+06,
2.06148e+06,
2.06837e+06,
2.07566e+06,
2.08295e+06,
2.09037e+06,
2.09729e+06,
2.10468e+06,
2.11197e+06,
2.11929e+06,
2.12675e+06,
2.13423e+06,
2.14136e+06,
2.14881e+06,
2.15668e+06,
2.16428e+06,
2.17205e+06,
2.17947e+06,
2.18724e+06,
2.19513e+06,
2.20277e+06,
2.21018e+06,
2.21758e+06,
2.22531e+06,
2.23315e+06,
2.24096e+06,
2.24869e+06,
2.25692e+06,
2.26478e+06,
2.27288e+06,
2.28067e+06,
2.28826e+06,
2.29545e+06,
2.30339e+06,
2.31139e+06,
2.31945e+06,
2.3272e+06,
2.33542e+06,
2.34376e+06,
2.35179e+06,
2.35989e+06,
2.36788e+06,
2.3754e+06,
2.38353e+06,
2.39179e+06,
2.39963e+06,
2.4087e+06,
2.41749e+06,
2.42619e+06,
2.43519e+06,
2.44404e+06,
2.45281e+06,
2.46153e+06,
2.47026e+06,
2.47918e+06,
2.48813e+06,
2.49734e+06,
2.50643e+06,
2.5154e+06,
2.52439e+06,
2.5334e+06,
2.54245e+06,
2.5511e+06,
2.56026e+06,
2.56939e+06,
2.57875e+06,
2.58798e+06,
2.59739e+06,
2.60681e+06,
2.61617e+06,
2.62539e+06,
2.63461e+06,
2.64321e+06,
2.65262e+06,
2.66188e+06,
2.67099e+06,
2.68084e+06,
2.69067e+06,
2.70031e+06,
2.71007e+06,
2.71997e+06,
2.72989e+06,
2.73956e+06,
2.74959e+06,
2.7594e+06,
2.76936e+06,
2.77984e+06,
2.79026e+06,
2.80084e+06,
2.81128e+06,
2.8215e+06,
2.83215e+06,
2.84187e+06,
2.85209e+06,
2.86236e+06,
2.8733e+06,
2.88408e+06,
2.895e+06,
2.90589e+06,
2.91677e+06,
2.92761e+06,
2.9388e+06,
2.94883e+06,
2.95964e+06,
2.97028e+06,
2.98129e+06,
2.99248e+06,
3.00389e+06,
3.01541e+06,
3.02704e+06,
3.03839e+06,
3.04988e+06,
3.05989e+06,
3.07125e+06,
3.08233e+06,
3.09457e+06,
3.10674e+06,
3.11898e+06,
3.13154e+06,
3.1441e+06,
3.15637e+06,
3.16856e+06,
3.17984e+06,
3.19175e+06,
3.20389e+06,
3.21647e+06,
3.22981e+06,
3.24283e+06,
3.25575e+06,
3.26854e+06,
3.28137e+06,
3.29401e+06,
3.30622e+06,
3.31885e+06,
3.33202e+06,
3.34584e+06,
3.35947e+06,
3.37287e+06,
3.38617e+06,
3.39976e+06,
3.41324e+06,
3.42664e+06,
3.44009e+06,
3.45392e+06,
3.46811e+06,
3.48243e+06,
3.49648e+06,
3.51077e+06,
3.52507e+06,
3.53974e+06,
3.55483e+06,
3.56929e+06,
3.58323e+06,
3.5974e+06,
3.61206e+06,
3.62725e+06,
3.64235e+06,
3.65761e+06,
3.67314e+06,
3.68888e+06,
3.70446e+06,
3.71996e+06,
3.73398e+06,
3.74865e+06,
3.76439e+06,
3.78057e+06,
3.79684e+06,
3.81333e+06,
3.82939e+06,
3.84599e+06,
3.86204e+06,
3.87801e+06,
3.89328e+06,
3.90999e+06,
3.9273e+06,
3.94464e+06,
3.96166e+06,
3.97857e+06,
3.99558e+06,
4.01283e+06,
4.03032e+06,
4.04762e+06,
4.06378e+06,
4.08046e+06,
4.09806e+06,
4.11621e+06,
4.13431e+06,
4.15232e+06,
4.17104e+06,
4.18957e+06,
4.20808e+06,
4.22584e+06,
4.24211e+06,
4.25989e+06,
4.27857e+06,
4.29792e+06,
4.31762e+06,
4.33688e+06,
4.35566e+06,
4.37391e+06,
4.39118e+06,
4.40755e+06,
4.41407e+06,
4.43155e+06,
4.45295e+06,
4.47356e+06,
4.49457e+06,
4.51565e+06,
4.53709e+06,
4.5595e+06,
4.58223e+06,
4.6048e+06,
4.62655e+06,
4.64901e+06,
4.67142e+06,
4.69486e+06,
4.72128e+06,
4.75727e+06,
4.793e+06,
4.82942e+06,
4.86528e+06,
4.90115e+06,
4.93644e+06,
4.97281e+06,
5.0095e+06,
5.04706e+06,
5.08431e+06,
5.12344e+06,
5.16163e+06,
5.20048e+06,
5.23997e+06,
5.27889e+06,
5.31911e+06,
5.35962e+06,
5.39983e+06,
5.44001e+06,
5.48036e+06,
5.523e+06,
5.56553e+06,
5.60885e+06,
5.65393e+06,
5.69736e+06,
5.74138e+06,
5.78636e+06,
5.83125e+06,
5.87609e+06,
5.92246e+06,
5.97132e+06,
6.02004e+06,
6.06873e+06,
6.11717e+06,
6.16702e+06,
6.21719e+06,
6.26806e+06,
6.31864e+06,
6.37304e+06,
6.42567e+06,
6.48089e+06,
6.53647e+06,
6.59345e+06,
6.65057e+06,
6.70982e+06,
6.77214e+06,
6.84053e+06,
6.90897e+06,
6.97728e+06,
7.04198e+06,
7.10212e+06,
7.16208e+06,
7.22092e+06,
7.27985e+06,
7.33811e+06,
7.39485e+06,
7.45163e+06,
7.50859e+06,
7.56576e+06,
7.6244e+06,
7.68121e+06,
7.73817e+06,
7.79365e+06,
7.84859e+06,
7.90381e+06,
7.9592e+06,
8.01335e+06,
8.06707e+06,
8.12212e+06,
8.17766e+06,
8.23427e+06,
8.29241e+06,
8.3508e+06,
8.40822e+06,
8.46508e+06,
8.52144e+06,
8.57756e+06,
8.63296e+06,
8.68891e+06,
8.74435e+06,
8.79959e+06,
8.85605e+06,
478966,
479296,
479647,
480035,
480461,
480827,
481385,
482010,
482554,
482956,
483381,
483816,
484241,
484644,
485017,
485420,
485725,
486119,
486610,
487035,
487416,
487832,
488218,
488680,
489045,
489478,
489871,
490340,
490807,
491235,
491635,
492049,
492405,
492743,
493188,
493628,
494127,
494628,
495069,
495532,
496106,
496624,
497178,
497733,
498314,
498820,
499384,
499895,
500477,
500993,
501516,
502166,
502882,
503504,
504210,
504937,
505679,
506308,
506961,
507683,
508387,
509145,
509811,
510578,
511336,
512139,
512871,
513740,
514565,
515436,
516265,
517274,
518234,
519145,
520077,
521050,
522040,
523050,
524000,
525034,
525893,
526895,
527852,
528843,
529893,
530772,
531772,
532732,
533785,
534801,
535855,
536811,
537891,
538912,
540095,
541147,
542114,
543247,
544345,
545460,
546501,
547643,
548666,
549697,
550806,
552020,
553154,
554312,
555453,
556623,
557857,
559134,
560297,
561499,
562839,
564373,
565704,
567140,
568413,
569752,
571043,
572260,
573645,
574918,
576268,
577540,
578959,
580299,
581646,
582871,
584138,
585513,
586777,
587994,
589435,
590757,
592250,
593642,
595089,
596421,
597829,
599331,
600685,
601946,
603361,
604749,
606215,
607652,
609107,
610564,
611938,
613412,
615031,
616490,
617929,
619433,
620890,
622498,
624168,
625731,
627744,
629615,
631427,
633253,
635186,
636937,
638601,
640276,
641906,
643690,
645473,
647364,
649169,
650892,
652786,
654605,
656416,
658273,
660127,
662065,
663947,
665998,
667976,
669927,
671881,
673834,
675948,
677953,
680057,
682071,
684067,
686118,
688287,
690445,
692612,
694853,
697039,
699265,
701384,
703681,
705992,
708118,
710490,
712632,
714774,
717473,
719969,
722223,
724646,
727064,
729603,
731948,
734257,
736646,
739055,
741505,
743842,
746218,
748659,
751134,
753672,
756199,
758684,
761081,
763659,
766300,
769037,
771507,
774163,
776774,
779328,
781949,
784515,
787244,
789918,
792673,
795395,
798211,
800914,
803723,
806592,
809392,
812091,
814768,
817651,
820600,
823550,
826427,
829476,
832414,
835474,
838493,
841503,
844495,
847776,
850690,
853694,
856625,
859717,
862860,
866023,
869344,
872560,
875570,
878558,
881750,
885059,
888219,
891498,
894868,
898138,
901464,
904672,
907950,
911466,
914883,
918315,
921713,
925030,
928527,
931843,
935355,
938896,
942354,
945865,
949289,
952734,
956261,
959719,
963150,
966850,
970561,
974157,
977900,
981613,
985368,
989113,
992865,
996483,
1.00018e+06,
1.00392e+06,
1.00754e+06,
1.01133e+06,
1.015e+06,
1.01885e+06,
1.02279e+06,
1.02667e+06,
1.03054e+06,
1.03437e+06,
1.03814e+06,
1.04215e+06,
1.04628e+06,
1.05002e+06,
1.05394e+06,
1.05796e+06,
1.06201e+06,
1.06612e+06,
1.07023e+06,
1.07429e+06,
1.0783e+06,
1.08256e+06,
1.08681e+06,
1.09079e+06,
1.09488e+06,
1.09896e+06,
1.10306e+06,
1.1071e+06,
1.11112e+06,
1.11523e+06,
1.11943e+06,
1.12367e+06,
1.12802e+06,
1.13221e+06,
1.13637e+06,
1.14072e+06,
1.14493e+06,
1.14932e+06,
1.15367e+06,
1.1579e+06,
1.16207e+06,
1.16643e+06,
1.17079e+06,
1.17514e+06,
1.17933e+06,
1.18356e+06,
1.18789e+06,
1.19229e+06,
1.1966e+06,
1.20103e+06,
1.20549e+06,
1.20998e+06,
1.21433e+06,
1.21855e+06,
1.22284e+06,
1.22745e+06,
1.23197e+06,
1.23646e+06,
1.24085e+06,
1.24528e+06,
1.24964e+06,
1.25417e+06,
1.25849e+06,
1.26285e+06,
1.26711e+06,
1.27156e+06,
1.27602e+06,
1.28062e+06,
1.28513e+06,
1.28973e+06,
1.29423e+06,
1.29879e+06,
1.30316e+06,
1.30787e+06,
1.31258e+06,
1.31723e+06,
1.32184e+06,
1.32655e+06,
1.33125e+06,
1.33576e+06,
1.34039e+06,
1.34498e+06,
1.34958e+06,
1.3541e+06,
1.35849e+06,
1.36305e+06,
1.36766e+06,
1.37243e+06,
1.37693e+06,
1.38144e+06,
1.38584e+06,
1.39048e+06,
1.39497e+06,
1.39949e+06,
1.40382e+06,
1.40848e+06,
1.41317e+06,
1.41799e+06,
1.42268e+06,
1.42703e+06,
1.43174e+06,
1.43649e+06,
1.44092e+06,
1.44536e+06,
1.44979e+06,
1.45455e+06,
1.45936e+06,
1.46432e+06,
1.46903e+06,
1.47386e+06,
1.47876e+06,
1.48409e+06,
1.48959e+06,
1.49534e+06,
1.50086e+06,
1.50665e+06,
1.51267e+06,
1.51877e+06,
1.52456e+06,
1.53068e+06,
1.53668e+06,
1.54274e+06,
1.54851e+06,
1.55429e+06,
1.56014e+06,
1.56624e+06,
1.57234e+06,
1.57842e+06,
1.5845e+06,
1.59044e+06,
1.5968e+06,
1.60273e+06,
1.60884e+06,
1.61485e+06,
1.62103e+06,
1.62733e+06,
1.63338e+06,
1.63965e+06,
1.64584e+06,
1.65216e+06,
1.65846e+06,
1.66461e+06,
1.67087e+06,
1.67707e+06,
1.68295e+06,
1.68905e+06,
1.69529e+06,
1.70148e+06,
1.70794e+06,
1.71447e+06,
1.721e+06,
1.72735e+06,
1.73399e+06,
1.74052e+06,
1.74682e+06,
1.75342e+06,
1.75997e+06,
1.76653e+06,
1.77342e+06,
1.78025e+06,
1.78694e+06,
1.79354e+06,
1.80013e+06,
1.80686e+06,
1.81329e+06,
1.81984e+06,
1.82657e+06,
1.8334e+06,
1.84031e+06,
1.84739e+06,
1.85395e+06,
1.86076e+06,
1.86777e+06,
1.8747e+06,
1.88116e+06,
1.88796e+06,
1.89488e+06,
1.90186e+06,
1.90875e+06,
1.9156e+06,
1.92258e+06,
1.92978e+06,
1.93703e+06,
1.944e+06,
1.9506e+06,
1.95757e+06,
1.96451e+06,
1.97164e+06,
1.97909e+06,
1.98642e+06,
1.99361e+06,
2.00114e+06,
2.00867e+06,
2.01601e+06,
2.02305e+06,
2.0305e+06,
2.03778e+06,
2.04544e+06,
2.05318e+06,
2.06059e+06,
2.06812e+06,
2.07587e+06,
2.08345e+06,
2.09097e+06,
2.0983e+06,
2.10585e+06,
2.11357e+06,
2.12115e+06,
2.12886e+06,
2.13643e+06,
2.14428e+06,
2.15215e+06,
2.16017e+06,
2.16783e+06,
2.17515e+06,
2.183e+06,
2.19076e+06,
2.19866e+06,
2.20671e+06,
2.21459e+06,
2.22281e+06,
2.23082e+06,
2.23876e+06,
2.24656e+06,
2.2544e+06,
2.26272e+06,
2.27099e+06,
2.27913e+06,
2.28721e+06,
2.29539e+06,
2.304e+06,
2.31257e+06,
2.32114e+06,
2.32977e+06,
2.33766e+06,
2.34613e+06,
2.35477e+06,
2.36336e+06,
2.37146e+06,
2.37996e+06,
2.38908e+06,
2.39814e+06,
2.40694e+06,
2.41544e+06,
2.42344e+06,
2.43202e+06,
2.44088e+06,
2.4496e+06,
2.45807e+06,
2.46706e+06,
2.47635e+06,
2.48596e+06,
2.49528e+06,
2.50464e+06,
2.51389e+06,
2.52292e+06,
2.53252e+06,
2.5417e+06,
2.55113e+06,
2.56118e+06,
2.57137e+06,
2.58134e+06,
2.59118e+06,
2.60086e+06,
2.6101e+06,
2.61989e+06,
2.62972e+06,
2.63977e+06,
2.64948e+06,
2.66001e+06,
2.67041e+06,
2.6805e+06,
2.69071e+06,
2.70076e+06,
2.71037e+06,
2.72028e+06,
2.73036e+06,
2.74052e+06,
2.75058e+06,
2.76121e+06,
2.77211e+06,
2.7828e+06,
2.79365e+06,
2.80421e+06,
2.81399e+06,
2.82467e+06,
2.83524e+06,
2.84587e+06,
2.85689e+06,
2.86846e+06,
2.8802e+06,
2.89132e+06,
2.90256e+06,
2.91377e+06,
2.92464e+06,
2.93577e+06,
2.94695e+06,
2.95851e+06,
2.9705e+06,
2.9828e+06,
2.99431e+06,
3.0063e+06,
3.01815e+06,
3.0298e+06,
3.0409e+06,
3.05285e+06,
3.06489e+06,
3.07711e+06,
3.08972e+06,
3.10239e+06,
3.11442e+06,
3.1266e+06,
3.1391e+06,
3.15113e+06,
3.16282e+06,
3.17536e+06,
3.18756e+06,
3.20017e+06,
3.21329e+06,
3.22637e+06,
3.23958e+06,
3.25313e+06,
3.26687e+06,
3.2806e+06,
3.29355e+06,
3.30683e+06,
3.32036e+06,
3.33405e+06,
3.34799e+06,
3.36215e+06,
3.37592e+06,
3.39044e+06,
3.40479e+06,
3.4189e+06,
3.4325e+06,
3.44651e+06,
3.46069e+06,
3.47489e+06,
3.48961e+06,
3.50508e+06,
3.52029e+06,
3.53556e+06,
3.5506e+06,
3.5651e+06,
3.57925e+06,
3.59391e+06,
3.6092e+06,
3.62557e+06,
3.64165e+06,
3.6575e+06,
3.67378e+06,
3.68975e+06,
3.70568e+06,
3.72144e+06,
3.73721e+06,
3.75391e+06,
3.77028e+06,
3.78699e+06,
3.80345e+06,
3.82062e+06,
3.83749e+06,
3.85469e+06,
3.87221e+06,
3.88889e+06,
3.90519e+06,
3.92211e+06,
3.93919e+06,
3.95651e+06,
3.9743e+06,
3.99237e+06,
4.01087e+06,
4.02902e+06,
4.04688e+06,
4.06473e+06,
4.08154e+06,
4.09922e+06,
4.11832e+06,
4.13796e+06,
4.15784e+06,
4.17714e+06,
4.19651e+06,
4.21557e+06,
4.23516e+06,
4.25393e+06,
4.27298e+06,
4.29241e+06,
4.3125e+06,
4.33246e+06,
4.35293e+06,
4.373e+06,
4.39347e+06,
4.41478e+06,
4.43587e+06,
4.45588e+06,
4.47507e+06,
4.49443e+06,
4.51516e+06,
4.53654e+06,
4.55852e+06,
4.5804e+06,
4.60144e+06,
4.6228e+06,
4.64308e+06,
4.66174e+06,
4.67264e+06,
4.69129e+06,
4.71655e+06,
4.74163e+06,
4.77001e+06,
4.80802e+06,
4.84594e+06,
4.88403e+06,
4.92206e+06,
4.96146e+06,
4.99988e+06,
5.03832e+06,
5.07697e+06,
5.11491e+06,
5.15447e+06,
5.19571e+06,
5.23789e+06,
5.27935e+06,
5.32169e+06,
5.36334e+06,
5.40488e+06,
5.44786e+06,
5.49087e+06,
5.53477e+06,
5.58041e+06,
5.62684e+06,
5.67271e+06,
5.71898e+06,
5.76615e+06,
5.81382e+06,
5.86139e+06,
5.91119e+06,
5.96016e+06,
6.00904e+06,
6.05912e+06,
6.11068e+06,
6.16306e+06,
6.21622e+06,
6.27038e+06,
6.32634e+06,
6.38105e+06,
6.43817e+06,
6.49541e+06,
6.55353e+06,
6.61395e+06,
6.6771e+06,
6.74799e+06,
6.82022e+06,
6.89222e+06,
6.96125e+06,
7.02389e+06,
7.08561e+06,
7.14585e+06,
7.20636e+06,
7.26542e+06,
7.32487e+06,
7.38419e+06,
7.44324e+06,
7.50303e+06,
7.5626e+06,
7.62102e+06,
7.67954e+06,
7.73624e+06,
7.79268e+06,
7.84961e+06,
7.90632e+06,
7.96347e+06,
8.01981e+06,
8.07652e+06,
8.13337e+06,
8.19038e+06,
8.2481e+06,
8.30669e+06,
8.36488e+06,
8.42317e+06,
8.4818e+06,
8.54079e+06,
8.5971e+06,
8.65384e+06,
8.70999e+06,
8.76638e+06,
8.82367e+06,
8.88073e+06,
8.93913e+06,
8.997e+06,
9.05524e+06,
9.11411e+06,
9.17303e+06,
9.23114e+06,
9.28995e+06,
9.34891e+06,
9.40648e+06,
9.46357e+06,
9.52005e+06,
9.57788e+06,
9.63701e+06,
9.69768e+06,
478966,
479305,
479670,
480080,
480471,
480849,
481417,
482046,
482595,
483016,
483417,
483833,
484276,
484670,
485076,
485481,
485813,
486217,
486631,
487120,
487516,
487891,
488373,
488744,
489146,
489629,
490016,
490441,
490873,
491292,
491746,
492173,
492536,
492964,
493354,
493758,
494207,
494687,
495150,
495636,
496262,
496784,
497317,
497814,
498427,
498984,
499533,
500075,
500633,
501152,
501776,
502387,
503092,
503754,
504439,
505129,
505881,
506428,
507127,
507845,
508525,
509298,
510027,
510839,
511487,
512352,
513247,
514125,
515058,
516042,
517020,
517895,
518773,
519638,
520561,
521506,
522515,
523473,
524449,
525343,
526324,
527275,
528291,
529301,
530234,
531130,
532095,
533150,
534215,
535173,
536217,
537224,
538351,
539499,
540507,
541645,
542708,
543780,
544875,
545907,
546956,
548159,
549213,
550272,
551477,
552633,
553697,
554832,
555978,
557160,
558448,
559760,
560853,
561937,
563189,
564547,
566188,
567632,
568966,
570321,
571555,
572931,
574282,
575555,
576810,
578056,
579572,
580895,
582221,
583493,
584753,
586115,
587593,
588889,
590261,
591582,
593010,
594478,
595885,
597285,
598650,
599970,
601380,
602739,
604187,
605586,
607049,
608485,
610032,
611467,
613029,
614404,
615821,
617201,
618644,
620204,
621660,
623161,
624724,
626400,
628366,
630253,
632049,
633784,
635487,
637381,
639080,
640856,
642466,
644196,
646037,
647846,
649678,
651390,
653220,
655087,
656891,
658696,
660606,
662405,
664340,
666359,
668365,
670220,
672198,
674205,
676361,
678479,
680565,
682599,
684865,
686823,
688818,
691008,
693185,
695340,
697437,
699624,
701917,
704091,
706402,
708628,
710788,
712853,
715247,
717570,
719805,
722132,
724493,
726893,
729261,
731571,
733927,
736165,
738597,
740953,
743402,
745772,
748255,
750754,
753268,
755806,
758164,
760557,
763018,
765590,
768057,
770644,
773178,
775811,
778449,
781066,
783674,
786216,
788883,
791626,
794394,
796886,
799660,
802391,
805258,
808032,
810801,
813473,
816311,
819122,
822021,
824908,
827796,
830716,
833551,
836512,
839589,
842536,
845437,
848354,
851454,
854549,
857526,
860578,
863592,
866644,
869632,
872579,
875773,
878987,
881947,
885209,
888504,
891637,
894693,
897926,
901129,
904369,
907637,
910930,
914354,
917641,
920946,
924219,
927560,
931016,
934580,
937841,
941350,
944839,
948185,
951612,
955049,
958400,
961982,
965306,
968861,
972251,
975902,
979401,
982905,
986513,
990214,
993814,
997474,
1.00104e+06,
1.00472e+06,
1.00826e+06,
1.01203e+06,
1.01574e+06,
1.01958e+06,
1.0233e+06,
1.02713e+06,
1.0311e+06,
1.03492e+06,
1.0387e+06,
1.04254e+06,
1.04618e+06,
1.05003e+06,
1.05397e+06,
1.05785e+06,
1.06188e+06,
1.06604e+06,
1.06991e+06,
1.07399e+06,
1.07797e+06,
1.08179e+06,
1.08571e+06,
1.0897e+06,
1.09364e+06,
1.09774e+06,
1.10185e+06,
1.10597e+06,
1.11015e+06,
1.11445e+06,
1.11871e+06,
1.12263e+06,
1.12679e+06,
1.13104e+06,
1.13509e+06,
1.13956e+06,
1.14392e+06,
1.14794e+06,
1.15227e+06,
1.15659e+06,
1.16067e+06,
1.16472e+06,
1.16873e+06,
1.1729e+06,
1.17717e+06,
1.18144e+06,
1.18585e+06,
1.19009e+06,
1.1944e+06,
1.19886e+06,
1.20319e+06,
1.2075e+06,
1.21184e+06,
1.21612e+06,
1.22044e+06,
1.22489e+06,
1.22921e+06,
1.23334e+06,
1.23798e+06,
1.24246e+06,
1.24668e+06,
1.2511e+06,
1.25524e+06,
1.25973e+06,
1.26437e+06,
1.26901e+06,
1.27348e+06,
1.27784e+06,
1.28226e+06,
1.28691e+06,
1.29138e+06,
1.29581e+06,
1.30047e+06,
1.30501e+06,
1.30961e+06,
1.31433e+06,
1.31883e+06,
1.32362e+06,
1.32811e+06,
1.33276e+06,
1.33718e+06,
1.34162e+06,
1.34603e+06,
1.35036e+06,
1.35492e+06,
1.35939e+06,
1.36415e+06,
1.36922e+06,
1.37488e+06,
1.38034e+06,
1.38598e+06,
1.39154e+06,
1.39673e+06,
1.40215e+06,
1.40792e+06,
1.41356e+06,
1.41926e+06,
1.42494e+06,
1.43074e+06,
1.43672e+06,
1.44233e+06,
1.44792e+06,
1.45316e+06,
1.45882e+06,
1.46452e+06,
1.47059e+06,
1.47669e+06,
1.48263e+06,
1.48861e+06,
1.49425e+06,
1.49997e+06,
1.50568e+06,
1.51129e+06,
1.51725e+06,
1.52321e+06,
1.52926e+06,
1.53513e+06,
1.54116e+06,
1.54732e+06,
1.55318e+06,
1.55923e+06,
1.56539e+06,
1.57118e+06,
1.57718e+06,
1.58326e+06,
1.58947e+06,
1.59572e+06,
1.60211e+06,
1.60844e+06,
1.61502e+06,
1.62153e+06,
1.62788e+06,
1.6339e+06,
1.64034e+06,
1.64676e+06,
1.65325e+06,
1.65963e+06,
1.66612e+06,
1.67259e+06,
1.67917e+06,
1.68573e+06,
1.69207e+06,
1.69841e+06,
1.70494e+06,
1.71137e+06,
1.71774e+06,
1.72435e+06,
1.7309e+06,
1.73759e+06,
1.74427e+06,
1.75088e+06,
1.75752e+06,
1.76426e+06,
1.77092e+06,
1.77768e+06,
1.78425e+06,
1.79103e+06,
1.79789e+06,
1.80463e+06,
1.81137e+06,
1.81829e+06,
1.82516e+06,
1.83176e+06,
1.83874e+06,
1.84572e+06,
1.85301e+06,
1.8602e+06,
1.8675e+06,
1.87454e+06,
1.88162e+06,
1.88871e+06,
1.89606e+06,
1.90331e+06,
1.91039e+06,
1.9178e+06,
1.9253e+06,
1.9328e+06,
1.94003e+06,
1.94739e+06,
1.95478e+06,
1.96202e+06,
1.96934e+06,
1.97665e+06,
1.98419e+06,
1.9916e+06,
1.99906e+06,
2.00649e+06,
2.01397e+06,
2.0215e+06,
2.02882e+06,
2.0362e+06,
2.04407e+06,
2.05136e+06,
2.05902e+06,
2.06691e+06,
2.07461e+06,
2.08232e+06,
2.09015e+06,
2.09794e+06,
2.10581e+06,
2.11379e+06,
2.12154e+06,
2.12946e+06,
2.13757e+06,
2.14574e+06,
2.15383e+06,
2.16203e+06,
2.17032e+06,
2.17835e+06,
2.18655e+06,
2.1947e+06,
2.203e+06,
2.21091e+06,
2.21945e+06,
2.22786e+06,
2.23641e+06,
2.24476e+06,
2.25306e+06,
2.26148e+06,
2.26967e+06,
2.27828e+06,
2.28665e+06,
2.2948e+06,
2.30357e+06,
2.31246e+06,
2.3213e+06,
2.32989e+06,
2.33862e+06,
2.34699e+06,
2.35569e+06,
2.36441e+06,
2.37332e+06,
2.38163e+06,
2.39072e+06,
2.40021e+06,
2.40937e+06,
2.41852e+06,
2.4276e+06,
2.43673e+06,
2.44589e+06,
2.45518e+06,
2.4644e+06,
2.47329e+06,
2.48284e+06,
2.4927e+06,
2.50214e+06,
2.51178e+06,
2.52115e+06,
2.53105e+06,
2.54106e+06,
2.55102e+06,
2.56083e+06,
2.57065e+06,
2.58062e+06,
2.59109e+06,
2.60157e+06,
2.61183e+06,
2.62217e+06,
2.63224e+06,
2.64245e+06,
2.65254e+06,
2.66316e+06,
2.67327e+06,
2.68381e+06,
2.69464e+06,
2.70528e+06,
2.71617e+06,
2.72705e+06,
2.73802e+06,
2.74896e+06,
2.75984e+06,
2.77084e+06,
2.78129e+06,
2.79235e+06,
2.80361e+06,
2.81493e+06,
2.82585e+06,
2.83732e+06,
2.84844e+06,
2.85974e+06,
2.87137e+06,
2.88285e+06,
2.894e+06,
2.90599e+06,
2.91756e+06,
2.92922e+06,
2.94102e+06,
2.9528e+06,
2.96491e+06,
2.97673e+06,
2.9889e+06,
3.00121e+06,
3.01292e+06,
3.02492e+06,
3.03721e+06,
3.04942e+06,
3.06162e+06,
3.07449e+06,
3.08717e+06,
3.1001e+06,
3.11361e+06,
3.12681e+06,
3.13929e+06,
3.15244e+06,
3.16553e+06,
3.1783e+06,
3.19169e+06,
3.20523e+06,
3.21889e+06,
3.23294e+06,
3.2464e+06,
3.25989e+06,
3.27255e+06,
3.28592e+06,
3.2995e+06,
3.31343e+06,
3.32765e+06,
3.34252e+06,
3.35719e+06,
3.3715e+06,
3.38572e+06,
3.40038e+06,
3.41415e+06,
3.42847e+06,
3.44309e+06,
3.4583e+06,
3.47412e+06,
3.48949e+06,
3.50514e+06,
3.52045e+06,
3.53605e+06,
3.55138e+06,
3.56661e+06,
3.58242e+06,
3.59845e+06,
3.61444e+06,
3.63103e+06,
3.64728e+06,
3.66379e+06,
3.68031e+06,
3.69715e+06,
3.71414e+06,
3.73033e+06,
3.7471e+06,
3.76354e+06,
3.78059e+06,
3.79772e+06,
3.8153e+06,
3.83341e+06,
3.85107e+06,
3.86867e+06,
3.88586e+06,
3.90251e+06,
3.92061e+06,
3.93829e+06,
3.95768e+06,
3.97719e+06,
3.99614e+06,
4.01471e+06,
4.03361e+06,
4.05254e+06,
4.07104e+06,
4.08999e+06,
4.10958e+06,
4.12858e+06,
4.14868e+06,
4.16837e+06,
4.18808e+06,
4.20804e+06,
4.22854e+06,
4.24951e+06,
4.26961e+06,
4.28917e+06,
4.30939e+06,
4.32981e+06,
4.35101e+06,
4.37194e+06,
4.39476e+06,
4.41656e+06,
4.43858e+06,
4.4607e+06,
4.48208e+06,
4.50276e+06,
4.52469e+06,
4.54833e+06,
4.57173e+06,
4.59486e+06,
4.61787e+06,
4.64057e+06,
4.66396e+06,
4.68768e+06,
4.71193e+06,
4.73458e+06,
4.75778e+06,
4.78141e+06,
4.8058e+06,
4.83179e+06,
4.86568e+06,
4.9055e+06,
4.94448e+06,
4.9822e+06,
5.01744e+06,
5.04625e+06,
5.08119e+06,
5.12163e+06,
5.16411e+06,
5.2056e+06,
5.24968e+06,
5.29395e+06,
5.33854e+06,
5.38258e+06,
5.42815e+06,
5.47396e+06,
5.52054e+06,
5.56686e+06,
5.61252e+06,
5.6593e+06,
5.70749e+06,
5.75747e+06,
5.80793e+06,
5.85988e+06,
5.9111e+06,
5.96211e+06,
6.01334e+06,
6.06574e+06,
6.11916e+06,
6.17282e+06,
6.23182e+06,
6.29042e+06,
6.34909e+06,
6.40935e+06,
6.47019e+06,
6.53249e+06,
6.59668e+06,
6.66695e+06,
6.74104e+06,
6.815e+06,
6.88909e+06,
6.95449e+06,
7.01936e+06,
7.08223e+06,
7.14577e+06,
7.20628e+06,
7.26644e+06,
7.32675e+06,
7.38769e+06,
7.44818e+06,
7.50964e+06,
7.57154e+06,
7.63259e+06,
7.69287e+06,
7.75208e+06,
7.81013e+06,
7.86835e+06,
7.92619e+06,
7.98419e+06,
8.04266e+06,
8.10121e+06,
8.15897e+06,
8.21888e+06,
8.27844e+06,
8.33813e+06,
8.39659e+06,
8.45565e+06,
8.51412e+06,
8.57164e+06,
8.6299e+06,
8.68869e+06,
8.7475e+06,
8.80582e+06,
8.8657e+06,
8.92631e+06,
8.98616e+06,
9.04575e+06,
9.10578e+06,
9.16432e+06,
9.22361e+06,
9.28238e+06,
9.34143e+06,
9.4006e+06,
9.45954e+06,
9.5185e+06,
9.57883e+06,
9.63858e+06,
9.69813e+06,
9.75808e+06,
9.81897e+06,
9.87968e+06,
9.94105e+06,
1.00013e+07,
1.00619e+07,
1.01216e+07,
1.01814e+07,
1.02407e+07,
1.03004e+07,
1.03615e+07,
1.04233e+07,
1.04853e+07,
1.0547e+07,
478966,
479315,
479653,
480089,
480465,
480884,
481465,
482063,
482618,
483045,
483454,
483885,
484311,
484730,
485096,
485493,
485886,
486347,
486697,
487125,
487534,
487974,
488387,
488806,
489234,
489697,
490096,
490558,
490942,
491392,
491832,
492217,
492681,
493103,
493443,
493886,
494335,
494806,
495237,
495770,
496308,
496894,
497419,
497969,
498587,
499105,
499719,
500209,
500767,
501335,
501980,
502654,
503342,
503993,
504699,
505415,
506036,
506682,
507384,
508032,
508725,
509505,
510256,
511051,
511806,
512679,
513607,
514625,
515583,
516470,
517350,
518210,
519171,
520136,
521021,
521984,
522963,
523823,
524730,
525672,
526731,
527745,
528757,
529795,
530684,
531711,
532731,
533762,
534773,
535718,
536879,
537927,
538922,
540025,
541111,
542119,
543197,
544222,
545308,
546570,
547551,
548679,
549743,
550810,
551861,
553107,
554245,
555468,
556654,
557876,
559117,
560329,
561494,
562600,
563883,
565139,
566451,
568133,
569526,
570983,
572297,
573518,
574788,
576045,
577382,
578694,
580038,
581442,
582852,
584169,
585610,
586788,
588065,
589406,
590809,
592172,
593562,
595017,
596466,
597753,
599107,
600513,
601848,
603149,
604608,
606094,
607544,
609027,
610450,
611965,
613514,
614999,
616311,
617750,
619305,
620857,
622389,
623853,
625547,
627094,
628885,
630650,
632587,
634478,
636166,
637906,
639673,
641454,
643303,
645177,
646992,
648852,
650593,
652340,
654176,
655953,
657821,
659687,
661542,
663413,
665374,
667332,
669318,
671315,
673306,
675152,
677173,
679170,
681196,
683182,
685392,
687400,
689496,
691415,
693482,
695561,
697634,
699853,
702159,
704332,
706520,
708764,
711030,
713157,
715343,
717574,
719719,
722092,
724291,
726645,
728990,
731424,
733791,
736077,
738424,
740659,
742945,
745365,
747829,
750271,
752788,
755298,
757692,
760127,
762595,
765011,
767569,
770179,
772674,
775042,
777678,
780280,
782896,
785422,
788014,
790609,
793172,
795826,
798512,
801136,
803902,
806458,
809077,
811752,
814605,
817308,
820098,
822921,
825856,
828710,
831720,
834555,
837499,
840268,
843088,
846000,
848942,
851958,
854960,
857907,
860844,
863854,
866962,
869653,
872641,
875668,
878750,
881898,
885007,
888089,
891268,
894397,
897707,
900907,
904085,
907214,
910405,
913452,
916634,
919938,
923170,
926427,
929728,
932966,
936401,
939724,
943047,
946496,
949822,
953227,
956481,
960031,
963382,
966763,
970225,
973622,
977120,
980641,
984151,
987599,
991118,
994666,
998213,
1.00164e+06,
1.0052e+06,
1.00879e+06,
1.01248e+06,
1.01604e+06,
1.01976e+06,
1.02374e+06,
1.02735e+06,
1.03105e+06,
1.03475e+06,
1.03854e+06,
1.04225e+06,
1.04589e+06,
1.04974e+06,
1.05347e+06,
1.05722e+06,
1.06112e+06,
1.06489e+06,
1.06893e+06,
1.07291e+06,
1.07685e+06,
1.0807e+06,
1.08458e+06,
1.08844e+06,
1.0924e+06,
1.0963e+06,
1.10037e+06,
1.10445e+06,
1.10841e+06,
1.11241e+06,
1.11639e+06,
1.12044e+06,
1.12447e+06,
1.12862e+06,
1.1326e+06,
1.13682e+06,
1.14101e+06,
1.14511e+06,
1.14915e+06,
1.15334e+06,
1.15737e+06,
1.16168e+06,
1.1657e+06,
1.17002e+06,
1.17429e+06,
1.17868e+06,
1.18289e+06,
1.18706e+06,
1.19141e+06,
1.19558e+06,
1.19993e+06,
1.2043e+06,
1.2085e+06,
1.21274e+06,
1.21696e+06,
1.22116e+06,
1.2256e+06,
1.22999e+06,
1.23439e+06,
1.23868e+06,
1.24285e+06,
1.24741e+06,
1.25164e+06,
1.25606e+06,
1.26051e+06,
1.26525e+06,
1.27061e+06,
1.27611e+06,
1.28169e+06,
1.28744e+06,
1.293e+06,
1.2984e+06,
1.304e+06,
1.30968e+06,
1.31543e+06,
1.32085e+06,
1.32641e+06,
1.33196e+06,
1.33743e+06,
1.34315e+06,
1.34853e+06,
1.3543e+06,
1.35985e+06,
1.3655e+06,
1.37103e+06,
1.37677e+06,
1.38261e+06,
1.38835e+06,
1.39403e+06,
1.39969e+06,
1.40499e+06,
1.41058e+06,
1.41605e+06,
1.42177e+06,
1.42754e+06,
1.43335e+06,
1.43904e+06,
1.44476e+06,
1.45076e+06,
1.45642e+06,
1.46199e+06,
1.46782e+06,
1.47379e+06,
1.47969e+06,
1.4857e+06,
1.49171e+06,
1.49794e+06,
1.504e+06,
1.51012e+06,
1.51618e+06,
1.52203e+06,
1.52815e+06,
1.5342e+06,
1.5406e+06,
1.54693e+06,
1.55315e+06,
1.55933e+06,
1.56564e+06,
1.57199e+06,
1.5781e+06,
1.58415e+06,
1.59038e+06,
1.59681e+06,
1.60338e+06,
1.60985e+06,
1.61623e+06,
1.62288e+06,
1.62928e+06,
1.63555e+06,
1.64185e+06,
1.64801e+06,
1.65447e+06,
1.66092e+06,
1.66741e+06,
1.67403e+06,
1.68073e+06,
1.68767e+06,
1.69442e+06,
1.70112e+06,
1.70765e+06,
1.71416e+06,
1.72087e+06,
1.7279e+06,
1.73498e+06,
1.74196e+06,
1.74895e+06,
1.75586e+06,
1.76272e+06,
1.76972e+06,
1.77653e+06,
1.78313e+06,
1.78989e+06,
1.79691e+06,
1.80393e+06,
1.81125e+06,
1.81871e+06,
1.8259e+06,
1.83294e+06,
1.83996e+06,
1.84706e+06,
1.8539e+06,
1.86121e+06,
1.8688e+06,
1.8759e+06,
1.88332e+06,
1.89079e+06,
1.89809e+06,
1.90552e+06,
1.91261e+06,
1.9198e+06,
1.92674e+06,
1.93422e+06,
1.94162e+06,
1.94909e+06,
1.95671e+06,
1.96444e+06,
1.9722e+06,
1.97984e+06,
1.98743e+06,
1.99482e+06,
2.00212e+06,
2.00997e+06,
2.01769e+06,
2.02561e+06,
2.03367e+06,
2.04177e+06,
2.04983e+06,
2.05776e+06,
2.06579e+06,
2.07365e+06,
2.08172e+06,
2.08973e+06,
2.09802e+06,
2.10649e+06,
2.11445e+06,
2.12265e+06,
2.13091e+06,
2.13923e+06,
2.14729e+06,
2.15554e+06,
2.16377e+06,
2.17224e+06,
2.18057e+06,
2.18892e+06,
2.19722e+06,
2.20578e+06,
2.21429e+06,
2.22258e+06,
2.23161e+06,
2.23999e+06,
2.24867e+06,
2.25732e+06,
2.26625e+06,
2.27525e+06,
2.28419e+06,
2.29319e+06,
2.30198e+06,
2.31088e+06,
2.31989e+06,
2.32908e+06,
2.33772e+06,
2.34679e+06,
2.35588e+06,
2.36519e+06,
2.37439e+06,
2.38349e+06,
2.39268e+06,
2.40184e+06,
2.41132e+06,
2.42084e+06,
2.4302e+06,
2.43974e+06,
2.44945e+06,
2.45903e+06,
2.46851e+06,
2.47824e+06,
2.48781e+06,
2.49742e+06,
2.50707e+06,
2.51678e+06,
2.52628e+06,
2.53636e+06,
2.54641e+06,
2.55697e+06,
2.56743e+06,
2.57771e+06,
2.58788e+06,
2.59827e+06,
2.60917e+06,
2.62025e+06,
2.63105e+06,
2.64185e+06,
2.65271e+06,
2.66381e+06,
2.67473e+06,
2.68544e+06,
2.69657e+06,
2.70756e+06,
2.719e+06,
2.73068e+06,
2.7418e+06,
2.75317e+06,
2.76467e+06,
2.77606e+06,
2.78731e+06,
2.79865e+06,
2.81022e+06,
2.82181e+06,
2.83355e+06,
2.84563e+06,
2.85651e+06,
2.86837e+06,
2.88023e+06,
2.89192e+06,
2.90418e+06,
2.91578e+06,
2.92809e+06,
2.94091e+06,
2.95361e+06,
2.96623e+06,
2.97829e+06,
2.99084e+06,
3.00361e+06,
3.01617e+06,
3.02859e+06,
3.04127e+06,
3.05513e+06,
3.06845e+06,
3.08159e+06,
3.09432e+06,
3.10692e+06,
3.11992e+06,
3.13299e+06,
3.14657e+06,
3.16008e+06,
3.17409e+06,
3.18811e+06,
3.20211e+06,
3.2161e+06,
3.22987e+06,
3.24291e+06,
3.25692e+06,
3.27114e+06,
3.2858e+06,
3.30047e+06,
3.31543e+06,
3.33033e+06,
3.34481e+06,
3.35959e+06,
3.37393e+06,
3.38812e+06,
3.40384e+06,
3.41912e+06,
3.43421e+06,
3.44945e+06,
3.46498e+06,
3.48093e+06,
3.49687e+06,
3.51286e+06,
3.52919e+06,
3.54474e+06,
3.56109e+06,
3.57708e+06,
3.59362e+06,
3.60979e+06,
3.62638e+06,
3.64343e+06,
3.66072e+06,
3.6778e+06,
3.69457e+06,
3.71141e+06,
3.72844e+06,
3.746e+06,
3.76337e+06,
3.78188e+06,
3.80033e+06,
3.8187e+06,
3.83701e+06,
3.8552e+06,
3.87302e+06,
3.89114e+06,
3.90978e+06,
3.92899e+06,
3.94802e+06,
3.96759e+06,
3.98684e+06,
4.00589e+06,
4.02567e+06,
4.0449e+06,
4.06527e+06,
4.08469e+06,
4.10449e+06,
4.12425e+06,
4.1447e+06,
4.16503e+06,
4.18551e+06,
4.20704e+06,
4.22843e+06,
4.25013e+06,
4.27165e+06,
4.29206e+06,
4.3137e+06,
4.3356e+06,
4.35838e+06,
4.38147e+06,
4.40426e+06,
4.42702e+06,
4.44956e+06,
4.47224e+06,
4.49498e+06,
4.51843e+06,
4.54197e+06,
4.56541e+06,
4.58928e+06,
4.61282e+06,
4.63689e+06,
4.66149e+06,
4.68689e+06,
4.71178e+06,
4.73608e+06,
4.75976e+06,
4.78378e+06,
4.80881e+06,
4.83483e+06,
4.86235e+06,
4.89042e+06,
4.92665e+06,
4.96899e+06,
5.01137e+06,
5.05272e+06,
5.0937e+06,
5.13674e+06,
5.17946e+06,
5.22211e+06,
5.26457e+06,
5.30735e+06,
5.35201e+06,
5.39723e+06,
5.44334e+06,
5.48651e+06,
5.52488e+06,
5.56703e+06,
5.61398e+06,
5.66335e+06,
5.71294e+06,
5.76515e+06,
5.81808e+06,
5.87214e+06,
5.92555e+06,
5.98073e+06,
6.03656e+06,
6.09288e+06,
6.15261e+06,
6.21168e+06,
6.27075e+06,
6.33173e+06,
6.39528e+06,
6.46038e+06,
6.52723e+06,
6.60067e+06,
6.67855e+06,
6.75672e+06,
6.8308e+06,
6.89742e+06,
6.96369e+06,
7.02896e+06,
7.0941e+06,
7.15739e+06,
7.22016e+06,
7.28431e+06,
7.34743e+06,
7.41042e+06,
7.47405e+06,
7.53687e+06,
7.59899e+06,
7.65941e+06,
7.72097e+06,
7.78152e+06,
7.8419e+06,
7.90338e+06,
7.96237e+06,
8.02155e+06,
8.08156e+06,
8.1408e+06,
8.20279e+06,
8.26383e+06,
8.32518e+06,
8.38469e+06,
8.44412e+06,
8.50287e+06,
8.56342e+06,
8.62363e+06,
8.683e+06,
8.74248e+06,
8.8035e+06,
8.86522e+06,
8.92904e+06,
8.99039e+06,
9.05173e+06,
9.11194e+06,
9.17244e+06,
9.2325e+06,
9.29292e+06,
9.35277e+06,
9.41218e+06,
9.4721e+06,
9.53218e+06,
9.59344e+06,
9.65527e+06,
9.71736e+06,
9.77984e+06,
9.83997e+06,
9.90033e+06,
9.96018e+06,
1.00209e+07,
1.00839e+07,
1.01461e+07,
1.02079e+07,
1.02698e+07,
1.03321e+07,
1.03944e+07,
1.04568e+07,
1.05188e+07,
1.05808e+07,
1.06425e+07,
1.07059e+07,
1.07684e+07,
1.08308e+07,
1.08922e+07,
1.09535e+07,
1.10154e+07,
1.10779e+07,
1.11407e+07,
1.12035e+07,
1.12672e+07,
1.1331e+07,
1.13935e+07,
478966,
479307,
479684,
480084,
480464,
480933,
481492,
482086,
482623,
483068,
483457,
483915,
484356,
484779,
485169,
485563,
486000,
486438,
486781,
487179,
487596,
488053,
488439,
488856,
489265,
489677,
490158,
490594,
491022,
491493,
491918,
492362,
492776,
493196,
493563,
494031,
494443,
494912,
495433,
495892,
496437,
496990,
497507,
498062,
498567,
499146,
499669,
500271,
500892,
501509,
502182,
502838,
503581,
504221,
504834,
505501,
506095,
506792,
507439,
508205,
508863,
509645,
510444,
511317,
512209,
513127,
514095,
514957,
515895,
516847,
517678,
518596,
519478,
520375,
521252,
522241,
523238,
524262,
525201,
526203,
527224,
528144,
529187,
530203,
531168,
532207,
533159,
534253,
535248,
536193,
537189,
538215,
539326,
540405,
541386,
542515,
543609,
544665,
545788,
546859,
548004,
549140,
550250,
551261,
552433,
553557,
554785,
556016,
557171,
558354,
559579,
560851,
561955,
563066,
564343,
565514,
566755,
568226,
569828,
571169,
572583,
574010,
575293,
576545,
577815,
579149,
580462,
581813,
583218,
584633,
586048,
587428,
588606,
589938,
591198,
592529,
593967,
595389,
596808,
598223,
599505,
601016,
602353,
603668,
605062,
606536,
608029,
609525,
610832,
612326,
613908,
615369,
616812,
618241,
619716,
621200,
622885,
624533,
626109,
627714,
629575,
631727,
633539,
635330,
637137,
638929,
640690,
642466,
644115,
645981,
647830,
649680,
651453,
653330,
655160,
656980,
658736,
660647,
662527,
664344,
666131,
668027,
669942,
671949,
673818,
675857,
677859,
679779,
681751,
683928,
685941,
687927,
690068,
692043,
694137,
696171,
698253,
700373,
702440,
704629,
706719,
708950,
711110,
713249,
715470,
717736,
720051,
722235,
724462,
726743,
728960,
731138,
733441,
735774,
737992,
740260,
742569,
744891,
747141,
749512,
751948,
754553,
757017,
759306,
761786,
764134,
766651,
769110,
771476,
773992,
776564,
779168,
781703,
784186,
786649,
789109,
791675,
794353,
796944,
799437,
802116,
804910,
807552,
810236,
812988,
815738,
818442,
821144,
823752,
826536,
829359,
832093,
834855,
837874,
840804,
843422,
846255,
849215,
852193,
854936,
857839,
860777,
863662,
866522,
869522,
872475,
875503,
878403,
881396,
884406,
887547,
890518,
893647,
896830,
900040,
903164,
906370,
909438,
912559,
915656,
918717,
921875,
925264,
928521,
931837,
935286,
938634,
941930,
945030,
948448,
951941,
955235,
958509,
961642,
965060,
968279,
971615,
975184,
978565,
981893,
985318,
988704,
992274,
995414,
998876,
1.0023e+06,
1.00589e+06,
1.00954e+06,
1.01307e+06,
1.01658e+06,
1.02e+06,
1.02375e+06,
1.02723e+06,
1.03089e+06,
1.03463e+06,
1.03819e+06,
1.04182e+06,
1.04558e+06,
1.04923e+06,
1.0529e+06,
1.05658e+06,
1.06031e+06,
1.06393e+06,
1.06761e+06,
1.0715e+06,
1.07534e+06,
1.07921e+06,
1.08304e+06,
1.08695e+06,
1.09075e+06,
1.09441e+06,
1.09845e+06,
1.10246e+06,
1.10639e+06,
1.1102e+06,
1.1143e+06,
1.11822e+06,
1.12244e+06,
1.12637e+06,
1.1303e+06,
1.13435e+06,
1.13838e+06,
1.14246e+06,
1.14648e+06,
1.15037e+06,
1.15449e+06,
1.15855e+06,
1.16268e+06,
1.16688e+06,
1.17109e+06,
1.17594e+06,
1.18132e+06,
1.18648e+06,
1.1918e+06,
1.19691e+06,
1.20233e+06,
1.20742e+06,
1.21269e+06,
1.21793e+06,
1.22331e+06,
1.22869e+06,
1.234e+06,
1.23916e+06,
1.24436e+06,
1.24973e+06,
1.25536e+06,
1.26084e+06,
1.26646e+06,
1.27167e+06,
1.27713e+06,
1.28261e+06,
1.28832e+06,
1.29395e+06,
1.29967e+06,
1.30518e+06,
1.31095e+06,
1.31654e+06,
1.32225e+06,
1.32765e+06,
1.33319e+06,
1.33874e+06,
1.34427e+06,
1.34988e+06,
1.35542e+06,
1.36118e+06,
1.36688e+06,
1.37257e+06,
1.37816e+06,
1.38392e+06,
1.38986e+06,
1.39573e+06,
1.40185e+06,
1.40777e+06,
1.41334e+06,
1.41906e+06,
1.42488e+06,
1.43062e+06,
1.43651e+06,
1.44243e+06,
1.44839e+06,
1.4546e+06,
1.46087e+06,
1.46677e+06,
1.4728e+06,
1.47895e+06,
1.48501e+06,
1.49097e+06,
1.49686e+06,
1.50293e+06,
1.50921e+06,
1.51535e+06,
1.52141e+06,
1.52763e+06,
1.53361e+06,
1.53986e+06,
1.54605e+06,
1.55254e+06,
1.55866e+06,
1.56498e+06,
1.57118e+06,
1.57759e+06,
1.58426e+06,
1.59083e+06,
1.59736e+06,
1.60365e+06,
1.61024e+06,
1.61681e+06,
1.62329e+06,
1.63007e+06,
1.63678e+06,
1.64352e+06,
1.65047e+06,
1.65718e+06,
1.66387e+06,
1.67072e+06,
1.6775e+06,
1.68433e+06,
1.6912e+06,
1.69801e+06,
1.70487e+06,
1.71174e+06,
1.71869e+06,
1.72558e+06,
1.73247e+06,
1.73945e+06,
1.74644e+06,
1.75349e+06,
1.76068e+06,
1.76781e+06,
1.77481e+06,
1.78195e+06,
1.78906e+06,
1.79595e+06,
1.80315e+06,
1.81046e+06,
1.81752e+06,
1.82461e+06,
1.83179e+06,
1.83913e+06,
1.84649e+06,
1.85431e+06,
1.86172e+06,
1.8691e+06,
1.8763e+06,
1.88372e+06,
1.89107e+06,
1.89897e+06,
1.90677e+06,
1.91443e+06,
1.9223e+06,
1.92986e+06,
1.93741e+06,
1.94501e+06,
1.95232e+06,
1.9598e+06,
1.96745e+06,
1.97552e+06,
1.98374e+06,
1.99175e+06,
1.99989e+06,
2.00794e+06,
2.01581e+06,
2.02347e+06,
2.03086e+06,
2.03878e+06,
2.04704e+06,
2.05539e+06,
2.06395e+06,
2.07225e+06,
2.08033e+06,
2.08838e+06,
2.09679e+06,
2.10486e+06,
2.11276e+06,
2.12096e+06,
2.12963e+06,
2.13835e+06,
2.14693e+06,
2.15567e+06,
2.16453e+06,
2.17294e+06,
2.18164e+06,
2.19023e+06,
2.1988e+06,
2.20748e+06,
2.21655e+06,
2.22558e+06,
2.23437e+06,
2.24355e+06,
2.25288e+06,
2.26204e+06,
2.27115e+06,
2.28013e+06,
2.28894e+06,
2.29813e+06,
2.30745e+06,
2.31678e+06,
2.32622e+06,
2.33541e+06,
2.34477e+06,
2.35425e+06,
2.36378e+06,
2.37304e+06,
2.38205e+06,
2.39166e+06,
2.40145e+06,
2.41112e+06,
2.42091e+06,
2.43071e+06,
2.44062e+06,
2.45094e+06,
2.46119e+06,
2.47083e+06,
2.48057e+06,
2.49071e+06,
2.50097e+06,
2.51115e+06,
2.52125e+06,
2.53171e+06,
2.54184e+06,
2.55265e+06,
2.56337e+06,
2.57382e+06,
2.58408e+06,
2.59475e+06,
2.60536e+06,
2.61616e+06,
2.62696e+06,
2.63761e+06,
2.64887e+06,
2.66008e+06,
2.67137e+06,
2.68271e+06,
2.69394e+06,
2.70546e+06,
2.71697e+06,
2.72859e+06,
2.74008e+06,
2.75164e+06,
2.76371e+06,
2.77585e+06,
2.78812e+06,
2.80008e+06,
2.81232e+06,
2.82442e+06,
2.83684e+06,
2.84886e+06,
2.86115e+06,
2.87347e+06,
2.88655e+06,
2.89932e+06,
2.91188e+06,
2.92432e+06,
2.93645e+06,
2.94919e+06,
2.96174e+06,
2.97474e+06,
2.98756e+06,
3.0009e+06,
3.01417e+06,
3.02739e+06,
3.04061e+06,
3.05365e+06,
3.06653e+06,
3.07975e+06,
3.09312e+06,
3.10691e+06,
3.12122e+06,
3.13519e+06,
3.14873e+06,
3.16296e+06,
3.17714e+06,
3.19105e+06,
3.20456e+06,
3.21914e+06,
3.23437e+06,
3.24911e+06,
3.26387e+06,
3.27864e+06,
3.29375e+06,
3.30885e+06,
3.32386e+06,
3.3387e+06,
3.35401e+06,
3.37005e+06,
3.38563e+06,
3.40134e+06,
3.41694e+06,
3.43234e+06,
3.44843e+06,
3.46412e+06,
3.48067e+06,
3.49686e+06,
3.51275e+06,
3.52867e+06,
3.54498e+06,
3.56161e+06,
3.57815e+06,
3.59521e+06,
3.61323e+06,
3.63101e+06,
3.64865e+06,
3.66597e+06,
3.68327e+06,
3.70095e+06,
3.7188e+06,
3.73725e+06,
3.75586e+06,
3.77429e+06,
3.79268e+06,
3.81171e+06,
3.83061e+06,
3.84884e+06,
3.86743e+06,
3.88732e+06,
3.9066e+06,
3.92601e+06,
3.94545e+06,
3.96489e+06,
3.98479e+06,
4.00468e+06,
4.02514e+06,
4.04552e+06,
4.06585e+06,
4.08655e+06,
4.10749e+06,
4.12832e+06,
4.1495e+06,
4.17203e+06,
4.19427e+06,
4.21657e+06,
4.23885e+06,
4.2601e+06,
4.28184e+06,
4.30415e+06,
4.32767e+06,
4.35101e+06,
4.37395e+06,
4.39741e+06,
4.42045e+06,
4.4439e+06,
4.4673e+06,
4.49165e+06,
4.51574e+06,
4.54047e+06,
4.56419e+06,
4.58844e+06,
4.61317e+06,
4.63835e+06,
4.66495e+06,
4.69114e+06,
4.7168e+06,
4.74213e+06,
4.76757e+06,
4.79315e+06,
4.82003e+06,
4.84808e+06,
4.87573e+06,
4.903e+06,
4.9306e+06,
4.96041e+06,
5.0045e+06,
5.04981e+06,
5.09537e+06,
5.14055e+06,
5.18527e+06,
5.23043e+06,
5.2766e+06,
5.32257e+06,
5.37029e+06,
5.41838e+06,
5.46783e+06,
5.5168e+06,
5.5654e+06,
5.61513e+06,
5.66596e+06,
5.71897e+06,
5.77212e+06,
5.82425e+06,
5.8773e+06,
5.93051e+06,
5.98625e+06,
6.03943e+06,
6.09295e+06,
6.14898e+06,
6.20892e+06,
6.2719e+06,
6.3369e+06,
6.40289e+06,
6.47199e+06,
6.54993e+06,
6.63258e+06,
6.71545e+06,
6.78957e+06,
6.85934e+06,
6.9281e+06,
6.99581e+06,
7.0609e+06,
7.12589e+06,
7.19008e+06,
7.25686e+06,
7.32172e+06,
7.38934e+06,
7.45569e+06,
7.52054e+06,
7.58254e+06,
7.64544e+06,
7.70687e+06,
7.76932e+06,
7.83024e+06,
7.89253e+06,
7.9545e+06,
8.01671e+06,
8.07901e+06,
8.14171e+06,
8.20493e+06,
8.2676e+06,
8.32843e+06,
8.38992e+06,
8.45086e+06,
8.51243e+06,
8.57393e+06,
8.63524e+06,
8.69791e+06,
8.76056e+06,
8.82275e+06,
8.88586e+06,
8.94812e+06,
9.01039e+06,
9.07322e+06,
9.13583e+06,
9.19803e+06,
9.2599e+06,
9.32132e+06,
9.38258e+06,
9.44348e+06,
9.50512e+06,
9.56724e+06,
9.62932e+06,
9.69326e+06,
9.75692e+06,
9.81927e+06,
9.881e+06,
9.94359e+06,
1.00052e+07,
1.00665e+07,
1.01274e+07,
1.01884e+07,
1.02515e+07,
1.03165e+07,
1.03819e+07,
1.04465e+07,
1.05111e+07,
1.0574e+07,
1.06363e+07,
1.06994e+07,
1.07626e+07,
1.08256e+07,
1.08886e+07,
1.09523e+07,
1.10155e+07,
1.10801e+07,
1.11451e+07,
1.12101e+07,
1.12752e+07,
1.13385e+07,
1.1401e+07,
1.14646e+07,
1.15289e+07,
1.1593e+07,
1.16575e+07,
1.17221e+07,
1.17864e+07,
1.18511e+07,
1.19161e+07,
1.19809e+07,
1.20469e+07,
1.2113e+07,
1.21799e+07,
1.22487e+07,
478966,
479305,
479697,
480101,
480474,
480989,
481550,
482179,
482680,
483078,
483467,
483978,
484413,
484837,
485160,
485615,
485985,
486460,
486821,
487273,
487655,
488163,
488490,
488938,
489318,
489751,
490197,
490618,
491052,
491600,
492025,
492450,
492929,
493326,
493707,
494184,
494630,
495085,
495566,
496010,
496562,
497141,
497686,
498166,
498700,
499260,
499822,
500330,
500983,
501675,
502234,
502982,
503647,
504283,
505030,
505740,
506357,
506994,
507682,
508434,
509193,
509997,
510826,
511634,
512591,
513570,
514414,
515242,
516160,
517067,
517908,
518856,
519793,
520739,
521686,
522718,
523656,
524652,
525600,
526572,
527484,
528464,
529494,
530421,
531390,
532392,
533356,
534434,
535563,
536493,
537462,
538480,
539551,
540576,
541631,
542723,
543859,
544999,
546187,
547363,
548496,
549556,
550666,
551679,
552819,
554051,
555206,
556374,
557523,
558812,
560077,
561227,
562370,
563512,
564654,
565836,
567175,
568450,
569895,
571329,
572753,
574153,
575480,
576923,
578204,
579497,
580858,
582175,
583473,
584820,
586279,
587590,
588941,
590204,
591519,
592913,
594315,
595610,
597087,
598377,
599832,
601248,
602661,
604024,
605439,
606882,
608488,
610030,
611629,
613192,
614748,
616192,
617844,
619265,
620780,
622419,
624019,
625552,
627057,
628777,
630581,
632446,
634387,
636085,
637890,
639725,
641574,
643294,
644983,
646823,
648549,
650451,
652342,
654064,
655908,
657729,
659585,
661356,
663236,
664996,
666809,
668724,
670592,
672580,
674486,
676424,
678424,
680265,
682308,
684269,
686166,
688283,
690405,
692304,
694320,
696414,
698608,
700590,
702549,
704591,
706649,
708844,
710991,
712992,
715207,
717436,
719670,
721750,
723952,
726195,
728357,
730553,
732889,
735063,
737362,
739638,
741846,
744036,
746285,
748686,
750965,
753236,
755591,
757967,
760547,
763110,
765422,
767924,
770384,
772859,
775431,
777744,
780230,
782633,
785287,
787854,
790342,
792896,
795379,
797913,
800465,
803088,
805693,
808221,
810907,
813558,
816191,
818890,
821637,
824220,
826812,
829489,
832347,
835270,
838080,
840970,
843809,
846613,
849328,
852216,
855108,
857952,
860574,
863321,
866269,
869269,
872200,
874913,
877870,
880928,
883985,
887090,
890085,
893249,
896233,
899404,
902492,
905472,
908694,
911770,
914922,
918046,
921014,
924146,
927285,
930539,
933702,
936815,
940079,
943310,
946503,
949669,
952930,
956012,
959461,
962797,
966127,
969369,
972645,
976123,
979353,
982755,
986132,
989290,
992612,
995926,
999364,
1.00274e+06,
1.00624e+06,
1.00959e+06,
1.01319e+06,
1.0166e+06,
1.01993e+06,
1.02326e+06,
1.02676e+06,
1.03022e+06,
1.03395e+06,
1.03737e+06,
1.04094e+06,
1.04451e+06,
1.04804e+06,
1.0517e+06,
1.05515e+06,
1.05881e+06,
1.06264e+06,
1.06624e+06,
1.07008e+06,
1.07391e+06,
1.07756e+06,
1.08141e+06,
1.08501e+06,
1.08889e+06,
1.09263e+06,
1.0966e+06,
1.10151e+06,
1.10631e+06,
1.11126e+06,
1.11604e+06,
1.12108e+06,
1.12619e+06,
1.13111e+06,
1.13624e+06,
1.14117e+06,
1.14623e+06,
1.15118e+06,
1.15637e+06,
1.16144e+06,
1.16648e+06,
1.17159e+06,
1.17686e+06,
1.18192e+06,
1.18709e+06,
1.19219e+06,
1.19738e+06,
1.20277e+06,
1.20816e+06,
1.21329e+06,
1.21849e+06,
1.22373e+06,
1.22929e+06,
1.23474e+06,
1.23986e+06,
1.24519e+06,
1.25046e+06,
1.25562e+06,
1.26106e+06,
1.26675e+06,
1.2721e+06,
1.27787e+06,
1.28343e+06,
1.28907e+06,
1.29491e+06,
1.30051e+06,
1.30618e+06,
1.31174e+06,
1.31749e+06,
1.32306e+06,
1.32878e+06,
1.33463e+06,
1.34047e+06,
1.34642e+06,
1.35204e+06,
1.3578e+06,
1.36369e+06,
1.36943e+06,
1.37552e+06,
1.38126e+06,
1.38737e+06,
1.39339e+06,
1.39938e+06,
1.40537e+06,
1.41131e+06,
1.41701e+06,
1.42296e+06,
1.4288e+06,
1.43494e+06,
1.44106e+06,
1.44708e+06,
1.4532e+06,
1.4593e+06,
1.46496e+06,
1.47081e+06,
1.47663e+06,
1.48245e+06,
1.48864e+06,
1.49497e+06,
1.5012e+06,
1.50783e+06,
1.51425e+06,
1.5206e+06,
1.52698e+06,
1.53327e+06,
1.5397e+06,
1.54587e+06,
1.55242e+06,
1.55885e+06,
1.56565e+06,
1.57221e+06,
1.57909e+06,
1.58573e+06,
1.59243e+06,
1.59921e+06,
1.60584e+06,
1.61228e+06,
1.61915e+06,
1.62597e+06,
1.6326e+06,
1.63913e+06,
1.64605e+06,
1.65279e+06,
1.65987e+06,
1.66692e+06,
1.67355e+06,
1.68042e+06,
1.68715e+06,
1.69401e+06,
1.70082e+06,
1.70782e+06,
1.71475e+06,
1.72156e+06,
1.72881e+06,
1.73578e+06,
1.74304e+06,
1.75033e+06,
1.75777e+06,
1.76505e+06,
1.77242e+06,
1.77969e+06,
1.78674e+06,
1.79418e+06,
1.80153e+06,
1.80886e+06,
1.81668e+06,
1.8241e+06,
1.83154e+06,
1.83918e+06,
1.84682e+06,
1.85419e+06,
1.86192e+06,
1.86978e+06,
1.87732e+06,
1.88469e+06,
1.8922e+06,
1.8997e+06,
1.9075e+06,
1.91562e+06,
1.92329e+06,
1.93097e+06,
1.9386e+06,
1.94664e+06,
1.95465e+06,
1.96244e+06,
1.9702e+06,
1.97791e+06,
1.98569e+06,
1.99385e+06,
2.00209e+06,
2.01054e+06,
2.01902e+06,
2.02744e+06,
2.03591e+06,
2.04438e+06,
2.05248e+06,
2.06057e+06,
2.06892e+06,
2.07728e+06,
2.08576e+06,
2.09472e+06,
2.10362e+06,
2.11251e+06,
2.12113e+06,
2.12988e+06,
2.13844e+06,
2.14702e+06,
2.15587e+06,
2.16448e+06,
2.17321e+06,
2.18247e+06,
2.19145e+06,
2.20053e+06,
2.20985e+06,
2.21909e+06,
2.22823e+06,
2.2371e+06,
2.24581e+06,
2.2546e+06,
2.26409e+06,
2.27296e+06,
2.28265e+06,
2.29286e+06,
2.30289e+06,
2.31248e+06,
2.32199e+06,
2.33138e+06,
2.34118e+06,
2.35089e+06,
2.36073e+06,
2.37061e+06,
2.38023e+06,
2.39048e+06,
2.40069e+06,
2.41089e+06,
2.42054e+06,
2.43044e+06,
2.44034e+06,
2.45075e+06,
2.46084e+06,
2.47143e+06,
2.48168e+06,
2.49249e+06,
2.50292e+06,
2.5133e+06,
2.5235e+06,
2.53375e+06,
2.54441e+06,
2.55527e+06,
2.56603e+06,
2.57673e+06,
2.58774e+06,
2.59917e+06,
2.61072e+06,
2.62161e+06,
2.63265e+06,
2.64342e+06,
2.65475e+06,
2.66627e+06,
2.67797e+06,
2.68961e+06,
2.70145e+06,
2.71374e+06,
2.72574e+06,
2.7375e+06,
2.74933e+06,
2.76131e+06,
2.77367e+06,
2.78599e+06,
2.79826e+06,
2.81095e+06,
2.82332e+06,
2.83611e+06,
2.8488e+06,
2.86164e+06,
2.87446e+06,
2.88711e+06,
2.89957e+06,
2.91246e+06,
2.92556e+06,
2.93848e+06,
2.95229e+06,
2.96564e+06,
2.97892e+06,
2.99229e+06,
3.00582e+06,
3.01895e+06,
3.03268e+06,
3.0464e+06,
3.06026e+06,
3.07504e+06,
3.08943e+06,
3.1036e+06,
3.1176e+06,
3.1314e+06,
3.14516e+06,
3.15939e+06,
3.17387e+06,
3.18929e+06,
3.20438e+06,
3.21947e+06,
3.23415e+06,
3.24883e+06,
3.26353e+06,
3.27876e+06,
3.29396e+06,
3.30938e+06,
3.32517e+06,
3.34096e+06,
3.35685e+06,
3.37268e+06,
3.38838e+06,
3.40448e+06,
3.42125e+06,
3.43862e+06,
3.45532e+06,
3.47184e+06,
3.48884e+06,
3.50571e+06,
3.52254e+06,
3.53972e+06,
3.5569e+06,
3.5748e+06,
3.59277e+06,
3.61037e+06,
3.62781e+06,
3.64485e+06,
3.66283e+06,
3.68096e+06,
3.69949e+06,
3.71813e+06,
3.73679e+06,
3.75524e+06,
3.77412e+06,
3.79307e+06,
3.81198e+06,
3.83054e+06,
3.85083e+06,
3.87067e+06,
3.89065e+06,
3.91075e+06,
3.93083e+06,
3.95155e+06,
3.97236e+06,
3.99424e+06,
4.01515e+06,
4.03635e+06,
4.05736e+06,
4.07884e+06,
4.09989e+06,
4.12182e+06,
4.14485e+06,
4.16743e+06,
4.19049e+06,
4.21238e+06,
4.23449e+06,
4.25684e+06,
4.27947e+06,
4.30363e+06,
4.32711e+06,
4.35065e+06,
4.37438e+06,
4.398e+06,
4.42212e+06,
4.44677e+06,
4.47174e+06,
4.49654e+06,
4.52212e+06,
4.54731e+06,
4.57282e+06,
4.59827e+06,
4.62519e+06,
4.65238e+06,
4.67903e+06,
4.70558e+06,
4.73147e+06,
4.75778e+06,
4.78484e+06,
4.81327e+06,
4.8414e+06,
4.86965e+06,
4.89797e+06,
4.92569e+06,
4.95438e+06,
4.98366e+06,
5.01563e+06,
5.0606e+06,
5.10827e+06,
5.15674e+06,
5.20513e+06,
5.25409e+06,
5.30419e+06,
5.35523e+06,
5.40493e+06,
5.45434e+06,
5.50443e+06,
5.5572e+06,
5.61121e+06,
5.66627e+06,
5.72285e+06,
5.77819e+06,
5.8344e+06,
5.89148e+06,
5.94831e+06,
6.00688e+06,
6.06934e+06,
6.13273e+06,
6.19686e+06,
6.26247e+06,
6.32888e+06,
6.39897e+06,
6.47174e+06,
6.5531e+06,
6.63569e+06,
6.71536e+06,
6.78357e+06,
6.8492e+06,
6.91721e+06,
6.98303e+06,
7.05073e+06,
7.11822e+06,
7.18488e+06,
7.25088e+06,
7.31804e+06,
7.3866e+06,
7.4545e+06,
7.52028e+06,
7.58506e+06,
7.6507e+06,
7.71506e+06,
7.77814e+06,
7.84087e+06,
7.90329e+06,
7.96538e+06,
8.0295e+06,
8.09594e+06,
8.16213e+06,
8.22888e+06,
8.29253e+06,
8.35496e+06,
8.41801e+06,
8.48093e+06,
8.54326e+06,
8.60434e+06,
8.66782e+06,
8.7314e+06,
8.79617e+06,
8.86213e+06,
8.92758e+06,
8.99159e+06,
9.05349e+06,
9.11608e+06,
9.1792e+06,
9.24393e+06,
9.30672e+06,
9.36933e+06,
9.43262e+06,
9.49656e+06,
9.56147e+06,
9.62673e+06,
9.69157e+06,
9.755e+06,
9.81664e+06,
9.87971e+06,
9.94373e+06,
1.00075e+07,
1.00716e+07,
1.01349e+07,
1.01977e+07,
1.02598e+07,
1.03238e+07,
1.03881e+07,
1.04521e+07,
1.05179e+07,
1.05836e+07,
1.06487e+07,
1.07132e+07,
1.07774e+07,
1.08416e+07,
1.09058e+07,
1.09703e+07,
1.10345e+07,
1.11017e+07,
1.11688e+07,
1.12354e+07,
1.13008e+07,
1.13657e+07,
1.14309e+07,
1.14962e+07,
1.15615e+07,
1.16265e+07,
1.1692e+07,
1.17565e+07,
1.18233e+07,
1.18906e+07,
1.19575e+07,
1.20256e+07,
1.20923e+07,
1.21593e+07,
1.22262e+07,
1.22932e+07,
1.23604e+07,
1.24285e+07,
1.24962e+07,
1.25647e+07,
1.2633e+07,
1.27049e+07,
1.27785e+07,
1.28517e+07,
1.29235e+07,
1.29943e+07,
1.30653e+07,
1.31372e+07,
478966,
479315,
479720,
480113,
480499,
480977,
481594,
482220,
482726,
483138,
483473,
484009,
484420,
484888,
485215,
485665,
486021,
486506,
486897,
487335,
487693,
488210,
488560,
488948,
489434,
489879,
490296,
490694,
491202,
491694,
492069,
492506,
492996,
493428,
493813,
494327,
494807,
495275,
495749,
496203,
496807,
497308,
497808,
498327,
498907,
499419,
500076,
500643,
501212,
501807,
502493,
503071,
503667,
504311,
504979,
505681,
506310,
507035,
507728,
508469,
509322,
510194,
511128,
512054,
512884,
513723,
514562,
515414,
516346,
517263,
518197,
519111,
520103,
521021,
522027,
522934,
523883,
524813,
525804,
526631,
527679,
528613,
529589,
530565,
531594,
532523,
533455,
534467,
535577,
536586,
537514,
538553,
539636,
540780,
541878,
542946,
544129,
545218,
546410,
547397,
548541,
549628,
550682,
551817,
552983,
554129,
555338,
556544,
557735,
558857,
560035,
561392,
562624,
563856,
565023,
566178,
567363,
568633,
569896,
571310,
572732,
574128,
575538,
576918,
578278,
579596,
580866,
582202,
583517,
584759,
586294,
587636,
589061,
590431,
591683,
593112,
594501,
595973,
597318,
598897,
600343,
601868,
603357,
604950,
606352,
607915,
609469,
610915,
612464,
613975,
615551,
617160,
618634,
620075,
621694,
623255,
624921,
626465,
628097,
629932,
631540,
633036,
634828,
636612,
638426,
640205,
642047,
643985,
645728,
647542,
649209,
650837,
652526,
654323,
656083,
657990,
659835,
661768,
663602,
665544,
667319,
669074,
670910,
672785,
674625,
676680,
678410,
680378,
682288,
684489,
686518,
688460,
690323,
692239,
694177,
696260,
698382,
700404,
702435,
704431,
706503,
708539,
710599,
712700,
714895,
717100,
719223,
721300,
723526,
725664,
727841,
730067,
732213,
734334,
736590,
738883,
741127,
743406,
745555,
747728,
749942,
752338,
754602,
756874,
759251,
761636,
764080,
766556,
768945,
771467,
773773,
776160,
778564,
781032,
783438,
785864,
788416,
790978,
793437,
796023,
798525,
801000,
803536,
805947,
808577,
811173,
813868,
816427,
819010,
821750,
824598,
827315,
830069,
832856,
835553,
838096,
840824,
843695,
846431,
849229,
852029,
854789,
857630,
860301,
863253,
866223,
869072,
871935,
874842,
877888,
880789,
883891,
886881,
889641,
892737,
895717,
898807,
901747,
904796,
907748,
910738,
913885,
916818,
920077,
923072,
926136,
929053,
932427,
935567,
938593,
941763,
944891,
948081,
951257,
954374,
957676,
960977,
964215,
967391,
970663,
973947,
977116,
980314,
983512,
986728,
989987,
993201,
996550,
999797,
1.0032e+06,
1.00657e+06,
1.00979e+06,
1.01304e+06,
1.01631e+06,
1.01953e+06,
1.0231e+06,
1.02647e+06,
1.02989e+06,
1.03379e+06,
1.03841e+06,
1.043e+06,
1.04755e+06,
1.05221e+06,
1.05655e+06,
1.06111e+06,
1.0658e+06,
1.07047e+06,
1.07527e+06,
1.07979e+06,
1.08453e+06,
1.08925e+06,
1.09405e+06,
1.09866e+06,
1.10351e+06,
1.10829e+06,
1.11299e+06,
1.11784e+06,
1.12302e+06,
1.12802e+06,
1.1329e+06,
1.13782e+06,
1.14278e+06,
1.14761e+06,
1.15252e+06,
1.15741e+06,
1.1624e+06,
1.16759e+06,
1.17277e+06,
1.17794e+06,
1.18299e+06,
1.18822e+06,
1.1931e+06,
1.19818e+06,
1.20328e+06,
1.20862e+06,
1.21403e+06,
1.21917e+06,
1.22474e+06,
1.23003e+06,
1.23555e+06,
1.24112e+06,
1.24658e+06,
1.25204e+06,
1.25756e+06,
1.26319e+06,
1.26872e+06,
1.2743e+06,
1.28011e+06,
1.28579e+06,
1.29133e+06,
1.29712e+06,
1.30297e+06,
1.30889e+06,
1.31487e+06,
1.32059e+06,
1.32655e+06,
1.33212e+06,
1.33787e+06,
1.3438e+06,
1.34965e+06,
1.35532e+06,
1.36098e+06,
1.36669e+06,
1.37215e+06,
1.3781e+06,
1.38398e+06,
1.39019e+06,
1.39621e+06,
1.40207e+06,
1.40815e+06,
1.41412e+06,
1.42029e+06,
1.42636e+06,
1.43253e+06,
1.4389e+06,
1.44509e+06,
1.45152e+06,
1.45769e+06,
1.4643e+06,
1.47067e+06,
1.47696e+06,
1.48316e+06,
1.48926e+06,
1.49532e+06,
1.50168e+06,
1.50826e+06,
1.51475e+06,
1.52138e+06,
1.52789e+06,
1.53439e+06,
1.54078e+06,
1.54709e+06,
1.55352e+06,
1.55989e+06,
1.56654e+06,
1.57293e+06,
1.57955e+06,
1.58622e+06,
1.5929e+06,
1.60001e+06,
1.60672e+06,
1.61342e+06,
1.61998e+06,
1.62653e+06,
1.63341e+06,
1.64039e+06,
1.64732e+06,
1.65436e+06,
1.66146e+06,
1.66863e+06,
1.67599e+06,
1.68329e+06,
1.69034e+06,
1.69742e+06,
1.70476e+06,
1.71218e+06,
1.7192e+06,
1.72643e+06,
1.73359e+06,
1.74075e+06,
1.74812e+06,
1.75542e+06,
1.76285e+06,
1.77027e+06,
1.77766e+06,
1.78513e+06,
1.79243e+06,
1.79961e+06,
1.80702e+06,
1.81472e+06,
1.82231e+06,
1.82978e+06,
1.83728e+06,
1.8451e+06,
1.85282e+06,
1.8606e+06,
1.8685e+06,
1.87611e+06,
1.88382e+06,
1.89175e+06,
1.89962e+06,
1.90769e+06,
1.91583e+06,
1.92371e+06,
1.93188e+06,
1.94023e+06,
1.94845e+06,
1.95664e+06,
1.96477e+06,
1.97281e+06,
1.98097e+06,
1.9894e+06,
1.99752e+06,
2.00563e+06,
2.01413e+06,
2.02271e+06,
2.0313e+06,
2.0399e+06,
2.04842e+06,
2.05705e+06,
2.06602e+06,
2.0747e+06,
2.08308e+06,
2.0914e+06,
2.10019e+06,
2.10914e+06,
2.11781e+06,
2.12676e+06,
2.13578e+06,
2.14483e+06,
2.15395e+06,
2.16302e+06,
2.17204e+06,
2.18105e+06,
2.19052e+06,
2.20002e+06,
2.20926e+06,
2.21862e+06,
2.22826e+06,
2.23791e+06,
2.24767e+06,
2.2574e+06,
2.26693e+06,
2.27651e+06,
2.28619e+06,
2.29584e+06,
2.30544e+06,
2.31526e+06,
2.32523e+06,
2.33543e+06,
2.34551e+06,
2.35572e+06,
2.36573e+06,
2.37572e+06,
2.3857e+06,
2.39587e+06,
2.40605e+06,
2.41634e+06,
2.42687e+06,
2.43801e+06,
2.44855e+06,
2.45932e+06,
2.4697e+06,
2.48008e+06,
2.49057e+06,
2.50138e+06,
2.51226e+06,
2.52304e+06,
2.53439e+06,
2.5459e+06,
2.55733e+06,
2.56864e+06,
2.57956e+06,
2.59029e+06,
2.60136e+06,
2.61276e+06,
2.6243e+06,
2.63559e+06,
2.64743e+06,
2.6594e+06,
2.67146e+06,
2.68357e+06,
2.69505e+06,
2.70656e+06,
2.71828e+06,
2.73036e+06,
2.74256e+06,
2.75499e+06,
2.76772e+06,
2.78073e+06,
2.79352e+06,
2.80587e+06,
2.81827e+06,
2.83097e+06,
2.84365e+06,
2.85674e+06,
2.86976e+06,
2.88311e+06,
2.8971e+06,
2.91093e+06,
2.92476e+06,
2.93841e+06,
2.95172e+06,
2.96501e+06,
2.97873e+06,
2.99251e+06,
3.00674e+06,
3.02132e+06,
3.03601e+06,
3.05031e+06,
3.06479e+06,
3.07887e+06,
3.09271e+06,
3.10682e+06,
3.12148e+06,
3.13632e+06,
3.15185e+06,
3.16687e+06,
3.18177e+06,
3.1966e+06,
3.21155e+06,
3.22647e+06,
3.24109e+06,
3.25638e+06,
3.27303e+06,
3.28945e+06,
3.30539e+06,
3.32133e+06,
3.3379e+06,
3.35412e+06,
3.37031e+06,
3.38661e+06,
3.4039e+06,
3.4212e+06,
3.43815e+06,
3.45545e+06,
3.47246e+06,
3.48959e+06,
3.5068e+06,
3.52464e+06,
3.543e+06,
3.56133e+06,
3.57871e+06,
3.5966e+06,
3.61447e+06,
3.63241e+06,
3.65062e+06,
3.67008e+06,
3.68904e+06,
3.70789e+06,
3.72647e+06,
3.74558e+06,
3.76435e+06,
3.7833e+06,
3.80356e+06,
3.82481e+06,
3.84504e+06,
3.86544e+06,
3.8859e+06,
3.90633e+06,
3.92715e+06,
3.94854e+06,
3.97069e+06,
3.99213e+06,
4.0137e+06,
4.03576e+06,
4.05766e+06,
4.07947e+06,
4.10183e+06,
4.12525e+06,
4.14789e+06,
4.17122e+06,
4.19334e+06,
4.216e+06,
4.23949e+06,
4.26328e+06,
4.28801e+06,
4.31233e+06,
4.33662e+06,
4.36154e+06,
4.38612e+06,
4.41127e+06,
4.43728e+06,
4.4629e+06,
4.48881e+06,
4.51457e+06,
4.5404e+06,
4.56667e+06,
4.59314e+06,
4.6213e+06,
4.64886e+06,
4.67611e+06,
4.70306e+06,
4.72971e+06,
4.7574e+06,
4.78618e+06,
4.81539e+06,
4.84377e+06,
4.87302e+06,
4.90191e+06,
4.93081e+06,
4.96064e+06,
4.99151e+06,
5.02223e+06,
5.05362e+06,
5.09115e+06,
5.14269e+06,
5.19466e+06,
5.24846e+06,
5.30242e+06,
5.35566e+06,
5.40826e+06,
5.46054e+06,
5.51331e+06,
5.56769e+06,
5.62559e+06,
5.68453e+06,
5.74361e+06,
5.80285e+06,
5.8631e+06,
5.92413e+06,
5.98717e+06,
6.05185e+06,
6.11556e+06,
6.18143e+06,
6.2509e+06,
6.32401e+06,
6.40051e+06,
6.48636e+06,
6.5751e+06,
6.66329e+06,
6.73819e+06,
6.81198e+06,
6.88384e+06,
6.95337e+06,
7.02366e+06,
7.09398e+06,
7.16135e+06,
7.22911e+06,
7.2979e+06,
7.36594e+06,
7.43152e+06,
7.49087e+06,
7.55045e+06,
7.61253e+06,
7.67628e+06,
7.74245e+06,
7.80863e+06,
7.87337e+06,
7.93819e+06,
8.00354e+06,
8.07223e+06,
8.13904e+06,
8.20537e+06,
8.27179e+06,
8.33805e+06,
8.40364e+06,
8.46852e+06,
8.53279e+06,
8.59659e+06,
8.66094e+06,
8.72449e+06,
8.78903e+06,
8.85669e+06,
8.92403e+06,
8.99032e+06,
9.05562e+06,
9.12065e+06,
9.18574e+06,
9.24957e+06,
9.3133e+06,
9.3773e+06,
9.44194e+06,
9.50765e+06,
9.57624e+06,
9.64405e+06,
9.70998e+06,
9.77447e+06,
9.83913e+06,
9.90275e+06,
9.96723e+06,
1.00306e+07,
1.00952e+07,
1.01611e+07,
1.02263e+07,
1.02917e+07,
1.0358e+07,
1.0424e+07,
1.04892e+07,
1.0553e+07,
1.06165e+07,
1.06809e+07,
1.07482e+07,
1.08138e+07,
1.08798e+07,
1.09463e+07,
1.10131e+07,
1.10807e+07,
1.11484e+07,
1.12158e+07,
1.12819e+07,
1.13486e+07,
1.14156e+07,
1.14828e+07,
1.15493e+07,
1.1617e+07,
1.16834e+07,
1.17504e+07,
1.1817e+07,
1.18843e+07,
1.19527e+07,
1.2023e+07,
1.2092e+07,
1.21606e+07,
1.22296e+07,
1.22983e+07,
1.23663e+07,
1.24349e+07,
1.25028e+07,
1.25719e+07,
1.26423e+07,
1.27147e+07,
1.27864e+07,
1.28568e+07,
1.29275e+07,
1.29972e+07,
1.30686e+07,
1.31401e+07,
1.3214e+07,
1.32884e+07,
1.33637e+07,
1.34388e+07,
1.35156e+07,
1.35934e+07,
1.36707e+07,
1.37459e+07,
1.38205e+07,
1.38958e+07,
1.39708e+07,
1.40463e+07,
478966,
479322,
479732,
480122,
480520,
481008,
481622,
482267,
482741,
483124,
483533,
484038,
484471,
484932,
485330,
485725,
486122,
486552,
486934,
487364,
487769,
488184,
488584,
489006,
489439,
489882,
490333,
490820,
491335,
491707,
492130,
492539,
493003,
493445,
493870,
494415,
494913,
495406,
495884,
496476,
496999,
497432,
497953,
498531,
499066,
499659,
500203,
500806,
501370,
501970,
502606,
503188,
503744,
504383,
505134,
505809,
506427,
507063,
507760,
508641,
509477,
510415,
511313,
512162,
512997,
513882,
514788,
515642,
516531,
517525,
518418,
519353,
520334,
521293,
522161,
523005,
523997,
524940,
525796,
526765,
527801,
528770,
529772,
530726,
531690,
532685,
533746,
534636,
535571,
536607,
537672,
538775,
539761,
540859,
542010,
543078,
544194,
545255,
546437,
547406,
548496,
549659,
550725,
551722,
552852,
554057,
555307,
556568,
557700,
558888,
560033,
561286,
562454,
563680,
564886,
566046,
567193,
568371,
569650,
570953,
572291,
573697,
575108,
576497,
577889,
579272,
580721,
582065,
583378,
584623,
586147,
587582,
588950,
590345,
591892,
593382,
594906,
596446,
597937,
599361,
600849,
602331,
603893,
605346,
606904,
608456,
610040,
611562,
613013,
614529,
616060,
617468,
619085,
620593,
622094,
623719,
625290,
626918,
628619,
630214,
631877,
633385,
634845,
636592,
638411,
640366,
642221,
644048,
645964,
647665,
649344,
651040,
652848,
654548,
656395,
658210,
660081,
661886,
663855,
665623,
667552,
669357,
671145,
672973,
674859,
676788,
678669,
680713,
682577,
684425,
686405,
688280,
690285,
692178,
693956,
695909,
698010,
700123,
702282,
704253,
706291,
708300,
710309,
712299,
714395,
716542,
718551,
720763,
722946,
725121,
727315,
729537,
731585,
733646,
735900,
738175,
740298,
742487,
744725,
746956,
749127,
751363,
753527,
755794,
757998,
760387,
762640,
764955,
767244,
769781,
772099,
774480,
776873,
779105,
781493,
783874,
786216,
788673,
791254,
793635,
796111,
798698,
801157,
803745,
806254,
808777,
811323,
813968,
816456,
819152,
821702,
824400,
827042,
829596,
832315,
835033,
837959,
840633,
843345,
846263,
848968,
851795,
854492,
857193,
860063,
862875,
865707,
868635,
871591,
874456,
877284,
880116,
883062,
885905,
888854,
891907,
894842,
897892,
900971,
904055,
907075,
910037,
912934,
916049,
918929,
922054,
925098,
928185,
931213,
934238,
937195,
940192,
943215,
946423,
949556,
952706,
955787,
958835,
962107,
965314,
968527,
971821,
974903,
978045,
981569,
985714,
989953,
994294,
998636,
1.0029e+06,
1.00711e+06,
1.01128e+06,
1.01564e+06,
1.02012e+06,
1.02454e+06,
1.02877e+06,
1.03308e+06,
1.03742e+06,
1.04196e+06,
1.0466e+06,
1.05107e+06,
1.05563e+06,
1.0599e+06,
1.06452e+06,
1.06904e+06,
1.07355e+06,
1.07811e+06,
1.08277e+06,
1.0875e+06,
1.09204e+06,
1.09684e+06,
1.10139e+06,
1.1058e+06,
1.11056e+06,
1.11517e+06,
1.1201e+06,
1.12493e+06,
1.12958e+06,
1.13437e+06,
1.13928e+06,
1.14448e+06,
1.14941e+06,
1.15461e+06,
1.15962e+06,
1.16493e+06,
1.16991e+06,
1.1752e+06,
1.18022e+06,
1.18553e+06,
1.19057e+06,
1.19592e+06,
1.20122e+06,
1.20636e+06,
1.21157e+06,
1.21692e+06,
1.22223e+06,
1.22757e+06,
1.23314e+06,
1.23843e+06,
1.24392e+06,
1.24934e+06,
1.25488e+06,
1.26052e+06,
1.26604e+06,
1.27168e+06,
1.27722e+06,
1.28274e+06,
1.28825e+06,
1.29373e+06,
1.29942e+06,
1.30543e+06,
1.31132e+06,
1.31702e+06,
1.32303e+06,
1.32894e+06,
1.33509e+06,
1.34125e+06,
1.34714e+06,
1.35308e+06,
1.35886e+06,
1.36489e+06,
1.37076e+06,
1.37674e+06,
1.38269e+06,
1.38884e+06,
1.39499e+06,
1.40138e+06,
1.40752e+06,
1.41362e+06,
1.42003e+06,
1.4264e+06,
1.43259e+06,
1.43839e+06,
1.44444e+06,
1.45089e+06,
1.45724e+06,
1.4636e+06,
1.46997e+06,
1.47617e+06,
1.4823e+06,
1.48887e+06,
1.49525e+06,
1.50167e+06,
1.50788e+06,
1.51406e+06,
1.52037e+06,
1.52682e+06,
1.53341e+06,
1.54009e+06,
1.54684e+06,
1.55373e+06,
1.56047e+06,
1.5672e+06,
1.57395e+06,
1.58087e+06,
1.58777e+06,
1.59448e+06,
1.60131e+06,
1.60832e+06,
1.61543e+06,
1.62257e+06,
1.62967e+06,
1.63644e+06,
1.64361e+06,
1.65066e+06,
1.65785e+06,
1.66489e+06,
1.67198e+06,
1.67901e+06,
1.68615e+06,
1.69342e+06,
1.7007e+06,
1.70817e+06,
1.71548e+06,
1.72263e+06,
1.72994e+06,
1.73743e+06,
1.74481e+06,
1.75244e+06,
1.7597e+06,
1.76727e+06,
1.77455e+06,
1.78193e+06,
1.78952e+06,
1.79741e+06,
1.80542e+06,
1.81317e+06,
1.82102e+06,
1.8288e+06,
1.83682e+06,
1.84454e+06,
1.85219e+06,
1.8601e+06,
1.86794e+06,
1.87622e+06,
1.88458e+06,
1.89283e+06,
1.90119e+06,
1.90943e+06,
1.91767e+06,
1.92569e+06,
1.93381e+06,
1.94147e+06,
1.94963e+06,
1.95805e+06,
1.96644e+06,
1.97541e+06,
1.98409e+06,
1.99228e+06,
2.00072e+06,
2.00919e+06,
2.01767e+06,
2.0257e+06,
2.03419e+06,
2.04275e+06,
2.05143e+06,
2.06038e+06,
2.06943e+06,
2.07894e+06,
2.08816e+06,
2.09694e+06,
2.10594e+06,
2.11492e+06,
2.12394e+06,
2.13318e+06,
2.14233e+06,
2.15145e+06,
2.1611e+06,
2.17066e+06,
2.18045e+06,
2.19008e+06,
2.19972e+06,
2.20916e+06,
2.21843e+06,
2.2281e+06,
2.23764e+06,
2.24741e+06,
2.25718e+06,
2.26684e+06,
2.27681e+06,
2.28706e+06,
2.29715e+06,
2.30693e+06,
2.31682e+06,
2.32702e+06,
2.33727e+06,
2.34728e+06,
2.35756e+06,
2.36761e+06,
2.37842e+06,
2.38936e+06,
2.40049e+06,
2.41103e+06,
2.42185e+06,
2.43247e+06,
2.4434e+06,
2.45406e+06,
2.46469e+06,
2.47548e+06,
2.48676e+06,
2.49841e+06,
2.5101e+06,
2.5212e+06,
2.53237e+06,
2.54329e+06,
2.55464e+06,
2.5658e+06,
2.57737e+06,
2.58883e+06,
2.60044e+06,
2.61229e+06,
2.62443e+06,
2.63599e+06,
2.64745e+06,
2.65963e+06,
2.67126e+06,
2.68331e+06,
2.69576e+06,
2.70811e+06,
2.7205e+06,
2.7337e+06,
2.74673e+06,
2.75924e+06,
2.77144e+06,
2.78447e+06,
2.79695e+06,
2.80982e+06,
2.82299e+06,
2.83633e+06,
2.85027e+06,
2.86409e+06,
2.8777e+06,
2.8911e+06,
2.9045e+06,
2.91782e+06,
2.93135e+06,
2.94545e+06,
2.9592e+06,
2.97385e+06,
2.98853e+06,
3.00289e+06,
3.0172e+06,
3.0315e+06,
3.04556e+06,
3.05999e+06,
3.07466e+06,
3.08982e+06,
3.10531e+06,
3.12094e+06,
3.13636e+06,
3.15208e+06,
3.16707e+06,
3.18173e+06,
3.19689e+06,
3.21255e+06,
3.22909e+06,
3.24569e+06,
3.26184e+06,
3.27827e+06,
3.29437e+06,
3.31047e+06,
3.32672e+06,
3.34278e+06,
3.35971e+06,
3.37724e+06,
3.39446e+06,
3.41183e+06,
3.42881e+06,
3.4462e+06,
3.46352e+06,
3.48117e+06,
3.49934e+06,
3.51738e+06,
3.5352e+06,
3.55327e+06,
3.57155e+06,
3.59068e+06,
3.60991e+06,
3.62956e+06,
3.64961e+06,
3.66938e+06,
3.68894e+06,
3.70779e+06,
3.72733e+06,
3.74686e+06,
3.76718e+06,
3.7882e+06,
3.80943e+06,
3.82986e+06,
3.85039e+06,
3.87088e+06,
3.89212e+06,
3.91312e+06,
3.93498e+06,
3.95703e+06,
3.97884e+06,
4.00065e+06,
4.02291e+06,
4.04498e+06,
4.06731e+06,
4.09085e+06,
4.11431e+06,
4.13733e+06,
4.16127e+06,
4.1846e+06,
4.20909e+06,
4.23342e+06,
4.25955e+06,
4.28464e+06,
4.30962e+06,
4.33453e+06,
4.35996e+06,
4.38508e+06,
4.4119e+06,
4.43867e+06,
4.46531e+06,
4.49195e+06,
4.51854e+06,
4.54517e+06,
4.57221e+06,
4.60114e+06,
4.62906e+06,
4.65691e+06,
4.68486e+06,
4.713e+06,
4.74072e+06,
4.77043e+06,
4.80045e+06,
4.83035e+06,
4.85988e+06,
4.88999e+06,
4.92038e+06,
4.95114e+06,
4.98386e+06,
5.01587e+06,
5.04748e+06,
5.07919e+06,
5.11127e+06,
5.14946e+06,
5.20681e+06,
5.26389e+06,
5.32078e+06,
5.3766e+06,
5.43288e+06,
5.48897e+06,
5.5479e+06,
5.60685e+06,
5.66628e+06,
5.72674e+06,
5.78992e+06,
5.85385e+06,
5.92019e+06,
5.98863e+06,
6.0572e+06,
6.12666e+06,
6.19744e+06,
6.27056e+06,
6.348e+06,
6.43792e+06,
6.53281e+06,
6.62518e+06,
6.70529e+06,
6.78284e+06,
6.85786e+06,
6.93073e+06,
7.00213e+06,
7.07107e+06,
7.14139e+06,
7.21404e+06,
7.28691e+06,
7.35807e+06,
7.4296e+06,
7.49674e+06,
7.56251e+06,
7.62877e+06,
7.69588e+06,
7.76081e+06,
7.82784e+06,
7.8946e+06,
7.96194e+06,
8.02836e+06,
8.09539e+06,
8.15873e+06,
8.22101e+06,
8.2829e+06,
8.34494e+06,
8.40997e+06,
8.4779e+06,
8.54535e+06,
8.61127e+06,
8.67721e+06,
8.74351e+06,
8.8118e+06,
8.87942e+06,
8.94689e+06,
9.0136e+06,
9.08071e+06,
9.14822e+06,
9.21539e+06,
9.28178e+06,
9.34839e+06,
9.41376e+06,
9.48042e+06,
9.54817e+06,
9.61609e+06,
9.68431e+06,
9.75158e+06,
9.81792e+06,
9.88484e+06,
9.95161e+06,
1.00178e+07,
1.00835e+07,
1.01486e+07,
1.02125e+07,
1.02784e+07,
1.03477e+07,
1.04172e+07,
1.04845e+07,
1.05507e+07,
1.06167e+07,
1.06822e+07,
1.07474e+07,
1.0813e+07,
1.0879e+07,
1.09457e+07,
1.10141e+07,
1.10829e+07,
1.11529e+07,
1.12221e+07,
1.12895e+07,
1.13574e+07,
1.14247e+07,
1.14919e+07,
1.15589e+07,
1.16283e+07,
1.1697e+07,
1.17661e+07,
1.18357e+07,
1.19062e+07,
1.19782e+07,
1.20482e+07,
1.21173e+07,
1.21861e+07,
1.22559e+07,
1.23272e+07,
1.23975e+07,
1.24676e+07,
1.25387e+07,
1.26103e+07,
1.26814e+07,
1.27534e+07,
1.2825e+07,
1.28957e+07,
1.29681e+07,
1.30398e+07,
1.31123e+07,
1.31856e+07,
1.32595e+07,
1.33336e+07,
1.34063e+07,
1.34799e+07,
1.35555e+07,
1.36325e+07,
1.3712e+07,
1.37907e+07,
1.38682e+07,
1.39446e+07,
1.40214e+07,
1.40977e+07,
1.41744e+07,
1.42508e+07,
1.43271e+07,
1.44048e+07,
1.44837e+07,
1.4562e+07,
1.46393e+07,
1.47167e+07,
1.47932e+07,
1.48699e+07,
1.49471e+07,
478966,
479307,
479722,
480126,
480514,
481027,
481629,
482287,
482736,
483153,
483562,
484071,
484521,
484949,
485329,
485784,
486141,
486591,
487003,
487389,
487783,
488218,
488591,
489033,
489523,
489932,
490376,
490853,
491382,
491760,
492155,
492627,
493061,
493543,
494029,
494475,
495012,
495482,
495966,
496548,
497047,
497557,
498073,
498539,
499180,
499696,
500300,
500865,
501514,
502126,
502684,
503277,
503838,
504443,
505037,
505778,
506455,
507128,
507937,
508716,
509601,
510574,
511427,
512349,
513172,
514073,
514912,
515748,
516637,
517562,
518519,
519423,
520331,
521256,
522210,
523089,
523998,
524976,
525907,
526849,
527809,
528824,
529815,
530890,
531843,
532884,
533761,
534735,
535631,
536574,
537684,
538732,
539886,
540969,
542033,
543122,
544206,
545250,
546353,
547409,
548591,
549657,
550842,
551902,
553014,
554163,
555266,
556451,
557597,
558696,
559896,
561044,
562196,
563395,
564627,
565859,
567110,
568316,
569446,
570729,
571978,
573329,
574637,
576128,
577740,
579373,
580796,
582234,
583829,
585138,
586479,
587866,
589203,
590598,
592059,
593668,
595278,
596826,
598315,
599791,
601233,
602650,
604166,
605508,
607062,
608590,
610199,
611691,
613278,
614828,
616395,
617883,
619323,
620703,
622315,
623864,
625562,
627242,
628818,
630354,
631948,
633534,
635210,
636708,
638368,
640236,
642116,
644011,
645852,
647686,
649505,
651292,
653042,
654712,
656370,
658235,
660166,
661967,
663798,
665617,
667496,
669306,
671143,
672867,
674708,
676572,
678484,
680278,
682141,
684035,
685901,
687874,
689815,
691736,
693788,
695695,
697813,
699843,
701790,
703815,
705776,
707753,
709635,
711720,
713917,
715969,
718036,
720224,
722443,
724630,
726686,
728739,
730798,
732880,
734934,
737201,
739388,
741553,
743641,
745792,
747843,
750033,
752242,
754388,
756580,
758776,
761010,
763250,
765668,
768046,
770381,
772625,
774855,
777147,
779493,
781859,
784261,
786731,
789127,
791591,
794036,
796286,
798719,
801075,
803688,
806204,
808730,
811301,
813986,
816563,
819208,
821796,
824336,
826904,
829452,
832147,
834838,
837422,
840153,
842920,
845746,
848480,
851241,
853856,
856502,
859247,
862084,
864998,
867933,
870633,
873581,
876513,
879415,
882206,
885155,
888106,
890975,
893788,
896764,
899906,
902914,
905863,
908941,
911705,
914799,
917712,
920563,
923634,
926679,
929683,
932623,
935706,
939678,
943798,
947878,
952098,
956384,
960624,
964749,
968965,
973078,
977239,
981443,
985591,
989917,
994226,
998666,
1.00292e+06,
1.00734e+06,
1.01173e+06,
1.01609e+06,
1.02026e+06,
1.02443e+06,
1.02872e+06,
1.03324e+06,
1.03746e+06,
1.042e+06,
1.04644e+06,
1.05086e+06,
1.05529e+06,
1.05974e+06,
1.06414e+06,
1.06851e+06,
1.07285e+06,
1.07757e+06,
1.08229e+06,
1.08686e+06,
1.09167e+06,
1.09623e+06,
1.10095e+06,
1.10564e+06,
1.11056e+06,
1.11522e+06,
1.1199e+06,
1.12478e+06,
1.12981e+06,
1.13472e+06,
1.13968e+06,
1.14482e+06,
1.14986e+06,
1.15465e+06,
1.15985e+06,
1.16481e+06,
1.16986e+06,
1.17487e+06,
1.17994e+06,
1.18494e+06,
1.1901e+06,
1.19537e+06,
1.20055e+06,
1.20579e+06,
1.21106e+06,
1.21641e+06,
1.22168e+06,
1.2272e+06,
1.23256e+06,
1.23767e+06,
1.24286e+06,
1.2481e+06,
1.25329e+06,
1.25878e+06,
1.26442e+06,
1.27001e+06,
1.27567e+06,
1.28121e+06,
1.28707e+06,
1.29291e+06,
1.29876e+06,
1.30438e+06,
1.31011e+06,
1.31598e+06,
1.32198e+06,
1.32797e+06,
1.33431e+06,
1.34042e+06,
1.34619e+06,
1.35218e+06,
1.3582e+06,
1.36417e+06,
1.37022e+06,
1.37634e+06,
1.38225e+06,
1.38814e+06,
1.39406e+06,
1.40009e+06,
1.40625e+06,
1.41241e+06,
1.41853e+06,
1.42468e+06,
1.43094e+06,
1.43717e+06,
1.44337e+06,
1.44943e+06,
1.45562e+06,
1.4624e+06,
1.46883e+06,
1.47549e+06,
1.48197e+06,
1.48896e+06,
1.49571e+06,
1.50217e+06,
1.50887e+06,
1.51534e+06,
1.52181e+06,
1.52861e+06,
1.53537e+06,
1.54212e+06,
1.54893e+06,
1.55573e+06,
1.56272e+06,
1.56977e+06,
1.57658e+06,
1.58339e+06,
1.59034e+06,
1.59705e+06,
1.60385e+06,
1.61088e+06,
1.61798e+06,
1.62508e+06,
1.63219e+06,
1.63952e+06,
1.64668e+06,
1.6535e+06,
1.66041e+06,
1.66762e+06,
1.67474e+06,
1.68197e+06,
1.68925e+06,
1.69654e+06,
1.704e+06,
1.71143e+06,
1.71889e+06,
1.72641e+06,
1.73424e+06,
1.74219e+06,
1.74999e+06,
1.75764e+06,
1.76517e+06,
1.7732e+06,
1.78101e+06,
1.78887e+06,
1.7968e+06,
1.80432e+06,
1.81197e+06,
1.8198e+06,
1.82783e+06,
1.83597e+06,
1.84401e+06,
1.85212e+06,
1.86041e+06,
1.86865e+06,
1.87649e+06,
1.8844e+06,
1.89225e+06,
1.90043e+06,
1.9084e+06,
1.91687e+06,
1.92539e+06,
1.93351e+06,
1.9421e+06,
1.95089e+06,
1.95941e+06,
1.96796e+06,
1.97636e+06,
1.98498e+06,
1.99377e+06,
2.00241e+06,
2.01112e+06,
2.02036e+06,
2.02939e+06,
2.03845e+06,
2.04762e+06,
2.05658e+06,
2.06569e+06,
2.07475e+06,
2.08371e+06,
2.09262e+06,
2.10165e+06,
2.11091e+06,
2.12032e+06,
2.12986e+06,
2.13948e+06,
2.14889e+06,
2.15851e+06,
2.16816e+06,
2.17763e+06,
2.1872e+06,
2.1967e+06,
2.20613e+06,
2.21607e+06,
2.22595e+06,
2.236e+06,
2.24604e+06,
2.25609e+06,
2.26611e+06,
2.27621e+06,
2.28662e+06,
2.29686e+06,
2.3073e+06,
2.31759e+06,
2.32832e+06,
2.33873e+06,
2.34938e+06,
2.36008e+06,
2.37114e+06,
2.38207e+06,
2.39291e+06,
2.40374e+06,
2.41469e+06,
2.42539e+06,
2.43672e+06,
2.44776e+06,
2.45877e+06,
2.46999e+06,
2.4815e+06,
2.49269e+06,
2.50408e+06,
2.51556e+06,
2.52664e+06,
2.5382e+06,
2.54963e+06,
2.56133e+06,
2.57327e+06,
2.58529e+06,
2.59754e+06,
2.6097e+06,
2.62162e+06,
2.63375e+06,
2.64562e+06,
2.65782e+06,
2.67043e+06,
2.68309e+06,
2.69585e+06,
2.70825e+06,
2.72111e+06,
2.73379e+06,
2.74659e+06,
2.75948e+06,
2.77242e+06,
2.78576e+06,
2.79911e+06,
2.81277e+06,
2.82605e+06,
2.83936e+06,
2.85286e+06,
2.86649e+06,
2.87983e+06,
2.89314e+06,
2.90716e+06,
2.92167e+06,
2.93617e+06,
2.95058e+06,
2.96458e+06,
2.97887e+06,
2.99344e+06,
3.00813e+06,
3.02256e+06,
3.03782e+06,
3.05317e+06,
3.06854e+06,
3.08444e+06,
3.09983e+06,
3.11522e+06,
3.13058e+06,
3.14617e+06,
3.16156e+06,
3.17751e+06,
3.19435e+06,
3.211e+06,
3.22719e+06,
3.24326e+06,
3.25945e+06,
3.27571e+06,
3.29186e+06,
3.30877e+06,
3.32594e+06,
3.34332e+06,
3.36058e+06,
3.37799e+06,
3.39532e+06,
3.41262e+06,
3.43031e+06,
3.44828e+06,
3.46684e+06,
3.48539e+06,
3.5039e+06,
3.52307e+06,
3.54163e+06,
3.56023e+06,
3.57957e+06,
3.59952e+06,
3.61953e+06,
3.63879e+06,
3.65842e+06,
3.6785e+06,
3.6984e+06,
3.71849e+06,
3.73906e+06,
3.76072e+06,
3.7818e+06,
3.80314e+06,
3.82402e+06,
3.84441e+06,
3.8653e+06,
3.88673e+06,
3.90974e+06,
3.93213e+06,
3.95507e+06,
3.97693e+06,
3.99972e+06,
4.02238e+06,
4.04534e+06,
4.06905e+06,
4.09318e+06,
4.11709e+06,
4.14107e+06,
4.1655e+06,
4.19001e+06,
4.21493e+06,
4.24159e+06,
4.26707e+06,
4.29255e+06,
4.31798e+06,
4.34397e+06,
4.36999e+06,
4.39767e+06,
4.42537e+06,
4.4527e+06,
4.48026e+06,
4.50753e+06,
4.53467e+06,
4.56308e+06,
4.59196e+06,
4.62062e+06,
4.64955e+06,
4.67891e+06,
4.70815e+06,
4.7379e+06,
4.76956e+06,
4.80011e+06,
4.83069e+06,
4.86134e+06,
4.89196e+06,
4.92283e+06,
4.95613e+06,
4.98926e+06,
5.02187e+06,
5.05506e+06,
5.08765e+06,
5.12103e+06,
5.15695e+06,
5.19367e+06,
5.24383e+06,
5.30384e+06,
5.36422e+06,
5.42412e+06,
5.48661e+06,
5.54973e+06,
5.6125e+06,
5.67533e+06,
5.73834e+06,
5.80261e+06,
5.87297e+06,
5.94611e+06,
6.01899e+06,
6.09261e+06,
6.16768e+06,
6.24567e+06,
6.32905e+06,
6.42428e+06,
6.52324e+06,
6.61156e+06,
6.69448e+06,
6.77569e+06,
6.85462e+06,
6.93145e+06,
7.00445e+06,
7.07726e+06,
7.15016e+06,
7.22245e+06,
7.29605e+06,
7.37144e+06,
7.44288e+06,
7.51455e+06,
7.58553e+06,
7.65522e+06,
7.72404e+06,
7.79234e+06,
7.86069e+06,
7.9275e+06,
7.99591e+06,
8.06837e+06,
8.14033e+06,
8.21066e+06,
8.27823e+06,
8.34536e+06,
8.412e+06,
8.478e+06,
8.54412e+06,
8.60934e+06,
8.6759e+06,
8.7418e+06,
8.80463e+06,
8.86993e+06,
8.93795e+06,
9.00291e+06,
9.06859e+06,
9.13625e+06,
9.20317e+06,
9.27208e+06,
9.34094e+06,
9.40977e+06,
9.47815e+06,
9.54689e+06,
9.61748e+06,
9.68767e+06,
9.75635e+06,
9.8227e+06,
9.88993e+06,
9.95827e+06,
1.00267e+07,
1.00949e+07,
1.01622e+07,
1.02293e+07,
1.02969e+07,
1.03663e+07,
1.04354e+07,
1.0503e+07,
1.05716e+07,
1.06403e+07,
1.07085e+07,
1.07758e+07,
1.08433e+07,
1.09109e+07,
1.09784e+07,
1.10454e+07,
1.11138e+07,
1.11832e+07,
1.12544e+07,
1.13244e+07,
1.13937e+07,
1.14634e+07,
1.15325e+07,
1.1601e+07,
1.1669e+07,
1.17377e+07,
1.18076e+07,
1.18807e+07,
1.19556e+07,
1.20289e+07,
1.21014e+07,
1.21727e+07,
1.2243e+07,
1.23138e+07,
1.23846e+07,
1.24555e+07,
1.25284e+07,
1.2601e+07,
1.26741e+07,
1.27483e+07,
1.28225e+07,
1.28958e+07,
1.2968e+07,
1.30406e+07,
1.31125e+07,
1.31858e+07,
1.32614e+07,
1.33356e+07,
1.34116e+07,
1.34886e+07,
1.3567e+07,
1.36458e+07,
1.37229e+07,
1.37975e+07,
1.38715e+07,
1.39472e+07,
1.40233e+07,
1.40986e+07,
1.41779e+07,
1.42568e+07,
1.43362e+07,
1.44155e+07,
1.44957e+07,
1.45758e+07,
1.46549e+07,
1.47337e+07,
1.48123e+07,
1.4892e+07,
1.49708e+07,
1.505e+07,
1.5129e+07,
1.52076e+07,
1.52872e+07,
1.53671e+07,
1.54474e+07,
1.55274e+07,
1.5607e+07,
1.5686e+07,
1.57654e+07,
1.58446e+07,
478966,
479311,
479745,
480154,
480541,
481052,
481632,
482294,
482753,
483183,
483626,
484073,
484528,
484984,
485377,
485790,
486181,
486645,
487022,
487390,
487843,
488262,
488697,
489146,
489517,
489935,
490458,
490899,
491418,
491819,
492182,
492639,
493073,
493536,
494050,
494579,
495070,
495539,
496053,
496585,
497077,
497625,
498110,
498583,
499095,
499650,
500227,
500844,
501592,
502151,
502670,
503309,
503911,
504469,
505145,
505810,
506487,
507198,
508072,
508977,
509954,
510759,
511562,
512425,
513293,
514063,
514961,
515716,
516577,
517562,
518488,
519315,
520225,
521128,
522031,
523004,
523948,
524960,
525863,
526878,
527857,
528831,
529815,
530736,
531732,
532649,
533598,
534587,
535564,
536442,
537501,
538613,
539692,
540681,
541769,
542883,
544019,
545027,
546174,
547267,
548253,
549315,
550430,
551607,
552702,
553856,
555012,
556231,
557379,
558654,
559727,
560877,
561976,
563234,
564399,
565524,
566773,
567983,
569329,
570796,
571992,
573400,
574815,
576108,
577497,
578986,
580679,
582188,
583825,
585271,
586745,
588206,
589578,
591027,
592419,
593783,
595279,
596901,
598353,
599966,
601455,
602803,
604182,
605717,
607257,
608714,
610141,
611627,
613236,
614786,
616405,
617879,
619348,
620903,
622372,
623859,
625637,
627213,
628786,
630438,
632021,
633610,
635137,
636751,
638415,
639987,
641781,
643645,
645466,
647298,
649183,
650932,
652716,
654285,
656095,
657816,
659539,
661504,
663406,
665207,
666985,
668835,
670564,
672484,
674271,
675968,
677762,
679632,
681486,
683578,
685482,
687324,
689337,
691214,
693178,
695255,
697062,
699168,
701208,
703159,
705018,
706932,
708891,
710941,
712979,
715030,
717059,
719180,
721218,
723371,
725537,
727567,
729585,
731731,
733918,
736004,
738095,
740281,
742346,
744534,
746665,
748813,
750966,
753080,
755015,
757294,
759544,
761744,
764068,
766321,
768622,
770920,
773201,
775454,
777685,
779972,
782187,
784552,
786971,
789327,
791798,
794183,
796509,
798988,
801550,
804094,
806515,
809094,
811566,
814041,
816626,
819289,
822092,
824504,
827153,
829607,
832165,
834795,
837498,
840195,
842821,
845504,
848151,
850810,
853419,
856193,
858825,
861554,
864303,
867043,
869755,
872608,
875427,
878278,
881097,
883939,
886743,
889433,
892408,
895373,
898844,
902819,
906993,
911162,
915105,
919196,
923451,
927727,
931665,
935639,
939772,
943976,
948080,
952035,
956144,
960388,
964540,
968613,
972782,
977145,
981444,
985838,
990064,
994300,
998636,
1.00286e+06,
1.00723e+06,
1.01139e+06,
1.01578e+06,
1.02003e+06,
1.02428e+06,
1.02862e+06,
1.03294e+06,
1.03742e+06,
1.04189e+06,
1.04651e+06,
1.05085e+06,
1.0554e+06,
1.05996e+06,
1.0646e+06,
1.06943e+06,
1.0742e+06,
1.07899e+06,
1.08354e+06,
1.08836e+06,
1.093e+06,
1.09756e+06,
1.10233e+06,
1.10714e+06,
1.11204e+06,
1.11671e+06,
1.12148e+06,
1.12649e+06,
1.13131e+06,
1.13611e+06,
1.14085e+06,
1.14584e+06,
1.15073e+06,
1.15559e+06,
1.16054e+06,
1.16538e+06,
1.17038e+06,
1.17556e+06,
1.18055e+06,
1.18563e+06,
1.19082e+06,
1.19591e+06,
1.20104e+06,
1.20638e+06,
1.21162e+06,
1.21702e+06,
1.22218e+06,
1.22782e+06,
1.23346e+06,
1.23886e+06,
1.24432e+06,
1.24988e+06,
1.25532e+06,
1.26095e+06,
1.2665e+06,
1.27199e+06,
1.2775e+06,
1.28301e+06,
1.28853e+06,
1.29434e+06,
1.29996e+06,
1.30569e+06,
1.31145e+06,
1.31708e+06,
1.32312e+06,
1.32887e+06,
1.33495e+06,
1.34101e+06,
1.34701e+06,
1.35288e+06,
1.35885e+06,
1.36494e+06,
1.37101e+06,
1.37711e+06,
1.38306e+06,
1.38906e+06,
1.39497e+06,
1.40102e+06,
1.40719e+06,
1.41336e+06,
1.41971e+06,
1.42626e+06,
1.43264e+06,
1.43918e+06,
1.44571e+06,
1.45207e+06,
1.45861e+06,
1.4649e+06,
1.47139e+06,
1.47784e+06,
1.48439e+06,
1.49117e+06,
1.49777e+06,
1.50445e+06,
1.51122e+06,
1.51786e+06,
1.52474e+06,
1.53128e+06,
1.5382e+06,
1.54492e+06,
1.55164e+06,
1.55831e+06,
1.56523e+06,
1.57207e+06,
1.57889e+06,
1.58575e+06,
1.59284e+06,
1.59951e+06,
1.6066e+06,
1.61384e+06,
1.62099e+06,
1.62836e+06,
1.63567e+06,
1.64294e+06,
1.65034e+06,
1.65756e+06,
1.66488e+06,
1.67222e+06,
1.67959e+06,
1.6875e+06,
1.69523e+06,
1.7028e+06,
1.71029e+06,
1.71773e+06,
1.72522e+06,
1.73284e+06,
1.74028e+06,
1.74794e+06,
1.75583e+06,
1.76367e+06,
1.77152e+06,
1.77974e+06,
1.78764e+06,
1.79561e+06,
1.80356e+06,
1.81111e+06,
1.81908e+06,
1.82702e+06,
1.83481e+06,
1.84301e+06,
1.85123e+06,
1.85944e+06,
1.86742e+06,
1.87602e+06,
1.8846e+06,
1.89324e+06,
1.90178e+06,
1.91024e+06,
1.91864e+06,
1.92746e+06,
1.93598e+06,
1.94471e+06,
1.953e+06,
1.96182e+06,
1.97067e+06,
1.9795e+06,
1.98864e+06,
1.99739e+06,
2.00608e+06,
2.01499e+06,
2.02413e+06,
2.03342e+06,
2.04233e+06,
2.05139e+06,
2.06068e+06,
2.06985e+06,
2.07925e+06,
2.08847e+06,
2.09754e+06,
2.10718e+06,
2.1163e+06,
2.12583e+06,
2.13534e+06,
2.14512e+06,
2.15483e+06,
2.16453e+06,
2.17432e+06,
2.18399e+06,
2.19397e+06,
2.20402e+06,
2.2142e+06,
2.2243e+06,
2.23454e+06,
2.24508e+06,
2.25535e+06,
2.2656e+06,
2.27571e+06,
2.28584e+06,
2.29646e+06,
2.30707e+06,
2.31781e+06,
2.32861e+06,
2.33947e+06,
2.35021e+06,
2.36098e+06,
2.37158e+06,
2.38235e+06,
2.39338e+06,
2.40435e+06,
2.41582e+06,
2.42702e+06,
2.43842e+06,
2.44972e+06,
2.461e+06,
2.47256e+06,
2.48438e+06,
2.49603e+06,
2.50757e+06,
2.51942e+06,
2.5314e+06,
2.5435e+06,
2.55571e+06,
2.56773e+06,
2.58026e+06,
2.5923e+06,
2.60458e+06,
2.61694e+06,
2.62885e+06,
2.64156e+06,
2.65442e+06,
2.6672e+06,
2.68027e+06,
2.69323e+06,
2.70563e+06,
2.71835e+06,
2.73103e+06,
2.74395e+06,
2.75688e+06,
2.77039e+06,
2.78411e+06,
2.79749e+06,
2.81075e+06,
2.82433e+06,
2.83789e+06,
2.85145e+06,
2.86554e+06,
2.87944e+06,
2.89363e+06,
2.9079e+06,
2.92269e+06,
2.93698e+06,
2.9515e+06,
2.96621e+06,
2.98061e+06,
2.99571e+06,
3.01086e+06,
3.02646e+06,
3.0416e+06,
3.05686e+06,
3.07199e+06,
3.08763e+06,
3.10327e+06,
3.11851e+06,
3.13453e+06,
3.15069e+06,
3.167e+06,
3.18358e+06,
3.20001e+06,
3.21626e+06,
3.23284e+06,
3.24907e+06,
3.26606e+06,
3.28351e+06,
3.3018e+06,
3.32001e+06,
3.33766e+06,
3.3552e+06,
3.37269e+06,
3.3905e+06,
3.40897e+06,
3.42774e+06,
3.44678e+06,
3.46564e+06,
3.48425e+06,
3.50297e+06,
3.52196e+06,
3.54101e+06,
3.55982e+06,
3.57939e+06,
3.5995e+06,
3.61969e+06,
3.63948e+06,
3.65947e+06,
3.67965e+06,
3.69988e+06,
3.72109e+06,
3.74315e+06,
3.76385e+06,
3.7846e+06,
3.80602e+06,
3.82775e+06,
3.85002e+06,
3.87272e+06,
3.89624e+06,
3.9195e+06,
3.94235e+06,
3.96531e+06,
3.98761e+06,
4.01041e+06,
4.03504e+06,
4.06029e+06,
4.08505e+06,
4.10958e+06,
4.1342e+06,
4.15882e+06,
4.18415e+06,
4.21021e+06,
4.23608e+06,
4.26184e+06,
4.28796e+06,
4.31413e+06,
4.34086e+06,
4.36784e+06,
4.39668e+06,
4.42476e+06,
4.45234e+06,
4.47988e+06,
4.50779e+06,
4.53655e+06,
4.5674e+06,
4.59725e+06,
4.62727e+06,
4.65727e+06,
4.68714e+06,
4.71746e+06,
4.74933e+06,
4.78124e+06,
4.8128e+06,
4.8442e+06,
4.87559e+06,
4.90764e+06,
4.94141e+06,
4.97554e+06,
5.00931e+06,
5.04292e+06,
5.07701e+06,
5.11137e+06,
5.14759e+06,
5.1842e+06,
5.22037e+06,
5.25848e+06,
5.31219e+06,
5.37646e+06,
5.44417e+06,
5.51197e+06,
5.57838e+06,
5.64544e+06,
5.71242e+06,
5.7809e+06,
5.85364e+06,
5.92747e+06,
6.00466e+06,
6.08388e+06,
6.16509e+06,
6.25131e+06,
6.34835e+06,
6.45194e+06,
6.54911e+06,
6.63433e+06,
6.71638e+06,
6.79776e+06,
6.87973e+06,
6.95727e+06,
7.03487e+06,
7.11081e+06,
7.18696e+06,
7.26489e+06,
7.33962e+06,
7.41355e+06,
7.48613e+06,
7.55893e+06,
7.63337e+06,
7.70721e+06,
7.77825e+06,
7.84965e+06,
7.92037e+06,
7.99044e+06,
8.06142e+06,
8.13405e+06,
8.20669e+06,
8.27797e+06,
8.34869e+06,
8.41809e+06,
8.48926e+06,
8.55785e+06,
8.62481e+06,
8.69231e+06,
8.75925e+06,
8.82818e+06,
8.90112e+06,
8.97305e+06,
9.04307e+06,
9.11252e+06,
9.18044e+06,
9.24898e+06,
9.31629e+06,
9.38301e+06,
9.44493e+06,
9.50955e+06,
9.57845e+06,
9.64798e+06,
9.71872e+06,
9.78878e+06,
9.85842e+06,
9.92717e+06,
9.99529e+06,
1.00626e+07,
1.01309e+07,
1.02025e+07,
1.02723e+07,
1.03431e+07,
1.04141e+07,
1.04855e+07,
1.05549e+07,
1.06238e+07,
1.06918e+07,
1.07599e+07,
1.083e+07,
1.09e+07,
1.09687e+07,
1.10384e+07,
1.11093e+07,
1.118e+07,
1.12504e+07,
1.13193e+07,
1.1387e+07,
1.14576e+07,
1.15293e+07,
1.16009e+07,
1.16726e+07,
1.17433e+07,
1.18144e+07,
1.18862e+07,
1.19589e+07,
1.20331e+07,
1.21068e+07,
1.21813e+07,
1.22553e+07,
1.23285e+07,
1.24015e+07,
1.24747e+07,
1.25479e+07,
1.26203e+07,
1.26936e+07,
1.27693e+07,
1.28473e+07,
1.29238e+07,
1.29986e+07,
1.30726e+07,
1.31469e+07,
1.32214e+07,
1.3296e+07,
1.33712e+07,
1.34474e+07,
1.35255e+07,
1.36063e+07,
1.36874e+07,
1.37678e+07,
1.38453e+07,
1.39222e+07,
1.39989e+07,
1.40744e+07,
1.41503e+07,
1.42278e+07,
1.43056e+07,
1.43837e+07,
1.44617e+07,
1.45406e+07,
1.46215e+07,
1.47033e+07,
1.47841e+07,
1.48651e+07,
1.49454e+07,
1.50268e+07,
1.51082e+07,
1.51896e+07,
1.52705e+07,
1.53523e+07,
1.54355e+07,
1.55187e+07,
1.55992e+07,
1.56798e+07,
1.57599e+07,
1.58408e+07,
1.59221e+07,
1.60032e+07,
1.60842e+07,
1.61669e+07,
1.62497e+07,
1.63333e+07,
1.6419e+07,
1.65027e+07,
1.65872e+07,
1.66755e+07,
1.67637e+07,
478966,
479321,
479719,
480139,
480532,
481058,
481629,
482269,
482777,
483241,
483667,
484111,
484557,
485003,
485387,
485814,
486217,
486634,
486994,
487457,
487881,
488274,
488688,
489188,
489571,
490017,
490508,
490981,
491443,
491846,
492276,
492671,
493092,
493607,
494085,
494514,
494995,
495601,
496110,
496581,
497084,
497606,
498105,
498601,
499090,
499614,
500199,
500825,
501514,
502133,
502703,
503221,
503866,
504421,
505035,
505827,
506554,
507398,
508241,
509166,
510025,
510806,
511636,
512437,
513300,
514142,
514887,
515722,
516561,
517496,
518389,
519387,
520138,
521081,
522005,
522899,
523864,
524864,
525868,
526868,
527831,
528778,
529866,
530860,
531839,
532722,
533632,
534581,
535515,
536520,
537471,
538596,
539677,
540723,
541651,
542670,
543640,
544856,
545897,
546984,
547982,
548962,
549992,
550992,
552202,
553341,
554507,
555640,
556797,
557970,
559200,
560318,
561521,
562854,
564177,
565477,
566844,
568156,
569519,
570879,
572305,
573510,
574838,
576177,
577597,
578943,
580311,
581896,
583505,
585092,
586579,
587979,
589419,
590860,
592241,
593719,
595296,
596727,
598278,
599684,
601190,
602674,
604180,
605575,
607039,
608618,
610103,
611622,
613101,
614768,
616276,
617766,
619325,
620990,
622447,
623948,
625569,
627092,
628577,
630194,
631709,
633262,
634756,
636454,
638118,
639587,
641361,
643069,
644902,
646727,
648656,
650491,
652170,
653928,
655647,
657354,
659158,
661031,
662829,
664592,
666481,
668275,
670073,
671781,
673642,
675390,
677279,
679001,
680831,
682761,
684714,
686581,
688361,
690269,
692151,
694130,
696140,
698210,
700332,
702358,
704230,
706076,
708040,
710058,
711904,
713796,
715856,
717862,
719836,
721989,
724026,
726151,
728260,
730191,
732247,
734376,
736525,
738756,
740809,
743009,
745005,
747197,
749273,
751476,
753606,
755758,
757968,
760102,
762307,
764558,
766851,
768998,
771217,
773442,
775682,
777869,
780245,
782547,
784895,
787157,
789523,
791891,
794337,
796738,
799152,
801624,
804141,
806701,
809179,
811636,
814005,
816499,
819045,
821654,
824273,
826874,
829511,
832046,
834440,
836993,
839513,
842075,
844584,
847174,
849944,
852571,
855304,
858012,
860848,
863649,
867171,
870989,
875054,
878877,
882816,
886847,
890829,
894717,
898803,
902574,
906592,
910793,
914755,
918439,
922530,
926651,
931038,
935235,
939310,
943467,
947675,
951771,
955793,
959808,
964053,
968399,
972782,
977033,
981108,
985449,
989602,
993729,
997979,
1.00261e+06,
1.00722e+06,
1.01171e+06,
1.01629e+06,
1.02082e+06,
1.02534e+06,
1.02991e+06,
1.03445e+06,
1.03912e+06,
1.04357e+06,
1.04802e+06,
1.05247e+06,
1.05708e+06,
1.06157e+06,
1.06614e+06,
1.07072e+06,
1.07554e+06,
1.08014e+06,
1.0848e+06,
1.08961e+06,
1.09426e+06,
1.09901e+06,
1.10372e+06,
1.10843e+06,
1.11308e+06,
1.11771e+06,
1.12245e+06,
1.12735e+06,
1.13225e+06,
1.137e+06,
1.14174e+06,
1.14678e+06,
1.15171e+06,
1.15685e+06,
1.16206e+06,
1.16695e+06,
1.17234e+06,
1.17755e+06,
1.18241e+06,
1.18773e+06,
1.19298e+06,
1.19838e+06,
1.20373e+06,
1.20897e+06,
1.21421e+06,
1.21941e+06,
1.22473e+06,
1.23004e+06,
1.2355e+06,
1.24094e+06,
1.24633e+06,
1.2517e+06,
1.25732e+06,
1.26307e+06,
1.26856e+06,
1.27413e+06,
1.27981e+06,
1.28527e+06,
1.29083e+06,
1.29649e+06,
1.30212e+06,
1.30779e+06,
1.31329e+06,
1.31897e+06,
1.32485e+06,
1.33097e+06,
1.33705e+06,
1.3432e+06,
1.34921e+06,
1.35565e+06,
1.36205e+06,
1.36807e+06,
1.37417e+06,
1.38026e+06,
1.38633e+06,
1.3926e+06,
1.39911e+06,
1.40547e+06,
1.41193e+06,
1.41813e+06,
1.42417e+06,
1.43066e+06,
1.43679e+06,
1.44317e+06,
1.44949e+06,
1.45597e+06,
1.46236e+06,
1.4687e+06,
1.47534e+06,
1.48179e+06,
1.48828e+06,
1.49504e+06,
1.50162e+06,
1.50853e+06,
1.51505e+06,
1.52158e+06,
1.5284e+06,
1.53498e+06,
1.5416e+06,
1.54834e+06,
1.55517e+06,
1.56219e+06,
1.5693e+06,
1.57663e+06,
1.58398e+06,
1.59137e+06,
1.59857e+06,
1.60572e+06,
1.61295e+06,
1.62013e+06,
1.62728e+06,
1.63485e+06,
1.64206e+06,
1.64953e+06,
1.65717e+06,
1.66484e+06,
1.67241e+06,
1.67984e+06,
1.68728e+06,
1.69479e+06,
1.70212e+06,
1.70959e+06,
1.71738e+06,
1.7249e+06,
1.73247e+06,
1.74021e+06,
1.74843e+06,
1.75613e+06,
1.76386e+06,
1.7717e+06,
1.77957e+06,
1.78754e+06,
1.79562e+06,
1.80367e+06,
1.81192e+06,
1.82023e+06,
1.82862e+06,
1.83725e+06,
1.84578e+06,
1.85398e+06,
1.86219e+06,
1.87062e+06,
1.87928e+06,
1.88772e+06,
1.89643e+06,
1.90496e+06,
1.91357e+06,
1.92216e+06,
1.93117e+06,
1.93981e+06,
1.9487e+06,
1.9578e+06,
1.96672e+06,
1.97554e+06,
1.98423e+06,
1.99305e+06,
2.00185e+06,
2.01096e+06,
2.01994e+06,
2.02877e+06,
2.03833e+06,
2.04748e+06,
2.057e+06,
2.06655e+06,
2.07585e+06,
2.08545e+06,
2.09482e+06,
2.10419e+06,
2.11385e+06,
2.12339e+06,
2.13314e+06,
2.1428e+06,
2.15304e+06,
2.16306e+06,
2.17289e+06,
2.18288e+06,
2.19286e+06,
2.20306e+06,
2.21283e+06,
2.22275e+06,
2.23327e+06,
2.24351e+06,
2.25412e+06,
2.2646e+06,
2.27508e+06,
2.28553e+06,
2.29617e+06,
2.30706e+06,
2.31746e+06,
2.32804e+06,
2.33855e+06,
2.34946e+06,
2.36065e+06,
2.37211e+06,
2.38332e+06,
2.3945e+06,
2.40604e+06,
2.41747e+06,
2.42887e+06,
2.44014e+06,
2.45164e+06,
2.46356e+06,
2.47497e+06,
2.48715e+06,
2.49928e+06,
2.51158e+06,
2.52349e+06,
2.53541e+06,
2.54728e+06,
2.55927e+06,
2.57146e+06,
2.58401e+06,
2.5965e+06,
2.60963e+06,
2.62224e+06,
2.63512e+06,
2.64757e+06,
2.66011e+06,
2.67308e+06,
2.68582e+06,
2.69863e+06,
2.71188e+06,
2.7252e+06,
2.73903e+06,
2.75278e+06,
2.76636e+06,
2.77994e+06,
2.79327e+06,
2.80711e+06,
2.8207e+06,
2.83477e+06,
2.84884e+06,
2.86335e+06,
2.87785e+06,
2.89201e+06,
2.90675e+06,
2.92108e+06,
2.93551e+06,
2.95017e+06,
2.9645e+06,
2.97927e+06,
2.99458e+06,
3.01028e+06,
3.02557e+06,
3.041e+06,
3.05637e+06,
3.07181e+06,
3.08771e+06,
3.10346e+06,
3.11947e+06,
3.13619e+06,
3.15281e+06,
3.16939e+06,
3.18631e+06,
3.20305e+06,
3.2201e+06,
3.23727e+06,
3.25452e+06,
3.27251e+06,
3.29033e+06,
3.3082e+06,
3.32618e+06,
3.3442e+06,
3.36202e+06,
3.38047e+06,
3.39954e+06,
3.41889e+06,
3.43766e+06,
3.45666e+06,
3.47499e+06,
3.494e+06,
3.51318e+06,
3.53319e+06,
3.55329e+06,
3.57372e+06,
3.59365e+06,
3.61361e+06,
3.63387e+06,
3.6546e+06,
3.6747e+06,
3.69577e+06,
3.71804e+06,
3.73976e+06,
3.76116e+06,
3.78309e+06,
3.80517e+06,
3.82752e+06,
3.85009e+06,
3.87421e+06,
3.89704e+06,
3.91994e+06,
3.94318e+06,
3.96674e+06,
3.99137e+06,
4.01563e+06,
4.04183e+06,
4.06678e+06,
4.09188e+06,
4.11636e+06,
4.14123e+06,
4.1666e+06,
4.19364e+06,
4.22071e+06,
4.24755e+06,
4.27444e+06,
4.30106e+06,
4.32865e+06,
4.3568e+06,
4.38575e+06,
4.41398e+06,
4.44222e+06,
4.47149e+06,
4.50021e+06,
4.52965e+06,
4.56101e+06,
4.59161e+06,
4.62209e+06,
4.65298e+06,
4.68353e+06,
4.71386e+06,
4.74641e+06,
4.77881e+06,
4.81168e+06,
4.84466e+06,
4.87766e+06,
4.91084e+06,
4.94654e+06,
4.98109e+06,
5.01569e+06,
5.05004e+06,
5.08478e+06,
5.12033e+06,
5.15901e+06,
5.19731e+06,
5.23516e+06,
5.27339e+06,
5.31187e+06,
5.35979e+06,
5.4311e+06,
5.50167e+06,
5.57304e+06,
5.64455e+06,
5.71732e+06,
5.79378e+06,
5.87211e+06,
5.95032e+06,
6.02952e+06,
6.11408e+06,
6.2055e+06,
6.30825e+06,
6.41892e+06,
6.5212e+06,
6.61247e+06,
6.69804e+06,
6.78228e+06,
6.86252e+06,
6.94065e+06,
7.02191e+06,
7.10243e+06,
7.18373e+06,
7.26364e+06,
7.34384e+06,
7.4214e+06,
7.49625e+06,
7.57038e+06,
7.64382e+06,
7.71727e+06,
7.79286e+06,
7.86751e+06,
7.94047e+06,
8.01487e+06,
8.0915e+06,
8.16681e+06,
8.23898e+06,
8.31043e+06,
8.37962e+06,
8.45345e+06,
8.5266e+06,
8.59819e+06,
8.6683e+06,
8.73882e+06,
8.81001e+06,
8.88283e+06,
8.95639e+06,
9.02673e+06,
9.09725e+06,
9.17002e+06,
9.24244e+06,
9.31324e+06,
9.38302e+06,
9.45334e+06,
9.52356e+06,
9.59331e+06,
9.66413e+06,
9.73654e+06,
9.80991e+06,
9.88061e+06,
9.95054e+06,
1.00181e+07,
1.00826e+07,
1.01477e+07,
1.02145e+07,
1.02811e+07,
1.03495e+07,
1.04228e+07,
1.04974e+07,
1.05689e+07,
1.06406e+07,
1.07121e+07,
1.07822e+07,
1.08514e+07,
1.09194e+07,
1.09893e+07,
1.1061e+07,
1.11334e+07,
1.12081e+07,
1.12818e+07,
1.13525e+07,
1.14227e+07,
1.14928e+07,
1.15628e+07,
1.16327e+07,
1.17045e+07,
1.17798e+07,
1.18537e+07,
1.19281e+07,
1.20041e+07,
1.20796e+07,
1.21539e+07,
1.22275e+07,
1.23007e+07,
1.23732e+07,
1.2449e+07,
1.25245e+07,
1.26003e+07,
1.26765e+07,
1.27529e+07,
1.28309e+07,
1.29085e+07,
1.2984e+07,
1.30591e+07,
1.31359e+07,
1.32128e+07,
1.32911e+07,
1.33687e+07,
1.34463e+07,
1.35236e+07,
1.36019e+07,
1.36828e+07,
1.37638e+07,
1.38446e+07,
1.39259e+07,
1.40058e+07,
1.40847e+07,
1.41634e+07,
1.4242e+07,
1.43198e+07,
1.43974e+07,
1.44757e+07,
1.4557e+07,
1.46383e+07,
1.47189e+07,
1.47994e+07,
1.48789e+07,
1.49588e+07,
1.50378e+07,
1.51185e+07,
1.52022e+07,
1.52848e+07,
1.53691e+07,
1.54559e+07,
1.5541e+07,
1.56256e+07,
1.57084e+07,
1.57903e+07,
1.58733e+07,
1.59561e+07,
1.60383e+07,
1.61221e+07,
1.62065e+07,
1.62905e+07,
1.63769e+07,
1.64631e+07,
1.65482e+07,
1.66313e+07,
1.67152e+07,
1.68001e+07,
1.68857e+07,
1.69739e+07,
1.70658e+07,
1.71559e+07,
1.72439e+07,
1.7332e+07,
1.74187e+07,
1.75052e+07,
1.75898e+07,
1.76737e+07,
478966,
479306,
479722,
480150,
480539,
481104,
481692,
482253,
482743,
483227,
483702,
484115,
484590,
485031,
485361,
485815,
486275,
486672,
487059,
487455,
487906,
488297,
488689,
489160,
489609,
490080,
490503,
491025,
491403,
491766,
492234,
492666,
493093,
493596,
494012,
494537,
495041,
495527,
496067,
496527,
497058,
497571,
498087,
498539,
499074,
499548,
500144,
500767,
501357,
502011,
502555,
503133,
503697,
504349,
505104,
505811,
506515,
507277,
508179,
509069,
509915,
510766,
511597,
512335,
513199,
514005,
514819,
515668,
516535,
517391,
518247,
519138,
520066,
520930,
521844,
522766,
523712,
524720,
525699,
526644,
527573,
528535,
529567,
530494,
531505,
532519,
533451,
534412,
535398,
536423,
537384,
538395,
539288,
540236,
541220,
542161,
543189,
544253,
545372,
546393,
547428,
548560,
549592,
550731,
551772,
552866,
554049,
555227,
556503,
557848,
559150,
560417,
561598,
562938,
564171,
565545,
566848,
568108,
569492,
570873,
572216,
573567,
574922,
576164,
577499,
578865,
580268,
581644,
582965,
584475,
586238,
587785,
589188,
590584,
592085,
593542,
594991,
596500,
598027,
599558,
601023,
602559,
603957,
605364,
606904,
608385,
609913,
611432,
612970,
614479,
616079,
617537,
619049,
620542,
622128,
623772,
625327,
626819,
628369,
629821,
631371,
632875,
634420,
635908,
637459,
639035,
640712,
642295,
644016,
645625,
647547,
649389,
651348,
653167,
654996,
656790,
658384,
660198,
662046,
663705,
665578,
667407,
669162,
670878,
672777,
674537,
676290,
678147,
679960,
681749,
683520,
685333,
687192,
689065,
691080,
692889,
694937,
696944,
698758,
700698,
702696,
704688,
706637,
708591,
710497,
712510,
714436,
716482,
718398,
720400,
722395,
724468,
726466,
728503,
730485,
732584,
734846,
736926,
739042,
741053,
743188,
745308,
747372,
749531,
751670,
753724,
755989,
758108,
760151,
762314,
764594,
766723,
768801,
771074,
773328,
775736,
778073,
780381,
782709,
785029,
787342,
789628,
791948,
794173,
796477,
798977,
801400,
803872,
806441,
808765,
811313,
813779,
816272,
818810,
821405,
823908,
826413,
828950,
831423,
834096,
837231,
840957,
844506,
847986,
851916,
855685,
859432,
863255,
867019,
870909,
874695,
878628,
882662,
886572,
890516,
894265,
898291,
902213,
906233,
910141,
914160,
918196,
922182,
926189,
930290,
934369,
938662,
942735,
946753,
951024,
955249,
959376,
963552,
967896,
972292,
976642,
981229,
985729,
990168,
994777,
999135,
1.00345e+06,
1.00804e+06,
1.01233e+06,
1.01673e+06,
1.02134e+06,
1.02599e+06,
1.03045e+06,
1.03492e+06,
1.03969e+06,
1.04418e+06,
1.04881e+06,
1.05336e+06,
1.05812e+06,
1.0627e+06,
1.06728e+06,
1.07201e+06,
1.07663e+06,
1.08119e+06,
1.08569e+06,
1.09059e+06,
1.09516e+06,
1.09978e+06,
1.10449e+06,
1.10949e+06,
1.11449e+06,
1.11954e+06,
1.12442e+06,
1.12939e+06,
1.13427e+06,
1.1391e+06,
1.14399e+06,
1.14915e+06,
1.15418e+06,
1.15916e+06,
1.1645e+06,
1.16983e+06,
1.17527e+06,
1.18039e+06,
1.18557e+06,
1.19081e+06,
1.19591e+06,
1.20101e+06,
1.20634e+06,
1.21166e+06,
1.21699e+06,
1.22248e+06,
1.22794e+06,
1.23342e+06,
1.23895e+06,
1.2442e+06,
1.24951e+06,
1.25476e+06,
1.26031e+06,
1.26582e+06,
1.27128e+06,
1.27693e+06,
1.2826e+06,
1.28856e+06,
1.29462e+06,
1.30058e+06,
1.30649e+06,
1.31241e+06,
1.31832e+06,
1.32402e+06,
1.32985e+06,
1.33599e+06,
1.34198e+06,
1.34777e+06,
1.35387e+06,
1.35989e+06,
1.36595e+06,
1.3723e+06,
1.37851e+06,
1.38471e+06,
1.39102e+06,
1.3974e+06,
1.40369e+06,
1.40991e+06,
1.41616e+06,
1.42226e+06,
1.4287e+06,
1.43508e+06,
1.44145e+06,
1.44798e+06,
1.45457e+06,
1.46082e+06,
1.46752e+06,
1.47407e+06,
1.48062e+06,
1.48743e+06,
1.49393e+06,
1.50055e+06,
1.50715e+06,
1.51368e+06,
1.52072e+06,
1.52788e+06,
1.53489e+06,
1.54184e+06,
1.5489e+06,
1.55581e+06,
1.56316e+06,
1.56996e+06,
1.5771e+06,
1.58416e+06,
1.59127e+06,
1.59826e+06,
1.60557e+06,
1.61285e+06,
1.62016e+06,
1.62759e+06,
1.63475e+06,
1.64174e+06,
1.6492e+06,
1.65624e+06,
1.66402e+06,
1.67156e+06,
1.67912e+06,
1.68645e+06,
1.69456e+06,
1.70212e+06,
1.70988e+06,
1.71767e+06,
1.72565e+06,
1.73374e+06,
1.74178e+06,
1.74981e+06,
1.75758e+06,
1.76563e+06,
1.77359e+06,
1.78147e+06,
1.78988e+06,
1.79785e+06,
1.80621e+06,
1.81471e+06,
1.8229e+06,
1.83118e+06,
1.83956e+06,
1.84779e+06,
1.85622e+06,
1.86474e+06,
1.87348e+06,
1.88184e+06,
1.89054e+06,
1.8993e+06,
1.90806e+06,
1.91698e+06,
1.92581e+06,
1.93459e+06,
1.94339e+06,
1.95219e+06,
1.96105e+06,
1.97006e+06,
1.97939e+06,
1.98848e+06,
1.99788e+06,
2.00726e+06,
2.01649e+06,
2.0259e+06,
2.03516e+06,
2.04474e+06,
2.05426e+06,
2.06349e+06,
2.07299e+06,
2.08257e+06,
2.09211e+06,
2.102e+06,
2.11182e+06,
2.12168e+06,
2.13154e+06,
2.14151e+06,
2.15154e+06,
2.1612e+06,
2.17094e+06,
2.18103e+06,
2.191e+06,
2.20144e+06,
2.21152e+06,
2.22218e+06,
2.23292e+06,
2.24361e+06,
2.25378e+06,
2.26374e+06,
2.27439e+06,
2.28506e+06,
2.2958e+06,
2.3068e+06,
2.31783e+06,
2.32904e+06,
2.3404e+06,
2.35163e+06,
2.36292e+06,
2.37404e+06,
2.38521e+06,
2.39647e+06,
2.40831e+06,
2.41977e+06,
2.43132e+06,
2.44296e+06,
2.4549e+06,
2.46672e+06,
2.47886e+06,
2.4906e+06,
2.50249e+06,
2.51462e+06,
2.52691e+06,
2.5392e+06,
2.55133e+06,
2.56362e+06,
2.57607e+06,
2.58909e+06,
2.60158e+06,
2.61405e+06,
2.62686e+06,
2.63969e+06,
2.65261e+06,
2.66588e+06,
2.67898e+06,
2.69271e+06,
2.70622e+06,
2.71978e+06,
2.73333e+06,
2.74656e+06,
2.76032e+06,
2.77395e+06,
2.78804e+06,
2.802e+06,
2.81632e+06,
2.83072e+06,
2.84558e+06,
2.85976e+06,
2.87426e+06,
2.88821e+06,
2.90239e+06,
2.91701e+06,
2.93172e+06,
2.94665e+06,
2.96179e+06,
2.97733e+06,
2.99251e+06,
3.00734e+06,
3.0228e+06,
3.03806e+06,
3.05409e+06,
3.07032e+06,
3.08678e+06,
3.10395e+06,
3.12055e+06,
3.13744e+06,
3.15415e+06,
3.17133e+06,
3.18829e+06,
3.20506e+06,
3.22274e+06,
3.24074e+06,
3.25889e+06,
3.27703e+06,
3.29445e+06,
3.3125e+06,
3.3301e+06,
3.34823e+06,
3.36663e+06,
3.38531e+06,
3.40455e+06,
3.42313e+06,
3.44258e+06,
3.46176e+06,
3.4809e+06,
3.50043e+06,
3.52051e+06,
3.54141e+06,
3.56214e+06,
3.58231e+06,
3.6026e+06,
3.62326e+06,
3.64436e+06,
3.66588e+06,
3.68784e+06,
3.7102e+06,
3.73177e+06,
3.75406e+06,
3.7759e+06,
3.7982e+06,
3.82078e+06,
3.844e+06,
3.86826e+06,
3.89181e+06,
3.91534e+06,
3.93938e+06,
3.96341e+06,
3.98786e+06,
4.01346e+06,
4.03875e+06,
4.06372e+06,
4.08951e+06,
4.11538e+06,
4.14104e+06,
4.16694e+06,
4.19535e+06,
4.22321e+06,
4.25099e+06,
4.27863e+06,
4.30616e+06,
4.33411e+06,
4.36372e+06,
4.39304e+06,
4.42258e+06,
4.45209e+06,
4.48213e+06,
4.51165e+06,
4.5427e+06,
4.57438e+06,
4.60456e+06,
4.63582e+06,
4.66679e+06,
4.69847e+06,
4.73152e+06,
4.76549e+06,
4.79931e+06,
4.83274e+06,
4.86656e+06,
4.89989e+06,
4.935e+06,
4.97073e+06,
5.00726e+06,
5.04351e+06,
5.07983e+06,
5.11694e+06,
5.15628e+06,
5.19553e+06,
5.23451e+06,
5.27371e+06,
5.31224e+06,
5.35329e+06,
5.39731e+06,
5.4555e+06,
5.53042e+06,
5.60558e+06,
5.68235e+06,
5.76362e+06,
5.84626e+06,
5.92963e+06,
6.01392e+06,
6.10162e+06,
6.1967e+06,
6.31065e+06,
6.43164e+06,
6.53175e+06,
6.62604e+06,
6.71633e+06,
6.80362e+06,
6.8871e+06,
6.96881e+06,
7.0497e+06,
7.13095e+06,
7.21453e+06,
7.29943e+06,
7.3839e+06,
7.46424e+06,
7.54209e+06,
7.61968e+06,
7.6966e+06,
7.7698e+06,
7.84316e+06,
7.91956e+06,
7.99785e+06,
8.07649e+06,
8.15667e+06,
8.23414e+06,
8.30846e+06,
8.38213e+06,
8.45576e+06,
8.5265e+06,
8.59732e+06,
8.67247e+06,
8.7475e+06,
8.82232e+06,
8.89761e+06,
8.97475e+06,
9.04916e+06,
9.12172e+06,
9.19303e+06,
9.26331e+06,
9.33626e+06,
9.40998e+06,
9.4834e+06,
9.55682e+06,
9.62997e+06,
9.70369e+06,
9.77931e+06,
9.85148e+06,
9.92255e+06,
9.99318e+06,
1.00671e+07,
1.01395e+07,
1.0212e+07,
1.02835e+07,
1.03545e+07,
1.04258e+07,
1.04982e+07,
1.05704e+07,
1.06392e+07,
1.07068e+07,
1.07759e+07,
1.08462e+07,
1.09155e+07,
1.09841e+07,
1.10551e+07,
1.11266e+07,
1.11981e+07,
1.12707e+07,
1.13473e+07,
1.14221e+07,
1.14964e+07,
1.15686e+07,
1.16405e+07,
1.17134e+07,
1.17851e+07,
1.18582e+07,
1.19305e+07,
1.20071e+07,
1.20872e+07,
1.21655e+07,
1.2242e+07,
1.23183e+07,
1.23936e+07,
1.24679e+07,
1.25434e+07,
1.26176e+07,
1.26943e+07,
1.2772e+07,
1.28514e+07,
1.29325e+07,
1.30119e+07,
1.30904e+07,
1.3168e+07,
1.3245e+07,
1.33222e+07,
1.34007e+07,
1.3482e+07,
1.35627e+07,
1.36432e+07,
1.3726e+07,
1.38108e+07,
1.3893e+07,
1.39728e+07,
1.40517e+07,
1.41319e+07,
1.42132e+07,
1.42959e+07,
1.43775e+07,
1.44584e+07,
1.45393e+07,
1.46207e+07,
1.47026e+07,
1.47839e+07,
1.4864e+07,
1.49458e+07,
1.50279e+07,
1.51099e+07,
1.51924e+07,
1.52731e+07,
1.53543e+07,
1.54368e+07,
1.5519e+07,
1.56036e+07,
1.56909e+07,
1.57774e+07,
1.58627e+07,
1.59485e+07,
1.6034e+07,
1.61192e+07,
1.62037e+07,
1.62893e+07,
1.63743e+07,
1.6463e+07,
1.65519e+07,
1.66386e+07,
1.67256e+07,
1.68117e+07,
1.68969e+07,
1.69833e+07,
1.70694e+07,
1.71553e+07,
1.7243e+07,
1.73331e+07,
1.74289e+07,
1.75262e+07,
1.76176e+07,
1.77068e+07,
1.77941e+07,
1.78808e+07,
1.79671e+07,
1.80527e+07,
1.814e+07,
1.82272e+07,
1.83144e+07,
1.84027e+07,
1.84906e+07,
1.85756e+07,
478966,
479311,
479730,
480143,
480556,
481149,
481712,
482270,
482740,
483231,
483694,
484132,
484604,
485015,
485379,
485822,
486285,
486633,
487117,
487532,
487895,
488299,
488722,
489161,
489553,
490057,
490497,
490969,
491343,
491806,
492220,
492612,
493106,
493546,
494023,
494488,
495024,
495570,
496061,
496531,
497047,
497504,
498082,
498526,
499058,
499557,
500131,
500762,
501205,
501862,
502473,
503036,
503643,
504307,
504928,
505661,
506451,
507288,
508216,
508939,
509816,
510600,
511406,
512220,
512941,
513778,
514606,
515506,
516323,
517083,
517967,
518883,
519770,
520731,
521625,
522483,
523420,
524406,
525365,
526348,
527223,
528213,
529132,
530040,
531064,
531995,
532897,
533775,
534851,
535878,
536795,
537739,
538735,
539698,
540708,
541718,
542722,
543867,
544975,
546054,
547138,
548231,
549261,
550368,
551579,
552900,
554206,
555387,
556632,
557880,
559176,
560325,
561519,
562671,
564057,
565350,
566718,
567963,
569325,
570598,
572053,
573363,
574556,
575879,
577249,
578559,
579947,
581203,
582704,
584095,
585460,
586920,
588345,
589892,
591403,
592990,
594472,
596004,
597523,
599079,
600617,
602068,
603434,
604890,
606322,
607751,
609326,
610799,
612306,
613783,
615385,
616924,
618367,
619961,
621566,
623092,
624687,
626261,
627715,
629214,
630863,
632411,
633914,
635418,
636940,
638553,
640243,
641799,
643424,
645108,
646833,
648394,
650069,
651913,
653710,
655581,
657387,
659125,
660886,
662734,
664510,
666223,
667886,
669602,
671496,
673238,
675230,
677059,
678843,
680583,
682416,
684142,
685959,
687751,
689567,
691414,
693300,
695353,
697309,
699288,
701231,
703138,
705047,
706920,
708942,
710853,
712779,
714679,
716620,
718596,
720691,
722686,
724520,
726581,
728614,
730495,
732535,
734542,
736679,
738827,
741042,
743225,
745248,
747256,
749442,
751554,
753742,
755944,
758012,
760251,
762454,
764576,
766861,
769165,
771328,
773414,
775788,
777974,
780325,
782645,
784881,
787334,
789553,
791830,
794188,
796508,
798947,
801326,
803666,
806088,
808456,
811146,
814715,
818405,
821939,
825675,
829285,
832867,
836581,
840495,
844224,
848000,
851533,
855125,
858951,
862861,
866634,
870421,
874202,
877856,
881676,
885501,
889667,
893707,
897682,
901718,
905580,
909666,
913588,
917617,
921616,
925545,
929603,
933967,
938235,
942468,
946887,
951381,
955678,
959947,
964155,
968610,
972861,
977229,
981627,
986147,
990868,
995358,
1.00002e+06,
1.00449e+06,
1.00877e+06,
1.01316e+06,
1.01745e+06,
1.02183e+06,
1.02615e+06,
1.03083e+06,
1.03539e+06,
1.03997e+06,
1.04461e+06,
1.04914e+06,
1.05351e+06,
1.05801e+06,
1.06279e+06,
1.06726e+06,
1.07199e+06,
1.07699e+06,
1.08207e+06,
1.08718e+06,
1.09199e+06,
1.09703e+06,
1.102e+06,
1.10692e+06,
1.11168e+06,
1.1165e+06,
1.12164e+06,
1.12659e+06,
1.13172e+06,
1.13678e+06,
1.14185e+06,
1.14713e+06,
1.15234e+06,
1.15756e+06,
1.16254e+06,
1.16765e+06,
1.17271e+06,
1.17773e+06,
1.18272e+06,
1.18804e+06,
1.19339e+06,
1.19851e+06,
1.20397e+06,
1.20933e+06,
1.21465e+06,
1.22e+06,
1.22553e+06,
1.23064e+06,
1.2361e+06,
1.24149e+06,
1.24731e+06,
1.25297e+06,
1.25855e+06,
1.26445e+06,
1.27017e+06,
1.27602e+06,
1.28201e+06,
1.28791e+06,
1.29378e+06,
1.29967e+06,
1.3055e+06,
1.3112e+06,
1.31703e+06,
1.32287e+06,
1.32868e+06,
1.33485e+06,
1.34099e+06,
1.34698e+06,
1.35322e+06,
1.35934e+06,
1.36551e+06,
1.37146e+06,
1.37756e+06,
1.38361e+06,
1.38974e+06,
1.39598e+06,
1.40217e+06,
1.40871e+06,
1.41513e+06,
1.42187e+06,
1.4281e+06,
1.43457e+06,
1.44118e+06,
1.44764e+06,
1.45424e+06,
1.46078e+06,
1.46747e+06,
1.47421e+06,
1.48093e+06,
1.48769e+06,
1.49452e+06,
1.50161e+06,
1.50849e+06,
1.5153e+06,
1.52175e+06,
1.52852e+06,
1.53524e+06,
1.54213e+06,
1.5491e+06,
1.55619e+06,
1.56322e+06,
1.57025e+06,
1.57751e+06,
1.58453e+06,
1.5915e+06,
1.59872e+06,
1.60576e+06,
1.61308e+06,
1.62042e+06,
1.6274e+06,
1.63447e+06,
1.64174e+06,
1.64924e+06,
1.65699e+06,
1.66464e+06,
1.67256e+06,
1.68038e+06,
1.68789e+06,
1.69585e+06,
1.70385e+06,
1.71159e+06,
1.71934e+06,
1.7272e+06,
1.7351e+06,
1.74291e+06,
1.75088e+06,
1.75879e+06,
1.76688e+06,
1.77537e+06,
1.78363e+06,
1.79193e+06,
1.80016e+06,
1.80841e+06,
1.81675e+06,
1.82498e+06,
1.83325e+06,
1.84172e+06,
1.85014e+06,
1.85852e+06,
1.86758e+06,
1.8761e+06,
1.88485e+06,
1.89347e+06,
1.90224e+06,
1.91109e+06,
1.92001e+06,
1.92883e+06,
1.93779e+06,
1.94689e+06,
1.95577e+06,
1.96535e+06,
1.97487e+06,
1.98431e+06,
1.99341e+06,
2.00244e+06,
2.01167e+06,
2.02118e+06,
2.03063e+06,
2.04016e+06,
2.04969e+06,
2.05928e+06,
2.0692e+06,
2.07897e+06,
2.08882e+06,
2.09865e+06,
2.10855e+06,
2.11825e+06,
2.12798e+06,
2.13818e+06,
2.14832e+06,
2.15863e+06,
2.16854e+06,
2.17857e+06,
2.18903e+06,
2.19972e+06,
2.21032e+06,
2.22095e+06,
2.2316e+06,
2.24237e+06,
2.25313e+06,
2.26414e+06,
2.27533e+06,
2.28601e+06,
2.2968e+06,
2.30776e+06,
2.31892e+06,
2.33008e+06,
2.34135e+06,
2.3526e+06,
2.36379e+06,
2.37534e+06,
2.38681e+06,
2.39845e+06,
2.40987e+06,
2.42131e+06,
2.43321e+06,
2.4451e+06,
2.45704e+06,
2.46888e+06,
2.48064e+06,
2.49255e+06,
2.50477e+06,
2.51747e+06,
2.52973e+06,
2.54207e+06,
2.55487e+06,
2.56762e+06,
2.58032e+06,
2.59358e+06,
2.60643e+06,
2.61934e+06,
2.6326e+06,
2.64588e+06,
2.65873e+06,
2.67165e+06,
2.68544e+06,
2.69905e+06,
2.7127e+06,
2.72639e+06,
2.73997e+06,
2.7535e+06,
2.76745e+06,
2.781e+06,
2.79507e+06,
2.80921e+06,
2.82365e+06,
2.83803e+06,
2.85246e+06,
2.86675e+06,
2.88144e+06,
2.8962e+06,
2.91074e+06,
2.92605e+06,
2.94151e+06,
2.95695e+06,
2.97253e+06,
2.98821e+06,
3.00362e+06,
3.01938e+06,
3.03554e+06,
3.05188e+06,
3.06824e+06,
3.08514e+06,
3.10218e+06,
3.11829e+06,
3.13494e+06,
3.15142e+06,
3.16861e+06,
3.18576e+06,
3.20296e+06,
3.22086e+06,
3.239e+06,
3.25643e+06,
3.27443e+06,
3.2921e+06,
3.31032e+06,
3.32882e+06,
3.34733e+06,
3.36644e+06,
3.38594e+06,
3.40516e+06,
3.42432e+06,
3.44359e+06,
3.46343e+06,
3.48309e+06,
3.5031e+06,
3.52354e+06,
3.5446e+06,
3.56548e+06,
3.58617e+06,
3.60701e+06,
3.62816e+06,
3.64977e+06,
3.67148e+06,
3.69364e+06,
3.71586e+06,
3.73805e+06,
3.76081e+06,
3.78372e+06,
3.80734e+06,
3.83084e+06,
3.85561e+06,
3.87951e+06,
3.90373e+06,
3.92761e+06,
3.95198e+06,
3.9767e+06,
4.00194e+06,
4.02802e+06,
4.05454e+06,
4.08057e+06,
4.10708e+06,
4.13405e+06,
4.16042e+06,
4.18834e+06,
4.21628e+06,
4.24478e+06,
4.27315e+06,
4.30113e+06,
4.32936e+06,
4.35921e+06,
4.3901e+06,
4.41988e+06,
4.45056e+06,
4.48039e+06,
4.51078e+06,
4.54191e+06,
4.5747e+06,
4.60683e+06,
4.63928e+06,
4.67148e+06,
4.70408e+06,
4.73757e+06,
4.77229e+06,
4.80583e+06,
4.84015e+06,
4.87489e+06,
4.90985e+06,
4.94726e+06,
4.98461e+06,
5.02195e+06,
5.05938e+06,
5.09673e+06,
5.1345e+06,
5.17552e+06,
5.21496e+06,
5.25532e+06,
5.29581e+06,
5.33708e+06,
5.38091e+06,
5.42527e+06,
5.46988e+06,
5.5255e+06,
5.6051e+06,
5.68599e+06,
5.77264e+06,
5.86026e+06,
5.94938e+06,
6.04223e+06,
6.13963e+06,
6.2535e+06,
6.37988e+06,
6.48673e+06,
6.58813e+06,
6.685e+06,
6.77656e+06,
6.86609e+06,
6.95348e+06,
7.04013e+06,
7.12404e+06,
7.20797e+06,
7.29083e+06,
7.37991e+06,
7.46453e+06,
7.5465e+06,
7.62817e+06,
7.70762e+06,
7.78704e+06,
7.86405e+06,
7.94171e+06,
8.01939e+06,
8.09698e+06,
8.18047e+06,
8.26258e+06,
8.341e+06,
8.41826e+06,
8.49529e+06,
8.56962e+06,
8.64382e+06,
8.718e+06,
8.79166e+06,
8.86806e+06,
8.94687e+06,
9.0281e+06,
9.10559e+06,
9.18193e+06,
9.25625e+06,
9.33076e+06,
9.40368e+06,
9.47516e+06,
9.54781e+06,
9.62483e+06,
9.70176e+06,
9.78021e+06,
9.85778e+06,
9.93203e+06,
1.00068e+07,
1.00797e+07,
1.01524e+07,
1.02251e+07,
1.02986e+07,
1.03743e+07,
1.04489e+07,
1.05247e+07,
1.05997e+07,
1.06751e+07,
1.07476e+07,
1.08192e+07,
1.08894e+07,
1.0962e+07,
1.10368e+07,
1.11105e+07,
1.11828e+07,
1.12535e+07,
1.13217e+07,
1.13938e+07,
1.14667e+07,
1.15368e+07,
1.1607e+07,
1.16807e+07,
1.17566e+07,
1.18322e+07,
1.19085e+07,
1.19838e+07,
1.20582e+07,
1.2134e+07,
1.22109e+07,
1.2287e+07,
1.23671e+07,
1.24465e+07,
1.2526e+07,
1.26038e+07,
1.26814e+07,
1.27588e+07,
1.28362e+07,
1.29131e+07,
1.29932e+07,
1.30771e+07,
1.31583e+07,
1.3238e+07,
1.3318e+07,
1.33987e+07,
1.3479e+07,
1.35593e+07,
1.36398e+07,
1.37207e+07,
1.38074e+07,
1.38953e+07,
1.39814e+07,
1.40648e+07,
1.41476e+07,
1.42282e+07,
1.43097e+07,
1.43908e+07,
1.44711e+07,
1.45557e+07,
1.46408e+07,
1.47264e+07,
1.48123e+07,
1.48954e+07,
1.49786e+07,
1.50606e+07,
1.51405e+07,
1.52221e+07,
1.53077e+07,
1.5392e+07,
1.54765e+07,
1.55612e+07,
1.5647e+07,
1.57336e+07,
1.58172e+07,
1.58995e+07,
1.59826e+07,
1.60653e+07,
1.61518e+07,
1.62402e+07,
1.63275e+07,
1.64159e+07,
1.65065e+07,
1.65975e+07,
1.66885e+07,
1.67761e+07,
1.68639e+07,
1.69524e+07,
1.70405e+07,
1.71292e+07,
1.72181e+07,
1.73063e+07,
1.7395e+07,
1.74842e+07,
1.75759e+07,
1.76682e+07,
1.77616e+07,
1.78589e+07,
1.79536e+07,
1.80462e+07,
1.81368e+07,
1.82268e+07,
1.83158e+07,
1.84041e+07,
1.84924e+07,
1.85832e+07,
1.86729e+07,
1.87627e+07,
1.8853e+07,
1.89409e+07,
1.90284e+07,
1.91155e+07,
1.92019e+07,
1.92875e+07,
1.9374e+07,
1.94626e+07,
478966,
479312,
479725,
480123,
480546,
481170,
481678,
482245,
482729,
483242,
483651,
484112,
484578,
484980,
485353,
485790,
486275,
486639,
487049,
487503,
487952,
488270,
488704,
489131,
489559,
489944,
490465,
490946,
491325,
491756,
492138,
492594,
493068,
493471,
493946,
494451,
494969,
495510,
495974,
496462,
496898,
497359,
497930,
498547,
499006,
499623,
500082,
500654,
501173,
501743,
502383,
502985,
503660,
504275,
504870,
505646,
506518,
507379,
508107,
508835,
509677,
510503,
511275,
512074,
512869,
513578,
514456,
515311,
516120,
516937,
517772,
518677,
519541,
520461,
521259,
522184,
523068,
523982,
525001,
525743,
526705,
527624,
528516,
529516,
530388,
531350,
532365,
533358,
534318,
535240,
536239,
537148,
538208,
539211,
540195,
541166,
542275,
543408,
544462,
545529,
546724,
547986,
549178,
550395,
551546,
552720,
553995,
555116,
556526,
557705,
558883,
560130,
561391,
562495,
563718,
565078,
566313,
567580,
568910,
570186,
571480,
572805,
574037,
575478,
576705,
578062,
579463,
580811,
582277,
583659,
585060,
586437,
587700,
589106,
590548,
592013,
593635,
595216,
596816,
598273,
599677,
601228,
602643,
604167,
605666,
607075,
608578,
610053,
611461,
613010,
614579,
616222,
617582,
619082,
620649,
622150,
623743,
625354,
626872,
628555,
629998,
631512,
633005,
634568,
636090,
637759,
639319,
640897,
642413,
644076,
645638,
647372,
648822,
650388,
652085,
653923,
655773,
657612,
659402,
661243,
663125,
664961,
666689,
668400,
670160,
671836,
673617,
675496,
677317,
679314,
681060,
682814,
684442,
686305,
687987,
689938,
691654,
693594,
695527,
697487,
699463,
701349,
703177,
705147,
706985,
708876,
710803,
712614,
714597,
716499,
718494,
720433,
722366,
724325,
726384,
728467,
730463,
732592,
734576,
736602,
738620,
740609,
742533,
744666,
746725,
748886,
751212,
753452,
755737,
757905,
760209,
762341,
764320,
766419,
768588,
770826,
773124,
775293,
777646,
779928,
782180,
784327,
786600,
789407,
792972,
796409,
800084,
803592,
807085,
810625,
814294,
818003,
821840,
825412,
828870,
832409,
836031,
839817,
843579,
847371,
851038,
854556,
858114,
861852,
865593,
869366,
873278,
876998,
880864,
884726,
888750,
892760,
896566,
900436,
904452,
908424,
912776,
917017,
921272,
925666,
930014,
934330,
938536,
942780,
947108,
951463,
955694,
960026,
964472,
968798,
973092,
977502,
981700,
986223,
990549,
994897,
999394,
1.00381e+06,
1.00826e+06,
1.01292e+06,
1.01742e+06,
1.02168e+06,
1.02635e+06,
1.03071e+06,
1.03528e+06,
1.03997e+06,
1.0448e+06,
1.04963e+06,
1.05435e+06,
1.05921e+06,
1.06424e+06,
1.06912e+06,
1.07404e+06,
1.07891e+06,
1.08389e+06,
1.08888e+06,
1.09372e+06,
1.09856e+06,
1.10337e+06,
1.10845e+06,
1.11345e+06,
1.11848e+06,
1.12356e+06,
1.12847e+06,
1.13353e+06,
1.13855e+06,
1.14371e+06,
1.14904e+06,
1.15426e+06,
1.15937e+06,
1.16447e+06,
1.1695e+06,
1.17479e+06,
1.18017e+06,
1.18566e+06,
1.1911e+06,
1.19657e+06,
1.20213e+06,
1.20747e+06,
1.21279e+06,
1.21845e+06,
1.22388e+06,
1.22935e+06,
1.23493e+06,
1.24057e+06,
1.24623e+06,
1.25195e+06,
1.25789e+06,
1.26369e+06,
1.26932e+06,
1.27525e+06,
1.28092e+06,
1.28648e+06,
1.2922e+06,
1.29793e+06,
1.30375e+06,
1.3095e+06,
1.31566e+06,
1.32164e+06,
1.32772e+06,
1.33366e+06,
1.33956e+06,
1.34561e+06,
1.35152e+06,
1.35746e+06,
1.36366e+06,
1.36987e+06,
1.37602e+06,
1.38232e+06,
1.38881e+06,
1.39564e+06,
1.40217e+06,
1.40872e+06,
1.41528e+06,
1.42174e+06,
1.42823e+06,
1.43465e+06,
1.44124e+06,
1.44771e+06,
1.45433e+06,
1.46093e+06,
1.4674e+06,
1.47385e+06,
1.48072e+06,
1.48772e+06,
1.49453e+06,
1.50142e+06,
1.50848e+06,
1.51522e+06,
1.52186e+06,
1.52848e+06,
1.53518e+06,
1.54177e+06,
1.54878e+06,
1.55586e+06,
1.56297e+06,
1.56998e+06,
1.57714e+06,
1.58415e+06,
1.59157e+06,
1.59871e+06,
1.60604e+06,
1.61328e+06,
1.62063e+06,
1.62782e+06,
1.63535e+06,
1.64307e+06,
1.6509e+06,
1.65889e+06,
1.66654e+06,
1.67412e+06,
1.68175e+06,
1.68941e+06,
1.69707e+06,
1.70485e+06,
1.71273e+06,
1.72066e+06,
1.72854e+06,
1.73679e+06,
1.74496e+06,
1.75318e+06,
1.76135e+06,
1.76938e+06,
1.77738e+06,
1.78559e+06,
1.79376e+06,
1.80196e+06,
1.81011e+06,
1.81836e+06,
1.82694e+06,
1.83575e+06,
1.84464e+06,
1.85349e+06,
1.86238e+06,
1.87123e+06,
1.87998e+06,
1.88889e+06,
1.89795e+06,
1.90666e+06,
1.91566e+06,
1.92451e+06,
1.93359e+06,
1.94246e+06,
1.95177e+06,
1.96111e+06,
1.97038e+06,
1.97963e+06,
1.98894e+06,
1.998e+06,
2.00745e+06,
2.01673e+06,
2.0263e+06,
2.03585e+06,
2.04524e+06,
2.05494e+06,
2.06493e+06,
2.07489e+06,
2.08454e+06,
2.0941e+06,
2.10424e+06,
2.11418e+06,
2.12428e+06,
2.13436e+06,
2.14482e+06,
2.15504e+06,
2.16541e+06,
2.17581e+06,
2.18613e+06,
2.1967e+06,
2.20743e+06,
2.21786e+06,
2.22862e+06,
2.23916e+06,
2.25003e+06,
2.2611e+06,
2.27222e+06,
2.28328e+06,
2.29436e+06,
2.30535e+06,
2.31653e+06,
2.32796e+06,
2.33921e+06,
2.35073e+06,
2.36225e+06,
2.37368e+06,
2.38523e+06,
2.39675e+06,
2.4086e+06,
2.42082e+06,
2.43256e+06,
2.44477e+06,
2.45679e+06,
2.46927e+06,
2.48127e+06,
2.49362e+06,
2.50576e+06,
2.51831e+06,
2.53101e+06,
2.54393e+06,
2.55686e+06,
2.56972e+06,
2.5826e+06,
2.59528e+06,
2.60827e+06,
2.62094e+06,
2.63392e+06,
2.64749e+06,
2.6612e+06,
2.67501e+06,
2.68845e+06,
2.70179e+06,
2.71556e+06,
2.72912e+06,
2.74278e+06,
2.75646e+06,
2.77055e+06,
2.78465e+06,
2.7991e+06,
2.8136e+06,
2.82819e+06,
2.8428e+06,
2.85746e+06,
2.87201e+06,
2.88704e+06,
2.90273e+06,
2.91792e+06,
2.93346e+06,
2.94964e+06,
2.96553e+06,
2.98129e+06,
2.99722e+06,
3.01283e+06,
3.02868e+06,
3.04513e+06,
3.06157e+06,
3.07851e+06,
3.09528e+06,
3.11228e+06,
3.12898e+06,
3.14539e+06,
3.16259e+06,
3.17953e+06,
3.19646e+06,
3.21416e+06,
3.23191e+06,
3.24987e+06,
3.26794e+06,
3.28577e+06,
3.30442e+06,
3.32309e+06,
3.3421e+06,
3.36137e+06,
3.38073e+06,
3.40005e+06,
3.41956e+06,
3.43942e+06,
3.45943e+06,
3.47971e+06,
3.50006e+06,
3.52162e+06,
3.54245e+06,
3.56284e+06,
3.58368e+06,
3.60491e+06,
3.62658e+06,
3.64844e+06,
3.67083e+06,
3.69397e+06,
3.71648e+06,
3.73897e+06,
3.76193e+06,
3.7848e+06,
3.80786e+06,
3.83218e+06,
3.85727e+06,
3.88168e+06,
3.90643e+06,
3.93138e+06,
3.95647e+06,
3.98214e+06,
4.00875e+06,
4.03542e+06,
4.06132e+06,
4.08824e+06,
4.11508e+06,
4.14213e+06,
4.16972e+06,
4.19944e+06,
4.22778e+06,
4.25607e+06,
4.28512e+06,
4.31396e+06,
4.34276e+06,
4.37374e+06,
4.4047e+06,
4.43545e+06,
4.46634e+06,
4.49696e+06,
4.52815e+06,
4.56136e+06,
4.59447e+06,
4.62738e+06,
4.6603e+06,
4.69353e+06,
4.72777e+06,
4.7639e+06,
4.79997e+06,
4.83582e+06,
4.87135e+06,
4.90745e+06,
4.94399e+06,
4.98253e+06,
5.02011e+06,
5.0585e+06,
5.09671e+06,
5.13549e+06,
5.17671e+06,
5.21802e+06,
5.25976e+06,
5.30154e+06,
5.34349e+06,
5.38798e+06,
5.43347e+06,
5.47929e+06,
5.52533e+06,
5.57309e+06,
5.64972e+06,
5.7407e+06,
5.83227e+06,
5.92617e+06,
6.02429e+06,
6.129e+06,
6.25165e+06,
6.38349e+06,
6.49245e+06,
6.59174e+06,
6.6925e+06,
6.78958e+06,
6.88364e+06,
6.97562e+06,
7.06632e+06,
7.15476e+06,
7.24168e+06,
7.33086e+06,
7.41798e+06,
7.50204e+06,
7.59e+06,
7.6744e+06,
7.75777e+06,
7.84092e+06,
7.9224e+06,
8.00386e+06,
8.08428e+06,
8.16577e+06,
8.24886e+06,
8.33067e+06,
8.41301e+06,
8.49353e+06,
8.57252e+06,
8.65059e+06,
8.72799e+06,
8.8057e+06,
8.88155e+06,
8.95746e+06,
9.03689e+06,
9.1201e+06,
9.20141e+06,
9.28025e+06,
9.35717e+06,
9.43307e+06,
9.50964e+06,
9.58514e+06,
9.6596e+06,
9.73329e+06,
9.81133e+06,
9.89452e+06,
9.97394e+06,
1.00516e+07,
1.01282e+07,
1.02042e+07,
1.02788e+07,
1.03536e+07,
1.04271e+07,
1.05002e+07,
1.05788e+07,
1.06594e+07,
1.07392e+07,
1.08161e+07,
1.08908e+07,
1.09653e+07,
1.10387e+07,
1.11118e+07,
1.11837e+07,
1.1258e+07,
1.13351e+07,
1.14131e+07,
1.14919e+07,
1.15679e+07,
1.16417e+07,
1.17147e+07,
1.17878e+07,
1.18591e+07,
1.19283e+07,
1.20041e+07,
1.20808e+07,
1.2157e+07,
1.22334e+07,
1.23118e+07,
1.23882e+07,
1.24643e+07,
1.25395e+07,
1.26168e+07,
1.27005e+07,
1.27827e+07,
1.28633e+07,
1.29437e+07,
1.30252e+07,
1.31078e+07,
1.31893e+07,
1.32697e+07,
1.335e+07,
1.34344e+07,
1.35168e+07,
1.35998e+07,
1.36826e+07,
1.3766e+07,
1.38506e+07,
1.39377e+07,
1.40256e+07,
1.41106e+07,
1.41983e+07,
1.42843e+07,
1.43689e+07,
1.44529e+07,
1.4537e+07,
1.46207e+07,
1.47028e+07,
1.47866e+07,
1.48738e+07,
1.49639e+07,
1.50509e+07,
1.5137e+07,
1.52217e+07,
1.53057e+07,
1.5389e+07,
1.5473e+07,
1.55567e+07,
1.56416e+07,
1.57302e+07,
1.58204e+07,
1.59084e+07,
1.59944e+07,
1.6081e+07,
1.61654e+07,
1.625e+07,
1.63349e+07,
1.64196e+07,
1.65061e+07,
1.65928e+07,
1.66853e+07,
1.67791e+07,
1.68705e+07,
1.69617e+07,
1.70527e+07,
1.71422e+07,
1.72323e+07,
1.73236e+07,
1.74141e+07,
1.75055e+07,
1.75978e+07,
1.76913e+07,
1.77858e+07,
1.7877e+07,
1.79678e+07,
1.80601e+07,
1.81543e+07,
1.82532e+07,
1.83518e+07,
1.84475e+07,
1.85405e+07,
1.86341e+07,
1.87274e+07,
1.88189e+07,
1.89097e+07,
1.90003e+07,
1.90924e+07,
1.91833e+07,
1.92752e+07,
1.93654e+07,
1.94555e+07,
1.95458e+07,
1.9635e+07,
1.97247e+07,
1.98147e+07,
1.99055e+07,
1.99962e+07,
2.00873e+07,
2.0179e+07,
2.02702e+07,
2.03614e+07,
478966,
479304,
479722,
480140,
480560,
481174,
481690,
482263,
482742,
483183,
483668,
484103,
484647,
485018,
485365,
485838,
486306,
486716,
487076,
487527,
487922,
488298,
488711,
489107,
489521,
489989,
490479,
490946,
491327,
491725,
492168,
492630,
493076,
493467,
493920,
494377,
494866,
495487,
495928,
496438,
496959,
497485,
497957,
498489,
499025,
499558,
500090,
500595,
501115,
501741,
502300,
502872,
503507,
504155,
504817,
505610,
506518,
507324,
508041,
508816,
509569,
510275,
511074,
511849,
512694,
513402,
514307,
515066,
515815,
516692,
517563,
518272,
519095,
519973,
520759,
521719,
522627,
523579,
524405,
525300,
526203,
527124,
528073,
529135,
530122,
531036,
531886,
532828,
533770,
534686,
535750,
536685,
537713,
538771,
539799,
540840,
541969,
543166,
544340,
545403,
546609,
547695,
548950,
550071,
551263,
552536,
553714,
554925,
556233,
557422,
558605,
559792,
560929,
562045,
563301,
564625,
565981,
567199,
568500,
569765,
571099,
572333,
573587,
574835,
576182,
577426,
578791,
580272,
581544,
582857,
584228,
585561,
586826,
588244,
589570,
591181,
592519,
594003,
595573,
597030,
598604,
600062,
601437,
602932,
604425,
605870,
607357,
608951,
610474,
611982,
613495,
614993,
616409,
617850,
619372,
620909,
622468,
624190,
625724,
627239,
628757,
630347,
631777,
633354,
634995,
636546,
638035,
639633,
641272,
642803,
644428,
645948,
647490,
649099,
650688,
652440,
654005,
655607,
657379,
659276,
661064,
662919,
664767,
666567,
668387,
670214,
671987,
673765,
675542,
677358,
679002,
680845,
682654,
684461,
686267,
688117,
689901,
691842,
693624,
695393,
697186,
698969,
700648,
702446,
704365,
706280,
708151,
710092,
712147,
714081,
715989,
717915,
719872,
721844,
723784,
725725,
727623,
729537,
731554,
733488,
735596,
737632,
739747,
741896,
743972,
746038,
748205,
750350,
752635,
754794,
756991,
759262,
761313,
763552,
765735,
768023,
770985,
774572,
778116,
781489,
785129,
788575,
791857,
795396,
798890,
802636,
806249,
809796,
813338,
816843,
820496,
824123,
827690,
831300,
834902,
838711,
842248,
845890,
849555,
853385,
856929,
860714,
864338,
868185,
872147,
876034,
879848,
883892,
887909,
891981,
896025,
900196,
904381,
908584,
912913,
917185,
921306,
925234,
929539,
933699,
937795,
942096,
946522,
950749,
955058,
959349,
963659,
968177,
972586,
976854,
981087,
985472,
989878,
994356,
998745,
1.00335e+06,
1.00773e+06,
1.01228e+06,
1.01707e+06,
1.02189e+06,
1.02666e+06,
1.03125e+06,
1.03597e+06,
1.04075e+06,
1.0456e+06,
1.05057e+06,
1.05573e+06,
1.06043e+06,
1.06538e+06,
1.07004e+06,
1.07485e+06,
1.07982e+06,
1.08468e+06,
1.08953e+06,
1.09456e+06,
1.09954e+06,
1.1047e+06,
1.10983e+06,
1.11512e+06,
1.12032e+06,
1.12532e+06,
1.13042e+06,
1.13532e+06,
1.14056e+06,
1.14544e+06,
1.15078e+06,
1.15578e+06,
1.16098e+06,
1.16657e+06,
1.17215e+06,
1.17764e+06,
1.18298e+06,
1.1885e+06,
1.19403e+06,
1.19961e+06,
1.20504e+06,
1.21077e+06,
1.21636e+06,
1.22181e+06,
1.22763e+06,
1.23329e+06,
1.23884e+06,
1.24451e+06,
1.25025e+06,
1.25589e+06,
1.26167e+06,
1.26752e+06,
1.27321e+06,
1.27879e+06,
1.28456e+06,
1.29049e+06,
1.29653e+06,
1.30233e+06,
1.30829e+06,
1.31408e+06,
1.31999e+06,
1.32592e+06,
1.33202e+06,
1.33824e+06,
1.3443e+06,
1.35025e+06,
1.35655e+06,
1.36272e+06,
1.36918e+06,
1.3755e+06,
1.38177e+06,
1.3882e+06,
1.39472e+06,
1.40108e+06,
1.40757e+06,
1.41403e+06,
1.42074e+06,
1.42741e+06,
1.43378e+06,
1.44036e+06,
1.44733e+06,
1.45391e+06,
1.46068e+06,
1.46742e+06,
1.47425e+06,
1.48093e+06,
1.48743e+06,
1.49404e+06,
1.50058e+06,
1.50717e+06,
1.51393e+06,
1.52071e+06,
1.52765e+06,
1.53457e+06,
1.5417e+06,
1.54893e+06,
1.55598e+06,
1.56316e+06,
1.57031e+06,
1.57756e+06,
1.58475e+06,
1.59207e+06,
1.59939e+06,
1.60666e+06,
1.6142e+06,
1.62176e+06,
1.62938e+06,
1.63701e+06,
1.64454e+06,
1.65234e+06,
1.65989e+06,
1.66766e+06,
1.67542e+06,
1.68312e+06,
1.69088e+06,
1.69884e+06,
1.70653e+06,
1.71447e+06,
1.72247e+06,
1.73047e+06,
1.73855e+06,
1.74658e+06,
1.75481e+06,
1.76294e+06,
1.77086e+06,
1.7792e+06,
1.7879e+06,
1.79617e+06,
1.80469e+06,
1.81332e+06,
1.822e+06,
1.83073e+06,
1.83936e+06,
1.84824e+06,
1.85699e+06,
1.86555e+06,
1.8741e+06,
1.88291e+06,
1.89173e+06,
1.90056e+06,
1.90971e+06,
1.91875e+06,
1.92797e+06,
1.93728e+06,
1.9464e+06,
1.95569e+06,
1.96493e+06,
1.97383e+06,
1.98321e+06,
1.99252e+06,
2.00186e+06,
2.01108e+06,
2.02059e+06,
2.03004e+06,
2.03999e+06,
2.04985e+06,
2.05958e+06,
2.06941e+06,
2.07901e+06,
2.08914e+06,
2.09929e+06,
2.10936e+06,
2.11969e+06,
2.12994e+06,
2.14016e+06,
2.15071e+06,
2.16117e+06,
2.17158e+06,
2.18198e+06,
2.19247e+06,
2.20323e+06,
2.21382e+06,
2.22444e+06,
2.23525e+06,
2.24611e+06,
2.25708e+06,
2.2681e+06,
2.27936e+06,
2.29064e+06,
2.30169e+06,
2.31254e+06,
2.32378e+06,
2.33505e+06,
2.3465e+06,
2.3577e+06,
2.36952e+06,
2.38112e+06,
2.3931e+06,
2.40535e+06,
2.41729e+06,
2.42916e+06,
2.44145e+06,
2.45366e+06,
2.46632e+06,
2.47861e+06,
2.49128e+06,
2.50358e+06,
2.51609e+06,
2.52938e+06,
2.54189e+06,
2.55461e+06,
2.56742e+06,
2.58052e+06,
2.59372e+06,
2.60692e+06,
2.6199e+06,
2.63324e+06,
2.64643e+06,
2.66026e+06,
2.67397e+06,
2.68738e+06,
2.70126e+06,
2.71478e+06,
2.72864e+06,
2.74268e+06,
2.75696e+06,
2.77127e+06,
2.78626e+06,
2.80095e+06,
2.81586e+06,
2.83057e+06,
2.84565e+06,
2.86068e+06,
2.87579e+06,
2.89091e+06,
2.90616e+06,
2.92188e+06,
2.93744e+06,
2.95302e+06,
2.96887e+06,
2.98487e+06,
3.0008e+06,
3.01714e+06,
3.03309e+06,
3.04945e+06,
3.06645e+06,
3.08318e+06,
3.09973e+06,
3.11666e+06,
3.13371e+06,
3.15069e+06,
3.16793e+06,
3.1855e+06,
3.20349e+06,
3.22218e+06,
3.24033e+06,
3.2583e+06,
3.27623e+06,
3.29485e+06,
3.31358e+06,
3.33226e+06,
3.35156e+06,
3.37143e+06,
3.39093e+06,
3.41024e+06,
3.42993e+06,
3.44973e+06,
3.47009e+06,
3.49055e+06,
3.51142e+06,
3.53269e+06,
3.55379e+06,
3.57488e+06,
3.59646e+06,
3.61825e+06,
3.64077e+06,
3.66312e+06,
3.68605e+06,
3.70879e+06,
3.73169e+06,
3.75506e+06,
3.77825e+06,
3.80229e+06,
3.82684e+06,
3.85252e+06,
3.87722e+06,
3.90242e+06,
3.92735e+06,
3.95243e+06,
3.9786e+06,
4.00502e+06,
4.03259e+06,
4.05966e+06,
4.08658e+06,
4.11373e+06,
4.14121e+06,
4.16896e+06,
4.19821e+06,
4.22731e+06,
4.25634e+06,
4.28534e+06,
4.3147e+06,
4.34481e+06,
4.37624e+06,
4.40792e+06,
4.43954e+06,
4.47053e+06,
4.50193e+06,
4.534e+06,
4.56781e+06,
4.60227e+06,
4.63607e+06,
4.67053e+06,
4.70477e+06,
4.7394e+06,
4.77628e+06,
4.81322e+06,
4.84965e+06,
4.88638e+06,
4.9235e+06,
4.96148e+06,
5.00136e+06,
5.0409e+06,
5.08052e+06,
5.12035e+06,
5.16043e+06,
5.2031e+06,
5.24531e+06,
5.28784e+06,
5.33146e+06,
5.37493e+06,
5.42197e+06,
5.46878e+06,
5.51624e+06,
5.56482e+06,
5.61403e+06,
5.66918e+06,
5.75836e+06,
5.85518e+06,
5.95495e+06,
6.0606e+06,
6.18185e+06,
6.32344e+06,
6.44464e+06,
6.55165e+06,
6.65329e+06,
6.74936e+06,
6.84867e+06,
6.94596e+06,
7.04233e+06,
7.13641e+06,
7.22884e+06,
7.32344e+06,
7.41726e+06,
7.50623e+06,
7.59217e+06,
7.67599e+06,
7.76375e+06,
7.85055e+06,
7.93769e+06,
8.02261e+06,
8.10737e+06,
8.19367e+06,
8.28179e+06,
8.36588e+06,
8.44687e+06,
8.52762e+06,
8.60977e+06,
8.69227e+06,
8.77335e+06,
8.85526e+06,
8.93576e+06,
9.01586e+06,
9.09878e+06,
9.18105e+06,
9.25977e+06,
9.33935e+06,
9.41955e+06,
9.49857e+06,
9.57845e+06,
9.65775e+06,
9.73563e+06,
9.81375e+06,
9.89406e+06,
9.97434e+06,
1.00528e+07,
1.01328e+07,
1.02122e+07,
1.02912e+07,
1.03698e+07,
1.04483e+07,
1.05267e+07,
1.06026e+07,
1.06793e+07,
1.07585e+07,
1.08395e+07,
1.09199e+07,
1.09979e+07,
1.10759e+07,
1.1153e+07,
1.12286e+07,
1.13042e+07,
1.13792e+07,
1.14537e+07,
1.15312e+07,
1.16149e+07,
1.16957e+07,
1.17753e+07,
1.1852e+07,
1.19279e+07,
1.20038e+07,
1.20794e+07,
1.21538e+07,
1.22275e+07,
1.23085e+07,
1.23914e+07,
1.24706e+07,
1.25453e+07,
1.26208e+07,
1.26971e+07,
1.27715e+07,
1.28461e+07,
1.29213e+07,
1.3005e+07,
1.30919e+07,
1.31794e+07,
1.32679e+07,
1.33524e+07,
1.34359e+07,
1.35183e+07,
1.35991e+07,
1.36793e+07,
1.3767e+07,
1.38546e+07,
1.39409e+07,
1.40274e+07,
1.41179e+07,
1.42076e+07,
1.42939e+07,
1.43805e+07,
1.44647e+07,
1.45522e+07,
1.46407e+07,
1.47293e+07,
1.48157e+07,
1.49021e+07,
1.49898e+07,
1.5079e+07,
1.51657e+07,
1.52522e+07,
1.53419e+07,
1.54303e+07,
1.55176e+07,
1.56051e+07,
1.56919e+07,
1.57779e+07,
1.58646e+07,
1.59533e+07,
1.60422e+07,
1.61323e+07,
1.62222e+07,
1.63111e+07,
1.63984e+07,
1.64854e+07,
1.65735e+07,
1.66604e+07,
1.67477e+07,
1.68366e+07,
1.69295e+07,
1.70199e+07,
1.71088e+07,
1.72007e+07,
1.72924e+07,
1.73844e+07,
1.74767e+07,
1.75697e+07,
1.7664e+07,
1.77587e+07,
1.78559e+07,
1.79523e+07,
1.80471e+07,
1.8141e+07,
1.82344e+07,
1.83272e+07,
1.84208e+07,
1.85139e+07,
1.86128e+07,
1.8718e+07,
1.8817e+07,
1.89166e+07,
1.90131e+07,
1.91079e+07,
1.92019e+07,
1.92943e+07,
1.9386e+07,
1.94804e+07,
1.95745e+07,
1.96695e+07,
1.97622e+07,
1.98575e+07,
1.99512e+07,
2.00441e+07,
2.01359e+07,
2.02281e+07,
2.03212e+07,
2.04156e+07,
2.05096e+07,
2.06046e+07,
2.07e+07,
2.07965e+07,
2.08941e+07,
2.09907e+07,
2.10833e+07,
2.1176e+07,
2.12703e+07,
478966,
479303,
479720,
480134,
480558,
481192,
481686,
482249,
482765,
483172,
483646,
484106,
484593,
485001,
485366,
485843,
486281,
486690,
487076,
487499,
487906,
488317,
488693,
489099,
489493,
489971,
490398,
490853,
491323,
491751,
492202,
492606,
493079,
493525,
493945,
494388,
494895,
495420,
495879,
496364,
496882,
497435,
497888,
498363,
498853,
499454,
500047,
500564,
501116,
501679,
502218,
502823,
503423,
504034,
504716,
505539,
506357,
507144,
507909,
508675,
509399,
510194,
510885,
511678,
512355,
513136,
513913,
514696,
515475,
516262,
517078,
517872,
518727,
519677,
520485,
521379,
522209,
523086,
523932,
524896,
525816,
526784,
527671,
528631,
529594,
530560,
531549,
532496,
533469,
534440,
535423,
536305,
537345,
538454,
539587,
540794,
541954,
543043,
544138,
545276,
546357,
547470,
548633,
549794,
550982,
552146,
553446,
554597,
555747,
556954,
558138,
559353,
560481,
561631,
562875,
564045,
565226,
566478,
567758,
569136,
570486,
571787,
572909,
574145,
575404,
576848,
578164,
579442,
580785,
582061,
583473,
584808,
586125,
587437,
588905,
590381,
591869,
593220,
594590,
596005,
597479,
598867,
600276,
601778,
603164,
604753,
606317,
607813,
609361,
610885,
612444,
613856,
615235,
616655,
618111,
619610,
621111,
622653,
624230,
625806,
627268,
628810,
630312,
631861,
633403,
635000,
636597,
638140,
639676,
641288,
642802,
644451,
646020,
647618,
649191,
650760,
652441,
654122,
655823,
657563,
659319,
661008,
662773,
664620,
666414,
668201,
670125,
671945,
673765,
675573,
677321,
678983,
680699,
682435,
684261,
686080,
687846,
689704,
691468,
693239,
695003,
696698,
698395,
700188,
702051,
703881,
705653,
707501,
709361,
711370,
713205,
715308,
717163,
719016,
720930,
722982,
724994,
727056,
729039,
730991,
732970,
735058,
736932,
738887,
740963,
743082,
745392,
747457,
749759,
752363,
755659,
759075,
762466,
765949,
769399,
772775,
776178,
779653,
783060,
786909,
790659,
794093,
797531,
800859,
804371,
807997,
811573,
815374,
818995,
822487,
825967,
829744,
833411,
837038,
840766,
844481,
848170,
851979,
855876,
859961,
863706,
867634,
871578,
875393,
879501,
883503,
887503,
891746,
895875,
900015,
904128,
908188,
912312,
916298,
920322,
924614,
928843,
933097,
937472,
941537,
945753,
950056,
954144,
958225,
962327,
966628,
971167,
975667,
980107,
984459,
989134,
993930,
998596,
1.0031e+06,
1.00778e+06,
1.01252e+06,
1.01732e+06,
1.02197e+06,
1.02673e+06,
1.03164e+06,
1.0366e+06,
1.04121e+06,
1.04603e+06,
1.0509e+06,
1.05596e+06,
1.06077e+06,
1.06569e+06,
1.0707e+06,
1.07564e+06,
1.08067e+06,
1.08567e+06,
1.09059e+06,
1.09543e+06,
1.10046e+06,
1.1053e+06,
1.11048e+06,
1.11549e+06,
1.12041e+06,
1.12546e+06,
1.13087e+06,
1.13628e+06,
1.14155e+06,
1.1467e+06,
1.15213e+06,
1.15777e+06,
1.16323e+06,
1.16857e+06,
1.17407e+06,
1.17963e+06,
1.18517e+06,
1.1908e+06,
1.19642e+06,
1.20191e+06,
1.20746e+06,
1.2132e+06,
1.21893e+06,
1.22453e+06,
1.23015e+06,
1.23567e+06,
1.24151e+06,
1.24708e+06,
1.25304e+06,
1.25868e+06,
1.26419e+06,
1.26999e+06,
1.27598e+06,
1.28177e+06,
1.28773e+06,
1.29367e+06,
1.29945e+06,
1.30532e+06,
1.31142e+06,
1.31766e+06,
1.32388e+06,
1.33004e+06,
1.33632e+06,
1.34247e+06,
1.34886e+06,
1.35493e+06,
1.3613e+06,
1.36763e+06,
1.3741e+06,
1.38058e+06,
1.38697e+06,
1.39318e+06,
1.39938e+06,
1.40576e+06,
1.41198e+06,
1.41859e+06,
1.42518e+06,
1.43179e+06,
1.43863e+06,
1.44538e+06,
1.45205e+06,
1.45883e+06,
1.46555e+06,
1.47232e+06,
1.4791e+06,
1.48572e+06,
1.49251e+06,
1.4994e+06,
1.5064e+06,
1.51343e+06,
1.52082e+06,
1.5279e+06,
1.53491e+06,
1.54187e+06,
1.5489e+06,
1.5562e+06,
1.5633e+06,
1.57084e+06,
1.57804e+06,
1.58519e+06,
1.59217e+06,
1.5994e+06,
1.60689e+06,
1.61462e+06,
1.62214e+06,
1.62974e+06,
1.63721e+06,
1.64475e+06,
1.65232e+06,
1.65991e+06,
1.6674e+06,
1.67509e+06,
1.68268e+06,
1.69059e+06,
1.69866e+06,
1.70655e+06,
1.71471e+06,
1.72302e+06,
1.73094e+06,
1.73869e+06,
1.74664e+06,
1.75511e+06,
1.76329e+06,
1.77184e+06,
1.78013e+06,
1.78888e+06,
1.79738e+06,
1.80618e+06,
1.81492e+06,
1.82366e+06,
1.83241e+06,
1.84109e+06,
1.85009e+06,
1.85873e+06,
1.86763e+06,
1.87651e+06,
1.88556e+06,
1.89431e+06,
1.90315e+06,
1.9124e+06,
1.92173e+06,
1.93058e+06,
1.93956e+06,
1.94878e+06,
1.95803e+06,
1.96734e+06,
1.97625e+06,
1.98568e+06,
1.99545e+06,
2.00485e+06,
2.01455e+06,
2.02449e+06,
2.03447e+06,
2.04433e+06,
2.05408e+06,
2.06398e+06,
2.07393e+06,
2.08395e+06,
2.09384e+06,
2.10386e+06,
2.11431e+06,
2.12429e+06,
2.13447e+06,
2.14504e+06,
2.15543e+06,
2.16583e+06,
2.1763e+06,
2.18682e+06,
2.19716e+06,
2.20748e+06,
2.21804e+06,
2.22881e+06,
2.23949e+06,
2.2503e+06,
2.26179e+06,
2.27304e+06,
2.28406e+06,
2.29559e+06,
2.30678e+06,
2.31807e+06,
2.32975e+06,
2.34111e+06,
2.35276e+06,
2.36444e+06,
2.37657e+06,
2.38854e+06,
2.40067e+06,
2.41285e+06,
2.42479e+06,
2.43681e+06,
2.44884e+06,
2.46076e+06,
2.47325e+06,
2.4855e+06,
2.49821e+06,
2.51119e+06,
2.52403e+06,
2.53688e+06,
2.54976e+06,
2.56223e+06,
2.5751e+06,
2.58825e+06,
2.60165e+06,
2.61479e+06,
2.62811e+06,
2.64223e+06,
2.65606e+06,
2.67025e+06,
2.68422e+06,
2.69785e+06,
2.71184e+06,
2.72615e+06,
2.74046e+06,
2.75484e+06,
2.76955e+06,
2.78447e+06,
2.79902e+06,
2.81397e+06,
2.82909e+06,
2.84395e+06,
2.85877e+06,
2.87431e+06,
2.88963e+06,
2.90546e+06,
2.92151e+06,
2.93725e+06,
2.95287e+06,
2.96889e+06,
2.98498e+06,
3.00079e+06,
3.0172e+06,
3.03334e+06,
3.04962e+06,
3.06658e+06,
3.08335e+06,
3.10044e+06,
3.11757e+06,
3.13507e+06,
3.15248e+06,
3.16951e+06,
3.18726e+06,
3.20585e+06,
3.22424e+06,
3.24243e+06,
3.26117e+06,
3.27997e+06,
3.29873e+06,
3.31731e+06,
3.33646e+06,
3.35565e+06,
3.37537e+06,
3.39492e+06,
3.41454e+06,
3.43463e+06,
3.45487e+06,
3.4755e+06,
3.49594e+06,
3.51773e+06,
3.53893e+06,
3.56026e+06,
3.58143e+06,
3.60354e+06,
3.62536e+06,
3.648e+06,
3.67111e+06,
3.69471e+06,
3.71805e+06,
3.7412e+06,
3.76453e+06,
3.78819e+06,
3.81289e+06,
3.83789e+06,
3.86357e+06,
3.88894e+06,
3.91411e+06,
3.93946e+06,
3.96516e+06,
3.99155e+06,
4.01854e+06,
4.04627e+06,
4.07342e+06,
4.10105e+06,
4.1288e+06,
4.15676e+06,
4.185e+06,
4.2158e+06,
4.24496e+06,
4.27449e+06,
4.30432e+06,
4.33408e+06,
4.36488e+06,
4.39762e+06,
4.43031e+06,
4.46278e+06,
4.49542e+06,
4.52835e+06,
4.56159e+06,
4.59699e+06,
4.6314e+06,
4.66633e+06,
4.701e+06,
4.73597e+06,
4.77211e+06,
4.81113e+06,
4.84885e+06,
4.8868e+06,
4.92469e+06,
4.963e+06,
5.00305e+06,
5.04342e+06,
5.08418e+06,
5.12502e+06,
5.16666e+06,
5.2095e+06,
5.25401e+06,
5.29826e+06,
5.34246e+06,
5.38772e+06,
5.43505e+06,
5.48407e+06,
5.53421e+06,
5.58473e+06,
5.63501e+06,
5.69028e+06,
5.74757e+06,
5.8335e+06,
5.93866e+06,
6.04967e+06,
6.17781e+06,
6.32926e+06,
6.45397e+06,
6.56491e+06,
6.67032e+06,
6.76728e+06,
6.86287e+06,
6.96232e+06,
7.06266e+06,
7.16062e+06,
7.2584e+06,
7.35886e+06,
7.45767e+06,
7.55145e+06,
7.64149e+06,
7.72866e+06,
7.81505e+06,
7.90583e+06,
7.99728e+06,
8.08599e+06,
8.17509e+06,
8.26593e+06,
8.35794e+06,
8.44613e+06,
8.52957e+06,
8.6106e+06,
8.69181e+06,
8.7778e+06,
8.86333e+06,
8.94773e+06,
9.03158e+06,
9.11547e+06,
9.20361e+06,
9.28799e+06,
9.36862e+06,
9.44772e+06,
9.52756e+06,
9.61125e+06,
9.69356e+06,
9.77464e+06,
9.85516e+06,
9.93731e+06,
1.00212e+07,
1.01044e+07,
1.01843e+07,
1.0262e+07,
1.03423e+07,
1.04236e+07,
1.05044e+07,
1.05851e+07,
1.06659e+07,
1.07467e+07,
1.08285e+07,
1.09111e+07,
1.09898e+07,
1.1067e+07,
1.1148e+07,
1.12286e+07,
1.13084e+07,
1.13881e+07,
1.14668e+07,
1.15445e+07,
1.16244e+07,
1.17051e+07,
1.17841e+07,
1.18629e+07,
1.1945e+07,
1.20262e+07,
1.21063e+07,
1.21866e+07,
1.22646e+07,
1.23414e+07,
1.24189e+07,
1.24984e+07,
1.25797e+07,
1.26637e+07,
1.27481e+07,
1.28289e+07,
1.29078e+07,
1.2985e+07,
1.30614e+07,
1.31355e+07,
1.32114e+07,
1.32897e+07,
1.33836e+07,
1.34751e+07,
1.35614e+07,
1.36478e+07,
1.37322e+07,
1.38169e+07,
1.39012e+07,
1.39862e+07,
1.40703e+07,
1.41626e+07,
1.42589e+07,
1.43541e+07,
1.44435e+07,
1.4531e+07,
1.46179e+07,
1.47032e+07,
1.47897e+07,
1.48761e+07,
1.49674e+07,
1.50593e+07,
1.5152e+07,
1.52458e+07,
1.53371e+07,
1.54256e+07,
1.55139e+07,
1.56011e+07,
1.56889e+07,
1.57802e+07,
1.58713e+07,
1.59622e+07,
1.60524e+07,
1.61448e+07,
1.62366e+07,
1.63245e+07,
1.64124e+07,
1.65018e+07,
1.65925e+07,
1.66842e+07,
1.67753e+07,
1.68657e+07,
1.69559e+07,
1.7049e+07,
1.71429e+07,
1.72336e+07,
1.7324e+07,
1.74147e+07,
1.75059e+07,
1.75954e+07,
1.76887e+07,
1.77824e+07,
1.78759e+07,
1.79713e+07,
1.80698e+07,
1.81695e+07,
1.82678e+07,
1.83645e+07,
1.84604e+07,
1.85565e+07,
1.86522e+07,
1.87486e+07,
1.8845e+07,
1.89418e+07,
1.90437e+07,
1.91533e+07,
1.92565e+07,
1.93561e+07,
1.9455e+07,
1.95524e+07,
1.96486e+07,
1.97441e+07,
1.9838e+07,
1.99339e+07,
2.00318e+07,
2.01317e+07,
2.02302e+07,
2.03271e+07,
2.04228e+07,
2.05191e+07,
2.06148e+07,
2.07101e+07,
2.08064e+07,
2.0905e+07,
2.10041e+07,
2.11062e+07,
2.12095e+07,
2.13083e+07,
2.14057e+07,
2.15017e+07,
2.15966e+07,
2.1692e+07,
2.17879e+07,
2.18851e+07,
2.19825e+07,
2.20796e+07,
2.21792e+07,
478966,
479304,
479707,
480131,
480540,
481170,
481678,
482222,
482739,
483179,
483641,
484068,
484518,
484998,
485376,
485818,
486218,
486659,
487020,
487510,
487891,
488286,
488688,
489048,
489472,
489922,
490385,
490779,
491207,
491693,
492134,
492580,
492971,
493471,
493907,
494345,
494804,
495246,
495761,
496315,
496792,
497333,
497689,
498258,
498738,
499257,
499841,
500476,
500967,
501519,
502034,
502651,
503270,
503811,
504532,
505293,
506208,
506956,
507715,
508536,
509246,
509944,
510599,
511288,
511944,
512699,
513497,
514436,
515203,
516015,
516840,
517606,
518364,
519220,
520116,
520965,
521862,
522658,
523548,
524509,
525387,
526261,
527159,
527989,
528827,
529850,
530855,
531806,
532803,
533746,
534789,
535893,
537008,
538153,
539281,
540477,
541640,
542796,
543893,
545042,
546025,
547171,
548239,
549325,
550445,
551637,
552836,
554045,
555230,
556457,
557619,
558708,
559848,
561005,
562209,
563411,
564723,
565951,
567190,
568369,
569739,
570891,
572177,
573381,
574652,
575995,
577274,
578609,
580023,
581300,
582659,
583880,
585125,
586484,
587859,
589311,
590647,
592021,
593408,
594754,
596065,
597457,
598916,
600392,
601845,
603423,
604959,
606382,
607901,
609481,
610963,
612456,
613834,
615257,
616801,
618335,
619694,
621267,
622995,
624538,
626025,
627459,
628884,
630279,
631705,
633282,
634903,
636561,
638169,
639642,
641288,
642898,
644473,
646135,
647763,
649430,
651016,
652599,
654216,
655844,
657605,
659136,
660695,
662326,
663945,
665789,
667661,
669512,
671354,
673180,
675028,
676760,
678447,
680057,
681798,
683466,
685100,
686861,
688618,
690437,
692385,
694221,
695983,
697764,
699549,
701409,
703276,
705166,
707023,
708837,
710641,
712343,
714178,
716084,
717987,
720080,
722066,
723931,
726006,
727951,
729871,
731904,
733949,
736660,
740061,
743619,
746849,
750145,
753707,
757142,
760360,
763601,
767099,
770598,
774035,
777567,
781176,
784585,
788244,
791760,
795252,
798706,
802166,
805729,
809358,
813076,
816822,
820399,
823973,
827548,
831237,
835062,
839052,
842854,
846909,
850685,
854745,
858718,
862663,
866578,
870692,
874491,
878589,
882662,
886557,
890449,
894502,
898558,
902726,
906990,
911085,
915310,
919423,
923525,
927767,
931913,
935820,
940042,
944158,
948310,
952688,
957116,
961821,
966315,
970857,
975283,
979830,
984387,
988853,
993260,
997982,
1.00289e+06,
1.00771e+06,
1.01254e+06,
1.0174e+06,
1.02211e+06,
1.02703e+06,
1.03183e+06,
1.03664e+06,
1.04131e+06,
1.04607e+06,
1.05086e+06,
1.05563e+06,
1.06067e+06,
1.06552e+06,
1.07039e+06,
1.07548e+06,
1.0803e+06,
1.08519e+06,
1.08995e+06,
1.09521e+06,
1.10017e+06,
1.10536e+06,
1.11056e+06,
1.11615e+06,
1.12153e+06,
1.12672e+06,
1.13233e+06,
1.13758e+06,
1.143e+06,
1.1484e+06,
1.15364e+06,
1.15901e+06,
1.16436e+06,
1.16973e+06,
1.17527e+06,
1.18077e+06,
1.18623e+06,
1.19207e+06,
1.19789e+06,
1.2033e+06,
1.20881e+06,
1.2143e+06,
1.2198e+06,
1.2256e+06,
1.23114e+06,
1.23673e+06,
1.24247e+06,
1.24811e+06,
1.25389e+06,
1.25961e+06,
1.26559e+06,
1.27157e+06,
1.27762e+06,
1.28377e+06,
1.28988e+06,
1.29592e+06,
1.30187e+06,
1.30811e+06,
1.31431e+06,
1.32056e+06,
1.32688e+06,
1.3332e+06,
1.33928e+06,
1.3457e+06,
1.35214e+06,
1.35849e+06,
1.36487e+06,
1.37135e+06,
1.3778e+06,
1.38399e+06,
1.39026e+06,
1.39652e+06,
1.40266e+06,
1.40913e+06,
1.41593e+06,
1.42253e+06,
1.4293e+06,
1.43578e+06,
1.44238e+06,
1.44926e+06,
1.45615e+06,
1.46321e+06,
1.46998e+06,
1.47677e+06,
1.48396e+06,
1.49082e+06,
1.49773e+06,
1.50498e+06,
1.51191e+06,
1.51893e+06,
1.52602e+06,
1.53274e+06,
1.53977e+06,
1.54659e+06,
1.55403e+06,
1.56136e+06,
1.56863e+06,
1.57606e+06,
1.58327e+06,
1.59097e+06,
1.59847e+06,
1.60587e+06,
1.61311e+06,
1.62087e+06,
1.62845e+06,
1.63583e+06,
1.64357e+06,
1.65123e+06,
1.65874e+06,
1.66638e+06,
1.67414e+06,
1.68221e+06,
1.69009e+06,
1.69811e+06,
1.70615e+06,
1.71437e+06,
1.72242e+06,
1.73075e+06,
1.73906e+06,
1.74725e+06,
1.75541e+06,
1.76373e+06,
1.7723e+06,
1.78056e+06,
1.78921e+06,
1.7979e+06,
1.8068e+06,
1.81542e+06,
1.8238e+06,
1.83244e+06,
1.84105e+06,
1.84981e+06,
1.8586e+06,
1.86734e+06,
1.87618e+06,
1.88541e+06,
1.89436e+06,
1.90359e+06,
1.91281e+06,
1.92211e+06,
1.93104e+06,
1.94036e+06,
1.94945e+06,
1.95882e+06,
1.96828e+06,
1.97773e+06,
1.98756e+06,
1.99709e+06,
2.00697e+06,
2.01675e+06,
2.02617e+06,
2.03618e+06,
2.04607e+06,
2.05605e+06,
2.06588e+06,
2.07578e+06,
2.08563e+06,
2.09606e+06,
2.10592e+06,
2.11581e+06,
2.12612e+06,
2.13674e+06,
2.14737e+06,
2.15788e+06,
2.16854e+06,
2.17898e+06,
2.18951e+06,
2.20015e+06,
2.2107e+06,
2.22147e+06,
2.23229e+06,
2.24358e+06,
2.25506e+06,
2.26633e+06,
2.27762e+06,
2.289e+06,
2.30024e+06,
2.31168e+06,
2.32319e+06,
2.33452e+06,
2.34587e+06,
2.35726e+06,
2.36902e+06,
2.38103e+06,
2.39291e+06,
2.40523e+06,
2.41721e+06,
2.42948e+06,
2.44172e+06,
2.4542e+06,
2.4665e+06,
2.47856e+06,
2.49112e+06,
2.5041e+06,
2.517e+06,
2.53002e+06,
2.54283e+06,
2.55568e+06,
2.5687e+06,
2.5819e+06,
2.59523e+06,
2.60837e+06,
2.62217e+06,
2.63625e+06,
2.65015e+06,
2.66405e+06,
2.67815e+06,
2.69248e+06,
2.70656e+06,
2.72078e+06,
2.73497e+06,
2.74945e+06,
2.76424e+06,
2.77903e+06,
2.79381e+06,
2.80867e+06,
2.82382e+06,
2.83909e+06,
2.85434e+06,
2.86935e+06,
2.88466e+06,
2.90019e+06,
2.9163e+06,
2.93195e+06,
2.94786e+06,
2.96361e+06,
2.98017e+06,
2.99599e+06,
3.01268e+06,
3.02919e+06,
3.04568e+06,
3.06264e+06,
3.07952e+06,
3.09701e+06,
3.11482e+06,
3.1326e+06,
3.15032e+06,
3.16796e+06,
3.1856e+06,
3.20384e+06,
3.22181e+06,
3.24046e+06,
3.25913e+06,
3.27788e+06,
3.29665e+06,
3.31552e+06,
3.33459e+06,
3.3536e+06,
3.37349e+06,
3.39318e+06,
3.41299e+06,
3.43284e+06,
3.45303e+06,
3.47337e+06,
3.49426e+06,
3.51587e+06,
3.53801e+06,
3.55972e+06,
3.58149e+06,
3.60375e+06,
3.626e+06,
3.6483e+06,
3.67114e+06,
3.69511e+06,
3.71893e+06,
3.74289e+06,
3.76664e+06,
3.79104e+06,
3.81506e+06,
3.83971e+06,
3.86549e+06,
3.89139e+06,
3.91688e+06,
3.94247e+06,
3.96837e+06,
3.99508e+06,
4.0224e+06,
4.05057e+06,
4.07829e+06,
4.10603e+06,
4.13401e+06,
4.16188e+06,
4.19069e+06,
4.22126e+06,
4.25193e+06,
4.282e+06,
4.31255e+06,
4.34365e+06,
4.37494e+06,
4.40825e+06,
4.44123e+06,
4.47386e+06,
4.50723e+06,
4.54051e+06,
4.57413e+06,
4.6103e+06,
4.6462e+06,
4.68206e+06,
4.71812e+06,
4.75491e+06,
4.79141e+06,
4.83022e+06,
4.86894e+06,
4.90775e+06,
4.94728e+06,
4.98685e+06,
5.02898e+06,
5.07103e+06,
5.11308e+06,
5.15534e+06,
5.19767e+06,
5.24282e+06,
5.28846e+06,
5.33446e+06,
5.38148e+06,
5.42862e+06,
5.47953e+06,
5.53076e+06,
5.58243e+06,
5.63501e+06,
5.68781e+06,
5.74646e+06,
5.80595e+06,
5.86974e+06,
5.98207e+06,
6.10564e+06,
6.25491e+06,
6.40831e+06,
6.52988e+06,
6.64098e+06,
6.74375e+06,
6.84288e+06,
6.93927e+06,
7.03522e+06,
7.13629e+06,
7.23635e+06,
7.33912e+06,
7.44582e+06,
7.54624e+06,
7.64364e+06,
7.73758e+06,
7.82935e+06,
7.9193e+06,
8.01031e+06,
8.10496e+06,
8.19913e+06,
8.29489e+06,
8.39371e+06,
8.48782e+06,
8.57542e+06,
8.66172e+06,
8.746e+06,
8.82925e+06,
8.91336e+06,
9.00216e+06,
9.08976e+06,
9.17808e+06,
9.26923e+06,
9.35911e+06,
9.44388e+06,
9.52652e+06,
9.60831e+06,
9.68778e+06,
9.77078e+06,
9.85549e+06,
9.94047e+06,
1.00258e+07,
1.01119e+07,
1.01999e+07,
1.02838e+07,
1.0366e+07,
1.0445e+07,
1.05232e+07,
1.06048e+07,
1.06881e+07,
1.07725e+07,
1.08555e+07,
1.09405e+07,
1.10288e+07,
1.11125e+07,
1.11934e+07,
1.12716e+07,
1.13484e+07,
1.14306e+07,
1.15132e+07,
1.15951e+07,
1.16794e+07,
1.17622e+07,
1.18478e+07,
1.19308e+07,
1.20094e+07,
1.20872e+07,
1.21661e+07,
1.22481e+07,
1.23316e+07,
1.24166e+07,
1.24993e+07,
1.25803e+07,
1.26632e+07,
1.27477e+07,
1.28278e+07,
1.29046e+07,
1.29873e+07,
1.30746e+07,
1.31588e+07,
1.32416e+07,
1.33232e+07,
1.3405e+07,
1.34879e+07,
1.3573e+07,
1.36505e+07,
1.37315e+07,
1.38299e+07,
1.39207e+07,
1.40086e+07,
1.40958e+07,
1.41811e+07,
1.42682e+07,
1.43559e+07,
1.44491e+07,
1.45438e+07,
1.46427e+07,
1.47352e+07,
1.48255e+07,
1.4914e+07,
1.50018e+07,
1.50896e+07,
1.51764e+07,
1.52657e+07,
1.53614e+07,
1.54629e+07,
1.55583e+07,
1.56511e+07,
1.57428e+07,
1.58333e+07,
1.59237e+07,
1.60124e+07,
1.61016e+07,
1.61945e+07,
1.62903e+07,
1.63895e+07,
1.64841e+07,
1.65758e+07,
1.66666e+07,
1.67562e+07,
1.6845e+07,
1.69351e+07,
1.70276e+07,
1.71222e+07,
1.7218e+07,
1.73164e+07,
1.74122e+07,
1.7506e+07,
1.75967e+07,
1.7688e+07,
1.77811e+07,
1.78729e+07,
1.79655e+07,
1.80577e+07,
1.81532e+07,
1.82511e+07,
1.83512e+07,
1.8448e+07,
1.85437e+07,
1.86399e+07,
1.8739e+07,
1.8839e+07,
1.89389e+07,
1.90395e+07,
1.91389e+07,
1.9239e+07,
1.93411e+07,
1.94427e+07,
1.95533e+07,
1.96603e+07,
1.97637e+07,
1.98665e+07,
1.99684e+07,
2.00685e+07,
2.01688e+07,
2.02667e+07,
2.03662e+07,
2.04672e+07,
2.05684e+07,
2.06691e+07,
2.07695e+07,
2.08705e+07,
2.09705e+07,
2.1071e+07,
2.11714e+07,
2.12721e+07,
2.1376e+07,
2.14832e+07,
2.15867e+07,
2.169e+07,
2.17904e+07,
2.18911e+07,
2.19901e+07,
2.20885e+07,
2.2187e+07,
2.22863e+07,
2.23861e+07,
2.24902e+07,
2.25921e+07,
2.26937e+07,
2.2793e+07,
2.28917e+07,
2.29894e+07,
2.30851e+07,
478966,
479310,
479688,
480132,
480555,
481126,
481654,
482200,
482689,
483195,
483656,
484061,
484510,
484973,
485342,
485791,
486214,
486650,
487001,
487489,
487853,
488253,
488684,
489057,
489417,
489846,
490243,
490720,
491121,
491581,
492093,
492545,
492965,
493386,
493866,
494357,
494756,
495191,
495661,
496223,
496635,
497133,
497617,
498083,
498594,
499172,
499754,
500262,
500793,
501342,
501834,
502400,
503057,
503643,
504281,
505138,
505889,
506649,
507343,
508071,
508842,
509487,
510213,
510958,
511703,
512508,
513300,
514111,
514850,
515612,
516480,
517217,
518110,
518864,
519758,
520687,
521434,
522292,
523090,
523961,
524803,
525709,
526573,
527520,
528420,
529364,
530332,
531272,
532324,
533401,
534510,
535653,
536742,
537814,
538849,
540049,
541209,
542372,
543493,
544572,
545534,
546632,
547726,
548821,
549990,
551213,
552297,
553468,
554582,
555770,
556933,
558057,
559120,
560282,
561455,
562708,
563919,
565113,
566433,
567593,
569021,
570117,
571318,
572535,
573721,
575021,
576298,
577740,
579023,
580206,
581428,
582620,
584027,
585395,
586780,
588202,
589513,
590756,
592181,
593579,
594967,
596307,
597693,
599114,
600504,
601951,
603475,
604909,
606295,
607721,
609321,
610654,
612124,
613554,
615089,
616589,
618115,
619603,
621158,
622660,
624204,
625670,
627038,
628525,
630084,
631740,
633268,
634779,
636280,
637926,
639552,
641102,
642755,
644224,
645781,
647354,
648924,
650620,
652165,
653847,
655477,
656933,
658553,
660134,
661749,
663376,
665060,
666663,
668351,
670191,
671942,
673705,
675525,
677380,
679232,
680933,
682686,
684503,
686263,
688015,
689720,
691460,
693122,
694909,
696692,
698626,
700507,
702381,
704090,
705930,
707665,
709445,
711188,
713057,
714956,
716914,
718868,
721190,
724178,
727506,
730884,
734085,
737366,
740927,
744277,
747789,
751117,
754559,
757977,
761394,
764713,
768232,
771594,
774993,
778680,
782058,
785320,
788716,
792305,
796101,
799786,
803277,
806986,
810401,
813937,
817585,
821272,
824975,
829011,
833077,
837103,
841013,
844778,
848654,
852576,
856708,
860729,
864761,
868845,
872685,
876626,
880628,
884697,
888491,
892499,
896598,
900913,
904909,
908947,
913075,
917239,
921391,
925641,
929890,
934125,
938539,
943046,
947663,
952310,
956870,
961463,
965851,
970301,
974699,
979264,
983899,
988371,
993180,
998017,
1.00278e+06,
1.00752e+06,
1.01211e+06,
1.01669e+06,
1.02132e+06,
1.02596e+06,
1.03057e+06,
1.03523e+06,
1.04007e+06,
1.04504e+06,
1.04997e+06,
1.05504e+06,
1.05992e+06,
1.0648e+06,
1.06972e+06,
1.07468e+06,
1.08e+06,
1.08501e+06,
1.09012e+06,
1.09527e+06,
1.10051e+06,
1.1058e+06,
1.11117e+06,
1.11616e+06,
1.12141e+06,
1.1268e+06,
1.13209e+06,
1.13745e+06,
1.14277e+06,
1.14824e+06,
1.1537e+06,
1.1591e+06,
1.16444e+06,
1.17001e+06,
1.17576e+06,
1.1811e+06,
1.18687e+06,
1.19246e+06,
1.19805e+06,
1.20343e+06,
1.20889e+06,
1.2144e+06,
1.22014e+06,
1.2257e+06,
1.23151e+06,
1.23754e+06,
1.24352e+06,
1.24966e+06,
1.25559e+06,
1.2619e+06,
1.26797e+06,
1.27382e+06,
1.27979e+06,
1.28559e+06,
1.29158e+06,
1.29741e+06,
1.30348e+06,
1.30973e+06,
1.3162e+06,
1.32253e+06,
1.32874e+06,
1.33502e+06,
1.34128e+06,
1.34748e+06,
1.35387e+06,
1.36013e+06,
1.36644e+06,
1.37272e+06,
1.37927e+06,
1.38575e+06,
1.39209e+06,
1.3986e+06,
1.40534e+06,
1.41194e+06,
1.41853e+06,
1.42513e+06,
1.43221e+06,
1.43908e+06,
1.44547e+06,
1.45234e+06,
1.45904e+06,
1.46607e+06,
1.47293e+06,
1.47991e+06,
1.4872e+06,
1.49443e+06,
1.50157e+06,
1.50867e+06,
1.51598e+06,
1.52308e+06,
1.53013e+06,
1.53732e+06,
1.54427e+06,
1.55115e+06,
1.55861e+06,
1.56577e+06,
1.5733e+06,
1.58087e+06,
1.58843e+06,
1.59587e+06,
1.6033e+06,
1.6105e+06,
1.61796e+06,
1.62541e+06,
1.63292e+06,
1.64075e+06,
1.64855e+06,
1.65638e+06,
1.66437e+06,
1.67256e+06,
1.68048e+06,
1.68865e+06,
1.69658e+06,
1.70437e+06,
1.71237e+06,
1.7206e+06,
1.72893e+06,
1.73729e+06,
1.74549e+06,
1.75398e+06,
1.76232e+06,
1.77076e+06,
1.77918e+06,
1.78756e+06,
1.79611e+06,
1.80472e+06,
1.8134e+06,
1.82207e+06,
1.83091e+06,
1.83965e+06,
1.84821e+06,
1.85726e+06,
1.86591e+06,
1.8749e+06,
1.88403e+06,
1.8935e+06,
1.90272e+06,
1.91219e+06,
1.92152e+06,
1.93111e+06,
1.94021e+06,
1.94979e+06,
1.95901e+06,
1.96829e+06,
1.97784e+06,
1.98751e+06,
1.9973e+06,
2.00701e+06,
2.01714e+06,
2.02694e+06,
2.03661e+06,
2.04652e+06,
2.05629e+06,
2.06621e+06,
2.07611e+06,
2.08623e+06,
2.09629e+06,
2.10671e+06,
2.11714e+06,
2.12742e+06,
2.13738e+06,
2.14794e+06,
2.1583e+06,
2.16871e+06,
2.17927e+06,
2.18995e+06,
2.20074e+06,
2.21145e+06,
2.22235e+06,
2.23366e+06,
2.24484e+06,
2.25608e+06,
2.26729e+06,
2.2784e+06,
2.28999e+06,
2.3013e+06,
2.31284e+06,
2.3246e+06,
2.33586e+06,
2.34748e+06,
2.35968e+06,
2.37199e+06,
2.38403e+06,
2.39584e+06,
2.40799e+06,
2.4194e+06,
2.43173e+06,
2.44424e+06,
2.45658e+06,
2.46899e+06,
2.48166e+06,
2.49438e+06,
2.50742e+06,
2.52035e+06,
2.53346e+06,
2.54641e+06,
2.5596e+06,
2.57305e+06,
2.58647e+06,
2.59999e+06,
2.61365e+06,
2.62756e+06,
2.64162e+06,
2.65528e+06,
2.66939e+06,
2.68352e+06,
2.69761e+06,
2.71171e+06,
2.72601e+06,
2.74039e+06,
2.75519e+06,
2.76979e+06,
2.78474e+06,
2.79951e+06,
2.81459e+06,
2.82954e+06,
2.84474e+06,
2.85982e+06,
2.87526e+06,
2.89079e+06,
2.9067e+06,
2.92259e+06,
2.93852e+06,
2.95469e+06,
2.97105e+06,
2.98739e+06,
3.00386e+06,
3.01989e+06,
3.03676e+06,
3.05382e+06,
3.07154e+06,
3.08905e+06,
3.10613e+06,
3.12306e+06,
3.14066e+06,
3.15814e+06,
3.17584e+06,
3.19431e+06,
3.21316e+06,
3.23193e+06,
3.2505e+06,
3.26914e+06,
3.28756e+06,
3.30639e+06,
3.32551e+06,
3.34485e+06,
3.36536e+06,
3.38561e+06,
3.40583e+06,
3.42603e+06,
3.44654e+06,
3.46689e+06,
3.48767e+06,
3.50899e+06,
3.53083e+06,
3.55302e+06,
3.57503e+06,
3.59738e+06,
3.61942e+06,
3.64192e+06,
3.66483e+06,
3.68855e+06,
3.71254e+06,
3.73641e+06,
3.76065e+06,
3.78485e+06,
3.80925e+06,
3.83395e+06,
3.85961e+06,
3.8861e+06,
3.91159e+06,
3.9374e+06,
3.9635e+06,
3.98995e+06,
4.01676e+06,
4.04456e+06,
4.07328e+06,
4.10125e+06,
4.12981e+06,
4.15876e+06,
4.18768e+06,
4.2177e+06,
4.2489e+06,
4.27955e+06,
4.31043e+06,
4.34199e+06,
4.37342e+06,
4.40536e+06,
4.43961e+06,
4.47364e+06,
4.50758e+06,
4.54125e+06,
4.57525e+06,
4.60981e+06,
4.64688e+06,
4.68377e+06,
4.72062e+06,
4.75751e+06,
4.79501e+06,
4.83408e+06,
4.87415e+06,
4.91376e+06,
4.95382e+06,
4.99403e+06,
5.03534e+06,
5.08001e+06,
5.12351e+06,
5.16715e+06,
5.21161e+06,
5.25707e+06,
5.30589e+06,
5.35302e+06,
5.40119e+06,
5.45023e+06,
5.50035e+06,
5.55383e+06,
5.60722e+06,
5.66186e+06,
5.71729e+06,
5.77699e+06,
5.83942e+06,
5.90347e+06,
5.97391e+06,
6.10216e+06,
6.26202e+06,
6.42901e+06,
6.55566e+06,
6.67175e+06,
6.77786e+06,
6.87862e+06,
6.9779e+06,
7.07393e+06,
7.16987e+06,
7.27177e+06,
7.37633e+06,
7.4851e+06,
7.58769e+06,
7.68731e+06,
7.78639e+06,
7.88477e+06,
7.98193e+06,
8.07634e+06,
8.16972e+06,
8.26974e+06,
8.37113e+06,
8.47648e+06,
8.5741e+06,
8.66795e+06,
8.75942e+06,
8.847e+06,
8.93275e+06,
9.01826e+06,
9.10472e+06,
9.19633e+06,
9.28952e+06,
9.38623e+06,
9.47922e+06,
9.56712e+06,
9.65339e+06,
9.73566e+06,
9.81812e+06,
9.90013e+06,
9.98525e+06,
1.00741e+07,
1.01621e+07,
1.02541e+07,
1.03455e+07,
1.04308e+07,
1.05143e+07,
1.0596e+07,
1.06788e+07,
1.07601e+07,
1.08432e+07,
1.09279e+07,
1.10151e+07,
1.1104e+07,
1.11939e+07,
1.12788e+07,
1.1365e+07,
1.14482e+07,
1.15287e+07,
1.16075e+07,
1.16912e+07,
1.17748e+07,
1.18589e+07,
1.19453e+07,
1.2037e+07,
1.2124e+07,
1.22062e+07,
1.22871e+07,
1.23664e+07,
1.24439e+07,
1.25273e+07,
1.26117e+07,
1.26981e+07,
1.27882e+07,
1.28789e+07,
1.29649e+07,
1.30469e+07,
1.3127e+07,
1.32052e+07,
1.32865e+07,
1.33722e+07,
1.34638e+07,
1.35523e+07,
1.36392e+07,
1.37281e+07,
1.38168e+07,
1.39003e+07,
1.39812e+07,
1.40615e+07,
1.41541e+07,
1.4253e+07,
1.43453e+07,
1.44359e+07,
1.45278e+07,
1.46225e+07,
1.47192e+07,
1.48088e+07,
1.48971e+07,
1.4987e+07,
1.50872e+07,
1.51815e+07,
1.52726e+07,
1.53637e+07,
1.54558e+07,
1.55469e+07,
1.56425e+07,
1.57364e+07,
1.5832e+07,
1.59329e+07,
1.60301e+07,
1.61261e+07,
1.62197e+07,
1.63128e+07,
1.64046e+07,
1.64973e+07,
1.65953e+07,
1.66919e+07,
1.67904e+07,
1.68879e+07,
1.69817e+07,
1.70755e+07,
1.71666e+07,
1.72578e+07,
1.73518e+07,
1.74467e+07,
1.75448e+07,
1.76453e+07,
1.7745e+07,
1.78419e+07,
1.79366e+07,
1.80315e+07,
1.81241e+07,
1.82172e+07,
1.83117e+07,
1.84066e+07,
1.85043e+07,
1.86069e+07,
1.87066e+07,
1.88044e+07,
1.89007e+07,
1.89961e+07,
1.90926e+07,
1.91901e+07,
1.9289e+07,
1.9393e+07,
1.9499e+07,
1.96068e+07,
1.97117e+07,
1.9816e+07,
1.99216e+07,
2.00371e+07,
2.01447e+07,
2.02494e+07,
2.03528e+07,
2.04568e+07,
2.0562e+07,
2.06667e+07,
2.07708e+07,
2.08733e+07,
2.09763e+07,
2.108e+07,
2.11835e+07,
2.12865e+07,
2.13914e+07,
2.14976e+07,
2.16042e+07,
2.17125e+07,
2.18224e+07,
2.19276e+07,
2.2032e+07,
2.21367e+07,
2.22404e+07,
2.23438e+07,
2.24468e+07,
2.25506e+07,
2.26541e+07,
2.27579e+07,
2.28654e+07,
2.29707e+07,
2.30745e+07,
2.31769e+07,
2.32793e+07,
2.33808e+07,
2.34821e+07,
2.35828e+07,
2.36836e+07,
2.37842e+07,
2.38872e+07,
2.39898e+07,
478966,
479312,
479709,
480131,
480552,
481123,
481669,
482184,
482660,
483169,
483658,
484043,
484491,
484865,
485254,
485720,
486131,
486593,
486998,
487502,
487879,
488259,
488632,
489017,
489362,
489757,
490221,
490661,
491143,
491532,
491987,
492488,
492917,
493346,
493759,
494190,
494643,
495081,
495546,
495981,
496442,
496944,
497484,
498024,
498538,
499072,
499605,
500138,
500631,
501113,
501664,
502263,
502812,
503483,
504171,
504878,
505600,
506269,
507041,
507859,
508545,
509302,
510007,
510812,
511513,
512217,
513103,
513876,
514487,
515203,
516045,
516781,
517690,
518539,
519387,
520230,
521045,
521777,
522623,
523415,
524271,
525093,
526028,
526861,
527762,
528815,
529912,
530985,
532056,
533054,
534189,
535240,
536397,
537439,
538542,
539626,
540742,
541825,
542823,
543928,
544936,
546104,
547072,
548147,
549229,
550357,
551559,
552776,
553811,
554947,
556052,
557212,
558285,
559437,
560671,
561896,
563150,
564286,
565513,
566843,
567988,
569224,
570385,
571482,
572746,
574026,
575186,
576436,
577659,
578920,
580192,
581449,
582744,
583983,
585290,
586700,
588184,
589508,
590946,
592352,
593626,
594818,
596183,
597529,
598976,
600446,
601818,
603240,
604595,
605978,
607502,
608925,
610273,
611624,
613169,
614752,
616299,
617769,
619318,
620722,
622145,
623648,
625079,
626680,
628163,
629589,
631165,
632636,
634258,
635799,
637374,
638969,
640443,
641981,
643662,
645142,
646701,
648385,
649837,
651501,
653142,
654635,
656208,
657894,
659531,
661200,
662845,
664460,
666118,
667733,
669353,
671001,
672488,
674131,
675860,
677603,
679486,
681397,
683191,
685011,
686823,
688504,
690393,
692086,
693803,
695467,
697247,
698861,
700713,
702606,
704488,
706322,
708865,
712217,
715385,
718608,
721607,
724817,
728011,
731390,
734811,
738055,
741335,
744660,
747999,
751336,
754862,
758142,
761706,
765087,
768625,
771711,
775141,
778615,
782160,
785911,
789668,
793172,
796663,
800056,
803645,
807397,
811227,
815054,
818968,
822796,
826664,
830518,
834265,
838070,
841935,
846142,
850097,
854154,
858136,
862115,
866080,
870013,
874022,
878060,
882063,
886145,
890180,
894391,
898502,
902592,
906592,
910835,
915036,
919318,
923612,
928131,
932806,
937430,
941807,
946158,
950674,
955224,
959725,
964363,
968806,
973373,
977981,
982606,
987288,
991899,
996646,
1.00126e+06,
1.0059e+06,
1.01055e+06,
1.01526e+06,
1.01976e+06,
1.02455e+06,
1.02941e+06,
1.0343e+06,
1.03922e+06,
1.04413e+06,
1.04909e+06,
1.05425e+06,
1.05924e+06,
1.06406e+06,
1.06896e+06,
1.07381e+06,
1.0787e+06,
1.08364e+06,
1.08892e+06,
1.09416e+06,
1.09969e+06,
1.10515e+06,
1.11047e+06,
1.11578e+06,
1.12111e+06,
1.12625e+06,
1.13182e+06,
1.13721e+06,
1.14267e+06,
1.14814e+06,
1.15353e+06,
1.15912e+06,
1.16457e+06,
1.1701e+06,
1.17564e+06,
1.18108e+06,
1.18642e+06,
1.192e+06,
1.19751e+06,
1.20298e+06,
1.20886e+06,
1.21469e+06,
1.22062e+06,
1.2266e+06,
1.23242e+06,
1.23842e+06,
1.24421e+06,
1.25031e+06,
1.2563e+06,
1.26224e+06,
1.26835e+06,
1.2743e+06,
1.28017e+06,
1.2862e+06,
1.2919e+06,
1.29791e+06,
1.30428e+06,
1.31061e+06,
1.31685e+06,
1.32334e+06,
1.32958e+06,
1.33597e+06,
1.34212e+06,
1.34834e+06,
1.35443e+06,
1.3608e+06,
1.36709e+06,
1.37331e+06,
1.3799e+06,
1.3866e+06,
1.39355e+06,
1.40021e+06,
1.40687e+06,
1.41348e+06,
1.42015e+06,
1.42685e+06,
1.43358e+06,
1.44045e+06,
1.44735e+06,
1.45426e+06,
1.4613e+06,
1.46821e+06,
1.47524e+06,
1.48248e+06,
1.49001e+06,
1.49702e+06,
1.50401e+06,
1.51107e+06,
1.51838e+06,
1.52514e+06,
1.53228e+06,
1.53953e+06,
1.54679e+06,
1.55393e+06,
1.56126e+06,
1.56861e+06,
1.57612e+06,
1.58361e+06,
1.59106e+06,
1.59896e+06,
1.60668e+06,
1.6144e+06,
1.62182e+06,
1.6296e+06,
1.63724e+06,
1.64516e+06,
1.65264e+06,
1.66079e+06,
1.66884e+06,
1.67686e+06,
1.68494e+06,
1.69251e+06,
1.70077e+06,
1.70895e+06,
1.71689e+06,
1.72504e+06,
1.73324e+06,
1.74174e+06,
1.75009e+06,
1.75873e+06,
1.7675e+06,
1.77622e+06,
1.7847e+06,
1.79322e+06,
1.80187e+06,
1.81035e+06,
1.81898e+06,
1.82773e+06,
1.83647e+06,
1.84526e+06,
1.85438e+06,
1.86342e+06,
1.87265e+06,
1.88182e+06,
1.89112e+06,
1.90022e+06,
1.90937e+06,
1.91885e+06,
1.92819e+06,
1.93763e+06,
1.94711e+06,
1.95651e+06,
1.96605e+06,
1.97575e+06,
1.98563e+06,
1.99552e+06,
2.00528e+06,
2.015e+06,
2.0247e+06,
2.03445e+06,
2.04418e+06,
2.05418e+06,
2.06405e+06,
2.07371e+06,
2.08378e+06,
2.09415e+06,
2.10469e+06,
2.1149e+06,
2.12565e+06,
2.13601e+06,
2.14646e+06,
2.15703e+06,
2.16766e+06,
2.17833e+06,
2.18919e+06,
2.20009e+06,
2.2111e+06,
2.22208e+06,
2.23342e+06,
2.24447e+06,
2.2557e+06,
2.26687e+06,
2.27773e+06,
2.28912e+06,
2.30057e+06,
2.31187e+06,
2.3234e+06,
2.33512e+06,
2.34681e+06,
2.35888e+06,
2.37069e+06,
2.38249e+06,
2.39478e+06,
2.40675e+06,
2.41866e+06,
2.43081e+06,
2.44299e+06,
2.45543e+06,
2.46845e+06,
2.48177e+06,
2.49501e+06,
2.50804e+06,
2.52133e+06,
2.53446e+06,
2.54753e+06,
2.5606e+06,
2.57373e+06,
2.58706e+06,
2.60088e+06,
2.61501e+06,
2.62921e+06,
2.64299e+06,
2.65683e+06,
2.67097e+06,
2.68473e+06,
2.69906e+06,
2.71361e+06,
2.72788e+06,
2.74245e+06,
2.7574e+06,
2.77226e+06,
2.78739e+06,
2.80219e+06,
2.81709e+06,
2.83205e+06,
2.84693e+06,
2.86208e+06,
2.87729e+06,
2.89332e+06,
2.90967e+06,
2.92598e+06,
2.94195e+06,
2.95808e+06,
2.97433e+06,
2.99028e+06,
3.00663e+06,
3.02324e+06,
3.04013e+06,
3.05798e+06,
3.0756e+06,
3.09295e+06,
3.11059e+06,
3.12792e+06,
3.14531e+06,
3.16305e+06,
3.18041e+06,
3.19825e+06,
3.21711e+06,
3.23609e+06,
3.25486e+06,
3.27367e+06,
3.29223e+06,
3.31132e+06,
3.3308e+06,
3.35003e+06,
3.371e+06,
3.39142e+06,
3.41191e+06,
3.43239e+06,
3.45342e+06,
3.47456e+06,
3.4958e+06,
3.51719e+06,
3.53971e+06,
3.56134e+06,
3.58314e+06,
3.60545e+06,
3.62804e+06,
3.65051e+06,
3.67337e+06,
3.69735e+06,
3.72135e+06,
3.74532e+06,
3.76968e+06,
3.79405e+06,
3.8186e+06,
3.84393e+06,
3.86925e+06,
3.89537e+06,
3.92143e+06,
3.9475e+06,
3.97396e+06,
4.00109e+06,
4.02882e+06,
4.05721e+06,
4.0857e+06,
4.11468e+06,
4.14309e+06,
4.17188e+06,
4.20133e+06,
4.23155e+06,
4.26339e+06,
4.29476e+06,
4.3266e+06,
4.35737e+06,
4.38935e+06,
4.42179e+06,
4.45682e+06,
4.49119e+06,
4.5259e+06,
4.56066e+06,
4.5954e+06,
4.63078e+06,
4.66861e+06,
4.70573e+06,
4.74309e+06,
4.78112e+06,
4.81917e+06,
4.85911e+06,
4.90067e+06,
4.94174e+06,
4.98325e+06,
5.02511e+06,
5.06843e+06,
5.11397e+06,
5.15897e+06,
5.20466e+06,
5.25037e+06,
5.29734e+06,
5.34778e+06,
5.39746e+06,
5.44711e+06,
5.49822e+06,
5.55175e+06,
5.60737e+06,
5.66302e+06,
5.7207e+06,
5.77898e+06,
5.84337e+06,
5.90876e+06,
5.97677e+06,
6.04903e+06,
6.18239e+06,
6.37355e+06,
6.52596e+06,
6.65242e+06,
6.76806e+06,
6.87429e+06,
6.97758e+06,
7.07721e+06,
7.175e+06,
7.26863e+06,
7.37148e+06,
7.48163e+06,
7.58768e+06,
7.68797e+06,
7.78647e+06,
7.88538e+06,
7.98578e+06,
8.0872e+06,
8.18978e+06,
8.28981e+06,
8.39633e+06,
8.50763e+06,
8.61584e+06,
8.7161e+06,
8.81332e+06,
8.90693e+06,
8.99832e+06,
9.08839e+06,
9.17702e+06,
9.26266e+06,
9.35791e+06,
9.45646e+06,
9.55736e+06,
9.6519e+06,
9.74211e+06,
9.82949e+06,
9.91537e+06,
9.99974e+06,
1.00832e+07,
1.01662e+07,
1.02589e+07,
1.03561e+07,
1.04532e+07,
1.05429e+07,
1.06299e+07,
1.07143e+07,
1.07974e+07,
1.08791e+07,
1.0963e+07,
1.10495e+07,
1.11394e+07,
1.12309e+07,
1.13264e+07,
1.14141e+07,
1.14995e+07,
1.15838e+07,
1.16679e+07,
1.1755e+07,
1.18383e+07,
1.1922e+07,
1.20099e+07,
1.20979e+07,
1.21901e+07,
1.22785e+07,
1.2364e+07,
1.24513e+07,
1.25353e+07,
1.26172e+07,
1.26974e+07,
1.27807e+07,
1.28673e+07,
1.29553e+07,
1.30469e+07,
1.31431e+07,
1.32327e+07,
1.33178e+07,
1.34012e+07,
1.34827e+07,
1.35631e+07,
1.36493e+07,
1.37385e+07,
1.38306e+07,
1.39299e+07,
1.40252e+07,
1.41148e+07,
1.42005e+07,
1.42834e+07,
1.43663e+07,
1.44483e+07,
1.45461e+07,
1.46479e+07,
1.47541e+07,
1.4853e+07,
1.49556e+07,
1.50493e+07,
1.51398e+07,
1.52285e+07,
1.53165e+07,
1.54058e+07,
1.55043e+07,
1.56059e+07,
1.57016e+07,
1.57986e+07,
1.58994e+07,
1.59933e+07,
1.60863e+07,
1.61777e+07,
1.62704e+07,
1.63723e+07,
1.64783e+07,
1.65799e+07,
1.66773e+07,
1.67741e+07,
1.6875e+07,
1.69734e+07,
1.70677e+07,
1.71603e+07,
1.72537e+07,
1.73584e+07,
1.74574e+07,
1.75544e+07,
1.76512e+07,
1.77479e+07,
1.78488e+07,
1.7949e+07,
1.80448e+07,
1.81395e+07,
1.82423e+07,
1.83432e+07,
1.84408e+07,
1.85372e+07,
1.86349e+07,
1.87335e+07,
1.88342e+07,
1.89356e+07,
1.90325e+07,
1.91318e+07,
1.92324e+07,
1.93297e+07,
1.94279e+07,
1.95269e+07,
1.96263e+07,
1.97256e+07,
1.98265e+07,
1.99306e+07,
2.004e+07,
2.01545e+07,
2.02659e+07,
2.03756e+07,
2.04931e+07,
2.06066e+07,
2.07146e+07,
2.08199e+07,
2.09253e+07,
2.10324e+07,
2.1142e+07,
2.12523e+07,
2.13593e+07,
2.14674e+07,
2.15763e+07,
2.16844e+07,
2.17909e+07,
2.18983e+07,
2.2007e+07,
2.2123e+07,
2.22375e+07,
2.23484e+07,
2.24574e+07,
2.25655e+07,
2.26728e+07,
2.27801e+07,
2.28863e+07,
2.29928e+07,
2.31002e+07,
2.32123e+07,
2.3324e+07,
2.34317e+07,
2.35382e+07,
2.36434e+07,
2.37489e+07,
2.38542e+07,
2.39575e+07,
2.40617e+07,
2.41671e+07,
2.42746e+07,
2.43826e+07,
2.44868e+07,
2.45895e+07,
2.46917e+07,
2.47926e+07,
2.48941e+07,
478966,
479296,
479687,
480085,
480527,
481110,
481668,
482174,
482649,
483140,
483635,
484025,
484467,
484783,
485199,
485646,
486070,
486572,
486953,
487415,
487805,
488160,
488701,
489019,
489322,
489712,
490147,
490572,
491016,
491478,
491880,
492333,
492751,
493251,
493661,
494111,
494583,
495023,
495519,
495896,
496354,
496873,
497433,
497896,
498400,
498903,
499505,
499959,
500450,
500899,
501413,
501970,
502608,
503236,
503910,
504564,
505373,
506097,
506800,
507547,
508299,
509020,
509730,
510486,
511254,
511981,
512600,
513401,
514143,
514861,
515675,
516419,
517214,
517945,
518809,
519581,
520378,
521205,
522090,
522959,
523805,
524634,
525512,
526491,
527516,
528542,
529551,
530615,
531581,
532625,
533677,
534732,
535846,
536937,
538081,
539097,
540101,
541098,
542210,
543244,
544271,
545300,
546339,
547449,
548488,
549647,
550842,
551947,
553010,
554175,
555221,
556304,
557467,
558572,
559698,
560867,
562090,
563277,
564488,
565716,
566899,
568077,
569268,
570449,
571700,
572840,
574101,
575269,
576531,
577756,
578917,
580101,
581434,
582740,
583910,
585284,
586694,
588044,
589436,
590762,
592057,
593241,
594619,
595995,
597318,
598726,
600116,
601408,
602797,
604185,
605604,
606957,
608302,
609747,
611159,
612756,
614193,
615649,
617030,
618528,
620024,
621463,
623002,
624493,
625859,
627368,
628832,
630487,
632030,
633576,
635058,
636531,
637981,
639548,
640966,
642478,
644069,
645638,
647261,
648841,
650445,
651895,
653680,
655288,
656936,
658471,
660134,
661759,
663384,
664935,
666563,
668097,
669656,
671285,
672937,
674524,
676234,
677899,
679443,
681352,
683127,
685002,
686730,
688531,
690321,
692203,
694007,
696114,
699056,
702167,
705317,
708588,
711509,
714743,
718080,
721361,
724719,
727908,
731340,
734848,
738230,
741539,
744809,
748206,
751553,
754843,
758266,
761635,
765066,
768311,
771859,
775296,
778802,
782364,
785773,
789375,
793194,
796888,
800804,
804707,
808409,
812032,
815847,
819845,
823657,
827590,
831496,
835534,
839328,
843279,
847067,
850983,
855012,
858995,
862852,
866824,
870906,
875349,
879531,
883564,
887576,
891220,
895085,
899296,
903575,
907708,
911946,
916527,
921117,
925588,
930170,
934908,
939317,
943749,
948195,
952641,
957073,
961643,
966216,
970638,
975287,
979967,
984654,
989367,
994029,
998715,
1.00347e+06,
1.00831e+06,
1.01292e+06,
1.01757e+06,
1.02235e+06,
1.02726e+06,
1.03204e+06,
1.03707e+06,
1.04196e+06,
1.0471e+06,
1.0519e+06,
1.05701e+06,
1.06212e+06,
1.06733e+06,
1.07259e+06,
1.07761e+06,
1.08301e+06,
1.08828e+06,
1.09382e+06,
1.09912e+06,
1.10444e+06,
1.10982e+06,
1.11504e+06,
1.12e+06,
1.12548e+06,
1.13051e+06,
1.13587e+06,
1.1413e+06,
1.14675e+06,
1.15222e+06,
1.15765e+06,
1.16316e+06,
1.16877e+06,
1.17435e+06,
1.18013e+06,
1.18568e+06,
1.19151e+06,
1.1973e+06,
1.20303e+06,
1.20878e+06,
1.21456e+06,
1.22031e+06,
1.22626e+06,
1.23224e+06,
1.23813e+06,
1.24386e+06,
1.24967e+06,
1.25579e+06,
1.26169e+06,
1.26761e+06,
1.2738e+06,
1.27977e+06,
1.28596e+06,
1.29192e+06,
1.29815e+06,
1.30434e+06,
1.31054e+06,
1.31665e+06,
1.32289e+06,
1.32908e+06,
1.33527e+06,
1.34152e+06,
1.34774e+06,
1.35401e+06,
1.3606e+06,
1.36719e+06,
1.37397e+06,
1.38064e+06,
1.38745e+06,
1.39412e+06,
1.40064e+06,
1.40749e+06,
1.4143e+06,
1.42109e+06,
1.42774e+06,
1.43443e+06,
1.44129e+06,
1.44825e+06,
1.4551e+06,
1.4622e+06,
1.46918e+06,
1.47639e+06,
1.48322e+06,
1.49031e+06,
1.49733e+06,
1.50461e+06,
1.51182e+06,
1.51912e+06,
1.52631e+06,
1.53362e+06,
1.541e+06,
1.54826e+06,
1.55582e+06,
1.56343e+06,
1.57112e+06,
1.57848e+06,
1.586e+06,
1.5938e+06,
1.60133e+06,
1.60923e+06,
1.617e+06,
1.62443e+06,
1.63215e+06,
1.64013e+06,
1.64787e+06,
1.65577e+06,
1.66396e+06,
1.67222e+06,
1.68028e+06,
1.68833e+06,
1.69657e+06,
1.70451e+06,
1.71267e+06,
1.72093e+06,
1.72907e+06,
1.73714e+06,
1.7454e+06,
1.75384e+06,
1.76227e+06,
1.77081e+06,
1.7792e+06,
1.78806e+06,
1.79673e+06,
1.80546e+06,
1.81446e+06,
1.82325e+06,
1.83191e+06,
1.84067e+06,
1.84971e+06,
1.85885e+06,
1.868e+06,
1.87748e+06,
1.8869e+06,
1.89628e+06,
1.90549e+06,
1.91459e+06,
1.92396e+06,
1.93296e+06,
1.94256e+06,
1.95199e+06,
1.96141e+06,
1.97096e+06,
1.98085e+06,
1.99076e+06,
2.00063e+06,
2.0104e+06,
2.02004e+06,
2.02969e+06,
2.03958e+06,
2.0494e+06,
2.05948e+06,
2.06967e+06,
2.07972e+06,
2.09031e+06,
2.10097e+06,
2.11138e+06,
2.12215e+06,
2.13254e+06,
2.14303e+06,
2.15355e+06,
2.16409e+06,
2.17471e+06,
2.18534e+06,
2.19617e+06,
2.20728e+06,
2.21831e+06,
2.2296e+06,
2.24097e+06,
2.25212e+06,
2.26313e+06,
2.27411e+06,
2.28534e+06,
2.29688e+06,
2.30826e+06,
2.3202e+06,
2.33167e+06,
2.34354e+06,
2.35552e+06,
2.36763e+06,
2.37963e+06,
2.39154e+06,
2.40393e+06,
2.41625e+06,
2.42863e+06,
2.44109e+06,
2.45331e+06,
2.46608e+06,
2.47955e+06,
2.49228e+06,
2.50548e+06,
2.51849e+06,
2.53157e+06,
2.54464e+06,
2.55811e+06,
2.57124e+06,
2.58451e+06,
2.59796e+06,
2.61165e+06,
2.62607e+06,
2.64012e+06,
2.65403e+06,
2.66798e+06,
2.68192e+06,
2.69606e+06,
2.71013e+06,
2.7242e+06,
2.73815e+06,
2.75318e+06,
2.76834e+06,
2.78315e+06,
2.79858e+06,
2.81372e+06,
2.82898e+06,
2.84431e+06,
2.85972e+06,
2.87496e+06,
2.89106e+06,
2.90758e+06,
2.92413e+06,
2.94038e+06,
2.95667e+06,
2.97283e+06,
2.98943e+06,
3.00563e+06,
3.02214e+06,
3.03877e+06,
3.05611e+06,
3.07365e+06,
3.09112e+06,
3.1086e+06,
3.12581e+06,
3.1433e+06,
3.16144e+06,
3.17958e+06,
3.1976e+06,
3.21661e+06,
3.23496e+06,
3.25344e+06,
3.27279e+06,
3.29204e+06,
3.31148e+06,
3.33099e+06,
3.3508e+06,
3.37126e+06,
3.39153e+06,
3.41177e+06,
3.4324e+06,
3.45333e+06,
3.47408e+06,
3.49544e+06,
3.51713e+06,
3.53923e+06,
3.56122e+06,
3.58365e+06,
3.60609e+06,
3.62826e+06,
3.65123e+06,
3.67397e+06,
3.69689e+06,
3.72092e+06,
3.74554e+06,
3.7696e+06,
3.79396e+06,
3.81879e+06,
3.84379e+06,
3.86848e+06,
3.89523e+06,
3.92157e+06,
3.94855e+06,
3.97559e+06,
4.00261e+06,
4.02992e+06,
4.05822e+06,
4.08712e+06,
4.11595e+06,
4.14514e+06,
4.17464e+06,
4.20417e+06,
4.23464e+06,
4.2658e+06,
4.2976e+06,
4.3293e+06,
4.36115e+06,
4.39303e+06,
4.42544e+06,
4.45878e+06,
4.49399e+06,
4.5289e+06,
4.56388e+06,
4.59913e+06,
4.63449e+06,
4.67191e+06,
4.71054e+06,
4.74924e+06,
4.78845e+06,
4.8272e+06,
4.86736e+06,
4.90938e+06,
4.95221e+06,
4.9949e+06,
5.03767e+06,
5.0817e+06,
5.12787e+06,
5.17426e+06,
5.2211e+06,
5.26808e+06,
5.31572e+06,
5.36742e+06,
5.41885e+06,
5.47077e+06,
5.52349e+06,
5.57746e+06,
5.63659e+06,
5.69505e+06,
5.75469e+06,
5.81595e+06,
5.88248e+06,
5.9504e+06,
6.02174e+06,
6.09709e+06,
6.18908e+06,
6.39486e+06,
6.56511e+06,
6.70015e+06,
6.82083e+06,
6.93052e+06,
7.03465e+06,
7.13751e+06,
7.23634e+06,
7.33272e+06,
7.42959e+06,
7.54266e+06,
7.65282e+06,
7.75458e+06,
7.85301e+06,
7.95103e+06,
8.04703e+06,
8.14489e+06,
8.24607e+06,
8.35446e+06,
8.46875e+06,
8.59201e+06,
8.71097e+06,
8.81834e+06,
8.91886e+06,
9.01709e+06,
9.11238e+06,
9.20829e+06,
9.30141e+06,
9.39221e+06,
9.48355e+06,
9.58709e+06,
9.69126e+06,
9.78616e+06,
9.8801e+06,
9.97495e+06,
1.00646e+07,
1.0152e+07,
1.02386e+07,
1.03228e+07,
1.04095e+07,
1.05075e+07,
1.06111e+07,
1.07088e+07,
1.08004e+07,
1.08874e+07,
1.09728e+07,
1.10565e+07,
1.11402e+07,
1.12234e+07,
1.13121e+07,
1.14135e+07,
1.15146e+07,
1.1607e+07,
1.16945e+07,
1.1781e+07,
1.18654e+07,
1.19487e+07,
1.20349e+07,
1.21246e+07,
1.22143e+07,
1.2307e+07,
1.24033e+07,
1.24937e+07,
1.2581e+07,
1.26655e+07,
1.2752e+07,
1.28406e+07,
1.29255e+07,
1.30091e+07,
1.30959e+07,
1.31874e+07,
1.32838e+07,
1.33767e+07,
1.34678e+07,
1.35573e+07,
1.36477e+07,
1.37336e+07,
1.38182e+07,
1.39016e+07,
1.399e+07,
1.40849e+07,
1.41846e+07,
1.42817e+07,
1.4378e+07,
1.44694e+07,
1.4557e+07,
1.46437e+07,
1.47285e+07,
1.48145e+07,
1.49153e+07,
1.50199e+07,
1.51335e+07,
1.52503e+07,
1.53525e+07,
1.54444e+07,
1.5535e+07,
1.56256e+07,
1.57152e+07,
1.58044e+07,
1.59047e+07,
1.60064e+07,
1.61151e+07,
1.622e+07,
1.63163e+07,
1.6411e+07,
1.65047e+07,
1.65969e+07,
1.66893e+07,
1.67866e+07,
1.6896e+07,
1.70097e+07,
1.71181e+07,
1.72247e+07,
1.73248e+07,
1.74212e+07,
1.75159e+07,
1.76098e+07,
1.77036e+07,
1.78045e+07,
1.79158e+07,
1.80197e+07,
1.81233e+07,
1.82309e+07,
1.83318e+07,
1.84284e+07,
1.85237e+07,
1.86181e+07,
1.87129e+07,
1.88244e+07,
1.89301e+07,
1.90335e+07,
1.91369e+07,
1.92449e+07,
1.93452e+07,
1.94419e+07,
1.95374e+07,
1.9635e+07,
1.97347e+07,
1.98395e+07,
1.99412e+07,
2.00433e+07,
2.01458e+07,
2.02504e+07,
2.03524e+07,
2.04535e+07,
2.05556e+07,
2.06619e+07,
2.0792e+07,
2.09128e+07,
2.104e+07,
2.11569e+07,
2.1268e+07,
2.13782e+07,
2.14862e+07,
2.1592e+07,
2.16989e+07,
2.18124e+07,
2.19327e+07,
2.20475e+07,
2.21628e+07,
2.22762e+07,
2.23892e+07,
2.25055e+07,
2.26224e+07,
2.27337e+07,
2.28444e+07,
2.29625e+07,
2.30778e+07,
2.31909e+07,
2.33041e+07,
2.34157e+07,
2.3527e+07,
2.36388e+07,
2.37527e+07,
2.38625e+07,
2.39735e+07,
2.40883e+07,
2.41989e+07,
2.43084e+07,
2.44176e+07,
2.45259e+07,
2.46329e+07,
2.47412e+07,
2.4853e+07,
2.49602e+07,
2.50691e+07,
2.51767e+07,
2.52829e+07,
2.53868e+07,
2.54923e+07,
2.55971e+07,
2.57016e+07,
2.58058e+07,
478966,
479290,
479683,
480108,
480498,
481049,
481619,
482130,
482635,
483127,
483600,
483969,
484416,
484719,
485108,
485595,
486092,
486504,
486938,
487364,
487715,
488094,
488526,
488940,
489310,
489737,
490099,
490473,
490953,
491348,
491825,
492293,
492663,
493138,
493595,
494022,
494498,
494944,
495392,
495839,
496256,
496796,
497223,
497808,
498303,
498702,
499225,
499767,
500290,
500711,
501253,
501772,
502282,
502948,
503625,
504419,
505182,
505857,
506524,
507230,
508003,
508673,
509455,
510184,
510891,
511505,
512246,
512988,
513703,
514439,
515171,
515874,
516591,
517306,
518080,
518927,
519774,
520602,
521407,
522300,
523176,
524188,
525142,
526103,
527072,
528113,
529095,
530162,
531204,
532068,
533129,
534144,
535275,
536292,
537415,
538405,
539326,
540443,
541598,
542433,
543512,
544552,
545565,
546574,
547626,
548761,
549850,
550954,
552049,
553204,
554293,
555290,
556390,
557552,
558636,
559820,
560975,
562056,
563181,
564350,
565539,
566787,
568072,
569321,
570475,
571580,
572830,
574028,
575270,
576581,
577781,
578926,
580148,
581454,
582702,
583878,
585092,
586393,
587634,
588901,
590143,
591363,
592673,
594116,
595474,
596766,
598194,
599706,
601148,
602424,
603671,
604969,
606399,
607868,
609283,
610696,
612099,
613471,
614896,
616293,
617620,
619021,
620325,
621847,
623282,
624853,
626347,
627884,
629507,
631005,
632472,
633970,
635408,
636976,
638491,
640017,
641510,
642933,
644491,
646066,
647543,
649094,
650753,
652357,
653914,
655473,
657190,
658838,
660464,
661992,
663592,
665048,
666611,
668140,
669755,
671489,
673107,
674742,
676515,
678105,
679694,
681280,
682943,
685195,
688312,
691419,
694795,
697977,
701070,
704291,
707774,
711084,
714366,
717588,
720883,
724288,
727626,
730876,
734027,
737380,
740863,
744240,
747761,
751151,
754561,
757790,
761182,
764529,
768057,
771707,
775484,
779049,
782709,
786191,
789871,
793562,
797265,
801269,
805121,
808820,
812680,
816416,
820294,
824261,
828009,
831950,
835795,
839602,
843340,
847324,
851588,
855549,
859487,
863463,
867407,
871471,
875393,
879414,
883635,
887798,
891945,
896417,
900808,
905058,
909435,
913841,
918344,
922861,
927198,
931688,
935899,
940354,
944621,
949149,
953653,
958238,
962861,
967479,
971956,
976727,
981299,
985741,
990446,
994962,
999677,
1.00445e+06,
1.00943e+06,
1.01435e+06,
1.01937e+06,
1.02446e+06,
1.02947e+06,
1.03438e+06,
1.03948e+06,
1.04467e+06,
1.04983e+06,
1.05482e+06,
1.06002e+06,
1.06505e+06,
1.07042e+06,
1.07556e+06,
1.08073e+06,
1.08588e+06,
1.09124e+06,
1.09654e+06,
1.10192e+06,
1.10728e+06,
1.11245e+06,
1.11776e+06,
1.12321e+06,
1.1287e+06,
1.13401e+06,
1.1393e+06,
1.14469e+06,
1.15011e+06,
1.15562e+06,
1.16148e+06,
1.16711e+06,
1.17263e+06,
1.17829e+06,
1.18399e+06,
1.18982e+06,
1.19533e+06,
1.20105e+06,
1.20712e+06,
1.21325e+06,
1.21926e+06,
1.22516e+06,
1.23079e+06,
1.2368e+06,
1.2427e+06,
1.24846e+06,
1.25441e+06,
1.2604e+06,
1.26631e+06,
1.27265e+06,
1.27879e+06,
1.28497e+06,
1.29101e+06,
1.29728e+06,
1.30336e+06,
1.3093e+06,
1.31508e+06,
1.3213e+06,
1.32751e+06,
1.33401e+06,
1.34057e+06,
1.34716e+06,
1.35375e+06,
1.36061e+06,
1.36762e+06,
1.37426e+06,
1.38082e+06,
1.38758e+06,
1.39432e+06,
1.40106e+06,
1.40761e+06,
1.41405e+06,
1.42086e+06,
1.42753e+06,
1.4345e+06,
1.44131e+06,
1.44825e+06,
1.45541e+06,
1.46245e+06,
1.46934e+06,
1.47642e+06,
1.48336e+06,
1.49059e+06,
1.49761e+06,
1.50484e+06,
1.51199e+06,
1.51936e+06,
1.52666e+06,
1.53395e+06,
1.54159e+06,
1.5492e+06,
1.55676e+06,
1.56421e+06,
1.57179e+06,
1.57952e+06,
1.58717e+06,
1.59481e+06,
1.60249e+06,
1.61031e+06,
1.61802e+06,
1.62582e+06,
1.63374e+06,
1.64189e+06,
1.64986e+06,
1.6579e+06,
1.66565e+06,
1.67367e+06,
1.68162e+06,
1.68977e+06,
1.69809e+06,
1.70609e+06,
1.71421e+06,
1.72201e+06,
1.7304e+06,
1.73859e+06,
1.74692e+06,
1.75559e+06,
1.76446e+06,
1.77304e+06,
1.7816e+06,
1.79044e+06,
1.79933e+06,
1.80843e+06,
1.8172e+06,
1.82623e+06,
1.83477e+06,
1.84364e+06,
1.85256e+06,
1.86189e+06,
1.87106e+06,
1.88038e+06,
1.88971e+06,
1.89888e+06,
1.90814e+06,
1.91743e+06,
1.92664e+06,
1.9362e+06,
1.94538e+06,
1.95484e+06,
1.96447e+06,
1.97449e+06,
1.98422e+06,
1.99414e+06,
2.00378e+06,
2.0137e+06,
2.02325e+06,
2.03328e+06,
2.0434e+06,
2.05367e+06,
2.06369e+06,
2.07405e+06,
2.08416e+06,
2.09458e+06,
2.10527e+06,
2.11589e+06,
2.12654e+06,
2.1366e+06,
2.14724e+06,
2.15801e+06,
2.16845e+06,
2.17904e+06,
2.18984e+06,
2.20066e+06,
2.21194e+06,
2.22306e+06,
2.23436e+06,
2.24549e+06,
2.25662e+06,
2.26764e+06,
2.2788e+06,
2.28999e+06,
2.30118e+06,
2.3124e+06,
2.32373e+06,
2.33542e+06,
2.3474e+06,
2.35933e+06,
2.37152e+06,
2.3834e+06,
2.39582e+06,
2.40789e+06,
2.42e+06,
2.43258e+06,
2.44532e+06,
2.45813e+06,
2.47128e+06,
2.48432e+06,
2.49746e+06,
2.5107e+06,
2.52376e+06,
2.5368e+06,
2.54993e+06,
2.56303e+06,
2.57676e+06,
2.59022e+06,
2.6039e+06,
2.61806e+06,
2.632e+06,
2.64599e+06,
2.66058e+06,
2.67456e+06,
2.6888e+06,
2.70301e+06,
2.71749e+06,
2.73212e+06,
2.74685e+06,
2.76229e+06,
2.77749e+06,
2.79253e+06,
2.80795e+06,
2.82329e+06,
2.83849e+06,
2.85386e+06,
2.86952e+06,
2.88549e+06,
2.90134e+06,
2.91779e+06,
2.93438e+06,
2.95031e+06,
2.96666e+06,
2.98294e+06,
2.99949e+06,
3.0163e+06,
3.03313e+06,
3.05058e+06,
3.06765e+06,
3.08498e+06,
3.10253e+06,
3.12041e+06,
3.13804e+06,
3.15606e+06,
3.17386e+06,
3.19218e+06,
3.21065e+06,
3.23015e+06,
3.24934e+06,
3.26858e+06,
3.28796e+06,
3.30713e+06,
3.32647e+06,
3.34633e+06,
3.36616e+06,
3.387e+06,
3.40811e+06,
3.42926e+06,
3.44973e+06,
3.47038e+06,
3.49125e+06,
3.51243e+06,
3.53386e+06,
3.55614e+06,
3.57871e+06,
3.60118e+06,
3.62354e+06,
3.646e+06,
3.66862e+06,
3.69136e+06,
3.7148e+06,
3.73942e+06,
3.76365e+06,
3.78825e+06,
3.81333e+06,
3.8384e+06,
3.86342e+06,
3.88926e+06,
3.91624e+06,
3.9429e+06,
3.96937e+06,
3.99668e+06,
4.02386e+06,
4.05171e+06,
4.08016e+06,
4.1093e+06,
4.13864e+06,
4.1679e+06,
4.19745e+06,
4.22698e+06,
4.25755e+06,
4.28936e+06,
4.3218e+06,
4.35391e+06,
4.38635e+06,
4.41861e+06,
4.45178e+06,
4.48578e+06,
4.52122e+06,
4.55599e+06,
4.592e+06,
4.62814e+06,
4.66393e+06,
4.70231e+06,
4.74204e+06,
4.78123e+06,
4.82088e+06,
4.86093e+06,
4.90175e+06,
4.94449e+06,
4.98832e+06,
5.03215e+06,
5.07668e+06,
5.12153e+06,
5.16938e+06,
5.21749e+06,
5.26616e+06,
5.31514e+06,
5.36551e+06,
5.41856e+06,
5.47162e+06,
5.52557e+06,
5.58126e+06,
5.63879e+06,
5.70032e+06,
5.76163e+06,
5.82528e+06,
5.89048e+06,
5.96255e+06,
6.03548e+06,
6.11257e+06,
6.19472e+06,
6.30244e+06,
6.534e+06,
6.69211e+06,
6.82424e+06,
6.94406e+06,
7.05504e+06,
7.16083e+06,
7.2632e+06,
7.36164e+06,
7.45929e+06,
7.55813e+06,
7.6776e+06,
7.7832e+06,
7.88452e+06,
7.98337e+06,
8.08043e+06,
8.17706e+06,
8.27438e+06,
8.37323e+06,
8.47274e+06,
8.58216e+06,
8.73883e+06,
8.86684e+06,
8.98188e+06,
9.08717e+06,
9.18882e+06,
9.28658e+06,
9.38146e+06,
9.47973e+06,
9.57831e+06,
9.67402e+06,
9.78722e+06,
9.88959e+06,
9.98629e+06,
1.00791e+07,
1.01706e+07,
1.02682e+07,
1.03615e+07,
1.04504e+07,
1.0538e+07,
1.06274e+07,
1.07348e+07,
1.08332e+07,
1.09284e+07,
1.10258e+07,
1.11178e+07,
1.12069e+07,
1.12934e+07,
1.13789e+07,
1.14641e+07,
1.15524e+07,
1.16594e+07,
1.1764e+07,
1.18599e+07,
1.19495e+07,
1.20373e+07,
1.21242e+07,
1.22069e+07,
1.22934e+07,
1.23807e+07,
1.24725e+07,
1.25797e+07,
1.26791e+07,
1.27705e+07,
1.28586e+07,
1.29458e+07,
1.30319e+07,
1.31175e+07,
1.32053e+07,
1.3297e+07,
1.33866e+07,
1.34879e+07,
1.35865e+07,
1.36792e+07,
1.37694e+07,
1.38592e+07,
1.39488e+07,
1.40388e+07,
1.41306e+07,
1.42178e+07,
1.43069e+07,
1.44101e+07,
1.45128e+07,
1.46089e+07,
1.47022e+07,
1.47956e+07,
1.48921e+07,
1.49832e+07,
1.50714e+07,
1.51613e+07,
1.52604e+07,
1.53759e+07,
1.5494e+07,
1.56013e+07,
1.5707e+07,
1.58161e+07,
1.59126e+07,
1.60023e+07,
1.60933e+07,
1.61841e+07,
1.6284e+07,
1.63908e+07,
1.65017e+07,
1.66066e+07,
1.67116e+07,
1.68095e+07,
1.69048e+07,
1.69987e+07,
1.70924e+07,
1.71875e+07,
1.72967e+07,
1.74108e+07,
1.75305e+07,
1.7648e+07,
1.77522e+07,
1.78524e+07,
1.79496e+07,
1.80448e+07,
1.81395e+07,
1.82342e+07,
1.8343e+07,
1.84558e+07,
1.85821e+07,
1.86904e+07,
1.8792e+07,
1.88904e+07,
1.8986e+07,
1.90818e+07,
1.91767e+07,
1.92728e+07,
1.9386e+07,
1.95075e+07,
1.96253e+07,
1.97309e+07,
1.98318e+07,
1.99295e+07,
2.00258e+07,
2.01244e+07,
2.02209e+07,
2.03222e+07,
2.04334e+07,
2.05411e+07,
2.06497e+07,
2.07542e+07,
2.08576e+07,
2.09604e+07,
2.10632e+07,
2.1167e+07,
2.12721e+07,
2.14061e+07,
2.15607e+07,
2.16869e+07,
2.18067e+07,
2.1921e+07,
2.20315e+07,
2.21397e+07,
2.22476e+07,
2.23552e+07,
2.24661e+07,
2.26074e+07,
2.27343e+07,
2.28574e+07,
2.29832e+07,
2.31052e+07,
2.32195e+07,
2.33302e+07,
2.34403e+07,
2.35497e+07,
2.36654e+07,
2.38001e+07,
2.39209e+07,
2.404e+07,
2.41612e+07,
2.42801e+07,
2.43916e+07,
2.45017e+07,
2.46107e+07,
2.47206e+07,
2.48445e+07,
2.49613e+07,
2.50764e+07,
2.51908e+07,
2.53063e+07,
2.54222e+07,
2.55319e+07,
2.56394e+07,
2.57465e+07,
2.58544e+07,
2.59725e+07,
2.60826e+07,
2.61935e+07,
2.63037e+07,
2.64137e+07,
2.65254e+07,
2.66325e+07,
2.67384e+07,
478966,
479273,
479666,
480103,
480480,
481027,
481594,
482111,
482622,
483107,
483561,
483925,
484401,
484683,
485055,
485519,
486005,
486486,
486854,
487272,
487626,
488027,
488409,
488859,
489250,
489612,
490005,
490372,
490829,
491210,
491667,
492152,
492543,
492978,
493449,
493973,
494433,
494904,
495295,
495780,
496103,
496627,
497118,
497624,
498088,
498637,
499125,
499599,
499984,
500471,
500980,
501552,
502121,
502691,
503371,
504170,
504929,
505623,
506278,
506929,
507698,
508480,
509084,
509718,
510449,
511103,
511751,
512499,
513173,
513793,
514556,
515288,
515985,
516792,
517502,
518287,
519080,
519858,
520683,
521559,
522695,
523648,
524688,
525671,
526674,
527674,
528576,
529580,
530597,
531539,
532505,
533522,
534521,
535494,
536550,
537581,
538562,
539579,
540621,
541659,
542733,
543723,
544812,
545754,
546894,
547926,
548856,
550007,
551269,
552380,
553451,
554383,
555495,
556504,
557712,
558853,
559913,
560951,
562137,
563306,
564390,
565481,
566584,
567878,
569189,
570365,
571555,
572658,
573905,
575020,
576145,
577281,
578510,
579794,
580972,
582243,
583425,
584687,
585952,
587211,
588423,
589568,
590957,
592300,
593648,
594955,
596314,
597716,
599117,
600429,
601790,
603076,
604358,
605711,
607140,
608421,
609777,
611191,
612556,
613895,
615260,
616625,
617983,
619325,
620743,
622077,
623601,
625183,
626671,
628141,
629605,
631091,
632663,
634212,
635778,
637130,
638737,
640315,
641742,
643259,
644848,
646297,
647782,
649380,
650921,
652360,
653910,
655563,
657163,
658770,
660250,
661712,
663252,
664949,
666457,
668048,
669666,
671236,
672770,
675128,
678129,
681177,
684270,
687323,
690243,
693479,
696588,
699901,
702823,
706014,
709324,
712672,
715946,
719273,
722614,
725873,
729402,
732893,
736411,
739867,
743228,
746489,
749791,
753145,
756602,
759935,
763793,
767484,
771322,
775136,
778882,
782811,
786527,
790212,
793960,
797464,
801314,
805027,
808730,
812742,
816604,
820421,
824153,
828078,
832025,
835831,
839633,
843507,
847340,
851292,
855347,
859447,
863435,
867710,
871644,
875982,
880259,
884402,
888750,
893100,
897641,
901713,
905907,
910250,
914459,
918656,
922742,
927127,
931579,
936032,
940587,
945402,
949832,
954316,
959027,
963682,
968325,
972772,
977295,
981853,
986327,
991023,
995956,
1.00096e+06,
1.00592e+06,
1.01112e+06,
1.01607e+06,
1.02127e+06,
1.02599e+06,
1.03106e+06,
1.03606e+06,
1.04097e+06,
1.04598e+06,
1.05101e+06,
1.05632e+06,
1.06155e+06,
1.06672e+06,
1.07195e+06,
1.07719e+06,
1.08239e+06,
1.08783e+06,
1.09288e+06,
1.09819e+06,
1.10341e+06,
1.10867e+06,
1.11396e+06,
1.1194e+06,
1.12487e+06,
1.13037e+06,
1.13587e+06,
1.14147e+06,
1.14697e+06,
1.1526e+06,
1.15831e+06,
1.16387e+06,
1.16968e+06,
1.17545e+06,
1.18117e+06,
1.18694e+06,
1.1931e+06,
1.19898e+06,
1.20493e+06,
1.21085e+06,
1.21672e+06,
1.22245e+06,
1.2283e+06,
1.23397e+06,
1.23993e+06,
1.24585e+06,
1.25197e+06,
1.25785e+06,
1.26384e+06,
1.27004e+06,
1.27628e+06,
1.28254e+06,
1.28888e+06,
1.29503e+06,
1.30132e+06,
1.30761e+06,
1.314e+06,
1.32027e+06,
1.32662e+06,
1.33312e+06,
1.33963e+06,
1.34611e+06,
1.35275e+06,
1.35957e+06,
1.36643e+06,
1.37293e+06,
1.37965e+06,
1.38632e+06,
1.39288e+06,
1.39952e+06,
1.4062e+06,
1.41291e+06,
1.41978e+06,
1.42657e+06,
1.43346e+06,
1.44056e+06,
1.44772e+06,
1.45481e+06,
1.46166e+06,
1.46868e+06,
1.47565e+06,
1.48262e+06,
1.48962e+06,
1.49677e+06,
1.50403e+06,
1.51151e+06,
1.51894e+06,
1.52638e+06,
1.53398e+06,
1.54157e+06,
1.54934e+06,
1.55683e+06,
1.56449e+06,
1.5722e+06,
1.58002e+06,
1.58758e+06,
1.59553e+06,
1.60305e+06,
1.61042e+06,
1.61784e+06,
1.6256e+06,
1.63341e+06,
1.64123e+06,
1.64886e+06,
1.65727e+06,
1.66543e+06,
1.67348e+06,
1.68171e+06,
1.68966e+06,
1.69774e+06,
1.70592e+06,
1.71399e+06,
1.72227e+06,
1.73065e+06,
1.73926e+06,
1.74801e+06,
1.75654e+06,
1.76536e+06,
1.77376e+06,
1.78252e+06,
1.791e+06,
1.79987e+06,
1.80864e+06,
1.81741e+06,
1.82629e+06,
1.83541e+06,
1.84454e+06,
1.85379e+06,
1.8631e+06,
1.87205e+06,
1.8811e+06,
1.89027e+06,
1.89948e+06,
1.90881e+06,
1.91788e+06,
1.92727e+06,
1.93662e+06,
1.94608e+06,
1.95548e+06,
1.96524e+06,
1.97495e+06,
1.98453e+06,
1.99425e+06,
2.00416e+06,
2.01387e+06,
2.02365e+06,
2.03362e+06,
2.0436e+06,
2.05354e+06,
2.06374e+06,
2.07423e+06,
2.08459e+06,
2.09507e+06,
2.1055e+06,
2.11562e+06,
2.12598e+06,
2.13648e+06,
2.14681e+06,
2.15724e+06,
2.16799e+06,
2.17865e+06,
2.18943e+06,
2.20052e+06,
2.21155e+06,
2.22222e+06,
2.2336e+06,
2.2447e+06,
2.25586e+06,
2.26682e+06,
2.27819e+06,
2.28975e+06,
2.30128e+06,
2.31298e+06,
2.32515e+06,
2.33728e+06,
2.34992e+06,
2.36226e+06,
2.37472e+06,
2.38705e+06,
2.39948e+06,
2.41182e+06,
2.4244e+06,
2.43685e+06,
2.44961e+06,
2.46233e+06,
2.47566e+06,
2.48867e+06,
2.50199e+06,
2.5147e+06,
2.52803e+06,
2.54091e+06,
2.55437e+06,
2.56742e+06,
2.58099e+06,
2.59446e+06,
2.60836e+06,
2.62252e+06,
2.63647e+06,
2.65033e+06,
2.66441e+06,
2.6787e+06,
2.69319e+06,
2.70782e+06,
2.72214e+06,
2.73693e+06,
2.75197e+06,
2.76727e+06,
2.78267e+06,
2.79783e+06,
2.81302e+06,
2.82824e+06,
2.84389e+06,
2.85951e+06,
2.87537e+06,
2.89107e+06,
2.907e+06,
2.92354e+06,
2.93995e+06,
2.95613e+06,
2.97264e+06,
2.98924e+06,
3.00585e+06,
3.02233e+06,
3.03915e+06,
3.05626e+06,
3.07372e+06,
3.09153e+06,
3.10936e+06,
3.12728e+06,
3.1451e+06,
3.16349e+06,
3.1816e+06,
3.20014e+06,
3.2189e+06,
3.23849e+06,
3.25776e+06,
3.27715e+06,
3.29656e+06,
3.31573e+06,
3.33519e+06,
3.35531e+06,
3.37526e+06,
3.39571e+06,
3.41669e+06,
3.43741e+06,
3.4584e+06,
3.47929e+06,
3.50064e+06,
3.5217e+06,
3.54306e+06,
3.56509e+06,
3.58819e+06,
3.61034e+06,
3.63326e+06,
3.65631e+06,
3.67945e+06,
3.7026e+06,
3.72639e+06,
3.7504e+06,
3.77449e+06,
3.79961e+06,
3.82477e+06,
3.84972e+06,
3.875e+06,
3.90067e+06,
3.9272e+06,
3.9544e+06,
3.98107e+06,
4.0082e+06,
4.03575e+06,
4.06406e+06,
4.09222e+06,
4.1211e+06,
4.15054e+06,
4.18058e+06,
4.21001e+06,
4.23982e+06,
4.2704e+06,
4.30151e+06,
4.3338e+06,
4.36596e+06,
4.3983e+06,
4.43157e+06,
4.4648e+06,
4.49937e+06,
4.53571e+06,
4.57192e+06,
4.60841e+06,
4.6445e+06,
4.68107e+06,
4.71911e+06,
4.75949e+06,
4.79952e+06,
4.84053e+06,
4.88098e+06,
4.92187e+06,
4.96479e+06,
5.00933e+06,
5.05373e+06,
5.09892e+06,
5.14497e+06,
5.19248e+06,
5.24163e+06,
5.2909e+06,
5.34146e+06,
5.39318e+06,
5.44768e+06,
5.50311e+06,
5.5591e+06,
5.61631e+06,
5.67559e+06,
5.74001e+06,
5.80448e+06,
5.87056e+06,
5.93917e+06,
6.01347e+06,
6.0907e+06,
6.17272e+06,
6.25979e+06,
6.36697e+06,
6.59187e+06,
6.76477e+06,
6.90417e+06,
7.02604e+06,
7.1403e+06,
7.24873e+06,
7.35365e+06,
7.45341e+06,
7.55183e+06,
7.65272e+06,
7.77093e+06,
7.87946e+06,
7.98282e+06,
8.08295e+06,
8.17938e+06,
8.27608e+06,
8.37401e+06,
8.47059e+06,
8.56848e+06,
8.67059e+06,
8.79616e+06,
8.92824e+06,
9.08949e+06,
9.21315e+06,
9.3242e+06,
9.42905e+06,
9.53047e+06,
9.6274e+06,
9.72415e+06,
9.82693e+06,
9.94799e+06,
1.00561e+07,
1.01566e+07,
1.02533e+07,
1.0346e+07,
1.04374e+07,
1.05328e+07,
1.06299e+07,
1.07269e+07,
1.08174e+07,
1.09265e+07,
1.10294e+07,
1.11245e+07,
1.12197e+07,
1.1314e+07,
1.14094e+07,
1.15047e+07,
1.15951e+07,
1.16826e+07,
1.17704e+07,
1.18762e+07,
1.19805e+07,
1.20769e+07,
1.21727e+07,
1.22698e+07,
1.23594e+07,
1.24458e+07,
1.25328e+07,
1.26201e+07,
1.27096e+07,
1.28149e+07,
1.29184e+07,
1.30204e+07,
1.31139e+07,
1.32034e+07,
1.32921e+07,
1.338e+07,
1.34682e+07,
1.35559e+07,
1.36453e+07,
1.37542e+07,
1.3862e+07,
1.39574e+07,
1.40497e+07,
1.41408e+07,
1.42309e+07,
1.43205e+07,
1.44114e+07,
1.45033e+07,
1.46007e+07,
1.47087e+07,
1.48148e+07,
1.49126e+07,
1.50081e+07,
1.51019e+07,
1.51954e+07,
1.52894e+07,
1.53857e+07,
1.54876e+07,
1.55821e+07,
1.57031e+07,
1.58254e+07,
1.5934e+07,
1.6038e+07,
1.61407e+07,
1.62418e+07,
1.63513e+07,
1.64564e+07,
1.65484e+07,
1.6642e+07,
1.67539e+07,
1.68676e+07,
1.69723e+07,
1.70738e+07,
1.71757e+07,
1.72831e+07,
1.73834e+07,
1.74797e+07,
1.75761e+07,
1.76753e+07,
1.77966e+07,
1.79176e+07,
1.80291e+07,
1.81398e+07,
1.82573e+07,
1.83622e+07,
1.84616e+07,
1.85587e+07,
1.86554e+07,
1.87545e+07,
1.88723e+07,
1.8995e+07,
1.91083e+07,
1.92266e+07,
1.93327e+07,
1.94326e+07,
1.953e+07,
1.9628e+07,
1.97236e+07,
1.98254e+07,
1.99458e+07,
2.00701e+07,
2.01914e+07,
2.03035e+07,
2.04044e+07,
2.05036e+07,
2.06028e+07,
2.07013e+07,
2.07998e+07,
2.09037e+07,
2.10153e+07,
2.1132e+07,
2.12448e+07,
2.13499e+07,
2.1455e+07,
2.15597e+07,
2.16641e+07,
2.17709e+07,
2.18807e+07,
2.20161e+07,
2.21691e+07,
2.23237e+07,
2.24461e+07,
2.25626e+07,
2.26767e+07,
2.27881e+07,
2.28989e+07,
2.30101e+07,
2.31225e+07,
2.32545e+07,
2.34117e+07,
2.35582e+07,
2.36834e+07,
2.38013e+07,
2.39171e+07,
2.40307e+07,
2.41434e+07,
2.4255e+07,
2.43678e+07,
2.45039e+07,
2.46546e+07,
2.47875e+07,
2.49077e+07,
2.50244e+07,
2.51379e+07,
2.52517e+07,
2.53637e+07,
2.54749e+07,
2.55869e+07,
2.57273e+07,
2.5857e+07,
2.59818e+07,
2.6097e+07,
2.62092e+07,
2.63208e+07,
2.64324e+07,
2.6542e+07,
2.6651e+07,
2.67626e+07,
2.68983e+07,
2.70169e+07,
2.71365e+07,
2.72482e+07,
2.73569e+07,
2.74645e+07,
2.75735e+07,
2.76824e+07,
478966,
479275,
479665,
480093,
480435,
481011,
481551,
482115,
482628,
483043,
483511,
483888,
484329,
484623,
484954,
485447,
485900,
486368,
486759,
487157,
487561,
487949,
488361,
488806,
489151,
489485,
489973,
490360,
490717,
491108,
491550,
491987,
492353,
492795,
493259,
493743,
494233,
494720,
495211,
495536,
496025,
496462,
496968,
497564,
497968,
498394,
498805,
499278,
499709,
500246,
500745,
501282,
501828,
502404,
503092,
503828,
504563,
505251,
505969,
506552,
507266,
507967,
508630,
509294,
509912,
510567,
511161,
511791,
512511,
513201,
513928,
514589,
515332,
516090,
516898,
517674,
518566,
519342,
520254,
521191,
522156,
523096,
524087,
525104,
526069,
527014,
527910,
528961,
529933,
530872,
531843,
532798,
533805,
534790,
535766,
536731,
537676,
538618,
539769,
540693,
541665,
542698,
543733,
544815,
545827,
546933,
548062,
549078,
550137,
551278,
552166,
553283,
554363,
555347,
556438,
557529,
558532,
559552,
560769,
561949,
563007,
564071,
565246,
566464,
567581,
568744,
569925,
571025,
572224,
573426,
574527,
575613,
576841,
578116,
579406,
580629,
581770,
582967,
584149,
585503,
586781,
588024,
589270,
590492,
591771,
593058,
594417,
595755,
597117,
598442,
599811,
601101,
602358,
603633,
604980,
606272,
607590,
608996,
610267,
611645,
612894,
614176,
615427,
616730,
618079,
619519,
620926,
622370,
623877,
625402,
626873,
628387,
629842,
631272,
632704,
634158,
635692,
637322,
638674,
640139,
641702,
643111,
644708,
646090,
647684,
649218,
650747,
652239,
653688,
655138,
656599,
658150,
659634,
661169,
662810,
664579,
667547,
670520,
673494,
676500,
679639,
682636,
685857,
688854,
691928,
694948,
698082,
701208,
704355,
707520,
710746,
713860,
717301,
720883,
724184,
727464,
730763,
733892,
737402,
740900,
744372,
747899,
751567,
755351,
758963,
762772,
766627,
770572,
774546,
778328,
782039,
785662,
789472,
793030,
796592,
800308,
804054,
808068,
812052,
815941,
819871,
823592,
827433,
831312,
834935,
839058,
842942,
846785,
850879,
855076,
859175,
863489,
867577,
871653,
875994,
880248,
884459,
888580,
892860,
897080,
901355,
905533,
909876,
914336,
918429,
922785,
927380,
931924,
936282,
940840,
945188,
949707,
954219,
958553,
963128,
967800,
972613,
977462,
982385,
987180,
991981,
997092,
1.00223e+06,
1.00705e+06,
1.01186e+06,
1.01691e+06,
1.02194e+06,
1.02692e+06,
1.03189e+06,
1.03686e+06,
1.04186e+06,
1.04704e+06,
1.05218e+06,
1.05712e+06,
1.06232e+06,
1.06731e+06,
1.0728e+06,
1.07801e+06,
1.08316e+06,
1.08832e+06,
1.09346e+06,
1.09868e+06,
1.10372e+06,
1.10895e+06,
1.11466e+06,
1.1204e+06,
1.12608e+06,
1.13185e+06,
1.13759e+06,
1.14343e+06,
1.14903e+06,
1.15475e+06,
1.16003e+06,
1.16582e+06,
1.17164e+06,
1.1775e+06,
1.18324e+06,
1.18908e+06,
1.19529e+06,
1.20119e+06,
1.20691e+06,
1.21284e+06,
1.21859e+06,
1.22449e+06,
1.23041e+06,
1.2362e+06,
1.24225e+06,
1.24824e+06,
1.2542e+06,
1.26043e+06,
1.26672e+06,
1.27284e+06,
1.27913e+06,
1.28558e+06,
1.29196e+06,
1.29836e+06,
1.30473e+06,
1.31104e+06,
1.3174e+06,
1.32387e+06,
1.33037e+06,
1.33679e+06,
1.34357e+06,
1.35038e+06,
1.35701e+06,
1.36392e+06,
1.37056e+06,
1.37719e+06,
1.38403e+06,
1.39085e+06,
1.39748e+06,
1.40415e+06,
1.41087e+06,
1.41763e+06,
1.42446e+06,
1.43135e+06,
1.43816e+06,
1.44522e+06,
1.45195e+06,
1.45902e+06,
1.46601e+06,
1.47323e+06,
1.48041e+06,
1.48752e+06,
1.49487e+06,
1.5022e+06,
1.50989e+06,
1.51729e+06,
1.52494e+06,
1.53244e+06,
1.54016e+06,
1.54789e+06,
1.55534e+06,
1.56282e+06,
1.57037e+06,
1.57801e+06,
1.58559e+06,
1.59325e+06,
1.6008e+06,
1.60857e+06,
1.61625e+06,
1.62393e+06,
1.63184e+06,
1.63995e+06,
1.64769e+06,
1.65584e+06,
1.66367e+06,
1.67171e+06,
1.67994e+06,
1.68824e+06,
1.69643e+06,
1.70449e+06,
1.71267e+06,
1.72083e+06,
1.72913e+06,
1.73798e+06,
1.74656e+06,
1.7551e+06,
1.76383e+06,
1.77244e+06,
1.78085e+06,
1.78924e+06,
1.79783e+06,
1.8063e+06,
1.81514e+06,
1.82387e+06,
1.83309e+06,
1.8421e+06,
1.85136e+06,
1.8607e+06,
1.86951e+06,
1.87848e+06,
1.88744e+06,
1.89647e+06,
1.90535e+06,
1.9147e+06,
1.92381e+06,
1.93315e+06,
1.94233e+06,
1.95201e+06,
1.96189e+06,
1.97173e+06,
1.98195e+06,
1.99183e+06,
2.00139e+06,
2.0113e+06,
2.021e+06,
2.031e+06,
2.04089e+06,
2.05074e+06,
2.06084e+06,
2.07121e+06,
2.08159e+06,
2.09198e+06,
2.10259e+06,
2.11361e+06,
2.12389e+06,
2.13453e+06,
2.14482e+06,
2.15553e+06,
2.16641e+06,
2.177e+06,
2.18791e+06,
2.19906e+06,
2.21016e+06,
2.22144e+06,
2.23286e+06,
2.24413e+06,
2.25586e+06,
2.26711e+06,
2.27849e+06,
2.28987e+06,
2.30164e+06,
2.31346e+06,
2.32532e+06,
2.33757e+06,
2.34979e+06,
2.362e+06,
2.37489e+06,
2.38732e+06,
2.39963e+06,
2.41179e+06,
2.4242e+06,
2.43698e+06,
2.44972e+06,
2.46244e+06,
2.47536e+06,
2.48852e+06,
2.50164e+06,
2.51483e+06,
2.52789e+06,
2.54083e+06,
2.55414e+06,
2.56746e+06,
2.58059e+06,
2.59433e+06,
2.60816e+06,
2.62243e+06,
2.63707e+06,
2.65145e+06,
2.66596e+06,
2.68035e+06,
2.69483e+06,
2.70911e+06,
2.72369e+06,
2.73838e+06,
2.7534e+06,
2.76858e+06,
2.78418e+06,
2.79966e+06,
2.81462e+06,
2.82967e+06,
2.84493e+06,
2.86077e+06,
2.87623e+06,
2.89165e+06,
2.90778e+06,
2.9243e+06,
2.94095e+06,
2.9573e+06,
2.97395e+06,
2.9903e+06,
3.00694e+06,
3.02402e+06,
3.04085e+06,
3.05832e+06,
3.07581e+06,
3.09415e+06,
3.11218e+06,
3.12983e+06,
3.14804e+06,
3.16589e+06,
3.18414e+06,
3.20275e+06,
3.22129e+06,
3.24019e+06,
3.25992e+06,
3.27913e+06,
3.29875e+06,
3.31811e+06,
3.33792e+06,
3.35778e+06,
3.37794e+06,
3.39798e+06,
3.41874e+06,
3.44001e+06,
3.46095e+06,
3.48204e+06,
3.50324e+06,
3.52426e+06,
3.54589e+06,
3.56737e+06,
3.58983e+06,
3.61274e+06,
3.63584e+06,
3.65914e+06,
3.68245e+06,
3.70634e+06,
3.72968e+06,
3.75349e+06,
3.77833e+06,
3.80316e+06,
3.82838e+06,
3.85341e+06,
3.87906e+06,
3.90446e+06,
3.93084e+06,
3.95789e+06,
3.98458e+06,
4.01158e+06,
4.03954e+06,
4.06712e+06,
4.09511e+06,
4.12349e+06,
4.15353e+06,
4.18284e+06,
4.2126e+06,
4.24315e+06,
4.27375e+06,
4.30477e+06,
4.33639e+06,
4.36944e+06,
4.40229e+06,
4.43566e+06,
4.46902e+06,
4.50328e+06,
4.53845e+06,
4.57544e+06,
4.61169e+06,
4.64891e+06,
4.68607e+06,
4.72361e+06,
4.76217e+06,
4.80299e+06,
4.8443e+06,
4.88523e+06,
4.92678e+06,
4.9688e+06,
5.01305e+06,
5.05826e+06,
5.10403e+06,
5.15002e+06,
5.19697e+06,
5.24627e+06,
5.29707e+06,
5.34804e+06,
5.40054e+06,
5.45464e+06,
5.51139e+06,
5.56904e+06,
5.62792e+06,
5.68821e+06,
5.75074e+06,
5.81896e+06,
5.88722e+06,
5.95802e+06,
6.03179e+06,
6.11369e+06,
6.19672e+06,
6.28676e+06,
6.3855e+06,
6.51816e+06,
6.77033e+06,
6.93064e+06,
7.06439e+06,
7.18464e+06,
7.29771e+06,
7.40641e+06,
7.50996e+06,
7.61223e+06,
7.71356e+06,
7.81757e+06,
7.93997e+06,
8.04667e+06,
8.14901e+06,
8.2474e+06,
8.34487e+06,
8.44302e+06,
8.53907e+06,
8.63584e+06,
8.73581e+06,
8.83947e+06,
8.96836e+06,
9.08459e+06,
9.21994e+06,
9.3768e+06,
9.52299e+06,
9.63632e+06,
9.74254e+06,
9.84463e+06,
9.94494e+06,
1.00498e+07,
1.01763e+07,
1.02912e+07,
1.0394e+07,
1.04928e+07,
1.05874e+07,
1.06806e+07,
1.07769e+07,
1.08733e+07,
1.09707e+07,
1.10781e+07,
1.11967e+07,
1.12971e+07,
1.13926e+07,
1.14888e+07,
1.15833e+07,
1.16762e+07,
1.17712e+07,
1.18724e+07,
1.19659e+07,
1.20592e+07,
1.21723e+07,
1.22728e+07,
1.23683e+07,
1.24616e+07,
1.2556e+07,
1.26527e+07,
1.27483e+07,
1.28388e+07,
1.29288e+07,
1.30222e+07,
1.3133e+07,
1.32333e+07,
1.33292e+07,
1.34266e+07,
1.3528e+07,
1.36188e+07,
1.37084e+07,
1.37992e+07,
1.389e+07,
1.39832e+07,
1.4096e+07,
1.41983e+07,
1.4304e+07,
1.44006e+07,
1.44929e+07,
1.45845e+07,
1.46756e+07,
1.47673e+07,
1.48595e+07,
1.49555e+07,
1.5079e+07,
1.51919e+07,
1.52903e+07,
1.53876e+07,
1.54828e+07,
1.55787e+07,
1.56741e+07,
1.57723e+07,
1.58749e+07,
1.59854e+07,
1.61285e+07,
1.62435e+07,
1.63509e+07,
1.64552e+07,
1.65574e+07,
1.66603e+07,
1.67641e+07,
1.68709e+07,
1.69859e+07,
1.70867e+07,
1.72092e+07,
1.73177e+07,
1.74211e+07,
1.75243e+07,
1.76265e+07,
1.77295e+07,
1.78337e+07,
1.79434e+07,
1.80463e+07,
1.81501e+07,
1.82838e+07,
1.83997e+07,
1.85104e+07,
1.86192e+07,
1.8728e+07,
1.88399e+07,
1.89561e+07,
1.90597e+07,
1.91609e+07,
1.92625e+07,
1.93956e+07,
1.95125e+07,
1.96234e+07,
1.97331e+07,
1.98455e+07,
1.99614e+07,
2.00658e+07,
2.01669e+07,
2.02673e+07,
2.03713e+07,
2.05065e+07,
2.06229e+07,
2.07365e+07,
2.08504e+07,
2.09674e+07,
2.10753e+07,
2.11762e+07,
2.12771e+07,
2.13769e+07,
2.14811e+07,
2.1599e+07,
2.17105e+07,
2.18216e+07,
2.19345e+07,
2.20444e+07,
2.21521e+07,
2.22629e+07,
2.23747e+07,
2.24881e+07,
2.26235e+07,
2.27774e+07,
2.29171e+07,
2.30642e+07,
2.31956e+07,
2.3313e+07,
2.34311e+07,
2.355e+07,
2.36669e+07,
2.37839e+07,
2.39132e+07,
2.4077e+07,
2.42292e+07,
2.437e+07,
2.44948e+07,
2.46116e+07,
2.47292e+07,
2.48498e+07,
2.49691e+07,
2.50865e+07,
2.52168e+07,
2.53762e+07,
2.55256e+07,
2.56563e+07,
2.57734e+07,
2.58879e+07,
2.60022e+07,
2.61203e+07,
2.62415e+07,
2.63575e+07,
2.64866e+07,
2.66434e+07,
2.67785e+07,
2.68996e+07,
2.70115e+07,
2.7122e+07,
2.7233e+07,
2.73472e+07,
2.74693e+07,
2.75842e+07,
2.7713e+07,
2.78645e+07,
2.79919e+07,
2.81063e+07,
2.82154e+07,
2.83235e+07,
2.84322e+07,
2.85433e+07,
2.86616e+07,
478966,
479282,
479647,
480073,
480407,
480973,
481556,
482109,
482564,
483005,
483451,
483877,
484248,
484631,
484948,
485349,
485805,
486209,
486663,
487101,
487518,
487835,
488221,
488674,
489035,
489353,
489785,
490217,
490598,
491017,
491396,
491815,
492202,
492633,
493096,
493574,
494014,
494537,
494961,
495450,
495855,
496393,
496834,
497329,
497766,
498165,
498549,
499052,
499484,
500015,
500482,
500943,
501495,
502100,
502790,
503517,
504205,
504858,
505544,
506188,
506900,
507539,
508175,
508815,
509442,
510049,
510643,
511306,
511925,
512630,
513311,
513993,
514801,
515526,
516343,
517073,
517894,
518815,
519757,
520659,
521675,
522611,
523597,
524508,
525426,
526342,
527299,
528185,
529209,
530198,
531084,
531977,
532956,
533904,
534869,
535857,
536834,
537763,
538742,
539834,
540845,
541820,
542792,
543737,
544628,
545718,
546755,
547880,
548818,
549972,
550978,
551958,
552974,
553984,
555142,
556130,
557223,
558286,
559354,
560567,
561662,
562726,
563836,
564987,
566162,
567291,
568419,
569542,
570594,
571648,
572895,
574001,
575267,
576530,
577639,
578822,
579945,
581152,
582425,
583629,
584931,
586092,
587223,
588405,
589700,
590999,
592405,
593690,
594968,
596282,
597503,
598696,
599881,
601172,
602355,
603638,
604932,
606212,
607555,
608879,
610110,
611262,
612677,
614088,
615425,
616743,
618145,
619534,
620907,
622421,
623871,
625441,
626910,
628279,
629665,
631101,
632500,
633996,
635341,
636787,
638315,
639707,
641261,
642699,
644088,
645626,
647163,
648654,
650117,
651546,
652959,
654452,
656564,
659610,
662653,
665477,
668683,
671723,
674868,
677787,
680670,
683770,
686836,
689907,
693006,
695994,
699070,
702239,
705325,
708530,
711772,
715189,
718445,
721720,
725208,
728625,
732090,
735495,
738967,
742541,
746303,
749883,
753516,
757141,
761138,
765098,
768762,
772616,
776261,
779891,
783592,
787373,
791129,
795078,
799148,
803316,
807241,
811083,
814896,
818405,
822276,
826013,
829829,
833552,
837786,
842024,
846101,
850473,
854418,
858303,
862550,
866674,
870913,
875096,
879364,
883764,
888106,
892345,
896638,
900931,
905241,
909387,
913594,
917754,
921994,
926504,
931048,
935481,
940017,
944534,
949181,
953601,
958421,
963229,
968022,
972899,
977785,
982704,
987651,
992426,
997418,
1.00226e+06,
1.00698e+06,
1.01182e+06,
1.01681e+06,
1.02166e+06,
1.0265e+06,
1.03173e+06,
1.03677e+06,
1.04185e+06,
1.04703e+06,
1.05227e+06,
1.05719e+06,
1.06236e+06,
1.06742e+06,
1.07267e+06,
1.07799e+06,
1.08313e+06,
1.08855e+06,
1.0938e+06,
1.09931e+06,
1.10488e+06,
1.11045e+06,
1.11631e+06,
1.12175e+06,
1.12743e+06,
1.13317e+06,
1.13869e+06,
1.14439e+06,
1.14997e+06,
1.15552e+06,
1.16108e+06,
1.16661e+06,
1.17233e+06,
1.17814e+06,
1.1841e+06,
1.19e+06,
1.19607e+06,
1.2022e+06,
1.208e+06,
1.21388e+06,
1.21979e+06,
1.22556e+06,
1.23155e+06,
1.23761e+06,
1.24375e+06,
1.24999e+06,
1.25621e+06,
1.26252e+06,
1.26884e+06,
1.27506e+06,
1.28129e+06,
1.28766e+06,
1.29429e+06,
1.3005e+06,
1.30711e+06,
1.31356e+06,
1.32014e+06,
1.32678e+06,
1.33331e+06,
1.33999e+06,
1.34656e+06,
1.35317e+06,
1.35992e+06,
1.36649e+06,
1.37321e+06,
1.37973e+06,
1.38657e+06,
1.39328e+06,
1.40007e+06,
1.40669e+06,
1.41349e+06,
1.4205e+06,
1.42733e+06,
1.43431e+06,
1.44135e+06,
1.44871e+06,
1.45589e+06,
1.46311e+06,
1.47027e+06,
1.47747e+06,
1.48471e+06,
1.49186e+06,
1.49917e+06,
1.50646e+06,
1.51384e+06,
1.52115e+06,
1.52897e+06,
1.53655e+06,
1.54406e+06,
1.55148e+06,
1.55912e+06,
1.56675e+06,
1.57437e+06,
1.582e+06,
1.58952e+06,
1.59722e+06,
1.60483e+06,
1.61261e+06,
1.62034e+06,
1.62837e+06,
1.63619e+06,
1.64404e+06,
1.65192e+06,
1.6599e+06,
1.66788e+06,
1.67595e+06,
1.68407e+06,
1.6923e+06,
1.7005e+06,
1.70865e+06,
1.71683e+06,
1.72492e+06,
1.73365e+06,
1.74235e+06,
1.75095e+06,
1.75964e+06,
1.76844e+06,
1.77703e+06,
1.78539e+06,
1.79387e+06,
1.80206e+06,
1.81053e+06,
1.81894e+06,
1.82789e+06,
1.83707e+06,
1.84612e+06,
1.85515e+06,
1.86401e+06,
1.87326e+06,
1.88242e+06,
1.89137e+06,
1.90036e+06,
1.9099e+06,
1.91942e+06,
1.92879e+06,
1.93833e+06,
1.94779e+06,
1.95793e+06,
1.96777e+06,
1.97744e+06,
1.98725e+06,
1.99718e+06,
2.00725e+06,
2.01717e+06,
2.02682e+06,
2.03709e+06,
2.04727e+06,
2.05717e+06,
2.06725e+06,
2.07774e+06,
2.08824e+06,
2.09877e+06,
2.10927e+06,
2.11966e+06,
2.13053e+06,
2.14131e+06,
2.15197e+06,
2.16257e+06,
2.17314e+06,
2.18383e+06,
2.19463e+06,
2.206e+06,
2.21735e+06,
2.22867e+06,
2.24011e+06,
2.2519e+06,
2.26366e+06,
2.27538e+06,
2.28699e+06,
2.29869e+06,
2.31036e+06,
2.32241e+06,
2.33443e+06,
2.34693e+06,
2.35935e+06,
2.37155e+06,
2.38387e+06,
2.3963e+06,
2.40858e+06,
2.42128e+06,
2.43412e+06,
2.44628e+06,
2.45889e+06,
2.47198e+06,
2.48523e+06,
2.49841e+06,
2.51155e+06,
2.52473e+06,
2.53826e+06,
2.55154e+06,
2.56521e+06,
2.57863e+06,
2.59229e+06,
2.60615e+06,
2.61992e+06,
2.63435e+06,
2.64875e+06,
2.66329e+06,
2.67741e+06,
2.6918e+06,
2.70626e+06,
2.72105e+06,
2.7358e+06,
2.75036e+06,
2.76512e+06,
2.78075e+06,
2.79649e+06,
2.81167e+06,
2.82698e+06,
2.84267e+06,
2.85813e+06,
2.87386e+06,
2.88965e+06,
2.90554e+06,
2.92152e+06,
2.9384e+06,
2.95495e+06,
2.97154e+06,
2.98875e+06,
3.00543e+06,
3.02211e+06,
3.03902e+06,
3.05614e+06,
3.07363e+06,
3.0916e+06,
3.10989e+06,
3.12804e+06,
3.14573e+06,
3.16417e+06,
3.18267e+06,
3.20127e+06,
3.21969e+06,
3.23823e+06,
3.25723e+06,
3.27704e+06,
3.29643e+06,
3.31589e+06,
3.33561e+06,
3.35503e+06,
3.3748e+06,
3.3951e+06,
3.41544e+06,
3.43636e+06,
3.45737e+06,
3.47855e+06,
3.49991e+06,
3.52152e+06,
3.5434e+06,
3.56542e+06,
3.58765e+06,
3.60993e+06,
3.6331e+06,
3.65657e+06,
3.67968e+06,
3.70311e+06,
3.72661e+06,
3.75028e+06,
3.77444e+06,
3.80001e+06,
3.82483e+06,
3.84934e+06,
3.87503e+06,
3.90054e+06,
3.92667e+06,
3.95302e+06,
3.97985e+06,
4.00728e+06,
4.03476e+06,
4.06263e+06,
4.09053e+06,
4.11857e+06,
4.14697e+06,
4.17657e+06,
4.20616e+06,
4.23686e+06,
4.2676e+06,
4.29858e+06,
4.3303e+06,
4.36212e+06,
4.39559e+06,
4.42873e+06,
4.46267e+06,
4.4966e+06,
4.53176e+06,
4.56718e+06,
4.60378e+06,
4.64113e+06,
4.67823e+06,
4.71608e+06,
4.75393e+06,
4.79261e+06,
4.83381e+06,
4.87557e+06,
4.91692e+06,
4.95869e+06,
5.00149e+06,
5.0458e+06,
5.09209e+06,
5.13856e+06,
5.18628e+06,
5.23395e+06,
5.28302e+06,
5.3351e+06,
5.38778e+06,
5.44154e+06,
5.49621e+06,
5.5546e+06,
5.61451e+06,
5.6758e+06,
5.73808e+06,
5.80211e+06,
5.87283e+06,
5.9445e+06,
6.01853e+06,
6.09644e+06,
6.1814e+06,
6.27105e+06,
6.36729e+06,
6.47304e+06,
6.61512e+06,
6.87876e+06,
7.04558e+06,
7.1827e+06,
7.30387e+06,
7.41901e+06,
7.5297e+06,
7.63513e+06,
7.7385e+06,
7.8418e+06,
7.9484e+06,
8.07158e+06,
8.17984e+06,
8.28294e+06,
8.3819e+06,
8.47881e+06,
8.57712e+06,
8.67417e+06,
8.77262e+06,
8.87234e+06,
8.97772e+06,
9.10642e+06,
9.21806e+06,
9.34138e+06,
9.47043e+06,
9.6068e+06,
9.76561e+06,
9.92126e+06,
1.00324e+07,
1.01378e+07,
1.02472e+07,
1.03746e+07,
1.04861e+07,
1.05929e+07,
1.07035e+07,
1.08055e+07,
1.09016e+07,
1.09997e+07,
1.1097e+07,
1.11942e+07,
1.12965e+07,
1.14215e+07,
1.15364e+07,
1.16384e+07,
1.17359e+07,
1.18309e+07,
1.19245e+07,
1.2019e+07,
1.21147e+07,
1.22123e+07,
1.23195e+07,
1.24403e+07,
1.25422e+07,
1.26383e+07,
1.27321e+07,
1.28261e+07,
1.29193e+07,
1.3015e+07,
1.31168e+07,
1.3217e+07,
1.33134e+07,
1.34269e+07,
1.35271e+07,
1.36235e+07,
1.37197e+07,
1.3817e+07,
1.39167e+07,
1.40183e+07,
1.41129e+07,
1.42053e+07,
1.43011e+07,
1.44163e+07,
1.45188e+07,
1.46187e+07,
1.47186e+07,
1.48219e+07,
1.49198e+07,
1.50123e+07,
1.51069e+07,
1.5202e+07,
1.53016e+07,
1.54226e+07,
1.55315e+07,
1.56407e+07,
1.57468e+07,
1.58464e+07,
1.59449e+07,
1.60441e+07,
1.61462e+07,
1.62501e+07,
1.63596e+07,
1.65054e+07,
1.66326e+07,
1.67463e+07,
1.68531e+07,
1.69569e+07,
1.70609e+07,
1.71655e+07,
1.7271e+07,
1.73788e+07,
1.74959e+07,
1.76308e+07,
1.77472e+07,
1.78534e+07,
1.79568e+07,
1.80611e+07,
1.81646e+07,
1.82697e+07,
1.83763e+07,
1.84911e+07,
1.86045e+07,
1.87469e+07,
1.88651e+07,
1.89759e+07,
1.90846e+07,
1.91922e+07,
1.93014e+07,
1.94143e+07,
1.9535e+07,
1.96499e+07,
1.97652e+07,
1.99011e+07,
2.00179e+07,
2.01286e+07,
2.0237e+07,
2.03462e+07,
2.04578e+07,
2.05757e+07,
2.06905e+07,
2.08049e+07,
2.09151e+07,
2.1053e+07,
2.11711e+07,
2.12825e+07,
2.13927e+07,
2.15056e+07,
2.16236e+07,
2.17346e+07,
2.18455e+07,
2.19541e+07,
2.20602e+07,
2.21804e+07,
2.22923e+07,
2.2401e+07,
2.25114e+07,
2.26249e+07,
2.27387e+07,
2.28541e+07,
2.29739e+07,
2.30977e+07,
2.32249e+07,
2.33915e+07,
2.35303e+07,
2.36651e+07,
2.3807e+07,
2.39396e+07,
2.40677e+07,
2.41878e+07,
2.43097e+07,
2.44481e+07,
2.45812e+07,
2.47531e+07,
2.48978e+07,
2.50395e+07,
2.51792e+07,
2.53079e+07,
2.54317e+07,
2.5553e+07,
2.56725e+07,
2.58025e+07,
2.59475e+07,
2.6115e+07,
2.62607e+07,
2.64032e+07,
2.65322e+07,
2.66555e+07,
2.67749e+07,
2.68921e+07,
2.70095e+07,
2.71329e+07,
2.72776e+07,
2.74413e+07,
2.75859e+07,
2.77195e+07,
2.78433e+07,
2.79622e+07,
2.80785e+07,
2.8191e+07,
2.83064e+07,
2.84285e+07,
2.8571e+07,
2.87369e+07,
2.88817e+07,
2.90085e+07,
2.91305e+07,
2.92494e+07,
2.93647e+07,
2.94783e+07,
2.95939e+07,
2.97139e+07,
478966,
479295,
479632,
480035,
480382,
480920,
481481,
482092,
482511,
482964,
483373,
483795,
484257,
484605,
484913,
485315,
485696,
486110,
486514,
486980,
487449,
487802,
488146,
488538,
488918,
489251,
489629,
490089,
490486,
490904,
491265,
491606,
492098,
492485,
492981,
493421,
493800,
494224,
494736,
495269,
495763,
496141,
496537,
496992,
497493,
497906,
498315,
498804,
499248,
499742,
500149,
500598,
501117,
501675,
502307,
503065,
503734,
504452,
505150,
505761,
506526,
507202,
507808,
508420,
509033,
509667,
510264,
510822,
511460,
512082,
512747,
513437,
514134,
514928,
515700,
516521,
517455,
518260,
519227,
520196,
521042,
521976,
522868,
523853,
524760,
525745,
526563,
527545,
528492,
529390,
530433,
531226,
532106,
533100,
534051,
535001,
536002,
536952,
537987,
539062,
540056,
540877,
541834,
542869,
543839,
544838,
545759,
546765,
547717,
548696,
549776,
550779,
551875,
552906,
553801,
554906,
555842,
556810,
557884,
559079,
560192,
561235,
562340,
563441,
564521,
565747,
566930,
567982,
569100,
570193,
571213,
572334,
573513,
574820,
575885,
577122,
578269,
579429,
580522,
581635,
582651,
583866,
585247,
586510,
587666,
588937,
590066,
591414,
592752,
593963,
595221,
596402,
597668,
598847,
600105,
601322,
602589,
603783,
605129,
606373,
607664,
608894,
610095,
611399,
612749,
614014,
615376,
616803,
618116,
619492,
620776,
622099,
623616,
625062,
626437,
627963,
629344,
630681,
631973,
633372,
634790,
636083,
637438,
638960,
640447,
641965,
643528,
645020,
646419,
648427,
651354,
654244,
656963,
659963,
663049,
666016,
668956,
672072,
675277,
678199,
681176,
684201,
687275,
690500,
693793,
696859,
699946,
703149,
706219,
709516,
712810,
716132,
719430,
722808,
726230,
729664,
733336,
736977,
740665,
744405,
748037,
751800,
755554,
759629,
763275,
766941,
770707,
774281,
777867,
781542,
785204,
789036,
792865,
796779,
800537,
804477,
808204,
811922,
815763,
819664,
823522,
827926,
832059,
836220,
840523,
844698,
848854,
852909,
857091,
861212,
865275,
869702,
873989,
878339,
882568,
886840,
891309,
895546,
899816,
903985,
907987,
911932,
916453,
920709,
925442,
930053,
934663,
939368,
944106,
948769,
953510,
958263,
962798,
967505,
972471,
977356,
981970,
986786,
991609,
996499,
1.00137e+06,
1.00629e+06,
1.01111e+06,
1.01615e+06,
1.02121e+06,
1.02629e+06,
1.03132e+06,
1.03654e+06,
1.04176e+06,
1.04711e+06,
1.05213e+06,
1.05722e+06,
1.0624e+06,
1.06761e+06,
1.07258e+06,
1.0781e+06,
1.08338e+06,
1.08884e+06,
1.09427e+06,
1.09971e+06,
1.10541e+06,
1.11095e+06,
1.11642e+06,
1.12192e+06,
1.12746e+06,
1.13317e+06,
1.13868e+06,
1.14459e+06,
1.1504e+06,
1.15609e+06,
1.162e+06,
1.16762e+06,
1.17332e+06,
1.17915e+06,
1.18485e+06,
1.19071e+06,
1.1965e+06,
1.20236e+06,
1.20825e+06,
1.21406e+06,
1.21989e+06,
1.22579e+06,
1.23169e+06,
1.2376e+06,
1.24398e+06,
1.25033e+06,
1.25672e+06,
1.26324e+06,
1.26961e+06,
1.27597e+06,
1.28226e+06,
1.28873e+06,
1.29518e+06,
1.30159e+06,
1.30811e+06,
1.31458e+06,
1.32097e+06,
1.32754e+06,
1.33411e+06,
1.34067e+06,
1.34735e+06,
1.35376e+06,
1.36045e+06,
1.36717e+06,
1.37401e+06,
1.3808e+06,
1.38746e+06,
1.39429e+06,
1.40121e+06,
1.40801e+06,
1.41488e+06,
1.42182e+06,
1.4291e+06,
1.43617e+06,
1.4432e+06,
1.45038e+06,
1.45761e+06,
1.46486e+06,
1.47198e+06,
1.47917e+06,
1.48647e+06,
1.49372e+06,
1.50094e+06,
1.508e+06,
1.5152e+06,
1.52287e+06,
1.5303e+06,
1.53796e+06,
1.54577e+06,
1.55342e+06,
1.56082e+06,
1.56827e+06,
1.57596e+06,
1.58358e+06,
1.59103e+06,
1.59845e+06,
1.60625e+06,
1.61359e+06,
1.62168e+06,
1.62963e+06,
1.63763e+06,
1.64536e+06,
1.6536e+06,
1.66174e+06,
1.66992e+06,
1.67803e+06,
1.68598e+06,
1.69413e+06,
1.70214e+06,
1.71064e+06,
1.71872e+06,
1.72703e+06,
1.73565e+06,
1.74433e+06,
1.75294e+06,
1.76167e+06,
1.77008e+06,
1.77845e+06,
1.78715e+06,
1.79584e+06,
1.80438e+06,
1.81288e+06,
1.82168e+06,
1.83062e+06,
1.83966e+06,
1.84887e+06,
1.858e+06,
1.86728e+06,
1.87632e+06,
1.88556e+06,
1.89493e+06,
1.90424e+06,
1.91358e+06,
1.92309e+06,
1.93257e+06,
1.94227e+06,
1.95176e+06,
1.96175e+06,
1.97153e+06,
1.98148e+06,
1.99131e+06,
2.00119e+06,
2.01109e+06,
2.02121e+06,
2.03115e+06,
2.04124e+06,
2.05145e+06,
2.06164e+06,
2.07158e+06,
2.08206e+06,
2.0923e+06,
2.10261e+06,
2.11292e+06,
2.12344e+06,
2.13402e+06,
2.14444e+06,
2.15516e+06,
2.16609e+06,
2.17729e+06,
2.1883e+06,
2.19956e+06,
2.21055e+06,
2.22225e+06,
2.23411e+06,
2.24552e+06,
2.25702e+06,
2.26874e+06,
2.28064e+06,
2.29223e+06,
2.30423e+06,
2.31581e+06,
2.32781e+06,
2.33978e+06,
2.35219e+06,
2.36435e+06,
2.37701e+06,
2.3895e+06,
2.40179e+06,
2.4144e+06,
2.42707e+06,
2.43969e+06,
2.45236e+06,
2.46491e+06,
2.47784e+06,
2.49149e+06,
2.50487e+06,
2.51814e+06,
2.53181e+06,
2.54537e+06,
2.55887e+06,
2.57246e+06,
2.58607e+06,
2.5998e+06,
2.61355e+06,
2.62774e+06,
2.64246e+06,
2.65699e+06,
2.67157e+06,
2.6858e+06,
2.70047e+06,
2.71528e+06,
2.72993e+06,
2.74481e+06,
2.75971e+06,
2.77509e+06,
2.79033e+06,
2.80567e+06,
2.82123e+06,
2.83673e+06,
2.85238e+06,
2.86797e+06,
2.88341e+06,
2.89937e+06,
2.91554e+06,
2.93167e+06,
2.9486e+06,
2.96585e+06,
2.98247e+06,
2.99956e+06,
3.01684e+06,
3.03394e+06,
3.05156e+06,
3.06869e+06,
3.08594e+06,
3.10335e+06,
3.12146e+06,
3.13986e+06,
3.15798e+06,
3.17598e+06,
3.19477e+06,
3.21344e+06,
3.23181e+06,
3.25023e+06,
3.26899e+06,
3.28863e+06,
3.30823e+06,
3.32827e+06,
3.34792e+06,
3.36747e+06,
3.38744e+06,
3.40753e+06,
3.42783e+06,
3.44848e+06,
3.47003e+06,
3.49163e+06,
3.51322e+06,
3.5349e+06,
3.55686e+06,
3.57887e+06,
3.60139e+06,
3.62354e+06,
3.64735e+06,
3.67062e+06,
3.69389e+06,
3.71756e+06,
3.74132e+06,
3.76526e+06,
3.78948e+06,
3.81426e+06,
3.83976e+06,
3.8652e+06,
3.89023e+06,
3.91569e+06,
3.94133e+06,
3.96741e+06,
3.99431e+06,
4.02213e+06,
4.05002e+06,
4.07808e+06,
4.10607e+06,
4.13412e+06,
4.16317e+06,
4.19249e+06,
4.2233e+06,
4.25406e+06,
4.28478e+06,
4.31618e+06,
4.34807e+06,
4.38042e+06,
4.41317e+06,
4.44681e+06,
4.48094e+06,
4.51506e+06,
4.55009e+06,
4.58545e+06,
4.62149e+06,
4.65931e+06,
4.69727e+06,
4.73511e+06,
4.77305e+06,
4.81166e+06,
4.8516e+06,
4.89338e+06,
4.93535e+06,
4.978e+06,
5.02144e+06,
5.06485e+06,
5.11108e+06,
5.15825e+06,
5.20626e+06,
5.25459e+06,
5.30426e+06,
5.35627e+06,
5.4094e+06,
5.46401e+06,
5.5197e+06,
5.57654e+06,
5.63774e+06,
5.69977e+06,
5.763e+06,
5.8287e+06,
5.89753e+06,
5.97194e+06,
6.04819e+06,
6.12806e+06,
6.21261e+06,
6.30699e+06,
6.40582e+06,
6.5146e+06,
6.64286e+06,
6.8574e+06,
7.10979e+06,
7.25915e+06,
7.38847e+06,
7.50667e+06,
7.61878e+06,
7.72781e+06,
7.83203e+06,
7.93589e+06,
8.04156e+06,
8.15801e+06,
8.28002e+06,
8.38445e+06,
8.48501e+06,
8.58397e+06,
8.68237e+06,
8.77959e+06,
8.87848e+06,
8.97832e+06,
9.08095e+06,
9.20018e+06,
9.32587e+06,
9.4417e+06,
9.56382e+06,
9.68853e+06,
9.81686e+06,
9.95381e+06,
1.01116e+07,
1.02889e+07,
1.041e+07,
1.05342e+07,
1.0661e+07,
1.07712e+07,
1.08771e+07,
1.09818e+07,
1.10908e+07,
1.11978e+07,
1.1299e+07,
1.13978e+07,
1.14984e+07,
1.16122e+07,
1.17336e+07,
1.18407e+07,
1.195e+07,
1.20554e+07,
1.21532e+07,
1.22485e+07,
1.2345e+07,
1.24413e+07,
1.25416e+07,
1.26564e+07,
1.27814e+07,
1.28871e+07,
1.29866e+07,
1.30811e+07,
1.31756e+07,
1.32709e+07,
1.33685e+07,
1.34683e+07,
1.35753e+07,
1.36897e+07,
1.38076e+07,
1.39052e+07,
1.40001e+07,
1.40969e+07,
1.41936e+07,
1.42921e+07,
1.43958e+07,
1.44978e+07,
1.45995e+07,
1.47096e+07,
1.48252e+07,
1.49259e+07,
1.50246e+07,
1.51236e+07,
1.52246e+07,
1.53253e+07,
1.54249e+07,
1.55271e+07,
1.56296e+07,
1.5743e+07,
1.5864e+07,
1.59698e+07,
1.6075e+07,
1.61813e+07,
1.62847e+07,
1.6391e+07,
1.64969e+07,
1.66036e+07,
1.67159e+07,
1.68481e+07,
1.69917e+07,
1.7112e+07,
1.72252e+07,
1.73349e+07,
1.74432e+07,
1.75499e+07,
1.76551e+07,
1.7764e+07,
1.7877e+07,
1.80061e+07,
1.81448e+07,
1.82604e+07,
1.83724e+07,
1.84827e+07,
1.85888e+07,
1.86926e+07,
1.87993e+07,
1.89103e+07,
1.90321e+07,
1.91699e+07,
1.93133e+07,
1.94313e+07,
1.95447e+07,
1.96543e+07,
1.97627e+07,
1.98715e+07,
1.9983e+07,
2.01045e+07,
2.02314e+07,
2.03713e+07,
2.05132e+07,
2.06307e+07,
2.0743e+07,
2.08512e+07,
2.09596e+07,
2.10709e+07,
2.1189e+07,
2.13039e+07,
2.14247e+07,
2.15725e+07,
2.17161e+07,
2.18347e+07,
2.19467e+07,
2.20584e+07,
2.21707e+07,
2.22891e+07,
2.24012e+07,
2.25127e+07,
2.26259e+07,
2.27569e+07,
2.28841e+07,
2.2995e+07,
2.31049e+07,
2.32169e+07,
2.33334e+07,
2.34484e+07,
2.3565e+07,
2.36864e+07,
2.38184e+07,
2.39903e+07,
2.41578e+07,
2.42941e+07,
2.44291e+07,
2.45698e+07,
2.47053e+07,
2.48328e+07,
2.49594e+07,
2.50882e+07,
2.52188e+07,
2.53961e+07,
2.55883e+07,
2.57389e+07,
2.58791e+07,
2.60208e+07,
2.61501e+07,
2.62768e+07,
2.64035e+07,
2.65308e+07,
2.66635e+07,
2.68352e+07,
2.70227e+07,
2.71763e+07,
2.73274e+07,
2.74602e+07,
2.75884e+07,
2.77127e+07,
2.78367e+07,
2.79618e+07,
2.80921e+07,
2.8254e+07,
2.84376e+07,
2.85913e+07,
2.87393e+07,
2.88736e+07,
2.90024e+07,
2.91308e+07,
2.92591e+07,
2.93898e+07,
2.95273e+07,
2.9698e+07,
2.98936e+07,
3.00559e+07,
3.01988e+07,
3.03335e+07,
3.04625e+07,
3.05865e+07,
3.07091e+07,
3.08309e+07,
3.09541e+07,
478966,
479274,
479631,
480006,
480376,
480894,
481461,
482057,
482516,
482902,
483305,
483787,
484190,
484529,
484871,
485245,
485614,
486021,
486421,
486831,
487207,
487606,
487972,
488402,
488749,
489063,
489472,
489898,
490323,
490785,
491205,
491544,
491984,
492369,
492715,
493124,
493571,
494094,
494509,
495003,
495366,
495856,
496306,
496764,
497211,
497586,
497982,
498478,
498997,
499433,
499854,
500211,
500667,
501278,
501949,
502602,
503345,
503952,
504627,
505329,
506032,
506671,
507353,
507935,
508475,
509091,
509735,
510328,
510905,
511600,
512175,
512762,
513408,
514196,
515052,
515889,
516770,
517732,
518676,
519523,
520487,
521380,
522265,
523196,
524135,
525097,
525981,
526838,
527673,
528602,
529479,
530416,
531195,
532097,
533007,
533997,
534972,
536039,
536984,
537937,
538837,
539856,
540777,
541793,
542765,
543738,
544798,
545632,
546687,
547577,
548524,
549415,
550445,
551452,
552379,
553398,
554349,
555467,
556427,
557409,
558481,
559530,
560622,
561643,
562850,
564040,
565102,
566223,
567380,
568520,
569598,
570624,
571759,
572843,
574010,
575039,
576233,
577407,
578434,
579511,
580731,
581895,
583125,
584315,
585552,
586751,
588001,
589200,
590347,
591511,
592725,
593853,
595176,
596377,
597673,
598977,
600244,
601510,
602695,
603946,
605163,
606372,
607609,
608756,
610035,
611378,
612664,
613913,
615179,
616501,
617794,
619162,
620435,
621727,
623167,
624525,
625888,
627240,
628718,
630045,
631411,
632650,
633981,
635409,
636876,
638408,
639999,
642865,
645946,
648686,
651599,
654734,
657604,
660314,
663287,
666369,
669449,
672341,
675285,
678413,
681463,
684558,
687551,
690506,
693509,
696567,
699967,
703335,
706610,
709992,
713447,
716691,
720395,
724086,
727681,
731131,
734846,
738590,
742058,
745777,
749533,
753261,
757063,
760702,
764371,
768247,
772075,
775680,
779354,
782759,
786597,
790369,
794110,
797770,
801526,
805395,
809174,
813162,
817195,
821445,
825499,
829497,
833777,
837874,
841979,
846149,
850048,
854177,
858390,
862764,
867317,
871781,
875914,
880330,
884702,
888925,
893240,
897418,
901832,
906161,
910437,
914981,
919564,
923944,
928684,
933357,
937946,
942586,
947008,
951719,
956320,
961066,
966024,
971001,
975966,
980917,
985855,
990801,
995874,
1.0006e+06,
1.00554e+06,
1.0107e+06,
1.01547e+06,
1.02043e+06,
1.02538e+06,
1.03052e+06,
1.0356e+06,
1.04086e+06,
1.04608e+06,
1.05113e+06,
1.05618e+06,
1.06148e+06,
1.06675e+06,
1.07224e+06,
1.07758e+06,
1.08284e+06,
1.0886e+06,
1.09381e+06,
1.09945e+06,
1.10511e+06,
1.11058e+06,
1.11612e+06,
1.12161e+06,
1.12723e+06,
1.13293e+06,
1.13865e+06,
1.14423e+06,
1.1497e+06,
1.15533e+06,
1.16115e+06,
1.16695e+06,
1.17256e+06,
1.17842e+06,
1.18428e+06,
1.19016e+06,
1.19589e+06,
1.20177e+06,
1.20755e+06,
1.21351e+06,
1.21947e+06,
1.22569e+06,
1.23178e+06,
1.23807e+06,
1.24442e+06,
1.2508e+06,
1.25703e+06,
1.2632e+06,
1.26967e+06,
1.27594e+06,
1.28236e+06,
1.28848e+06,
1.29472e+06,
1.3012e+06,
1.30755e+06,
1.31389e+06,
1.32002e+06,
1.32661e+06,
1.33321e+06,
1.33993e+06,
1.34654e+06,
1.35306e+06,
1.35937e+06,
1.3659e+06,
1.37282e+06,
1.37963e+06,
1.38644e+06,
1.39334e+06,
1.39988e+06,
1.4071e+06,
1.41407e+06,
1.42091e+06,
1.42796e+06,
1.43496e+06,
1.44181e+06,
1.44889e+06,
1.45622e+06,
1.46333e+06,
1.47039e+06,
1.47759e+06,
1.48498e+06,
1.49239e+06,
1.49958e+06,
1.50668e+06,
1.51425e+06,
1.52195e+06,
1.52935e+06,
1.53703e+06,
1.5446e+06,
1.55203e+06,
1.55973e+06,
1.5675e+06,
1.57514e+06,
1.58279e+06,
1.59043e+06,
1.59814e+06,
1.60582e+06,
1.61345e+06,
1.62138e+06,
1.62979e+06,
1.63818e+06,
1.64613e+06,
1.65393e+06,
1.6619e+06,
1.66992e+06,
1.67809e+06,
1.68603e+06,
1.69412e+06,
1.70251e+06,
1.71086e+06,
1.71935e+06,
1.7279e+06,
1.73622e+06,
1.74469e+06,
1.7532e+06,
1.76192e+06,
1.77073e+06,
1.77944e+06,
1.788e+06,
1.79658e+06,
1.80517e+06,
1.81399e+06,
1.82265e+06,
1.83144e+06,
1.84053e+06,
1.84971e+06,
1.85886e+06,
1.86814e+06,
1.87758e+06,
1.88674e+06,
1.89602e+06,
1.90543e+06,
1.91495e+06,
1.92451e+06,
1.93406e+06,
1.94355e+06,
1.95342e+06,
1.96333e+06,
1.9735e+06,
1.98331e+06,
1.99308e+06,
2.00277e+06,
2.01275e+06,
2.02261e+06,
2.03251e+06,
2.04254e+06,
2.0525e+06,
2.06267e+06,
2.07288e+06,
2.08334e+06,
2.09386e+06,
2.10422e+06,
2.11471e+06,
2.12521e+06,
2.13598e+06,
2.14702e+06,
2.15804e+06,
2.1691e+06,
2.18014e+06,
2.19123e+06,
2.20228e+06,
2.21383e+06,
2.22528e+06,
2.23689e+06,
2.24859e+06,
2.26e+06,
2.27173e+06,
2.28329e+06,
2.29513e+06,
2.30699e+06,
2.31876e+06,
2.33071e+06,
2.34273e+06,
2.35521e+06,
2.3679e+06,
2.38021e+06,
2.39266e+06,
2.40523e+06,
2.41787e+06,
2.43056e+06,
2.44323e+06,
2.45564e+06,
2.46825e+06,
2.48113e+06,
2.49449e+06,
2.50815e+06,
2.52215e+06,
2.53569e+06,
2.54932e+06,
2.56342e+06,
2.57711e+06,
2.5909e+06,
2.60451e+06,
2.6183e+06,
2.63223e+06,
2.64659e+06,
2.66134e+06,
2.67614e+06,
2.6907e+06,
2.70544e+06,
2.72037e+06,
2.73537e+06,
2.74981e+06,
2.76479e+06,
2.77967e+06,
2.79493e+06,
2.8106e+06,
2.82629e+06,
2.84223e+06,
2.85798e+06,
2.87388e+06,
2.89002e+06,
2.9063e+06,
2.92239e+06,
2.9389e+06,
2.95516e+06,
2.97192e+06,
2.98896e+06,
3.00614e+06,
3.02328e+06,
3.04059e+06,
3.058e+06,
3.07536e+06,
3.09266e+06,
3.10991e+06,
3.12795e+06,
3.1466e+06,
3.16504e+06,
3.18389e+06,
3.20226e+06,
3.22067e+06,
3.23876e+06,
3.25772e+06,
3.27661e+06,
3.29596e+06,
3.31546e+06,
3.33509e+06,
3.35515e+06,
3.37519e+06,
3.39545e+06,
3.41605e+06,
3.43666e+06,
3.45735e+06,
3.47903e+06,
3.50054e+06,
3.5222e+06,
3.54394e+06,
3.56572e+06,
3.58809e+06,
3.6104e+06,
3.63283e+06,
3.65595e+06,
3.67881e+06,
3.70229e+06,
3.72567e+06,
3.74941e+06,
3.77345e+06,
3.79794e+06,
3.82272e+06,
3.84787e+06,
3.87331e+06,
3.89862e+06,
3.92423e+06,
3.95021e+06,
3.97592e+06,
4.0026e+06,
4.0296e+06,
4.05761e+06,
4.08592e+06,
4.1141e+06,
4.14313e+06,
4.17175e+06,
4.20086e+06,
4.231e+06,
4.26157e+06,
4.29268e+06,
4.32435e+06,
4.35667e+06,
4.38855e+06,
4.42118e+06,
4.4548e+06,
4.48948e+06,
4.52392e+06,
4.55837e+06,
4.59384e+06,
4.63008e+06,
4.66715e+06,
4.70564e+06,
4.74375e+06,
4.78209e+06,
4.82114e+06,
4.86073e+06,
4.90134e+06,
4.94379e+06,
4.98618e+06,
5.02932e+06,
5.07322e+06,
5.11784e+06,
5.16474e+06,
5.21332e+06,
5.26165e+06,
5.31096e+06,
5.36152e+06,
5.41453e+06,
5.46945e+06,
5.52528e+06,
5.5828e+06,
5.64101e+06,
5.70311e+06,
5.76646e+06,
5.83228e+06,
5.89977e+06,
5.97068e+06,
6.0481e+06,
6.12777e+06,
6.21096e+06,
6.30064e+06,
6.40077e+06,
6.50705e+06,
6.62656e+06,
6.76796e+06,
7.00616e+06,
7.28291e+06,
7.42887e+06,
7.55662e+06,
7.67305e+06,
7.78426e+06,
7.89244e+06,
7.99744e+06,
8.10142e+06,
8.2082e+06,
8.32872e+06,
8.45477e+06,
8.559e+06,
8.65886e+06,
8.75739e+06,
8.85578e+06,
8.95403e+06,
9.05417e+06,
9.15484e+06,
9.26049e+06,
9.38239e+06,
9.51488e+06,
9.63594e+06,
9.75599e+06,
9.87759e+06,
1.00028e+07,
1.01327e+07,
1.02715e+07,
1.04308e+07,
1.06086e+07,
1.07741e+07,
1.09255e+07,
1.10356e+07,
1.11409e+07,
1.1245e+07,
1.13514e+07,
1.14607e+07,
1.15697e+07,
1.16759e+07,
1.17831e+07,
1.19022e+07,
1.20275e+07,
1.21339e+07,
1.22384e+07,
1.23465e+07,
1.24496e+07,
1.25513e+07,
1.26524e+07,
1.27522e+07,
1.28558e+07,
1.29745e+07,
1.3101e+07,
1.32098e+07,
1.3312e+07,
1.3411e+07,
1.35105e+07,
1.36079e+07,
1.37053e+07,
1.38059e+07,
1.39125e+07,
1.40354e+07,
1.41587e+07,
1.4262e+07,
1.43626e+07,
1.44615e+07,
1.45574e+07,
1.46553e+07,
1.47562e+07,
1.48629e+07,
1.49689e+07,
1.5091e+07,
1.52161e+07,
1.53198e+07,
1.54192e+07,
1.55174e+07,
1.56168e+07,
1.57203e+07,
1.58221e+07,
1.5926e+07,
1.60337e+07,
1.61598e+07,
1.62918e+07,
1.63964e+07,
1.65001e+07,
1.66072e+07,
1.67126e+07,
1.68179e+07,
1.69242e+07,
1.70345e+07,
1.71526e+07,
1.73043e+07,
1.74646e+07,
1.75833e+07,
1.76991e+07,
1.78088e+07,
1.79172e+07,
1.8025e+07,
1.81339e+07,
1.82445e+07,
1.83602e+07,
1.8497e+07,
1.86561e+07,
1.87738e+07,
1.88861e+07,
1.89959e+07,
1.91053e+07,
1.92147e+07,
1.93261e+07,
1.94394e+07,
1.95574e+07,
1.97023e+07,
1.98761e+07,
1.99943e+07,
2.01085e+07,
2.02203e+07,
2.03322e+07,
2.04451e+07,
2.05596e+07,
2.06784e+07,
2.08033e+07,
2.09425e+07,
2.11139e+07,
2.12422e+07,
2.13575e+07,
2.14712e+07,
2.15845e+07,
2.16981e+07,
2.18158e+07,
2.19325e+07,
2.20508e+07,
2.21883e+07,
2.23628e+07,
2.24971e+07,
2.26207e+07,
2.27374e+07,
2.28544e+07,
2.2973e+07,
2.30886e+07,
2.32025e+07,
2.3317e+07,
2.3441e+07,
2.35848e+07,
2.37095e+07,
2.38316e+07,
2.39525e+07,
2.40723e+07,
2.41906e+07,
2.43112e+07,
2.4435e+07,
2.45659e+07,
2.47302e+07,
2.49404e+07,
2.50858e+07,
2.5229e+07,
2.53746e+07,
2.55187e+07,
2.56505e+07,
2.57807e+07,
2.59124e+07,
2.60504e+07,
2.62183e+07,
2.64383e+07,
2.66029e+07,
2.67605e+07,
2.69189e+07,
2.70647e+07,
2.72027e+07,
2.7336e+07,
2.74728e+07,
2.76139e+07,
2.77822e+07,
2.80016e+07,
2.81761e+07,
2.83508e+07,
2.85161e+07,
2.86741e+07,
2.88198e+07,
2.89598e+07,
2.90945e+07,
2.92325e+07,
2.93906e+07,
2.95934e+07,
2.97568e+07,
2.99128e+07,
3.00521e+07,
3.01861e+07,
3.03178e+07,
3.04499e+07,
3.05814e+07,
3.07106e+07,
3.08569e+07,
3.1045e+07,
3.12012e+07,
3.13415e+07,
3.14722e+07,
3.15986e+07,
3.17228e+07,
3.18453e+07,
3.19676e+07,
3.20936e+07,
478966,
479258,
479634,
479983,
480382,
480864,
481401,
481992,
482481,
482818,
483277,
483742,
484129,
484438,
484769,
485197,
485541,
485914,
486273,
486599,
487033,
487436,
487774,
488176,
488578,
488987,
489349,
489792,
490218,
490602,
490984,
491409,
491826,
492191,
492551,
493061,
493441,
493837,
494284,
494706,
495116,
495486,
495954,
496428,
496902,
497325,
497766,
498184,
498726,
499165,
499572,
500042,
500496,
501053,
501601,
502251,
502988,
503629,
504213,
504906,
505521,
506163,
506789,
507394,
507969,
508576,
509201,
509768,
510407,
510882,
511576,
512259,
512878,
513659,
514663,
515492,
516380,
517218,
517976,
518906,
519756,
520614,
521492,
522397,
523279,
524198,
525164,
525916,
526749,
527615,
528420,
529276,
530199,
531134,
532022,
533054,
534016,
534894,
535818,
536648,
537525,
538401,
539500,
540526,
541424,
542476,
543421,
544386,
545286,
546289,
547212,
548222,
549037,
549950,
550956,
552084,
553142,
554163,
555156,
556133,
557101,
558071,
559063,
560204,
561285,
562394,
563461,
564506,
565489,
566666,
567678,
568723,
569878,
570980,
572102,
573233,
574351,
575548,
576595,
577692,
578737,
579820,
581000,
582045,
583279,
584554,
585724,
586824,
587933,
589128,
590290,
591465,
592713,
594004,
595137,
596284,
597567,
598719,
599892,
601110,
602242,
603518,
604790,
606057,
607206,
608508,
609759,
610925,
612228,
613510,
614688,
615934,
617200,
618424,
619738,
621065,
622446,
623867,
625310,
626667,
627932,
629377,
630668,
632027,
634302,
637237,
640170,
642861,
645836,
648703,
651560,
654310,
657492,
660441,
663267,
666270,
669194,
672192,
675468,
678371,
681455,
684556,
687525,
690495,
693743,
696902,
700157,
703321,
706698,
710293,
713829,
717483,
721150,
724790,
728485,
732115,
735656,
739110,
742812,
746699,
750313,
753989,
757792,
761474,
765159,
768970,
772694,
776258,
779883,
783781,
787473,
791112,
794904,
798634,
802590,
806658,
810596,
814590,
818467,
822572,
826921,
831044,
835347,
839526,
843649,
847618,
851578,
855654,
860079,
864362,
868704,
873019,
877158,
881296,
885620,
889989,
894383,
898680,
903070,
907369,
911635,
916284,
920938,
925539,
930385,
935246,
940173,
944951,
950017,
954632,
959661,
964459,
969387,
974202,
979355,
984147,
989100,
994074,
999015,
1.00387e+06,
1.00887e+06,
1.01369e+06,
1.01871e+06,
1.02389e+06,
1.02895e+06,
1.03407e+06,
1.03926e+06,
1.04423e+06,
1.04951e+06,
1.0549e+06,
1.06023e+06,
1.06545e+06,
1.07099e+06,
1.07648e+06,
1.08186e+06,
1.08729e+06,
1.09272e+06,
1.09841e+06,
1.10415e+06,
1.10954e+06,
1.11507e+06,
1.12062e+06,
1.12616e+06,
1.13187e+06,
1.13721e+06,
1.14303e+06,
1.14855e+06,
1.15405e+06,
1.15977e+06,
1.16584e+06,
1.17174e+06,
1.17745e+06,
1.18305e+06,
1.18876e+06,
1.19447e+06,
1.20031e+06,
1.20632e+06,
1.21216e+06,
1.21842e+06,
1.22461e+06,
1.23062e+06,
1.23677e+06,
1.24317e+06,
1.24941e+06,
1.25563e+06,
1.26183e+06,
1.26791e+06,
1.27408e+06,
1.28031e+06,
1.28677e+06,
1.293e+06,
1.29922e+06,
1.30583e+06,
1.31202e+06,
1.31855e+06,
1.32521e+06,
1.33186e+06,
1.33855e+06,
1.34504e+06,
1.35157e+06,
1.35796e+06,
1.36457e+06,
1.37105e+06,
1.37776e+06,
1.38466e+06,
1.39125e+06,
1.39818e+06,
1.40502e+06,
1.4121e+06,
1.41902e+06,
1.42615e+06,
1.43304e+06,
1.44022e+06,
1.44714e+06,
1.45425e+06,
1.46124e+06,
1.46833e+06,
1.4755e+06,
1.48267e+06,
1.48991e+06,
1.49717e+06,
1.50423e+06,
1.5116e+06,
1.51931e+06,
1.527e+06,
1.53432e+06,
1.54184e+06,
1.54922e+06,
1.55663e+06,
1.56403e+06,
1.57186e+06,
1.57958e+06,
1.58721e+06,
1.59509e+06,
1.60313e+06,
1.61116e+06,
1.61916e+06,
1.62723e+06,
1.63529e+06,
1.64338e+06,
1.65137e+06,
1.65949e+06,
1.66746e+06,
1.67566e+06,
1.6838e+06,
1.69221e+06,
1.70046e+06,
1.70912e+06,
1.71766e+06,
1.72636e+06,
1.735e+06,
1.74369e+06,
1.7524e+06,
1.76107e+06,
1.76962e+06,
1.77817e+06,
1.78671e+06,
1.79554e+06,
1.80424e+06,
1.81301e+06,
1.82187e+06,
1.83095e+06,
1.84022e+06,
1.84957e+06,
1.85888e+06,
1.86819e+06,
1.87769e+06,
1.88705e+06,
1.89627e+06,
1.90561e+06,
1.91509e+06,
1.92436e+06,
1.93376e+06,
1.94328e+06,
1.95277e+06,
1.96256e+06,
1.97245e+06,
1.98216e+06,
1.99226e+06,
2.0021e+06,
2.01203e+06,
2.02187e+06,
2.03176e+06,
2.04194e+06,
2.05208e+06,
2.06228e+06,
2.0724e+06,
2.083e+06,
2.09365e+06,
2.10457e+06,
2.11567e+06,
2.12647e+06,
2.13703e+06,
2.14809e+06,
2.15869e+06,
2.16972e+06,
2.18042e+06,
2.19117e+06,
2.20246e+06,
2.21374e+06,
2.22548e+06,
2.23719e+06,
2.2487e+06,
2.26058e+06,
2.27243e+06,
2.28381e+06,
2.29561e+06,
2.30749e+06,
2.31929e+06,
2.33082e+06,
2.3426e+06,
2.35488e+06,
2.36715e+06,
2.37974e+06,
2.39196e+06,
2.40476e+06,
2.41734e+06,
2.43046e+06,
2.44342e+06,
2.45629e+06,
2.46902e+06,
2.4821e+06,
2.49531e+06,
2.50902e+06,
2.52272e+06,
2.53609e+06,
2.54962e+06,
2.56339e+06,
2.57743e+06,
2.59123e+06,
2.60527e+06,
2.61937e+06,
2.6334e+06,
2.64736e+06,
2.66187e+06,
2.67639e+06,
2.69107e+06,
2.70615e+06,
2.72116e+06,
2.73615e+06,
2.75105e+06,
2.76639e+06,
2.78124e+06,
2.79649e+06,
2.81183e+06,
2.82762e+06,
2.84386e+06,
2.85967e+06,
2.87571e+06,
2.8919e+06,
2.90803e+06,
2.92435e+06,
2.94095e+06,
2.95722e+06,
2.97444e+06,
2.99125e+06,
3.00853e+06,
3.02557e+06,
3.04269e+06,
3.05997e+06,
3.07768e+06,
3.09489e+06,
3.11298e+06,
3.13043e+06,
3.14852e+06,
3.16673e+06,
3.18499e+06,
3.20302e+06,
3.22158e+06,
3.24078e+06,
3.25968e+06,
3.27845e+06,
3.29778e+06,
3.31689e+06,
3.33754e+06,
3.35758e+06,
3.37764e+06,
3.39816e+06,
3.41874e+06,
3.43905e+06,
3.4599e+06,
3.48071e+06,
3.50226e+06,
3.52417e+06,
3.54637e+06,
3.56816e+06,
3.59039e+06,
3.61295e+06,
3.63571e+06,
3.65836e+06,
3.68142e+06,
3.70491e+06,
3.72872e+06,
3.7524e+06,
3.77603e+06,
3.80025e+06,
3.82468e+06,
3.84941e+06,
3.87431e+06,
3.90042e+06,
3.92606e+06,
3.9519e+06,
3.97799e+06,
4.00458e+06,
4.03151e+06,
4.05926e+06,
4.08747e+06,
4.11667e+06,
4.14512e+06,
4.17365e+06,
4.20284e+06,
4.23252e+06,
4.26234e+06,
4.29342e+06,
4.32527e+06,
4.35703e+06,
4.38964e+06,
4.42223e+06,
4.45575e+06,
4.489e+06,
4.52403e+06,
4.55881e+06,
4.59409e+06,
4.62974e+06,
4.66638e+06,
4.70365e+06,
4.74191e+06,
4.78072e+06,
4.81932e+06,
4.85852e+06,
4.89864e+06,
4.93955e+06,
4.98313e+06,
5.02691e+06,
5.07049e+06,
5.11474e+06,
5.16027e+06,
5.2065e+06,
5.256e+06,
5.30573e+06,
5.35534e+06,
5.40651e+06,
5.45851e+06,
5.51432e+06,
5.57034e+06,
5.62887e+06,
5.68796e+06,
5.74922e+06,
5.81452e+06,
5.88117e+06,
5.95029e+06,
6.02214e+06,
6.09964e+06,
6.18112e+06,
6.2672e+06,
6.35714e+06,
6.45728e+06,
6.56755e+06,
6.68915e+06,
6.83262e+06,
7.04103e+06,
7.40308e+06,
7.5587e+06,
7.68846e+06,
7.8058e+06,
7.91708e+06,
8.02528e+06,
8.13043e+06,
8.23452e+06,
8.34212e+06,
8.45763e+06,
8.59837e+06,
8.70476e+06,
8.80555e+06,
8.90518e+06,
9.00346e+06,
9.10068e+06,
9.20165e+06,
9.30307e+06,
9.40898e+06,
9.52642e+06,
9.68311e+06,
9.80463e+06,
9.9251e+06,
1.00458e+07,
1.01677e+07,
1.02936e+07,
1.0425e+07,
1.05677e+07,
1.07302e+07,
1.09115e+07,
1.10986e+07,
1.1241e+07,
1.13741e+07,
1.14936e+07,
1.15992e+07,
1.17044e+07,
1.18149e+07,
1.19239e+07,
1.2033e+07,
1.21519e+07,
1.2302e+07,
1.24125e+07,
1.25161e+07,
1.26203e+07,
1.27279e+07,
1.28306e+07,
1.29328e+07,
1.30381e+07,
1.31459e+07,
1.32621e+07,
1.34076e+07,
1.35178e+07,
1.36228e+07,
1.37244e+07,
1.38255e+07,
1.39252e+07,
1.40266e+07,
1.41298e+07,
1.42345e+07,
1.43501e+07,
1.44939e+07,
1.46057e+07,
1.47075e+07,
1.48081e+07,
1.4908e+07,
1.50089e+07,
1.51108e+07,
1.52173e+07,
1.53237e+07,
1.54375e+07,
1.55797e+07,
1.56982e+07,
1.58011e+07,
1.59031e+07,
1.60052e+07,
1.61106e+07,
1.62136e+07,
1.63172e+07,
1.64235e+07,
1.65379e+07,
1.66825e+07,
1.68123e+07,
1.69203e+07,
1.703e+07,
1.71391e+07,
1.72457e+07,
1.73531e+07,
1.7462e+07,
1.75764e+07,
1.77052e+07,
1.78824e+07,
1.80373e+07,
1.81706e+07,
1.82837e+07,
1.83935e+07,
1.85027e+07,
1.86125e+07,
1.87244e+07,
1.88403e+07,
1.89652e+07,
1.9126e+07,
1.92716e+07,
1.93985e+07,
1.95155e+07,
1.96262e+07,
1.97385e+07,
1.98519e+07,
1.99668e+07,
2.00874e+07,
2.0225e+07,
2.03971e+07,
2.05427e+07,
2.06706e+07,
2.07946e+07,
2.0913e+07,
2.10289e+07,
2.11452e+07,
2.12665e+07,
2.13941e+07,
2.15287e+07,
2.16917e+07,
2.18363e+07,
2.19677e+07,
2.20949e+07,
2.22199e+07,
2.23414e+07,
2.2462e+07,
2.25859e+07,
2.27088e+07,
2.28423e+07,
2.30088e+07,
2.3157e+07,
2.32919e+07,
2.34228e+07,
2.35524e+07,
2.36839e+07,
2.38121e+07,
2.39328e+07,
2.40543e+07,
2.41797e+07,
2.43233e+07,
2.44582e+07,
2.45883e+07,
2.47177e+07,
2.48491e+07,
2.49817e+07,
2.51138e+07,
2.52478e+07,
2.53859e+07,
2.55445e+07,
2.57533e+07,
2.59302e+07,
2.60967e+07,
2.62561e+07,
2.64162e+07,
2.65651e+07,
2.67134e+07,
2.68669e+07,
2.70319e+07,
2.72122e+07,
2.74321e+07,
2.76253e+07,
2.78024e+07,
2.79734e+07,
2.81295e+07,
2.82783e+07,
2.84238e+07,
2.85686e+07,
2.87159e+07,
2.88805e+07,
2.90845e+07,
2.92666e+07,
2.94377e+07,
2.95933e+07,
2.97392e+07,
2.98798e+07,
3.00185e+07,
3.01543e+07,
3.0293e+07,
3.04456e+07,
3.06358e+07,
3.08088e+07,
3.09669e+07,
3.11114e+07,
3.12505e+07,
3.13858e+07,
3.15174e+07,
3.16457e+07,
3.17763e+07,
3.19202e+07,
3.2099e+07,
3.2266e+07,
3.24123e+07,
3.25469e+07,
3.26761e+07,
3.28035e+07,
3.29303e+07,
3.30545e+07,
3.318e+07,
478966,
479254,
479636,
479963,
480374,
480810,
481392,
482001,
482435,
482814,
483224,
483650,
484049,
484367,
484717,
485082,
485451,
485814,
486141,
486468,
486889,
487288,
487600,
487904,
488387,
488785,
489164,
489550,
490016,
490416,
490768,
491200,
491596,
492036,
492456,
492927,
493212,
493564,
493878,
494311,
494791,
495174,
495525,
496007,
496451,
496881,
497341,
497846,
498348,
498830,
499212,
499722,
500136,
500632,
501240,
501809,
502453,
503103,
503753,
504332,
504991,
505561,
506241,
506772,
507377,
507935,
508571,
509205,
509860,
510502,
511139,
511717,
512492,
513229,
514059,
514908,
515743,
516574,
517392,
518208,
519018,
519870,
520829,
521695,
522448,
523166,
524038,
524946,
525883,
526659,
527503,
528397,
529362,
530233,
531148,
532030,
532823,
533820,
534725,
535598,
536394,
537194,
538156,
539140,
540122,
541101,
542019,
542883,
543848,
544732,
545701,
546524,
547545,
548461,
549468,
550526,
551644,
552569,
553645,
554644,
555611,
556518,
557559,
558513,
559471,
560538,
561623,
562717,
563816,
564830,
565881,
566865,
567842,
568884,
569857,
570851,
572106,
573307,
574456,
575554,
576539,
577634,
578742,
579906,
581070,
582156,
583307,
584526,
585715,
586891,
587954,
589102,
590292,
591497,
592592,
593748,
594987,
596141,
597261,
598461,
599577,
600648,
602012,
603199,
604419,
605620,
606852,
608168,
609449,
610569,
611680,
612890,
614114,
615344,
616616,
617897,
619209,
620589,
621832,
623181,
624536,
625803,
628219,
631003,
633963,
636837,
639647,
642585,
645413,
648342,
651319,
654271,
657004,
659810,
662718,
665808,
668907,
671896,
674835,
677855,
680874,
683987,
687243,
690468,
693598,
696631,
699642,
703291,
707058,
710760,
714490,
718020,
721470,
725062,
728772,
732398,
735927,
739808,
743541,
747146,
750809,
754487,
757872,
761548,
765112,
768802,
772767,
776702,
780472,
784218,
787848,
791565,
795483,
799415,
803490,
807610,
811724,
815833,
819893,
824169,
828231,
832441,
836604,
840749,
844723,
848851,
853160,
857474,
861517,
865772,
870117,
874302,
878685,
882881,
886971,
891202,
895574,
900139,
904720,
909270,
913781,
918475,
923101,
927871,
932542,
937195,
942222,
946925,
951773,
956678,
961387,
966085,
971082,
976131,
980868,
985908,
990823,
995789,
1.00075e+06,
1.00592e+06,
1.01099e+06,
1.01612e+06,
1.02124e+06,
1.02651e+06,
1.03181e+06,
1.037e+06,
1.04243e+06,
1.04779e+06,
1.05309e+06,
1.05829e+06,
1.06355e+06,
1.06892e+06,
1.07416e+06,
1.07966e+06,
1.08525e+06,
1.09076e+06,
1.0961e+06,
1.10177e+06,
1.10725e+06,
1.11276e+06,
1.11817e+06,
1.12358e+06,
1.12898e+06,
1.13446e+06,
1.14013e+06,
1.1457e+06,
1.15136e+06,
1.15699e+06,
1.16295e+06,
1.16881e+06,
1.17452e+06,
1.18028e+06,
1.18628e+06,
1.19225e+06,
1.1981e+06,
1.20406e+06,
1.21004e+06,
1.21591e+06,
1.22203e+06,
1.22799e+06,
1.2342e+06,
1.24026e+06,
1.24647e+06,
1.25277e+06,
1.25897e+06,
1.26531e+06,
1.27155e+06,
1.27787e+06,
1.28417e+06,
1.29046e+06,
1.29691e+06,
1.30336e+06,
1.30954e+06,
1.31591e+06,
1.32215e+06,
1.32858e+06,
1.33512e+06,
1.34159e+06,
1.34805e+06,
1.3543e+06,
1.36089e+06,
1.36759e+06,
1.37452e+06,
1.38141e+06,
1.38818e+06,
1.39493e+06,
1.40168e+06,
1.40861e+06,
1.41574e+06,
1.42264e+06,
1.42977e+06,
1.43691e+06,
1.44399e+06,
1.45114e+06,
1.45806e+06,
1.46518e+06,
1.47239e+06,
1.47946e+06,
1.48663e+06,
1.49355e+06,
1.50077e+06,
1.50803e+06,
1.51555e+06,
1.52321e+06,
1.53072e+06,
1.53815e+06,
1.54575e+06,
1.55332e+06,
1.56095e+06,
1.56876e+06,
1.57661e+06,
1.58424e+06,
1.59194e+06,
1.59972e+06,
1.60747e+06,
1.61548e+06,
1.624e+06,
1.6321e+06,
1.64021e+06,
1.64826e+06,
1.65621e+06,
1.66429e+06,
1.67247e+06,
1.68071e+06,
1.68912e+06,
1.69728e+06,
1.70567e+06,
1.71413e+06,
1.72256e+06,
1.73092e+06,
1.73965e+06,
1.74789e+06,
1.75634e+06,
1.76499e+06,
1.77362e+06,
1.78221e+06,
1.79111e+06,
1.8002e+06,
1.8093e+06,
1.81829e+06,
1.82742e+06,
1.83638e+06,
1.84558e+06,
1.85478e+06,
1.86404e+06,
1.87331e+06,
1.8827e+06,
1.8922e+06,
1.9017e+06,
1.91106e+06,
1.92057e+06,
1.92994e+06,
1.93945e+06,
1.94914e+06,
1.959e+06,
1.96912e+06,
1.97938e+06,
1.98947e+06,
1.99993e+06,
2.00977e+06,
2.01966e+06,
2.02962e+06,
2.03963e+06,
2.04959e+06,
2.05995e+06,
2.07049e+06,
2.08073e+06,
2.09143e+06,
2.10251e+06,
2.11308e+06,
2.12401e+06,
2.13484e+06,
2.14586e+06,
2.15675e+06,
2.16766e+06,
2.17886e+06,
2.18966e+06,
2.20065e+06,
2.21197e+06,
2.22345e+06,
2.23506e+06,
2.24661e+06,
2.25847e+06,
2.27004e+06,
2.28152e+06,
2.2934e+06,
2.30521e+06,
2.31698e+06,
2.32854e+06,
2.34039e+06,
2.35225e+06,
2.36448e+06,
2.377e+06,
2.38966e+06,
2.40249e+06,
2.41516e+06,
2.42793e+06,
2.4407e+06,
2.4537e+06,
2.46675e+06,
2.47955e+06,
2.49247e+06,
2.50598e+06,
2.51949e+06,
2.53343e+06,
2.54735e+06,
2.56122e+06,
2.57506e+06,
2.58867e+06,
2.6029e+06,
2.61699e+06,
2.63079e+06,
2.64484e+06,
2.65903e+06,
2.67367e+06,
2.68875e+06,
2.70342e+06,
2.71815e+06,
2.73268e+06,
2.74747e+06,
2.76238e+06,
2.77788e+06,
2.79386e+06,
2.80951e+06,
2.82526e+06,
2.84153e+06,
2.85787e+06,
2.87404e+06,
2.89013e+06,
2.90655e+06,
2.9229e+06,
2.93911e+06,
2.95519e+06,
2.97185e+06,
2.98865e+06,
3.00598e+06,
3.02347e+06,
3.0407e+06,
3.05788e+06,
3.07515e+06,
3.09253e+06,
3.11012e+06,
3.1278e+06,
3.14588e+06,
3.16391e+06,
3.18271e+06,
3.20121e+06,
3.21994e+06,
3.23851e+06,
3.25753e+06,
3.27632e+06,
3.29521e+06,
3.31447e+06,
3.33442e+06,
3.35469e+06,
3.37546e+06,
3.39567e+06,
3.41592e+06,
3.43675e+06,
3.4574e+06,
3.47878e+06,
3.50029e+06,
3.52109e+06,
3.543e+06,
3.56535e+06,
3.58772e+06,
3.61007e+06,
3.63223e+06,
3.65493e+06,
3.6777e+06,
3.70049e+06,
3.72388e+06,
3.74799e+06,
3.77205e+06,
3.79631e+06,
3.82077e+06,
3.84531e+06,
3.87007e+06,
3.89504e+06,
3.92081e+06,
3.94695e+06,
3.97338e+06,
3.99988e+06,
4.02674e+06,
4.05409e+06,
4.0815e+06,
4.1095e+06,
4.13854e+06,
4.16792e+06,
4.1973e+06,
4.22631e+06,
4.25598e+06,
4.28635e+06,
4.3174e+06,
4.3498e+06,
4.38258e+06,
4.41584e+06,
4.44878e+06,
4.48164e+06,
4.51544e+06,
4.54975e+06,
4.58552e+06,
4.62157e+06,
4.65798e+06,
4.69435e+06,
4.73139e+06,
4.76975e+06,
4.8091e+06,
4.84891e+06,
4.88915e+06,
4.92936e+06,
4.97049e+06,
5.01299e+06,
5.05774e+06,
5.10191e+06,
5.14695e+06,
5.19287e+06,
5.23912e+06,
5.28715e+06,
5.33797e+06,
5.38908e+06,
5.43992e+06,
5.49231e+06,
5.54627e+06,
5.6036e+06,
5.66154e+06,
5.72119e+06,
5.78291e+06,
5.84611e+06,
5.91356e+06,
5.98315e+06,
6.05504e+06,
6.13023e+06,
6.21126e+06,
6.2967e+06,
6.38644e+06,
6.48194e+06,
6.58751e+06,
6.70689e+06,
6.84282e+06,
7.01865e+06,
7.27331e+06,
7.61268e+06,
7.782e+06,
7.90577e+06,
8.02038e+06,
8.12882e+06,
8.23502e+06,
8.34078e+06,
8.44634e+06,
8.55742e+06,
8.68012e+06,
8.81523e+06,
8.92684e+06,
9.02816e+06,
9.12687e+06,
9.22656e+06,
9.32664e+06,
9.42878e+06,
9.53335e+06,
9.64693e+06,
9.78337e+06,
9.9369e+06,
1.00703e+07,
1.01905e+07,
1.03121e+07,
1.04358e+07,
1.0564e+07,
1.06983e+07,
1.08431e+07,
1.10144e+07,
1.1191e+07,
1.13662e+07,
1.15237e+07,
1.16582e+07,
1.17874e+07,
1.19156e+07,
1.20445e+07,
1.21567e+07,
1.22659e+07,
1.23803e+07,
1.2505e+07,
1.26417e+07,
1.27732e+07,
1.28825e+07,
1.29925e+07,
1.30998e+07,
1.32043e+07,
1.33077e+07,
1.34151e+07,
1.35267e+07,
1.36477e+07,
1.37813e+07,
1.39165e+07,
1.40286e+07,
1.4131e+07,
1.42316e+07,
1.43336e+07,
1.44359e+07,
1.4541e+07,
1.46533e+07,
1.47774e+07,
1.49066e+07,
1.50317e+07,
1.51449e+07,
1.52472e+07,
1.53478e+07,
1.54511e+07,
1.55571e+07,
1.56686e+07,
1.57829e+07,
1.59044e+07,
1.60306e+07,
1.61568e+07,
1.62732e+07,
1.63854e+07,
1.6491e+07,
1.66002e+07,
1.67069e+07,
1.6815e+07,
1.69279e+07,
1.70491e+07,
1.71795e+07,
1.73119e+07,
1.74354e+07,
1.75588e+07,
1.76738e+07,
1.77841e+07,
1.78966e+07,
1.80108e+07,
1.81351e+07,
1.82754e+07,
1.84272e+07,
1.85857e+07,
1.87242e+07,
1.88551e+07,
1.89816e+07,
1.91028e+07,
1.92172e+07,
1.93335e+07,
1.94551e+07,
1.95918e+07,
1.97391e+07,
1.98833e+07,
2.00137e+07,
2.01413e+07,
2.0267e+07,
2.03905e+07,
2.05122e+07,
2.0634e+07,
2.07676e+07,
2.09153e+07,
2.10657e+07,
2.12169e+07,
2.1355e+07,
2.14894e+07,
2.16184e+07,
2.1747e+07,
2.18765e+07,
2.20134e+07,
2.21465e+07,
2.22908e+07,
2.24393e+07,
2.25908e+07,
2.27286e+07,
2.28636e+07,
2.29953e+07,
2.31288e+07,
2.32651e+07,
2.34013e+07,
2.35436e+07,
2.36961e+07,
2.38509e+07,
2.40077e+07,
2.41527e+07,
2.42926e+07,
2.44336e+07,
2.45761e+07,
2.47143e+07,
2.48533e+07,
2.49972e+07,
2.51497e+07,
2.53028e+07,
2.54589e+07,
2.56122e+07,
2.5773e+07,
2.59292e+07,
2.60748e+07,
2.62209e+07,
2.63723e+07,
2.65364e+07,
2.67217e+07,
2.6917e+07,
2.70989e+07,
2.727e+07,
2.74409e+07,
2.75983e+07,
2.77471e+07,
2.78943e+07,
2.80422e+07,
2.82019e+07,
2.83824e+07,
2.85669e+07,
2.87564e+07,
2.89336e+07,
2.90939e+07,
2.92473e+07,
2.93943e+07,
2.95386e+07,
2.96871e+07,
2.98467e+07,
3.0026e+07,
3.02062e+07,
3.03935e+07,
3.05585e+07,
3.07118e+07,
3.08604e+07,
3.10022e+07,
3.11428e+07,
3.12824e+07,
3.14346e+07,
3.1604e+07,
3.17788e+07,
3.1954e+07,
3.21066e+07,
3.225e+07,
3.23896e+07,
3.25261e+07,
3.26622e+07,
3.27968e+07,
3.29402e+07,
3.31002e+07,
3.32661e+07,
3.34245e+07,
3.35681e+07,
3.37052e+07,
3.38373e+07,
3.39664e+07,
3.40959e+07,
3.42275e+07,
478966,
479256,
479632,
479958,
480355,
480791,
481357,
481926,
482410,
482802,
483198,
483616,
483938,
484293,
484647,
484975,
485365,
485662,
485974,
486340,
486702,
487070,
487405,
487731,
488158,
488602,
488926,
489369,
489834,
490201,
490628,
490983,
491459,
491926,
492244,
492640,
492957,
493321,
493636,
494044,
494487,
494866,
495283,
495711,
496147,
496574,
497081,
497480,
497938,
498444,
498908,
499335,
499786,
500219,
500773,
501312,
501915,
502611,
503214,
503774,
504315,
504976,
505627,
506193,
506748,
507428,
508018,
508589,
509218,
509915,
510549,
511150,
511981,
512763,
513547,
514330,
515207,
516045,
516838,
517635,
518338,
519167,
519949,
520806,
521598,
522393,
523264,
524028,
524901,
525777,
526584,
527394,
528277,
529139,
530026,
530891,
531711,
532536,
533505,
534365,
535234,
536065,
536968,
537808,
538874,
539771,
540694,
541595,
542479,
543350,
544212,
545055,
545987,
547008,
548013,
548969,
549975,
551064,
552143,
552997,
553942,
554887,
555847,
556871,
557902,
558830,
559799,
560693,
561775,
562843,
563918,
564805,
565802,
566897,
568084,
569191,
570255,
571348,
572441,
573492,
574512,
575485,
576559,
577659,
578820,
579911,
580998,
582122,
583202,
584463,
585572,
586733,
587795,
588884,
590014,
591176,
592260,
593387,
594561,
595733,
596775,
597916,
599094,
600238,
601467,
602640,
603835,
605049,
606309,
607633,
608758,
610014,
611188,
612432,
613671,
614854,
616124,
617441,
618707,
619975,
622226,
624858,
627817,
630539,
633236,
636131,
639029,
642001,
644866,
647836,
650798,
653508,
656531,
659499,
662371,
665281,
668243,
671191,
674063,
677235,
680300,
683423,
686516,
689444,
692742,
696071,
699863,
703490,
707087,
710660,
714388,
717956,
721309,
725078,
728621,
732356,
736191,
739904,
743331,
747055,
750700,
754242,
757928,
761534,
765304,
769176,
773071,
776700,
780519,
784343,
788267,
792272,
796077,
800091,
804286,
808368,
812408,
816551,
820793,
825088,
829275,
833256,
837338,
841354,
845464,
849631,
853907,
858426,
862813,
867171,
871741,
875871,
880004,
884108,
888370,
892713,
897245,
902116,
906799,
911513,
915976,
920698,
925400,
929940,
934676,
939259,
944099,
948841,
953608,
958428,
963196,
967781,
972574,
977535,
982491,
987543,
992406,
997287,
1.00235e+06,
1.00732e+06,
1.01249e+06,
1.01769e+06,
1.02313e+06,
1.02828e+06,
1.03354e+06,
1.03867e+06,
1.04406e+06,
1.04929e+06,
1.05458e+06,
1.05974e+06,
1.06509e+06,
1.07063e+06,
1.07591e+06,
1.08117e+06,
1.08663e+06,
1.09212e+06,
1.09782e+06,
1.1032e+06,
1.10868e+06,
1.11411e+06,
1.11952e+06,
1.12496e+06,
1.13056e+06,
1.13616e+06,
1.14185e+06,
1.14764e+06,
1.1532e+06,
1.15909e+06,
1.16493e+06,
1.17078e+06,
1.17693e+06,
1.18278e+06,
1.1886e+06,
1.1946e+06,
1.20056e+06,
1.20655e+06,
1.21246e+06,
1.21859e+06,
1.22457e+06,
1.23058e+06,
1.23683e+06,
1.24288e+06,
1.24924e+06,
1.25539e+06,
1.26179e+06,
1.26807e+06,
1.27444e+06,
1.28058e+06,
1.2868e+06,
1.29316e+06,
1.29922e+06,
1.30552e+06,
1.31164e+06,
1.31797e+06,
1.32424e+06,
1.33063e+06,
1.33728e+06,
1.34393e+06,
1.35069e+06,
1.35754e+06,
1.36401e+06,
1.37077e+06,
1.3775e+06,
1.38426e+06,
1.39122e+06,
1.39785e+06,
1.40471e+06,
1.41159e+06,
1.4185e+06,
1.42555e+06,
1.43263e+06,
1.43982e+06,
1.44673e+06,
1.45387e+06,
1.46086e+06,
1.46782e+06,
1.47494e+06,
1.48208e+06,
1.48932e+06,
1.4965e+06,
1.50374e+06,
1.5109e+06,
1.51841e+06,
1.52593e+06,
1.53352e+06,
1.54121e+06,
1.54877e+06,
1.55652e+06,
1.5643e+06,
1.5721e+06,
1.57987e+06,
1.58789e+06,
1.59595e+06,
1.60391e+06,
1.61166e+06,
1.61987e+06,
1.62784e+06,
1.63599e+06,
1.64427e+06,
1.65237e+06,
1.66041e+06,
1.6686e+06,
1.67688e+06,
1.68491e+06,
1.69333e+06,
1.70146e+06,
1.70954e+06,
1.71774e+06,
1.72625e+06,
1.73508e+06,
1.74352e+06,
1.75188e+06,
1.76049e+06,
1.76923e+06,
1.77798e+06,
1.78691e+06,
1.79598e+06,
1.8047e+06,
1.81396e+06,
1.82272e+06,
1.83163e+06,
1.84044e+06,
1.84971e+06,
1.85936e+06,
1.86857e+06,
1.87787e+06,
1.88708e+06,
1.89665e+06,
1.90624e+06,
1.91554e+06,
1.92485e+06,
1.93425e+06,
1.94377e+06,
1.95343e+06,
1.96301e+06,
1.97298e+06,
1.98293e+06,
1.99282e+06,
2.00287e+06,
2.0126e+06,
2.02251e+06,
2.03277e+06,
2.04298e+06,
2.05337e+06,
2.06377e+06,
2.07436e+06,
2.08503e+06,
2.09573e+06,
2.10683e+06,
2.11788e+06,
2.12856e+06,
2.13947e+06,
2.15059e+06,
2.16175e+06,
2.17298e+06,
2.18379e+06,
2.19489e+06,
2.20597e+06,
2.21702e+06,
2.22829e+06,
2.2399e+06,
2.25169e+06,
2.26364e+06,
2.27568e+06,
2.28742e+06,
2.29931e+06,
2.31165e+06,
2.32335e+06,
2.33527e+06,
2.34758e+06,
2.3595e+06,
2.37165e+06,
2.38437e+06,
2.39718e+06,
2.40984e+06,
2.42254e+06,
2.43529e+06,
2.44839e+06,
2.46165e+06,
2.47502e+06,
2.4879e+06,
2.50094e+06,
2.5143e+06,
2.52786e+06,
2.5416e+06,
2.55543e+06,
2.56959e+06,
2.58312e+06,
2.59704e+06,
2.61116e+06,
2.62495e+06,
2.63884e+06,
2.65309e+06,
2.66738e+06,
2.68161e+06,
2.69651e+06,
2.71158e+06,
2.7267e+06,
2.74202e+06,
2.75735e+06,
2.773e+06,
2.78825e+06,
2.80367e+06,
2.81938e+06,
2.83536e+06,
2.85138e+06,
2.86782e+06,
2.88429e+06,
2.90033e+06,
2.91673e+06,
2.93302e+06,
2.94982e+06,
2.96637e+06,
2.98312e+06,
2.99993e+06,
3.017e+06,
3.03472e+06,
3.05226e+06,
3.0698e+06,
3.08701e+06,
3.10438e+06,
3.12198e+06,
3.13985e+06,
3.15741e+06,
3.17545e+06,
3.19376e+06,
3.21294e+06,
3.23231e+06,
3.25121e+06,
3.27052e+06,
3.2896e+06,
3.30893e+06,
3.32849e+06,
3.34825e+06,
3.36791e+06,
3.38817e+06,
3.40915e+06,
3.42973e+06,
3.45097e+06,
3.47215e+06,
3.49286e+06,
3.51396e+06,
3.53538e+06,
3.55721e+06,
3.57947e+06,
3.60182e+06,
3.62418e+06,
3.64671e+06,
3.66942e+06,
3.69232e+06,
3.71529e+06,
3.73794e+06,
3.76195e+06,
3.78632e+06,
3.81123e+06,
3.83584e+06,
3.86098e+06,
3.8863e+06,
3.91168e+06,
3.93721e+06,
3.96306e+06,
3.99004e+06,
4.01673e+06,
4.0437e+06,
4.07114e+06,
4.09922e+06,
4.12684e+06,
4.15529e+06,
4.18446e+06,
4.21428e+06,
4.24421e+06,
4.27404e+06,
4.30468e+06,
4.33603e+06,
4.36785e+06,
4.40096e+06,
4.43471e+06,
4.46804e+06,
4.50185e+06,
4.53599e+06,
4.56993e+06,
4.60526e+06,
4.64162e+06,
4.67856e+06,
4.71559e+06,
4.75367e+06,
4.79193e+06,
4.83073e+06,
4.87035e+06,
4.91137e+06,
4.95163e+06,
4.99343e+06,
5.03577e+06,
5.07861e+06,
5.12332e+06,
5.16973e+06,
5.21572e+06,
5.2626e+06,
5.3103e+06,
5.35877e+06,
5.41005e+06,
5.46199e+06,
5.51448e+06,
5.56819e+06,
5.623e+06,
5.68068e+06,
5.74058e+06,
5.80162e+06,
5.8649e+06,
5.92948e+06,
5.99864e+06,
6.06996e+06,
6.14456e+06,
6.22248e+06,
6.30355e+06,
6.39282e+06,
6.4849e+06,
6.58492e+06,
6.69332e+06,
6.8199e+06,
6.97659e+06,
7.17629e+06,
7.37259e+06,
7.6122e+06,
7.92665e+06,
8.08706e+06,
8.20253e+06,
8.31209e+06,
8.41846e+06,
8.52523e+06,
8.63425e+06,
8.74959e+06,
8.86429e+06,
8.98445e+06,
9.11741e+06,
9.23232e+06,
9.33336e+06,
9.43442e+06,
9.53599e+06,
9.6389e+06,
9.75395e+06,
9.88185e+06,
1.00098e+07,
1.01458e+07,
1.02968e+07,
1.04379e+07,
1.05615e+07,
1.06875e+07,
1.08179e+07,
1.09555e+07,
1.11054e+07,
1.12831e+07,
1.14452e+07,
1.1603e+07,
1.17673e+07,
1.19185e+07,
1.20568e+07,
1.2187e+07,
1.23175e+07,
1.24499e+07,
1.25824e+07,
1.27209e+07,
1.28417e+07,
1.29642e+07,
1.30982e+07,
1.32242e+07,
1.33507e+07,
1.34616e+07,
1.35698e+07,
1.36788e+07,
1.37889e+07,
1.39062e+07,
1.40227e+07,
1.4145e+07,
1.42794e+07,
1.44028e+07,
1.45198e+07,
1.46342e+07,
1.4741e+07,
1.48467e+07,
1.49563e+07,
1.50754e+07,
1.51931e+07,
1.53123e+07,
1.5439e+07,
1.5559e+07,
1.56763e+07,
1.57908e+07,
1.59037e+07,
1.60161e+07,
1.613e+07,
1.62486e+07,
1.63653e+07,
1.64851e+07,
1.66137e+07,
1.67371e+07,
1.68555e+07,
1.69738e+07,
1.70908e+07,
1.72078e+07,
1.7322e+07,
1.74437e+07,
1.75637e+07,
1.76875e+07,
1.78217e+07,
1.79516e+07,
1.80767e+07,
1.81988e+07,
1.83211e+07,
1.84464e+07,
1.85775e+07,
1.87138e+07,
1.8849e+07,
1.89889e+07,
1.91427e+07,
1.92876e+07,
1.94229e+07,
1.95562e+07,
1.9687e+07,
1.98181e+07,
1.99513e+07,
2.00939e+07,
2.02385e+07,
2.0375e+07,
2.05173e+07,
2.06566e+07,
2.07894e+07,
2.09208e+07,
2.1052e+07,
2.11852e+07,
2.13276e+07,
2.14813e+07,
2.16283e+07,
2.17762e+07,
2.19285e+07,
2.20776e+07,
2.22205e+07,
2.23617e+07,
2.25045e+07,
2.26527e+07,
2.28025e+07,
2.29549e+07,
2.31034e+07,
2.32545e+07,
2.34128e+07,
2.35691e+07,
2.37192e+07,
2.38697e+07,
2.40249e+07,
2.41796e+07,
2.43407e+07,
2.45179e+07,
2.46922e+07,
2.48585e+07,
2.50266e+07,
2.51948e+07,
2.53536e+07,
2.55094e+07,
2.56575e+07,
2.58032e+07,
2.59483e+07,
2.60949e+07,
2.62417e+07,
2.63914e+07,
2.65438e+07,
2.66965e+07,
2.68461e+07,
2.69923e+07,
2.71382e+07,
2.72854e+07,
2.74405e+07,
2.761e+07,
2.77789e+07,
2.79568e+07,
2.81371e+07,
2.83182e+07,
2.84859e+07,
2.86467e+07,
2.88036e+07,
2.89598e+07,
2.91226e+07,
2.92919e+07,
2.94578e+07,
2.96288e+07,
2.98097e+07,
2.99854e+07,
3.0147e+07,
3.0303e+07,
3.04584e+07,
3.06133e+07,
3.07733e+07,
3.09424e+07,
3.11076e+07,
3.12798e+07,
3.14494e+07,
3.16163e+07,
3.17715e+07,
3.19215e+07,
3.20707e+07,
3.22192e+07,
3.23761e+07,
3.25447e+07,
3.27097e+07,
3.28771e+07,
3.30347e+07,
3.31911e+07,
3.33391e+07,
3.34828e+07,
3.36244e+07,
3.37649e+07,
3.39119e+07,
3.40707e+07,
3.42327e+07,
3.43884e+07,
3.45387e+07,
3.46873e+07,
3.48271e+07,
3.49631e+07,
3.50988e+07,
3.52322e+07,
478966,
479260,
479602,
479945,
480333,
480753,
481310,
481862,
482335,
482716,
483091,
483488,
483807,
484205,
484567,
484922,
485237,
485491,
485875,
486244,
486514,
486858,
487257,
487584,
487983,
488385,
488729,
489112,
489594,
489970,
490398,
490838,
491276,
491710,
491992,
492290,
492704,
493050,
493335,
493788,
494192,
494592,
495065,
495445,
495868,
496278,
496769,
497189,
497600,
498018,
498417,
498853,
499363,
499860,
500320,
500866,
501496,
502045,
502758,
503294,
503865,
504407,
505074,
505644,
506177,
506737,
507337,
508014,
508688,
509240,
509909,
510648,
511392,
512219,
512926,
513699,
514535,
515351,
516096,
516875,
517658,
518459,
519211,
519873,
520753,
521493,
522265,
523129,
523918,
524782,
525597,
526403,
527289,
528083,
528877,
529734,
530621,
531454,
532369,
533219,
534102,
534905,
535777,
536592,
537417,
538278,
539249,
540171,
541162,
541999,
542853,
543770,
544657,
545581,
546548,
547560,
548356,
549355,
550421,
551343,
552243,
553168,
554140,
555105,
555993,
556939,
557962,
558866,
559912,
560959,
561954,
562991,
563906,
564976,
566007,
567100,
568035,
568986,
570087,
571125,
572144,
573233,
574360,
575390,
576427,
577576,
578650,
579686,
580786,
581943,
582917,
583997,
585090,
586153,
587255,
588300,
589461,
590641,
591854,
593009,
594151,
595249,
596307,
597408,
598691,
599774,
600897,
602150,
603332,
604472,
605703,
606895,
608027,
609048,
610384,
611579,
612757,
613985,
615895,
618727,
621453,
624281,
626919,
629741,
632519,
635354,
638206,
641066,
643859,
646929,
649768,
652633,
655552,
658502,
661366,
664308,
667277,
670293,
673343,
676480,
679340,
682371,
685805,
689143,
692444,
695837,
699374,
702908,
706561,
710273,
713980,
717596,
721064,
724783,
728354,
731916,
735557,
739223,
742825,
746507,
750248,
753857,
757493,
761157,
765054,
768764,
772622,
776277,
780195,
784217,
788138,
792093,
796289,
800659,
804615,
808846,
812900,
816832,
820989,
825095,
829367,
833625,
837732,
841810,
846063,
850417,
854601,
858973,
863309,
867461,
871657,
875798,
880116,
884835,
889202,
894152,
898572,
903348,
907872,
912419,
917087,
921669,
926397,
930908,
935471,
940039,
944692,
949509,
954454,
959574,
964497,
969468,
974306,
979108,
984161,
988833,
993692,
998669,
1.00359e+06,
1.00875e+06,
1.01387e+06,
1.01899e+06,
1.02433e+06,
1.02958e+06,
1.03459e+06,
1.03952e+06,
1.04464e+06,
1.04995e+06,
1.0552e+06,
1.06039e+06,
1.06581e+06,
1.07092e+06,
1.07623e+06,
1.08185e+06,
1.08737e+06,
1.09286e+06,
1.09833e+06,
1.10375e+06,
1.10916e+06,
1.11474e+06,
1.11998e+06,
1.12553e+06,
1.13115e+06,
1.13658e+06,
1.14214e+06,
1.14798e+06,
1.15385e+06,
1.15981e+06,
1.16595e+06,
1.17168e+06,
1.17754e+06,
1.1835e+06,
1.18935e+06,
1.19541e+06,
1.20149e+06,
1.20762e+06,
1.21366e+06,
1.2197e+06,
1.22577e+06,
1.23189e+06,
1.23808e+06,
1.24445e+06,
1.25035e+06,
1.25657e+06,
1.26268e+06,
1.2687e+06,
1.27496e+06,
1.28118e+06,
1.28748e+06,
1.29395e+06,
1.30013e+06,
1.30644e+06,
1.31266e+06,
1.31916e+06,
1.32623e+06,
1.33263e+06,
1.33932e+06,
1.34595e+06,
1.35279e+06,
1.35931e+06,
1.36596e+06,
1.37276e+06,
1.37945e+06,
1.38607e+06,
1.39281e+06,
1.39973e+06,
1.4063e+06,
1.41331e+06,
1.42041e+06,
1.42766e+06,
1.43477e+06,
1.44188e+06,
1.44901e+06,
1.45629e+06,
1.4632e+06,
1.4705e+06,
1.47732e+06,
1.48454e+06,
1.49169e+06,
1.49878e+06,
1.50576e+06,
1.51331e+06,
1.52096e+06,
1.52871e+06,
1.5365e+06,
1.54422e+06,
1.55195e+06,
1.55977e+06,
1.56746e+06,
1.57528e+06,
1.58311e+06,
1.59114e+06,
1.59911e+06,
1.607e+06,
1.61494e+06,
1.62289e+06,
1.63092e+06,
1.639e+06,
1.64693e+06,
1.65508e+06,
1.66291e+06,
1.67066e+06,
1.67903e+06,
1.68722e+06,
1.69567e+06,
1.70401e+06,
1.71249e+06,
1.72092e+06,
1.7292e+06,
1.73808e+06,
1.74649e+06,
1.75514e+06,
1.76369e+06,
1.77224e+06,
1.78114e+06,
1.78999e+06,
1.79892e+06,
1.8078e+06,
1.81672e+06,
1.82568e+06,
1.83466e+06,
1.84352e+06,
1.85308e+06,
1.86244e+06,
1.87183e+06,
1.88101e+06,
1.89021e+06,
1.89965e+06,
1.90916e+06,
1.91842e+06,
1.92768e+06,
1.937e+06,
1.9464e+06,
1.95591e+06,
1.96549e+06,
1.97563e+06,
1.98556e+06,
1.99589e+06,
2.00626e+06,
2.01661e+06,
2.02703e+06,
2.03731e+06,
2.04745e+06,
2.05786e+06,
2.06795e+06,
2.07827e+06,
2.08868e+06,
2.09952e+06,
2.11041e+06,
2.12134e+06,
2.13193e+06,
2.14229e+06,
2.15339e+06,
2.1648e+06,
2.17591e+06,
2.18691e+06,
2.19799e+06,
2.20921e+06,
2.22039e+06,
2.23124e+06,
2.24262e+06,
2.25455e+06,
2.26637e+06,
2.27799e+06,
2.28982e+06,
2.30156e+06,
2.3134e+06,
2.32552e+06,
2.33805e+06,
2.35019e+06,
2.36224e+06,
2.37497e+06,
2.38749e+06,
2.4004e+06,
2.41318e+06,
2.42623e+06,
2.43897e+06,
2.45192e+06,
2.4649e+06,
2.47791e+06,
2.49096e+06,
2.50434e+06,
2.51741e+06,
2.53108e+06,
2.54465e+06,
2.55918e+06,
2.57298e+06,
2.58698e+06,
2.601e+06,
2.61513e+06,
2.62917e+06,
2.64354e+06,
2.6578e+06,
2.67226e+06,
2.68701e+06,
2.70219e+06,
2.71752e+06,
2.73262e+06,
2.74775e+06,
2.76316e+06,
2.77834e+06,
2.79426e+06,
2.80992e+06,
2.82559e+06,
2.84169e+06,
2.85778e+06,
2.87411e+06,
2.89063e+06,
2.90735e+06,
2.92384e+06,
2.93993e+06,
2.95663e+06,
2.97316e+06,
2.98995e+06,
3.00679e+06,
3.02407e+06,
3.04121e+06,
3.05868e+06,
3.07657e+06,
3.09449e+06,
3.11232e+06,
3.13016e+06,
3.1481e+06,
3.16633e+06,
3.18463e+06,
3.20324e+06,
3.2217e+06,
3.24063e+06,
3.25991e+06,
3.27944e+06,
3.29859e+06,
3.3181e+06,
3.33767e+06,
3.35739e+06,
3.37758e+06,
3.3976e+06,
3.41814e+06,
3.43936e+06,
3.4607e+06,
3.48149e+06,
3.50235e+06,
3.52346e+06,
3.54503e+06,
3.56659e+06,
3.58828e+06,
3.61065e+06,
3.63342e+06,
3.65616e+06,
3.67943e+06,
3.70234e+06,
3.72532e+06,
3.7491e+06,
3.77277e+06,
3.79688e+06,
3.8223e+06,
3.84684e+06,
3.87203e+06,
3.89728e+06,
3.92243e+06,
3.94834e+06,
3.97428e+06,
4.0007e+06,
4.02796e+06,
4.055e+06,
4.08272e+06,
4.11076e+06,
4.13859e+06,
4.16726e+06,
4.19608e+06,
4.2253e+06,
4.25579e+06,
4.28624e+06,
4.31671e+06,
4.34842e+06,
4.38016e+06,
4.41293e+06,
4.44651e+06,
4.48062e+06,
4.51532e+06,
4.5494e+06,
4.58413e+06,
4.61974e+06,
4.65554e+06,
4.69162e+06,
4.72958e+06,
4.76775e+06,
4.806e+06,
4.84494e+06,
4.88484e+06,
4.92522e+06,
4.96637e+06,
5.00874e+06,
5.05137e+06,
5.09464e+06,
5.13872e+06,
5.18342e+06,
5.23008e+06,
5.2777e+06,
5.32472e+06,
5.37333e+06,
5.42253e+06,
5.47326e+06,
5.52648e+06,
5.58149e+06,
5.63626e+06,
5.69238e+06,
5.75034e+06,
5.81137e+06,
5.87428e+06,
5.93882e+06,
6.00525e+06,
6.07383e+06,
6.14669e+06,
6.22274e+06,
6.30132e+06,
6.38466e+06,
6.47233e+06,
6.56991e+06,
6.67208e+06,
6.78581e+06,
6.92456e+06,
7.1004e+06,
7.26384e+06,
7.43026e+06,
7.60973e+06,
7.82527e+06,
8.10157e+06,
8.32497e+06,
8.47132e+06,
8.58112e+06,
8.69213e+06,
8.80757e+06,
8.9186e+06,
9.02972e+06,
9.14361e+06,
9.2613e+06,
9.38842e+06,
9.50852e+06,
9.62433e+06,
9.72861e+06,
9.84588e+06,
9.97056e+06,
1.00938e+07,
1.02184e+07,
1.03461e+07,
1.04813e+07,
1.06302e+07,
1.07749e+07,
1.09178e+07,
1.10604e+07,
1.12028e+07,
1.13593e+07,
1.1534e+07,
1.1689e+07,
1.18375e+07,
1.19859e+07,
1.21406e+07,
1.2288e+07,
1.24326e+07,
1.2579e+07,
1.27203e+07,
1.28577e+07,
1.29918e+07,
1.31248e+07,
1.32591e+07,
1.33976e+07,
1.35442e+07,
1.36746e+07,
1.37965e+07,
1.39162e+07,
1.40382e+07,
1.41595e+07,
1.42767e+07,
1.43954e+07,
1.45173e+07,
1.46383e+07,
1.47644e+07,
1.4888e+07,
1.50079e+07,
1.51273e+07,
1.5249e+07,
1.53746e+07,
1.54993e+07,
1.5617e+07,
1.57327e+07,
1.58503e+07,
1.59742e+07,
1.60983e+07,
1.62193e+07,
1.63413e+07,
1.6468e+07,
1.65949e+07,
1.67183e+07,
1.68398e+07,
1.69576e+07,
1.70776e+07,
1.72037e+07,
1.73336e+07,
1.74606e+07,
1.75846e+07,
1.7711e+07,
1.78403e+07,
1.79657e+07,
1.80915e+07,
1.82196e+07,
1.83488e+07,
1.84841e+07,
1.86207e+07,
1.87512e+07,
1.88819e+07,
1.90162e+07,
1.91583e+07,
1.92966e+07,
1.94368e+07,
1.95824e+07,
1.97269e+07,
1.98761e+07,
2.00274e+07,
2.0171e+07,
2.03112e+07,
2.045e+07,
2.05967e+07,
2.0747e+07,
2.08952e+07,
2.10425e+07,
2.119e+07,
2.13411e+07,
2.14979e+07,
2.1644e+07,
2.17867e+07,
2.19355e+07,
2.20972e+07,
2.22514e+07,
2.24066e+07,
2.25631e+07,
2.27252e+07,
2.28949e+07,
2.30695e+07,
2.32453e+07,
2.34308e+07,
2.36037e+07,
2.37717e+07,
2.3933e+07,
2.40909e+07,
2.42476e+07,
2.44056e+07,
2.45653e+07,
2.4731e+07,
2.48936e+07,
2.50509e+07,
2.52106e+07,
2.53744e+07,
2.55285e+07,
2.56811e+07,
2.58333e+07,
2.59882e+07,
2.6146e+07,
2.63134e+07,
2.64691e+07,
2.66195e+07,
2.67683e+07,
2.69207e+07,
2.70719e+07,
2.72214e+07,
2.73677e+07,
2.75154e+07,
2.76658e+07,
2.78166e+07,
2.79663e+07,
2.81165e+07,
2.82752e+07,
2.84441e+07,
2.86109e+07,
2.87776e+07,
2.8952e+07,
2.91436e+07,
2.93135e+07,
2.94781e+07,
2.96378e+07,
2.97977e+07,
2.99633e+07,
3.01383e+07,
3.03094e+07,
3.04801e+07,
3.06588e+07,
3.08267e+07,
3.09916e+07,
3.11574e+07,
3.13212e+07,
3.14786e+07,
3.16405e+07,
3.18113e+07,
3.19786e+07,
3.21481e+07,
3.23149e+07,
3.24747e+07,
3.26329e+07,
3.2792e+07,
3.29529e+07,
3.31086e+07,
3.32674e+07,
3.34335e+07,
3.35954e+07,
3.37606e+07,
3.39174e+07,
3.40716e+07,
3.42234e+07,
3.43692e+07,
3.45164e+07,
3.46605e+07,
3.48082e+07,
3.49617e+07,
3.51153e+07,
3.52611e+07,
3.5401e+07,
3.55404e+07,
3.56772e+07,
3.58133e+07,
3.5953e+07,
3.60885e+07,
478966,
479234,
479580,
479923,
480286,
480686,
481258,
481803,
482268,
482661,
483021,
483396,
483717,
484138,
484493,
484798,
485117,
485438,
485781,
486072,
486371,
486709,
487101,
487414,
487729,
488165,
488505,
488866,
489346,
489727,
490214,
490683,
491075,
491387,
491690,
492028,
492393,
492683,
493087,
493496,
493916,
494290,
494766,
495155,
495553,
495959,
496417,
496851,
497204,
497581,
498023,
498431,
498945,
499368,
499809,
500303,
500909,
501469,
502137,
502705,
503261,
503867,
504347,
505005,
505601,
506153,
506728,
507359,
508028,
508521,
509326,
510080,
510802,
511406,
512244,
513048,
513827,
514599,
515401,
516097,
516826,
517616,
518355,
519044,
519718,
520545,
521356,
522132,
522936,
523678,
524461,
525302,
526132,
526975,
527812,
528598,
529429,
530321,
531098,
531863,
532686,
533546,
534389,
535265,
536187,
536969,
537808,
538680,
539611,
540533,
541414,
542351,
543248,
544139,
545109,
546011,
546998,
547858,
548765,
549572,
550519,
551448,
552330,
553279,
554173,
555059,
556094,
557065,
557943,
558831,
559763,
560689,
561761,
562803,
563833,
564826,
565957,
567001,
568004,
568981,
569883,
570940,
571979,
572958,
573974,
575065,
576145,
577126,
578259,
579180,
580182,
581188,
582298,
583286,
584341,
585507,
586647,
587775,
588991,
590236,
591321,
592372,
593588,
594576,
595656,
596794,
597916,
599046,
600236,
601393,
602473,
603609,
604665,
605884,
607139,
608437,
609761,
612267,
614889,
617712,
620494,
623096,
625867,
628666,
631475,
633979,
636932,
639756,
642586,
645470,
648258,
651293,
654139,
657170,
660138,
663073,
665833,
668688,
671751,
674844,
677871,
681297,
684731,
687978,
691599,
695094,
698690,
702068,
705647,
709429,
712960,
716492,
720105,
723664,
727409,
731008,
734527,
737909,
741644,
745154,
748875,
752466,
756264,
759880,
763616,
767489,
771552,
775694,
779628,
783728,
787771,
791925,
796146,
800455,
804492,
808369,
812533,
816771,
820945,
825106,
829315,
833376,
837650,
841781,
845983,
850236,
854429,
858737,
862870,
867029,
871311,
875833,
880337,
885106,
889836,
894510,
899030,
903633,
908264,
912615,
917221,
921790,
926448,
931159,
935976,
940607,
945416,
950338,
955097,
959926,
964656,
969436,
974485,
979154,
983866,
988518,
993243,
998533,
1.00373e+06,
1.00885e+06,
1.01404e+06,
1.01912e+06,
1.02438e+06,
1.02961e+06,
1.03463e+06,
1.03974e+06,
1.0449e+06,
1.04994e+06,
1.05503e+06,
1.06048e+06,
1.06565e+06,
1.0709e+06,
1.07644e+06,
1.08187e+06,
1.08734e+06,
1.09293e+06,
1.09858e+06,
1.10408e+06,
1.10951e+06,
1.11488e+06,
1.12021e+06,
1.12565e+06,
1.13116e+06,
1.13646e+06,
1.14211e+06,
1.14807e+06,
1.15379e+06,
1.15987e+06,
1.1657e+06,
1.17153e+06,
1.1775e+06,
1.18343e+06,
1.18941e+06,
1.19564e+06,
1.20159e+06,
1.20768e+06,
1.21377e+06,
1.21958e+06,
1.22548e+06,
1.2315e+06,
1.2375e+06,
1.2437e+06,
1.24968e+06,
1.25576e+06,
1.26198e+06,
1.26816e+06,
1.27448e+06,
1.28076e+06,
1.28715e+06,
1.29351e+06,
1.29981e+06,
1.30629e+06,
1.31296e+06,
1.31957e+06,
1.32623e+06,
1.33288e+06,
1.33956e+06,
1.34635e+06,
1.35306e+06,
1.35985e+06,
1.36675e+06,
1.3733e+06,
1.38007e+06,
1.38709e+06,
1.39386e+06,
1.40071e+06,
1.40767e+06,
1.41472e+06,
1.4218e+06,
1.42897e+06,
1.43592e+06,
1.44305e+06,
1.45007e+06,
1.45712e+06,
1.46405e+06,
1.47129e+06,
1.47826e+06,
1.48558e+06,
1.49284e+06,
1.50006e+06,
1.50739e+06,
1.51486e+06,
1.52277e+06,
1.53049e+06,
1.53824e+06,
1.54595e+06,
1.55343e+06,
1.56102e+06,
1.56858e+06,
1.57639e+06,
1.58442e+06,
1.59214e+06,
1.60001e+06,
1.60794e+06,
1.61577e+06,
1.62379e+06,
1.63208e+06,
1.64018e+06,
1.64831e+06,
1.65629e+06,
1.66444e+06,
1.67247e+06,
1.68043e+06,
1.6887e+06,
1.69675e+06,
1.70488e+06,
1.7133e+06,
1.72195e+06,
1.73048e+06,
1.73919e+06,
1.74787e+06,
1.75673e+06,
1.76545e+06,
1.77401e+06,
1.78284e+06,
1.7918e+06,
1.80077e+06,
1.80975e+06,
1.81869e+06,
1.82746e+06,
1.8365e+06,
1.8452e+06,
1.85421e+06,
1.86354e+06,
1.87307e+06,
1.88264e+06,
1.89205e+06,
1.90136e+06,
1.91068e+06,
1.92022e+06,
1.92951e+06,
1.93879e+06,
1.94811e+06,
1.95769e+06,
1.96763e+06,
1.97762e+06,
1.98779e+06,
1.99801e+06,
2.00815e+06,
2.0184e+06,
2.02858e+06,
2.03892e+06,
2.04961e+06,
2.05984e+06,
2.07016e+06,
2.08025e+06,
2.09048e+06,
2.10108e+06,
2.1117e+06,
2.12273e+06,
2.13357e+06,
2.14451e+06,
2.15553e+06,
2.16667e+06,
2.1777e+06,
2.1888e+06,
2.19993e+06,
2.21107e+06,
2.22219e+06,
2.2335e+06,
2.24448e+06,
2.25584e+06,
2.26789e+06,
2.27965e+06,
2.29163e+06,
2.30376e+06,
2.31563e+06,
2.3278e+06,
2.34037e+06,
2.35246e+06,
2.36455e+06,
2.37681e+06,
2.38924e+06,
2.40203e+06,
2.41487e+06,
2.42768e+06,
2.44052e+06,
2.45356e+06,
2.4667e+06,
2.47993e+06,
2.49285e+06,
2.50625e+06,
2.51971e+06,
2.53329e+06,
2.54696e+06,
2.56065e+06,
2.57485e+06,
2.58907e+06,
2.60293e+06,
2.61703e+06,
2.63101e+06,
2.64474e+06,
2.65929e+06,
2.67421e+06,
2.68885e+06,
2.70391e+06,
2.71891e+06,
2.73427e+06,
2.74993e+06,
2.76548e+06,
2.7811e+06,
2.7966e+06,
2.81232e+06,
2.82817e+06,
2.84371e+06,
2.85958e+06,
2.87585e+06,
2.89201e+06,
2.90872e+06,
2.92597e+06,
2.94293e+06,
2.9594e+06,
2.97618e+06,
2.99341e+06,
3.01035e+06,
3.02727e+06,
3.04446e+06,
3.06158e+06,
3.07887e+06,
3.09704e+06,
3.11542e+06,
3.13335e+06,
3.15161e+06,
3.1701e+06,
3.18868e+06,
3.20745e+06,
3.22596e+06,
3.24477e+06,
3.26385e+06,
3.28324e+06,
3.30273e+06,
3.32231e+06,
3.34195e+06,
3.36189e+06,
3.38216e+06,
3.40216e+06,
3.42272e+06,
3.44337e+06,
3.46442e+06,
3.48552e+06,
3.5069e+06,
3.52869e+06,
3.5502e+06,
3.57169e+06,
3.59359e+06,
3.61568e+06,
3.63801e+06,
3.66049e+06,
3.68408e+06,
3.70741e+06,
3.73083e+06,
3.75444e+06,
3.77836e+06,
3.8028e+06,
3.82722e+06,
3.85194e+06,
3.87742e+06,
3.90324e+06,
3.92896e+06,
3.95502e+06,
3.98093e+06,
4.00729e+06,
4.03353e+06,
4.06075e+06,
4.08881e+06,
4.11663e+06,
4.14519e+06,
4.17359e+06,
4.20281e+06,
4.23223e+06,
4.26197e+06,
4.29288e+06,
4.32409e+06,
4.35557e+06,
4.38742e+06,
4.42023e+06,
4.45275e+06,
4.48624e+06,
4.5209e+06,
4.55719e+06,
4.59257e+06,
4.62853e+06,
4.66431e+06,
4.70094e+06,
4.73847e+06,
4.77591e+06,
4.81529e+06,
4.85477e+06,
4.89424e+06,
4.93428e+06,
4.97506e+06,
5.01642e+06,
5.0597e+06,
5.10404e+06,
5.14806e+06,
5.19233e+06,
5.23827e+06,
5.28467e+06,
5.33255e+06,
5.38154e+06,
5.43061e+06,
5.48074e+06,
5.53252e+06,
5.58581e+06,
5.64138e+06,
5.6984e+06,
5.75597e+06,
5.81501e+06,
5.87556e+06,
5.93845e+06,
6.00463e+06,
6.07266e+06,
6.14241e+06,
6.21476e+06,
6.2917e+06,
6.37306e+06,
6.4574e+06,
6.54737e+06,
6.64354e+06,
6.75135e+06,
6.88123e+06,
7.03515e+06,
7.17803e+06,
7.32242e+06,
7.47123e+06,
7.62422e+06,
7.7864e+06,
7.96953e+06,
8.19267e+06,
8.4279e+06,
8.62623e+06,
8.81548e+06,
8.95668e+06,
9.06794e+06,
9.17964e+06,
9.29089e+06,
9.40272e+06,
9.51803e+06,
9.63983e+06,
9.76639e+06,
9.89868e+06,
1.0034e+07,
1.01669e+07,
1.02919e+07,
1.04161e+07,
1.05431e+07,
1.0674e+07,
1.08101e+07,
1.09545e+07,
1.11088e+07,
1.12626e+07,
1.14244e+07,
1.15965e+07,
1.17757e+07,
1.1929e+07,
1.20744e+07,
1.22172e+07,
1.23585e+07,
1.25059e+07,
1.26595e+07,
1.28116e+07,
1.29611e+07,
1.31061e+07,
1.32476e+07,
1.33884e+07,
1.35273e+07,
1.36637e+07,
1.3805e+07,
1.39461e+07,
1.40922e+07,
1.42353e+07,
1.43796e+07,
1.45088e+07,
1.46339e+07,
1.47598e+07,
1.48883e+07,
1.50123e+07,
1.51338e+07,
1.5258e+07,
1.53888e+07,
1.55182e+07,
1.56479e+07,
1.57775e+07,
1.59044e+07,
1.60297e+07,
1.6155e+07,
1.62805e+07,
1.64075e+07,
1.65326e+07,
1.6663e+07,
1.6797e+07,
1.6929e+07,
1.70568e+07,
1.71837e+07,
1.73103e+07,
1.74366e+07,
1.75651e+07,
1.76952e+07,
1.78291e+07,
1.79653e+07,
1.81014e+07,
1.82362e+07,
1.83693e+07,
1.85011e+07,
1.86328e+07,
1.87668e+07,
1.89068e+07,
1.90439e+07,
1.91826e+07,
1.93261e+07,
1.94774e+07,
1.96286e+07,
1.9774e+07,
1.992e+07,
2.00705e+07,
2.02191e+07,
2.03665e+07,
2.05163e+07,
2.06673e+07,
2.08266e+07,
2.09936e+07,
2.116e+07,
2.13281e+07,
2.14954e+07,
2.16584e+07,
2.18212e+07,
2.19918e+07,
2.21713e+07,
2.23417e+07,
2.25103e+07,
2.2687e+07,
2.28671e+07,
2.30359e+07,
2.32013e+07,
2.33616e+07,
2.35167e+07,
2.36724e+07,
2.38306e+07,
2.39965e+07,
2.41654e+07,
2.43416e+07,
2.45106e+07,
2.46714e+07,
2.48303e+07,
2.49852e+07,
2.51395e+07,
2.5295e+07,
2.54505e+07,
2.56109e+07,
2.57718e+07,
2.59411e+07,
2.611e+07,
2.62698e+07,
2.64237e+07,
2.65776e+07,
2.67307e+07,
2.6886e+07,
2.70455e+07,
2.72018e+07,
2.73556e+07,
2.75158e+07,
2.76752e+07,
2.78316e+07,
2.7983e+07,
2.81325e+07,
2.82833e+07,
2.84342e+07,
2.85857e+07,
2.87375e+07,
2.88941e+07,
2.90582e+07,
2.92301e+07,
2.93951e+07,
2.95592e+07,
2.97277e+07,
2.99038e+07,
3.00742e+07,
3.02492e+07,
3.04187e+07,
3.05852e+07,
3.07565e+07,
3.09376e+07,
3.11103e+07,
3.12795e+07,
3.14543e+07,
3.16245e+07,
3.17907e+07,
3.19553e+07,
3.21116e+07,
3.22676e+07,
3.24276e+07,
3.26003e+07,
3.2762e+07,
3.29245e+07,
3.30849e+07,
3.32376e+07,
3.33884e+07,
3.35401e+07,
3.36919e+07,
3.38423e+07,
3.39973e+07,
3.41643e+07,
3.43227e+07,
3.4481e+07,
3.46303e+07,
3.47761e+07,
3.49199e+07,
3.50634e+07,
3.52073e+07,
3.53523e+07,
3.55036e+07,
3.56651e+07,
3.58235e+07,
3.59729e+07,
3.6117e+07,
3.62585e+07,
3.63993e+07,
3.65396e+07,
3.66776e+07,
3.68117e+07,
478966,
479238,
479563,
479932,
480242,
480580,
481195,
481740,
482212,
482556,
482948,
483341,
483633,
484041,
484368,
484687,
484961,
485286,
485613,
485910,
486257,
486564,
486898,
487197,
487550,
487966,
488248,
488643,
489052,
489607,
490059,
490473,
490790,
491119,
491394,
491763,
492036,
492432,
492858,
493190,
493532,
493978,
494408,
494846,
495281,
495648,
495970,
496399,
496827,
497191,
497586,
498013,
498436,
498852,
499321,
499762,
500338,
500877,
501449,
502067,
502667,
503219,
503859,
504331,
504931,
505444,
505997,
506569,
507237,
508024,
508732,
509452,
510105,
510866,
511597,
512276,
513110,
513834,
514548,
515299,
515986,
516777,
517457,
518138,
518868,
519610,
520325,
521070,
521836,
522718,
523531,
524368,
525173,
525905,
526694,
527444,
528240,
528988,
529827,
530583,
531369,
532249,
533084,
533844,
534679,
535516,
536312,
537212,
537953,
538822,
539691,
540579,
541538,
542423,
543388,
544301,
545209,
546085,
547085,
547870,
548656,
549487,
550384,
551287,
552144,
553166,
554011,
554996,
555941,
556858,
557719,
558687,
559735,
560684,
561760,
562719,
563679,
564605,
565631,
566609,
567609,
568579,
569658,
570617,
571575,
572529,
573525,
574447,
575478,
576545,
577525,
578521,
579520,
580619,
581693,
582749,
583833,
584917,
586019,
587052,
588178,
589301,
590499,
591540,
592636,
593775,
594841,
596019,
597174,
598286,
599431,
600493,
601590,
602746,
603822,
605241,
608115,
610658,
613521,
616329,
619017,
621876,
624514,
627184,
629882,
632629,
635516,
638234,
641071,
643810,
646680,
649609,
652500,
655424,
658197,
661139,
664035,
667075,
670182,
673275,
676430,
679794,
683140,
686532,
690020,
693473,
697116,
700712,
704079,
707843,
711492,
715056,
718590,
722140,
725873,
729579,
733247,
736786,
740241,
743805,
747320,
751015,
754875,
758361,
762333,
766616,
770691,
774837,
779030,
782853,
786910,
791057,
795195,
799502,
803678,
807852,
811856,
816064,
820240,
824209,
828448,
832709,
836911,
841258,
845305,
849591,
853680,
857915,
862256,
866721,
871173,
875797,
880019,
884682,
889528,
894269,
898938,
903500,
908065,
912402,
916879,
921423,
926133,
930814,
935374,
939964,
944625,
949533,
954206,
959043,
963657,
968222,
972953,
977621,
982279,
987191,
992324,
997700,
1.00291e+06,
1.00829e+06,
1.01349e+06,
1.01858e+06,
1.02387e+06,
1.02898e+06,
1.03406e+06,
1.03921e+06,
1.04447e+06,
1.0494e+06,
1.05455e+06,
1.05978e+06,
1.06502e+06,
1.07028e+06,
1.07558e+06,
1.08112e+06,
1.08654e+06,
1.092e+06,
1.0973e+06,
1.10265e+06,
1.10839e+06,
1.11387e+06,
1.11921e+06,
1.1245e+06,
1.13026e+06,
1.13609e+06,
1.14183e+06,
1.14758e+06,
1.15343e+06,
1.15933e+06,
1.16517e+06,
1.17112e+06,
1.17685e+06,
1.18279e+06,
1.18851e+06,
1.19448e+06,
1.20066e+06,
1.20667e+06,
1.21285e+06,
1.21875e+06,
1.22476e+06,
1.23084e+06,
1.2367e+06,
1.24281e+06,
1.24898e+06,
1.25527e+06,
1.26146e+06,
1.26766e+06,
1.27397e+06,
1.28024e+06,
1.28645e+06,
1.29291e+06,
1.29949e+06,
1.30589e+06,
1.31236e+06,
1.31877e+06,
1.32552e+06,
1.3321e+06,
1.33916e+06,
1.34609e+06,
1.35293e+06,
1.35956e+06,
1.36638e+06,
1.37313e+06,
1.37996e+06,
1.38664e+06,
1.39328e+06,
1.39997e+06,
1.40682e+06,
1.41379e+06,
1.4211e+06,
1.42798e+06,
1.43491e+06,
1.44183e+06,
1.44896e+06,
1.45598e+06,
1.46308e+06,
1.4703e+06,
1.47779e+06,
1.48502e+06,
1.49251e+06,
1.49993e+06,
1.50734e+06,
1.51473e+06,
1.52227e+06,
1.5299e+06,
1.53746e+06,
1.54534e+06,
1.55311e+06,
1.56089e+06,
1.56859e+06,
1.57631e+06,
1.58433e+06,
1.59223e+06,
1.6002e+06,
1.60779e+06,
1.6156e+06,
1.62362e+06,
1.63166e+06,
1.63993e+06,
1.64809e+06,
1.65605e+06,
1.66426e+06,
1.67196e+06,
1.68011e+06,
1.68802e+06,
1.69623e+06,
1.70488e+06,
1.71335e+06,
1.72161e+06,
1.73015e+06,
1.73853e+06,
1.74754e+06,
1.75655e+06,
1.76524e+06,
1.77422e+06,
1.78306e+06,
1.79206e+06,
1.80092e+06,
1.80966e+06,
1.8184e+06,
1.82719e+06,
1.83606e+06,
1.84487e+06,
1.85395e+06,
1.86312e+06,
1.87268e+06,
1.88209e+06,
1.89151e+06,
1.90107e+06,
1.91075e+06,
1.92034e+06,
1.92977e+06,
1.93884e+06,
1.94821e+06,
1.95807e+06,
1.96809e+06,
1.97777e+06,
1.98763e+06,
1.99784e+06,
2.00811e+06,
2.01844e+06,
2.02842e+06,
2.03887e+06,
2.04918e+06,
2.05972e+06,
2.07037e+06,
2.08084e+06,
2.09132e+06,
2.10158e+06,
2.11215e+06,
2.12285e+06,
2.13375e+06,
2.14456e+06,
2.15569e+06,
2.16652e+06,
2.17735e+06,
2.18856e+06,
2.19958e+06,
2.2107e+06,
2.22217e+06,
2.23354e+06,
2.24469e+06,
2.25652e+06,
2.26834e+06,
2.28009e+06,
2.29223e+06,
2.30427e+06,
2.31647e+06,
2.32867e+06,
2.34054e+06,
2.35287e+06,
2.3647e+06,
2.37705e+06,
2.38947e+06,
2.40239e+06,
2.41534e+06,
2.42821e+06,
2.44164e+06,
2.45471e+06,
2.46761e+06,
2.48054e+06,
2.49357e+06,
2.50646e+06,
2.51984e+06,
2.53323e+06,
2.54665e+06,
2.55993e+06,
2.57372e+06,
2.58781e+06,
2.60212e+06,
2.6165e+06,
2.6309e+06,
2.64536e+06,
2.66021e+06,
2.67516e+06,
2.69005e+06,
2.70487e+06,
2.71992e+06,
2.73487e+06,
2.75012e+06,
2.76557e+06,
2.78116e+06,
2.79677e+06,
2.81271e+06,
2.82865e+06,
2.84423e+06,
2.86017e+06,
2.87643e+06,
2.89274e+06,
2.90907e+06,
2.92527e+06,
2.94221e+06,
2.9595e+06,
2.97658e+06,
2.99384e+06,
3.01092e+06,
3.02801e+06,
3.04507e+06,
3.06252e+06,
3.08036e+06,
3.09841e+06,
3.11642e+06,
3.13464e+06,
3.15321e+06,
3.17199e+06,
3.19055e+06,
3.20906e+06,
3.22771e+06,
3.24646e+06,
3.26571e+06,
3.28437e+06,
3.30344e+06,
3.3234e+06,
3.34333e+06,
3.3632e+06,
3.3834e+06,
3.40368e+06,
3.42418e+06,
3.44457e+06,
3.46536e+06,
3.486e+06,
3.50736e+06,
3.52855e+06,
3.55015e+06,
3.5721e+06,
3.59419e+06,
3.61662e+06,
3.63958e+06,
3.66218e+06,
3.68534e+06,
3.70897e+06,
3.7329e+06,
3.75671e+06,
3.78106e+06,
3.80484e+06,
3.82949e+06,
3.85421e+06,
3.87944e+06,
3.90473e+06,
3.93077e+06,
3.95666e+06,
3.98285e+06,
4.00934e+06,
4.03603e+06,
4.06286e+06,
4.09034e+06,
4.11849e+06,
4.14697e+06,
4.17627e+06,
4.20512e+06,
4.23465e+06,
4.26438e+06,
4.29508e+06,
4.3264e+06,
4.35838e+06,
4.39121e+06,
4.42379e+06,
4.45733e+06,
4.49085e+06,
4.52513e+06,
4.55912e+06,
4.5947e+06,
4.63142e+06,
4.66889e+06,
4.70597e+06,
4.74342e+06,
4.78124e+06,
4.81975e+06,
4.85849e+06,
4.89862e+06,
4.93955e+06,
4.9801e+06,
5.02172e+06,
5.06414e+06,
5.10627e+06,
5.15048e+06,
5.19631e+06,
5.24204e+06,
5.28824e+06,
5.33537e+06,
5.38302e+06,
5.43171e+06,
5.48287e+06,
5.5353e+06,
5.58786e+06,
5.64208e+06,
5.69713e+06,
5.75404e+06,
5.81397e+06,
5.87479e+06,
5.93707e+06,
5.99979e+06,
6.0651e+06,
6.13455e+06,
6.20652e+06,
6.28086e+06,
6.35783e+06,
6.43924e+06,
6.52528e+06,
6.61773e+06,
6.71815e+06,
6.83727e+06,
6.97891e+06,
7.11091e+06,
7.24113e+06,
7.37082e+06,
7.50277e+06,
7.64079e+06,
7.78371e+06,
7.9323e+06,
8.09151e+06,
8.26747e+06,
8.47827e+06,
8.70287e+06,
8.89333e+06,
9.0694e+06,
9.23916e+06,
9.40523e+06,
9.53788e+06,
9.65158e+06,
9.76975e+06,
9.89986e+06,
1.00384e+07,
1.01799e+07,
1.03158e+07,
1.04504e+07,
1.0586e+07,
1.07228e+07,
1.08624e+07,
1.10017e+07,
1.11417e+07,
1.12889e+07,
1.14486e+07,
1.16212e+07,
1.18075e+07,
1.19766e+07,
1.21341e+07,
1.22864e+07,
1.24369e+07,
1.25859e+07,
1.27347e+07,
1.28838e+07,
1.30369e+07,
1.31916e+07,
1.33388e+07,
1.3484e+07,
1.36277e+07,
1.3771e+07,
1.39163e+07,
1.40638e+07,
1.42088e+07,
1.43563e+07,
1.4505e+07,
1.46546e+07,
1.48018e+07,
1.49457e+07,
1.50925e+07,
1.52357e+07,
1.53763e+07,
1.55052e+07,
1.5635e+07,
1.57671e+07,
1.59048e+07,
1.60467e+07,
1.61863e+07,
1.63198e+07,
1.64512e+07,
1.65826e+07,
1.67102e+07,
1.68392e+07,
1.6971e+07,
1.711e+07,
1.72529e+07,
1.73942e+07,
1.75374e+07,
1.76743e+07,
1.78067e+07,
1.79392e+07,
1.80735e+07,
1.82118e+07,
1.83501e+07,
1.84907e+07,
1.86359e+07,
1.8782e+07,
1.89324e+07,
1.90797e+07,
1.92261e+07,
1.93751e+07,
1.95209e+07,
1.96681e+07,
1.98178e+07,
1.99737e+07,
2.0138e+07,
2.03032e+07,
2.04755e+07,
2.06503e+07,
2.0832e+07,
2.10163e+07,
2.11868e+07,
2.13503e+07,
2.15113e+07,
2.16733e+07,
2.18434e+07,
2.20135e+07,
2.21927e+07,
2.23626e+07,
2.25266e+07,
2.26889e+07,
2.28512e+07,
2.30128e+07,
2.31729e+07,
2.33359e+07,
2.35081e+07,
2.36724e+07,
2.38377e+07,
2.40018e+07,
2.41615e+07,
2.43204e+07,
2.44812e+07,
2.46443e+07,
2.48124e+07,
2.49859e+07,
2.51582e+07,
2.53221e+07,
2.54832e+07,
2.56454e+07,
2.58019e+07,
2.59593e+07,
2.6118e+07,
2.62787e+07,
2.64399e+07,
2.66033e+07,
2.67708e+07,
2.69333e+07,
2.70953e+07,
2.72588e+07,
2.74181e+07,
2.75764e+07,
2.77384e+07,
2.78955e+07,
2.80506e+07,
2.8206e+07,
2.83646e+07,
2.85227e+07,
2.86809e+07,
2.88424e+07,
2.9002e+07,
2.91614e+07,
2.93156e+07,
2.94677e+07,
2.96224e+07,
2.9775e+07,
2.99347e+07,
3.00908e+07,
3.02501e+07,
3.04134e+07,
3.05828e+07,
3.07447e+07,
3.09037e+07,
3.10623e+07,
3.12235e+07,
3.13952e+07,
3.1566e+07,
3.17301e+07,
3.18942e+07,
3.20663e+07,
3.22334e+07,
3.23945e+07,
3.25516e+07,
3.27079e+07,
3.28649e+07,
3.30274e+07,
3.31945e+07,
3.33568e+07,
3.3523e+07,
3.36922e+07,
3.38546e+07,
3.40103e+07,
3.41648e+07,
3.43174e+07,
3.44692e+07,
3.46244e+07,
3.47845e+07,
3.49418e+07,
3.50987e+07,
3.52457e+07,
3.53937e+07,
3.55375e+07,
3.56776e+07,
3.58168e+07,
3.59584e+07,
3.6105e+07,
3.62573e+07,
3.64078e+07,
3.65544e+07,
3.66962e+07,
3.68388e+07,
3.69791e+07,
3.71158e+07,
3.72507e+07,
3.73869e+07,
478966,
479235,
479550,
479876,
480233,
480553,
481112,
481679,
482130,
482479,
482836,
483195,
483501,
483873,
484243,
484553,
484821,
485094,
485457,
485788,
486172,
486467,
486742,
487066,
487414,
487733,
488106,
488405,
488862,
489327,
489853,
490227,
490519,
490779,
491112,
491454,
491814,
492117,
492515,
492822,
493172,
493565,
494051,
494462,
494804,
495192,
495535,
495885,
496345,
496752,
497196,
497573,
497954,
498327,
498798,
499284,
499743,
500228,
500801,
501415,
502127,
502645,
503151,
503691,
504101,
504693,
505349,
505959,
506601,
507339,
508077,
508786,
509471,
510209,
510915,
511617,
512315,
513064,
513673,
514408,
515226,
515926,
516616,
517325,
518034,
518693,
519386,
520103,
520804,
521631,
522436,
523294,
524129,
524863,
525625,
526334,
527060,
527799,
528586,
529279,
530066,
530914,
531709,
532504,
533340,
534120,
534958,
535727,
536469,
537289,
538052,
538839,
539764,
540703,
541570,
542477,
543434,
544247,
545021,
545898,
546723,
547624,
548477,
549326,
550257,
551095,
551973,
553000,
553919,
554797,
555580,
556499,
557401,
558304,
559286,
560141,
561141,
562131,
563101,
564099,
565098,
566051,
567048,
567961,
569035,
570023,
570969,
571974,
572981,
573978,
574977,
575912,
576958,
578057,
579108,
580107,
581116,
582147,
583300,
584299,
585267,
586294,
587373,
588536,
589548,
590653,
591835,
592858,
593899,
595017,
596033,
597148,
598316,
599391,
600920,
603826,
606269,
609097,
611964,
614682,
617307,
619917,
622556,
625266,
628122,
631041,
633805,
636502,
639356,
641917,
644915,
647826,
650645,
653502,
656332,
659278,
662356,
665346,
668579,
671912,
674809,
678029,
681109,
684514,
688200,
691775,
695239,
698736,
702288,
705822,
709312,
712822,
716459,
720074,
723893,
727537,
731226,
734693,
738197,
741889,
745447,
749315,
753186,
757462,
761564,
765605,
769616,
773520,
777633,
781656,
785495,
789584,
793678,
797871,
802029,
806226,
810466,
814335,
818530,
822915,
826940,
830911,
835104,
839317,
843574,
847781,
852128,
856595,
861005,
865673,
870260,
874701,
879169,
883566,
888004,
892652,
897161,
901689,
906330,
910838,
915280,
919738,
924279,
928910,
933517,
937979,
942784,
947274,
952061,
956690,
961295,
966040,
970803,
975733,
980975,
985931,
991133,
996053,
1.00117e+06,
1.00641e+06,
1.01159e+06,
1.01668e+06,
1.02202e+06,
1.02713e+06,
1.03221e+06,
1.03744e+06,
1.04249e+06,
1.04775e+06,
1.05289e+06,
1.05792e+06,
1.06308e+06,
1.0682e+06,
1.07355e+06,
1.07879e+06,
1.08421e+06,
1.08969e+06,
1.09513e+06,
1.10051e+06,
1.10601e+06,
1.11144e+06,
1.11713e+06,
1.12294e+06,
1.12904e+06,
1.13478e+06,
1.14052e+06,
1.14621e+06,
1.15207e+06,
1.15787e+06,
1.16381e+06,
1.16958e+06,
1.17521e+06,
1.18096e+06,
1.18682e+06,
1.19267e+06,
1.19869e+06,
1.20462e+06,
1.21068e+06,
1.21673e+06,
1.22267e+06,
1.22887e+06,
1.23518e+06,
1.24141e+06,
1.24756e+06,
1.25378e+06,
1.25977e+06,
1.26619e+06,
1.27241e+06,
1.27865e+06,
1.28513e+06,
1.29161e+06,
1.29793e+06,
1.30442e+06,
1.31096e+06,
1.31756e+06,
1.32427e+06,
1.33113e+06,
1.33802e+06,
1.34478e+06,
1.35151e+06,
1.35804e+06,
1.36474e+06,
1.37139e+06,
1.37838e+06,
1.38509e+06,
1.39178e+06,
1.39864e+06,
1.40543e+06,
1.41221e+06,
1.41915e+06,
1.42612e+06,
1.4331e+06,
1.44013e+06,
1.44728e+06,
1.45449e+06,
1.4615e+06,
1.46866e+06,
1.4759e+06,
1.48328e+06,
1.49065e+06,
1.4982e+06,
1.50576e+06,
1.51321e+06,
1.52066e+06,
1.52829e+06,
1.53576e+06,
1.54346e+06,
1.55096e+06,
1.5588e+06,
1.56633e+06,
1.57413e+06,
1.58176e+06,
1.58958e+06,
1.59712e+06,
1.60509e+06,
1.61297e+06,
1.62083e+06,
1.62869e+06,
1.63657e+06,
1.64471e+06,
1.65303e+06,
1.66111e+06,
1.66916e+06,
1.67719e+06,
1.68549e+06,
1.69398e+06,
1.70255e+06,
1.71111e+06,
1.71959e+06,
1.72838e+06,
1.73677e+06,
1.74532e+06,
1.75399e+06,
1.76277e+06,
1.77133e+06,
1.78038e+06,
1.78933e+06,
1.79815e+06,
1.80724e+06,
1.81636e+06,
1.82519e+06,
1.83435e+06,
1.84313e+06,
1.85207e+06,
1.86115e+06,
1.87022e+06,
1.87956e+06,
1.88869e+06,
1.89833e+06,
1.90753e+06,
1.91731e+06,
1.92678e+06,
1.9365e+06,
1.94621e+06,
1.95615e+06,
1.96597e+06,
1.97581e+06,
1.98581e+06,
1.99601e+06,
2.0062e+06,
2.0166e+06,
2.027e+06,
2.0372e+06,
2.04742e+06,
2.05765e+06,
2.06833e+06,
2.07881e+06,
2.08918e+06,
2.09954e+06,
2.11018e+06,
2.12083e+06,
2.13152e+06,
2.14223e+06,
2.15329e+06,
2.16444e+06,
2.17588e+06,
2.1869e+06,
2.19804e+06,
2.20937e+06,
2.2207e+06,
2.2321e+06,
2.24365e+06,
2.25496e+06,
2.26666e+06,
2.27832e+06,
2.29016e+06,
2.30246e+06,
2.31472e+06,
2.3271e+06,
2.33924e+06,
2.3516e+06,
2.36414e+06,
2.37629e+06,
2.38904e+06,
2.4015e+06,
2.41388e+06,
2.42651e+06,
2.4394e+06,
2.45241e+06,
2.46578e+06,
2.4791e+06,
2.49204e+06,
2.50503e+06,
2.51838e+06,
2.53215e+06,
2.54578e+06,
2.55973e+06,
2.5736e+06,
2.58727e+06,
2.60113e+06,
2.61542e+06,
2.62994e+06,
2.64453e+06,
2.65908e+06,
2.67379e+06,
2.68872e+06,
2.70345e+06,
2.71849e+06,
2.7339e+06,
2.74895e+06,
2.76395e+06,
2.77964e+06,
2.79514e+06,
2.81139e+06,
2.8272e+06,
2.84297e+06,
2.8588e+06,
2.87481e+06,
2.89089e+06,
2.90694e+06,
2.9236e+06,
2.9402e+06,
2.95659e+06,
2.97382e+06,
2.99151e+06,
3.00897e+06,
3.02647e+06,
3.0439e+06,
3.06164e+06,
3.07961e+06,
3.09773e+06,
3.11573e+06,
3.13404e+06,
3.15224e+06,
3.17101e+06,
3.18986e+06,
3.20861e+06,
3.22763e+06,
3.24668e+06,
3.26572e+06,
3.28476e+06,
3.30399e+06,
3.32286e+06,
3.34271e+06,
3.36292e+06,
3.38292e+06,
3.40336e+06,
3.42348e+06,
3.4442e+06,
3.46496e+06,
3.48606e+06,
3.50725e+06,
3.52814e+06,
3.54973e+06,
3.57181e+06,
3.59415e+06,
3.61646e+06,
3.63897e+06,
3.66161e+06,
3.68461e+06,
3.70776e+06,
3.73097e+06,
3.75483e+06,
3.77928e+06,
3.80388e+06,
3.8284e+06,
3.85331e+06,
3.87862e+06,
3.90377e+06,
3.92936e+06,
3.95475e+06,
3.98071e+06,
4.00779e+06,
4.03492e+06,
4.06228e+06,
4.08925e+06,
4.11731e+06,
4.146e+06,
4.17426e+06,
4.20306e+06,
4.23256e+06,
4.26285e+06,
4.29391e+06,
4.32554e+06,
4.35714e+06,
4.38938e+06,
4.42244e+06,
4.45585e+06,
4.49008e+06,
4.52458e+06,
4.55916e+06,
4.59411e+06,
4.63016e+06,
4.6669e+06,
4.70398e+06,
4.74171e+06,
4.77997e+06,
4.81936e+06,
4.8583e+06,
4.89853e+06,
4.93849e+06,
4.9785e+06,
5.02015e+06,
5.063e+06,
5.10576e+06,
5.14956e+06,
5.19311e+06,
5.23817e+06,
5.28455e+06,
5.3324e+06,
5.38062e+06,
5.42975e+06,
5.47955e+06,
5.53086e+06,
5.58258e+06,
5.6369e+06,
5.69266e+06,
5.74933e+06,
5.80681e+06,
5.86643e+06,
5.92714e+06,
5.9907e+06,
6.05629e+06,
6.1235e+06,
6.19189e+06,
6.26319e+06,
6.33862e+06,
6.41934e+06,
6.50247e+06,
6.58989e+06,
6.6841e+06,
6.79719e+06,
6.93038e+06,
7.05237e+06,
7.17271e+06,
7.29272e+06,
7.41389e+06,
7.53729e+06,
7.66315e+06,
7.79146e+06,
7.9246e+06,
8.06668e+06,
8.21643e+06,
8.36868e+06,
8.52925e+06,
8.7105e+06,
8.92583e+06,
9.12181e+06,
9.30056e+06,
9.46971e+06,
9.64064e+06,
9.81578e+06,
9.99234e+06,
1.01667e+07,
1.03083e+07,
1.0445e+07,
1.05868e+07,
1.07312e+07,
1.08742e+07,
1.1017e+07,
1.11628e+07,
1.13121e+07,
1.14715e+07,
1.16354e+07,
1.1811e+07,
1.19967e+07,
1.21646e+07,
1.23298e+07,
1.24862e+07,
1.26398e+07,
1.27922e+07,
1.29468e+07,
1.31059e+07,
1.3259e+07,
1.34102e+07,
1.35627e+07,
1.37164e+07,
1.38711e+07,
1.4021e+07,
1.4173e+07,
1.43207e+07,
1.44693e+07,
1.46207e+07,
1.47708e+07,
1.49205e+07,
1.50709e+07,
1.52266e+07,
1.53855e+07,
1.55409e+07,
1.5689e+07,
1.58355e+07,
1.59833e+07,
1.61339e+07,
1.62857e+07,
1.64409e+07,
1.65874e+07,
1.67294e+07,
1.68741e+07,
1.70188e+07,
1.71618e+07,
1.73054e+07,
1.74493e+07,
1.75991e+07,
1.77449e+07,
1.78896e+07,
1.80354e+07,
1.81808e+07,
1.83309e+07,
1.84844e+07,
1.86387e+07,
1.87954e+07,
1.89538e+07,
1.91155e+07,
1.92734e+07,
1.94338e+07,
1.96021e+07,
1.97848e+07,
1.99656e+07,
2.01416e+07,
2.03081e+07,
2.04709e+07,
2.06367e+07,
2.08041e+07,
2.09669e+07,
2.11285e+07,
2.12901e+07,
2.14547e+07,
2.16193e+07,
2.17859e+07,
2.19476e+07,
2.21066e+07,
2.22649e+07,
2.24284e+07,
2.25921e+07,
2.27603e+07,
2.29233e+07,
2.30868e+07,
2.32495e+07,
2.3417e+07,
2.35879e+07,
2.37528e+07,
2.3917e+07,
2.40881e+07,
2.42533e+07,
2.44148e+07,
2.45762e+07,
2.47369e+07,
2.48989e+07,
2.50648e+07,
2.5234e+07,
2.54006e+07,
2.55728e+07,
2.57428e+07,
2.59061e+07,
2.60678e+07,
2.62309e+07,
2.63938e+07,
2.65569e+07,
2.67214e+07,
2.6893e+07,
2.70625e+07,
2.72305e+07,
2.73986e+07,
2.75599e+07,
2.77158e+07,
2.78655e+07,
2.80152e+07,
2.81666e+07,
2.83225e+07,
2.84798e+07,
2.86336e+07,
2.87845e+07,
2.89353e+07,
2.90863e+07,
2.92357e+07,
2.93831e+07,
2.9531e+07,
2.96826e+07,
2.98329e+07,
2.99837e+07,
3.0138e+07,
3.02939e+07,
3.04567e+07,
3.06156e+07,
3.07748e+07,
3.09364e+07,
3.11041e+07,
3.12631e+07,
3.14214e+07,
3.15772e+07,
3.17354e+07,
3.1898e+07,
3.20687e+07,
3.22378e+07,
3.24135e+07,
3.2587e+07,
3.27549e+07,
3.29174e+07,
3.30759e+07,
3.32304e+07,
3.33814e+07,
3.35356e+07,
3.36964e+07,
3.38538e+07,
3.40151e+07,
3.41774e+07,
3.43336e+07,
3.44873e+07,
3.46433e+07,
3.47966e+07,
3.49522e+07,
3.51121e+07,
3.52683e+07,
3.54215e+07,
3.55785e+07,
3.57289e+07,
3.58751e+07,
3.60206e+07,
3.61653e+07,
3.63125e+07,
3.6461e+07,
3.66118e+07,
3.67643e+07,
3.69158e+07,
3.70615e+07,
3.72022e+07,
3.73399e+07,
3.74763e+07,
3.76121e+07,
3.77484e+07,
3.78858e+07,
478966,
479238,
479543,
479835,
480159,
480513,
481047,
481591,
482061,
482426,
482769,
483098,
483452,
483752,
484116,
484377,
484690,
484943,
485245,
485637,
485993,
486267,
486596,
486951,
487268,
487576,
487978,
488309,
488727,
489079,
489427,
489875,
490202,
490507,
490720,
491059,
491441,
491737,
492153,
492532,
492903,
493314,
493700,
494085,
494407,
494759,
495117,
495510,
495908,
496282,
496756,
497201,
497489,
497922,
498319,
498759,
499212,
499590,
500091,
500680,
501192,
501881,
502434,
502995,
503498,
503977,
504603,
505165,
505817,
506572,
507283,
508001,
508708,
509385,
510084,
510758,
511437,
512190,
512828,
513575,
514199,
514842,
515658,
516365,
517045,
517724,
518384,
519011,
519784,
520527,
521310,
522034,
522810,
523506,
524347,
525170,
525903,
526659,
527406,
528077,
528804,
529506,
530296,
531078,
531800,
532656,
533421,
534267,
535008,
535708,
536503,
537365,
538116,
538962,
539783,
540619,
541493,
542409,
543234,
544065,
544853,
545639,
546478,
547285,
548242,
549004,
549997,
550897,
551694,
552501,
553391,
554227,
555131,
556004,
556970,
557908,
558853,
559868,
560789,
561731,
562630,
563495,
564451,
565455,
566484,
567525,
568391,
569420,
570447,
571292,
572237,
573175,
574131,
575030,
576068,
577046,
578174,
579246,
580322,
581311,
582307,
583317,
584360,
585435,
586532,
587606,
588652,
589750,
590868,
591937,
592838,
593882,
594996,
596329,
599153,
601671,
604387,
607130,
609828,
612462,
615069,
617626,
620301,
623061,
626055,
628869,
631553,
634116,
636989,
639918,
642619,
645633,
648329,
651133,
653986,
657002,
659995,
662925,
666103,
669284,
672407,
675584,
678788,
682436,
685824,
689319,
692883,
696261,
699831,
703137,
706694,
710247,
714010,
717602,
721299,
724913,
728527,
732224,
735925,
739784,
743474,
747393,
751461,
755385,
759372,
763247,
767368,
771529,
775470,
779196,
782970,
787149,
791483,
795942,
799919,
804022,
808214,
812114,
816197,
820220,
824170,
828353,
832468,
836997,
841182,
845507,
849950,
854554,
858639,
862967,
867357,
871756,
876272,
880602,
884916,
889505,
894015,
898793,
903367,
907927,
912501,
917045,
921423,
925877,
930317,
934700,
939439,
944224,
948804,
953562,
958552,
963430,
968144,
973127,
978041,
983128,
988053,
993055,
998315,
1.00333e+06,
1.00861e+06,
1.01388e+06,
1.01898e+06,
1.02393e+06,
1.02917e+06,
1.03445e+06,
1.03953e+06,
1.04447e+06,
1.04957e+06,
1.05465e+06,
1.05992e+06,
1.06505e+06,
1.07037e+06,
1.07571e+06,
1.0811e+06,
1.08647e+06,
1.09207e+06,
1.09749e+06,
1.10296e+06,
1.10885e+06,
1.11442e+06,
1.12018e+06,
1.12585e+06,
1.13157e+06,
1.13735e+06,
1.14316e+06,
1.14914e+06,
1.15492e+06,
1.16087e+06,
1.16666e+06,
1.17236e+06,
1.17825e+06,
1.18403e+06,
1.18999e+06,
1.196e+06,
1.20185e+06,
1.20793e+06,
1.21413e+06,
1.22014e+06,
1.22612e+06,
1.23211e+06,
1.23826e+06,
1.24469e+06,
1.25089e+06,
1.257e+06,
1.26311e+06,
1.26959e+06,
1.27616e+06,
1.2825e+06,
1.28901e+06,
1.29535e+06,
1.30189e+06,
1.30839e+06,
1.31502e+06,
1.32129e+06,
1.32795e+06,
1.33461e+06,
1.34134e+06,
1.34825e+06,
1.35489e+06,
1.36154e+06,
1.36807e+06,
1.37468e+06,
1.38154e+06,
1.38823e+06,
1.39517e+06,
1.40192e+06,
1.40896e+06,
1.41591e+06,
1.42294e+06,
1.43005e+06,
1.43701e+06,
1.44426e+06,
1.45132e+06,
1.45868e+06,
1.46597e+06,
1.47309e+06,
1.48015e+06,
1.48754e+06,
1.49479e+06,
1.50231e+06,
1.50973e+06,
1.51715e+06,
1.52449e+06,
1.53206e+06,
1.53958e+06,
1.54736e+06,
1.5551e+06,
1.56269e+06,
1.57034e+06,
1.57824e+06,
1.58602e+06,
1.59359e+06,
1.60141e+06,
1.60896e+06,
1.61673e+06,
1.62479e+06,
1.63272e+06,
1.64085e+06,
1.64911e+06,
1.65713e+06,
1.66526e+06,
1.67381e+06,
1.68215e+06,
1.69059e+06,
1.69893e+06,
1.70731e+06,
1.71562e+06,
1.72388e+06,
1.73236e+06,
1.7409e+06,
1.74942e+06,
1.75809e+06,
1.7668e+06,
1.77553e+06,
1.78441e+06,
1.79384e+06,
1.80272e+06,
1.81152e+06,
1.82035e+06,
1.82917e+06,
1.83827e+06,
1.84706e+06,
1.85617e+06,
1.86518e+06,
1.87437e+06,
1.88373e+06,
1.89317e+06,
1.90291e+06,
1.91239e+06,
1.92229e+06,
1.93197e+06,
1.94198e+06,
1.95211e+06,
1.96216e+06,
1.97221e+06,
1.98204e+06,
1.9918e+06,
2.0018e+06,
2.01189e+06,
2.02208e+06,
2.03244e+06,
2.04256e+06,
2.05307e+06,
2.06358e+06,
2.07416e+06,
2.08487e+06,
2.0954e+06,
2.10597e+06,
2.1168e+06,
2.12756e+06,
2.13827e+06,
2.14936e+06,
2.16008e+06,
2.17146e+06,
2.18292e+06,
2.19406e+06,
2.2053e+06,
2.21673e+06,
2.22838e+06,
2.23989e+06,
2.25183e+06,
2.26347e+06,
2.2755e+06,
2.28732e+06,
2.29947e+06,
2.31167e+06,
2.32366e+06,
2.33592e+06,
2.34846e+06,
2.36042e+06,
2.37301e+06,
2.38552e+06,
2.39822e+06,
2.41089e+06,
2.42379e+06,
2.43684e+06,
2.44987e+06,
2.46283e+06,
2.476e+06,
2.48932e+06,
2.5026e+06,
2.516e+06,
2.52935e+06,
2.5424e+06,
2.5558e+06,
2.56993e+06,
2.58419e+06,
2.59815e+06,
2.61224e+06,
2.62643e+06,
2.64105e+06,
2.65593e+06,
2.67114e+06,
2.68608e+06,
2.70088e+06,
2.71618e+06,
2.731e+06,
2.74583e+06,
2.76102e+06,
2.776e+06,
2.79115e+06,
2.807e+06,
2.82253e+06,
2.83881e+06,
2.85469e+06,
2.87089e+06,
2.88731e+06,
2.90384e+06,
2.92032e+06,
2.93641e+06,
2.9524e+06,
2.96963e+06,
2.98626e+06,
3.0037e+06,
3.02109e+06,
3.03888e+06,
3.05669e+06,
3.07454e+06,
3.09259e+06,
3.11079e+06,
3.12945e+06,
3.14799e+06,
3.16637e+06,
3.18514e+06,
3.20341e+06,
3.22239e+06,
3.24176e+06,
3.26101e+06,
3.28026e+06,
3.29977e+06,
3.31904e+06,
3.33886e+06,
3.35896e+06,
3.37896e+06,
3.39938e+06,
3.41971e+06,
3.4405e+06,
3.46104e+06,
3.48214e+06,
3.50288e+06,
3.52421e+06,
3.54596e+06,
3.56772e+06,
3.59002e+06,
3.6127e+06,
3.63548e+06,
3.65834e+06,
3.68153e+06,
3.70469e+06,
3.72784e+06,
3.7514e+06,
3.77532e+06,
3.79931e+06,
3.82399e+06,
3.84859e+06,
3.87384e+06,
3.8995e+06,
3.92513e+06,
3.95085e+06,
3.9769e+06,
4.00329e+06,
4.03014e+06,
4.05772e+06,
4.08571e+06,
4.11364e+06,
4.14214e+06,
4.17041e+06,
4.19903e+06,
4.22782e+06,
4.25749e+06,
4.28866e+06,
4.32112e+06,
4.3536e+06,
4.38617e+06,
4.41928e+06,
4.45238e+06,
4.48582e+06,
4.51982e+06,
4.55448e+06,
4.59004e+06,
4.62602e+06,
4.66258e+06,
4.69968e+06,
4.73705e+06,
4.77461e+06,
4.81292e+06,
4.85181e+06,
4.89229e+06,
4.93309e+06,
4.97451e+06,
5.01579e+06,
5.05837e+06,
5.10092e+06,
5.14419e+06,
5.18929e+06,
5.23439e+06,
5.2801e+06,
5.32693e+06,
5.37497e+06,
5.4235e+06,
5.47366e+06,
5.52533e+06,
5.57768e+06,
5.63126e+06,
5.68517e+06,
5.74036e+06,
5.79714e+06,
5.85653e+06,
5.91725e+06,
5.97918e+06,
6.04312e+06,
6.10926e+06,
6.17724e+06,
6.24857e+06,
6.32177e+06,
6.39855e+06,
6.47886e+06,
6.56396e+06,
6.65634e+06,
6.76561e+06,
6.88973e+06,
7.00556e+06,
7.11694e+06,
7.2302e+06,
7.34512e+06,
7.46055e+06,
7.57535e+06,
7.69405e+06,
7.81587e+06,
7.94152e+06,
8.07261e+06,
8.20466e+06,
8.33907e+06,
8.48036e+06,
8.62745e+06,
8.77856e+06,
8.93849e+06,
9.11485e+06,
9.32269e+06,
9.53266e+06,
9.72596e+06,
9.90905e+06,
1.00887e+07,
1.02665e+07,
1.04443e+07,
1.06218e+07,
1.07997e+07,
1.09806e+07,
1.1159e+07,
1.13191e+07,
1.14823e+07,
1.16467e+07,
1.18161e+07,
1.20058e+07,
1.21794e+07,
1.23438e+07,
1.25059e+07,
1.26672e+07,
1.2832e+07,
1.30002e+07,
1.31691e+07,
1.33279e+07,
1.34825e+07,
1.36355e+07,
1.37885e+07,
1.39423e+07,
1.4097e+07,
1.4255e+07,
1.44149e+07,
1.45778e+07,
1.47417e+07,
1.49014e+07,
1.50582e+07,
1.52107e+07,
1.53655e+07,
1.55231e+07,
1.56794e+07,
1.58354e+07,
1.59935e+07,
1.61566e+07,
1.63235e+07,
1.64884e+07,
1.66558e+07,
1.682e+07,
1.69837e+07,
1.71438e+07,
1.73049e+07,
1.74682e+07,
1.76342e+07,
1.78088e+07,
1.79897e+07,
1.81574e+07,
1.83261e+07,
1.84974e+07,
1.86814e+07,
1.88655e+07,
1.90381e+07,
1.9205e+07,
1.93721e+07,
1.95387e+07,
1.97074e+07,
1.98706e+07,
2.00315e+07,
2.01914e+07,
2.03519e+07,
2.05147e+07,
2.06811e+07,
2.08428e+07,
2.10032e+07,
2.11635e+07,
2.13299e+07,
2.14954e+07,
2.16562e+07,
2.18163e+07,
2.19809e+07,
2.21405e+07,
2.23004e+07,
2.24624e+07,
2.2623e+07,
2.27819e+07,
2.29484e+07,
2.31172e+07,
2.32858e+07,
2.34483e+07,
2.36092e+07,
2.37692e+07,
2.39293e+07,
2.40894e+07,
2.42541e+07,
2.44218e+07,
2.4598e+07,
2.4774e+07,
2.49446e+07,
2.51116e+07,
2.52734e+07,
2.54342e+07,
2.55953e+07,
2.57492e+07,
2.59037e+07,
2.60675e+07,
2.62303e+07,
2.63914e+07,
2.65504e+07,
2.67067e+07,
2.68608e+07,
2.7015e+07,
2.71697e+07,
2.73265e+07,
2.74849e+07,
2.76425e+07,
2.78035e+07,
2.79627e+07,
2.81215e+07,
2.82776e+07,
2.84315e+07,
2.85846e+07,
2.87406e+07,
2.88942e+07,
2.90456e+07,
2.91968e+07,
2.93483e+07,
2.95001e+07,
2.96563e+07,
2.98115e+07,
2.99637e+07,
3.01168e+07,
3.02662e+07,
3.04152e+07,
3.05655e+07,
3.0722e+07,
3.0886e+07,
3.10474e+07,
3.12091e+07,
3.13754e+07,
3.15402e+07,
3.16966e+07,
3.18472e+07,
3.19984e+07,
3.21483e+07,
3.23048e+07,
3.24676e+07,
3.26276e+07,
3.27884e+07,
3.29577e+07,
3.31235e+07,
3.32896e+07,
3.34486e+07,
3.36022e+07,
3.37552e+07,
3.39119e+07,
3.40727e+07,
3.42321e+07,
3.43943e+07,
3.45602e+07,
3.472e+07,
3.48769e+07,
3.50327e+07,
3.51843e+07,
3.5334e+07,
3.54875e+07,
3.56451e+07,
3.58022e+07,
3.59626e+07,
3.61188e+07,
3.62759e+07,
3.64304e+07,
3.6578e+07,
3.6723e+07,
3.68692e+07,
3.70172e+07,
3.71667e+07,
3.7318e+07,
3.74661e+07,
3.76109e+07,
3.77558e+07,
3.7899e+07,
3.80397e+07,
3.81773e+07,
3.8314e+07,
478966,
479225,
479537,
479813,
480127,
480468,
480939,
481477,
481987,
482361,
482645,
482997,
483332,
483598,
483978,
484252,
484524,
484770,
485080,
485468,
485853,
486103,
486427,
486790,
487115,
487415,
487768,
488089,
488482,
488740,
489148,
489545,
489869,
490120,
490394,
490786,
491109,
491477,
491861,
492228,
492668,
492925,
493313,
493621,
493995,
494378,
494740,
495101,
495556,
495980,
496322,
496734,
497124,
497499,
497947,
498310,
498707,
499050,
499446,
499938,
500534,
501088,
501773,
502338,
502857,
503365,
503902,
504441,
505089,
505754,
506550,
507246,
507879,
508558,
509180,
509928,
510636,
511265,
511878,
512543,
513161,
513901,
514563,
515272,
515916,
516590,
517228,
518013,
518678,
519300,
520051,
520785,
521510,
522195,
523007,
523846,
524516,
525208,
525934,
526641,
527364,
528048,
528682,
529442,
530236,
531041,
531811,
532491,
533234,
533909,
534687,
535463,
536284,
537083,
537886,
538629,
539403,
540249,
541108,
541917,
542802,
543673,
544399,
545236,
546035,
546974,
547824,
548651,
549486,
550287,
551182,
551985,
552783,
553647,
554560,
555582,
556496,
557434,
558321,
559204,
560173,
560988,
561947,
562876,
563717,
564653,
565624,
566554,
567453,
568300,
569159,
570067,
571076,
572064,
573012,
574078,
575073,
576084,
577093,
578177,
579112,
580077,
581239,
582244,
583342,
584321,
585433,
586387,
587468,
588513,
589492,
590502,
591580,
593902,
596520,
599230,
601897,
604517,
607182,
609779,
612447,
614941,
617756,
620558,
623327,
626014,
628695,
631554,
634454,
637224,
639886,
642707,
645501,
648360,
651296,
654341,
657210,
660353,
663267,
666462,
669769,
673009,
676209,
679715,
683115,
686328,
689866,
693381,
696707,
700042,
703625,
707198,
710994,
714705,
718405,
722043,
725581,
729177,
732931,
736583,
740227,
744342,
748422,
752484,
756343,
760365,
764210,
768207,
772179,
776200,
780254,
784239,
788303,
792319,
796517,
800625,
804760,
808835,
812832,
817019,
820853,
825024,
829290,
833678,
837641,
841980,
846435,
850775,
855146,
859683,
864098,
868497,
873036,
877331,
881649,
886296,
890551,
894955,
899440,
903880,
908431,
912781,
917299,
921805,
926133,
930493,
935310,
940136,
944908,
949630,
954560,
959295,
964193,
969236,
974353,
979303,
984232,
989146,
994469,
999432,
1.00425e+06,
1.00938e+06,
1.01475e+06,
1.01968e+06,
1.02478e+06,
1.02996e+06,
1.03522e+06,
1.0404e+06,
1.04557e+06,
1.05059e+06,
1.0556e+06,
1.0609e+06,
1.06627e+06,
1.07177e+06,
1.07731e+06,
1.08288e+06,
1.0881e+06,
1.09361e+06,
1.09906e+06,
1.10461e+06,
1.11028e+06,
1.11612e+06,
1.12186e+06,
1.12757e+06,
1.13321e+06,
1.13893e+06,
1.14458e+06,
1.1505e+06,
1.15632e+06,
1.16206e+06,
1.16818e+06,
1.17421e+06,
1.18024e+06,
1.18635e+06,
1.19217e+06,
1.19804e+06,
1.20389e+06,
1.20975e+06,
1.21593e+06,
1.22191e+06,
1.22784e+06,
1.23388e+06,
1.23998e+06,
1.24607e+06,
1.25236e+06,
1.25865e+06,
1.26526e+06,
1.27192e+06,
1.27841e+06,
1.28492e+06,
1.29133e+06,
1.29769e+06,
1.30421e+06,
1.31057e+06,
1.31677e+06,
1.32337e+06,
1.32976e+06,
1.33665e+06,
1.34343e+06,
1.3502e+06,
1.35688e+06,
1.36363e+06,
1.37037e+06,
1.3772e+06,
1.38423e+06,
1.39109e+06,
1.39769e+06,
1.40448e+06,
1.41111e+06,
1.41807e+06,
1.42494e+06,
1.43222e+06,
1.43942e+06,
1.44667e+06,
1.45372e+06,
1.46098e+06,
1.46822e+06,
1.47537e+06,
1.48249e+06,
1.48993e+06,
1.49719e+06,
1.5046e+06,
1.51207e+06,
1.51957e+06,
1.52729e+06,
1.5347e+06,
1.54217e+06,
1.55013e+06,
1.55802e+06,
1.56562e+06,
1.57298e+06,
1.58095e+06,
1.58868e+06,
1.59648e+06,
1.6043e+06,
1.61232e+06,
1.62e+06,
1.6279e+06,
1.63593e+06,
1.64385e+06,
1.65199e+06,
1.66033e+06,
1.66884e+06,
1.67704e+06,
1.68529e+06,
1.69384e+06,
1.70207e+06,
1.71058e+06,
1.71893e+06,
1.72736e+06,
1.73588e+06,
1.74431e+06,
1.75299e+06,
1.76163e+06,
1.77038e+06,
1.77914e+06,
1.78809e+06,
1.79712e+06,
1.80571e+06,
1.81448e+06,
1.82352e+06,
1.83253e+06,
1.84172e+06,
1.85101e+06,
1.86015e+06,
1.86927e+06,
1.87835e+06,
1.88772e+06,
1.89708e+06,
1.90699e+06,
1.91674e+06,
1.92644e+06,
1.93614e+06,
1.94599e+06,
1.95592e+06,
1.9658e+06,
1.97606e+06,
1.98623e+06,
1.99605e+06,
2.00606e+06,
2.01616e+06,
2.02655e+06,
2.03709e+06,
2.04787e+06,
2.05835e+06,
2.06902e+06,
2.07942e+06,
2.08973e+06,
2.10062e+06,
2.11123e+06,
2.12196e+06,
2.13261e+06,
2.14323e+06,
2.15409e+06,
2.16536e+06,
2.17661e+06,
2.18788e+06,
2.19937e+06,
2.21092e+06,
2.22264e+06,
2.23426e+06,
2.2461e+06,
2.25817e+06,
2.26972e+06,
2.28158e+06,
2.29375e+06,
2.3057e+06,
2.31801e+06,
2.33023e+06,
2.34273e+06,
2.35557e+06,
2.36812e+06,
2.38048e+06,
2.39295e+06,
2.40556e+06,
2.41819e+06,
2.43126e+06,
2.44397e+06,
2.45657e+06,
2.46934e+06,
2.48231e+06,
2.49552e+06,
2.5091e+06,
2.52261e+06,
2.53651e+06,
2.55042e+06,
2.56452e+06,
2.57864e+06,
2.59286e+06,
2.60703e+06,
2.62128e+06,
2.63536e+06,
2.64996e+06,
2.66444e+06,
2.6789e+06,
2.69386e+06,
2.70912e+06,
2.7242e+06,
2.73955e+06,
2.75486e+06,
2.77006e+06,
2.78538e+06,
2.8012e+06,
2.81652e+06,
2.83204e+06,
2.84739e+06,
2.8635e+06,
2.87978e+06,
2.89608e+06,
2.91241e+06,
2.9289e+06,
2.94539e+06,
2.96214e+06,
2.97921e+06,
2.99652e+06,
3.01396e+06,
3.03145e+06,
3.04941e+06,
3.06714e+06,
3.0852e+06,
3.10305e+06,
3.12117e+06,
3.13962e+06,
3.15836e+06,
3.17712e+06,
3.19565e+06,
3.21456e+06,
3.23336e+06,
3.25269e+06,
3.27274e+06,
3.29182e+06,
3.31137e+06,
3.33119e+06,
3.35089e+06,
3.3713e+06,
3.39176e+06,
3.41174e+06,
3.43204e+06,
3.45315e+06,
3.47415e+06,
3.49523e+06,
3.51703e+06,
3.53884e+06,
3.56059e+06,
3.58264e+06,
3.60515e+06,
3.62805e+06,
3.65046e+06,
3.67346e+06,
3.69718e+06,
3.72068e+06,
3.74479e+06,
3.76863e+06,
3.79282e+06,
3.81769e+06,
3.8425e+06,
3.86715e+06,
3.8922e+06,
3.91764e+06,
3.94386e+06,
3.97016e+06,
3.99656e+06,
4.02296e+06,
4.05067e+06,
4.07858e+06,
4.10618e+06,
4.1339e+06,
4.16234e+06,
4.19155e+06,
4.22161e+06,
4.25102e+06,
4.28218e+06,
4.31346e+06,
4.34549e+06,
4.37831e+06,
4.41137e+06,
4.44517e+06,
4.4788e+06,
4.51326e+06,
4.54783e+06,
4.58258e+06,
4.61781e+06,
4.6539e+06,
4.69075e+06,
4.72905e+06,
4.76717e+06,
4.80583e+06,
4.84495e+06,
4.8845e+06,
4.92424e+06,
4.9644e+06,
5.006e+06,
5.04886e+06,
5.0927e+06,
5.13747e+06,
5.18218e+06,
5.2273e+06,
5.27322e+06,
5.32013e+06,
5.36781e+06,
5.4159e+06,
5.46588e+06,
5.51647e+06,
5.56799e+06,
5.62109e+06,
5.67548e+06,
5.73168e+06,
5.78831e+06,
5.84642e+06,
5.90515e+06,
5.96552e+06,
6.02903e+06,
6.09563e+06,
6.16312e+06,
6.23291e+06,
6.30482e+06,
6.37953e+06,
6.45801e+06,
6.54211e+06,
6.63236e+06,
6.7363e+06,
6.85682e+06,
6.96684e+06,
7.07625e+06,
7.18507e+06,
7.29283e+06,
7.40168e+06,
7.5116e+06,
7.62263e+06,
7.73901e+06,
7.85755e+06,
7.97872e+06,
8.09966e+06,
8.22231e+06,
8.35079e+06,
8.48016e+06,
8.61263e+06,
8.74789e+06,
8.88937e+06,
9.04413e+06,
9.20691e+06,
9.37841e+06,
9.55577e+06,
9.75226e+06,
9.9724e+06,
1.01743e+07,
1.03667e+07,
1.05529e+07,
1.07387e+07,
1.09251e+07,
1.11156e+07,
1.13116e+07,
1.15087e+07,
1.17132e+07,
1.19358e+07,
1.21529e+07,
1.2354e+07,
1.25332e+07,
1.26985e+07,
1.2861e+07,
1.3025e+07,
1.31931e+07,
1.33601e+07,
1.35242e+07,
1.36929e+07,
1.38612e+07,
1.40278e+07,
1.41913e+07,
1.43562e+07,
1.45225e+07,
1.46866e+07,
1.48522e+07,
1.50163e+07,
1.51801e+07,
1.53472e+07,
1.55188e+07,
1.56934e+07,
1.58656e+07,
1.60349e+07,
1.62056e+07,
1.6379e+07,
1.65554e+07,
1.67313e+07,
1.6912e+07,
1.70979e+07,
1.72898e+07,
1.74964e+07,
1.7697e+07,
1.7884e+07,
1.80664e+07,
1.82497e+07,
1.84366e+07,
1.8617e+07,
1.87952e+07,
1.89681e+07,
1.91415e+07,
1.93184e+07,
1.94948e+07,
1.96704e+07,
1.98388e+07,
2.00011e+07,
2.01642e+07,
2.03251e+07,
2.04854e+07,
2.06464e+07,
2.08083e+07,
2.09736e+07,
2.11402e+07,
2.13019e+07,
2.1463e+07,
2.16257e+07,
2.17903e+07,
2.1952e+07,
2.21142e+07,
2.22763e+07,
2.24412e+07,
2.26065e+07,
2.27714e+07,
2.29323e+07,
2.30929e+07,
2.32542e+07,
2.34176e+07,
2.358e+07,
2.3747e+07,
2.38991e+07,
2.40494e+07,
2.41996e+07,
2.43526e+07,
2.45054e+07,
2.4658e+07,
2.48135e+07,
2.49781e+07,
2.51365e+07,
2.52905e+07,
2.54447e+07,
2.5599e+07,
2.57529e+07,
2.5909e+07,
2.60699e+07,
2.62276e+07,
2.63913e+07,
2.65539e+07,
2.67131e+07,
2.68693e+07,
2.70245e+07,
2.7179e+07,
2.73323e+07,
2.7487e+07,
2.76471e+07,
2.78088e+07,
2.79683e+07,
2.81294e+07,
2.82886e+07,
2.84453e+07,
2.86006e+07,
2.87551e+07,
2.891e+07,
2.90668e+07,
2.92233e+07,
2.93774e+07,
2.95307e+07,
2.96838e+07,
2.98314e+07,
2.99778e+07,
3.01255e+07,
3.02733e+07,
3.04227e+07,
3.05693e+07,
3.07174e+07,
3.08694e+07,
3.10249e+07,
3.11833e+07,
3.13371e+07,
3.14914e+07,
3.16465e+07,
3.18072e+07,
3.1966e+07,
3.21198e+07,
3.2273e+07,
3.24299e+07,
3.25926e+07,
3.27581e+07,
3.29196e+07,
3.30791e+07,
3.32442e+07,
3.34066e+07,
3.35656e+07,
3.37257e+07,
3.38839e+07,
3.40422e+07,
3.42113e+07,
3.4381e+07,
3.45451e+07,
3.47093e+07,
3.48726e+07,
3.50295e+07,
3.51813e+07,
3.53308e+07,
3.54814e+07,
3.56325e+07,
3.57876e+07,
3.59473e+07,
3.6104e+07,
3.62636e+07,
3.6417e+07,
3.65674e+07,
3.67163e+07,
3.6864e+07,
3.70129e+07,
3.71636e+07,
3.73187e+07,
3.74801e+07,
3.76397e+07,
3.77938e+07,
3.79413e+07,
3.80851e+07,
3.82281e+07,
3.83705e+07,
3.85127e+07,
3.86568e+07,
478966,
479215,
479520,
479784,
480114,
480417,
480863,
481433,
481853,
482206,
482513,
482872,
483149,
483483,
483789,
484131,
484406,
484652,
484956,
485291,
485637,
485947,
486208,
486526,
486845,
487208,
487571,
487886,
488252,
488594,
488885,
489131,
489406,
489713,
490087,
490477,
490814,
491153,
491576,
491924,
492299,
492627,
492968,
493291,
493579,
493945,
494327,
494700,
495080,
495478,
495905,
496276,
496648,
496982,
497390,
497780,
498092,
498493,
498896,
499325,
499767,
500308,
500827,
501445,
502053,
502539,
503105,
503644,
504376,
505049,
505787,
506490,
507149,
507890,
508558,
509152,
509783,
510447,
511020,
511588,
512195,
512917,
513588,
514222,
514847,
515498,
516104,
516856,
517503,
518289,
519007,
519700,
520333,
521059,
521796,
522430,
523123,
523798,
524497,
525115,
525793,
526465,
527145,
527905,
528645,
529324,
530144,
530863,
531590,
532294,
532993,
533746,
534577,
535320,
536092,
536820,
537629,
538404,
539246,
540007,
540840,
541560,
542372,
543240,
544071,
544883,
545691,
546436,
547320,
548103,
549049,
549866,
550695,
551465,
552278,
553248,
554100,
554982,
555913,
556819,
557701,
558542,
559410,
560353,
561273,
562157,
563017,
563816,
564668,
565531,
566461,
567381,
568317,
569320,
570234,
571206,
572124,
573055,
574125,
575050,
575922,
576953,
577932,
578977,
579984,
581017,
582036,
583076,
584052,
585018,
586002,
587103,
588513,
591042,
593868,
596594,
599069,
601801,
604546,
607079,
609631,
612397,
615108,
617733,
620458,
623019,
626007,
628617,
631228,
634198,
636783,
639631,
642536,
645394,
648078,
651168,
654243,
657350,
660329,
663577,
666746,
670082,
673459,
676644,
679922,
683306,
686713,
690128,
693656,
697104,
700806,
704189,
707681,
711452,
715064,
718685,
722224,
725846,
729539,
733170,
736988,
741001,
744908,
748756,
752603,
756583,
760357,
764248,
768189,
772292,
776369,
780624,
784589,
788748,
792817,
797010,
801107,
805130,
809163,
812994,
817076,
821010,
825050,
829187,
833327,
837568,
841792,
846314,
850800,
855206,
859546,
864098,
868364,
872861,
877384,
881765,
886395,
890888,
895395,
899840,
903986,
908387,
912663,
917357,
921742,
926224,
930753,
935662,
940109,
944986,
949836,
954795,
959580,
964625,
969579,
974457,
979429,
984225,
989326,
994351,
999223,
1.00446e+06,
1.00952e+06,
1.01458e+06,
1.01972e+06,
1.02503e+06,
1.03012e+06,
1.03544e+06,
1.0406e+06,
1.04583e+06,
1.05097e+06,
1.05628e+06,
1.06161e+06,
1.06701e+06,
1.07239e+06,
1.07793e+06,
1.08325e+06,
1.08893e+06,
1.09454e+06,
1.10018e+06,
1.10575e+06,
1.11142e+06,
1.11705e+06,
1.12245e+06,
1.12834e+06,
1.13412e+06,
1.1398e+06,
1.14561e+06,
1.15141e+06,
1.15745e+06,
1.16331e+06,
1.16959e+06,
1.17539e+06,
1.18143e+06,
1.18733e+06,
1.19316e+06,
1.19903e+06,
1.20476e+06,
1.21075e+06,
1.21673e+06,
1.22258e+06,
1.22861e+06,
1.23463e+06,
1.24083e+06,
1.2471e+06,
1.25359e+06,
1.25993e+06,
1.26674e+06,
1.27323e+06,
1.27958e+06,
1.28586e+06,
1.29238e+06,
1.29889e+06,
1.30521e+06,
1.31164e+06,
1.3182e+06,
1.32473e+06,
1.3313e+06,
1.33781e+06,
1.34469e+06,
1.35127e+06,
1.35827e+06,
1.36487e+06,
1.37164e+06,
1.37859e+06,
1.38525e+06,
1.39198e+06,
1.39875e+06,
1.40553e+06,
1.41219e+06,
1.41881e+06,
1.42567e+06,
1.43281e+06,
1.43999e+06,
1.44727e+06,
1.45459e+06,
1.4622e+06,
1.46966e+06,
1.47692e+06,
1.48426e+06,
1.49134e+06,
1.49881e+06,
1.50616e+06,
1.51342e+06,
1.52092e+06,
1.52856e+06,
1.53593e+06,
1.54332e+06,
1.55126e+06,
1.5591e+06,
1.56702e+06,
1.57486e+06,
1.58232e+06,
1.59025e+06,
1.59803e+06,
1.60585e+06,
1.61356e+06,
1.62148e+06,
1.62931e+06,
1.63744e+06,
1.6454e+06,
1.65345e+06,
1.66165e+06,
1.66999e+06,
1.67833e+06,
1.68699e+06,
1.69563e+06,
1.70431e+06,
1.7127e+06,
1.72112e+06,
1.7293e+06,
1.73773e+06,
1.74646e+06,
1.75482e+06,
1.76336e+06,
1.77214e+06,
1.78076e+06,
1.78956e+06,
1.79859e+06,
1.80789e+06,
1.817e+06,
1.82576e+06,
1.83461e+06,
1.84392e+06,
1.85304e+06,
1.86215e+06,
1.87127e+06,
1.88086e+06,
1.89042e+06,
1.90001e+06,
1.90951e+06,
1.9192e+06,
1.92919e+06,
1.93921e+06,
1.94919e+06,
1.95908e+06,
1.96905e+06,
1.97937e+06,
1.98941e+06,
1.99932e+06,
2.00945e+06,
2.01975e+06,
2.02996e+06,
2.04022e+06,
2.05059e+06,
2.06139e+06,
2.07206e+06,
2.0826e+06,
2.09317e+06,
2.10353e+06,
2.11461e+06,
2.12544e+06,
2.13624e+06,
2.1474e+06,
2.15855e+06,
2.16951e+06,
2.18107e+06,
2.19251e+06,
2.20383e+06,
2.2157e+06,
2.22743e+06,
2.23935e+06,
2.25122e+06,
2.26316e+06,
2.27521e+06,
2.28714e+06,
2.2992e+06,
2.31148e+06,
2.32356e+06,
2.3359e+06,
2.34809e+06,
2.36053e+06,
2.37276e+06,
2.3853e+06,
2.39816e+06,
2.41088e+06,
2.42364e+06,
2.43662e+06,
2.4494e+06,
2.46235e+06,
2.47548e+06,
2.48846e+06,
2.50175e+06,
2.51503e+06,
2.52873e+06,
2.54278e+06,
2.55664e+06,
2.57068e+06,
2.5848e+06,
2.59899e+06,
2.61324e+06,
2.62741e+06,
2.64165e+06,
2.65648e+06,
2.67111e+06,
2.68585e+06,
2.70056e+06,
2.71548e+06,
2.73067e+06,
2.74596e+06,
2.76099e+06,
2.77644e+06,
2.7918e+06,
2.80706e+06,
2.82281e+06,
2.83874e+06,
2.85467e+06,
2.87068e+06,
2.88645e+06,
2.903e+06,
2.9195e+06,
2.93597e+06,
2.95301e+06,
2.96988e+06,
2.98671e+06,
3.00422e+06,
3.02149e+06,
3.03901e+06,
3.05652e+06,
3.07412e+06,
3.09184e+06,
3.11027e+06,
3.12877e+06,
3.14762e+06,
3.16619e+06,
3.18472e+06,
3.20375e+06,
3.22287e+06,
3.24167e+06,
3.2608e+06,
3.28036e+06,
3.30016e+06,
3.31968e+06,
3.33989e+06,
3.36019e+06,
3.38058e+06,
3.40131e+06,
3.42179e+06,
3.44241e+06,
3.46334e+06,
3.48426e+06,
3.50549e+06,
3.52721e+06,
3.54937e+06,
3.57226e+06,
3.59495e+06,
3.61807e+06,
3.64117e+06,
3.66451e+06,
3.68749e+06,
3.71049e+06,
3.73397e+06,
3.75761e+06,
3.78222e+06,
3.80676e+06,
3.83196e+06,
3.85706e+06,
3.88233e+06,
3.9077e+06,
3.93353e+06,
3.95941e+06,
3.98582e+06,
4.01263e+06,
4.03988e+06,
4.06771e+06,
4.09575e+06,
4.12351e+06,
4.15158e+06,
4.18122e+06,
4.21046e+06,
4.23981e+06,
4.27115e+06,
4.30263e+06,
4.33535e+06,
4.36756e+06,
4.40068e+06,
4.43344e+06,
4.46713e+06,
4.5011e+06,
4.53577e+06,
4.57121e+06,
4.60716e+06,
4.64312e+06,
4.67957e+06,
4.7169e+06,
4.75504e+06,
4.79351e+06,
4.83178e+06,
4.87177e+06,
4.91243e+06,
4.95346e+06,
4.99474e+06,
5.03656e+06,
5.07943e+06,
5.12267e+06,
5.16749e+06,
5.21375e+06,
5.2602e+06,
5.30768e+06,
5.356e+06,
5.40481e+06,
5.45434e+06,
5.50441e+06,
5.55642e+06,
5.61002e+06,
5.66399e+06,
5.71938e+06,
5.77591e+06,
5.83282e+06,
5.89163e+06,
5.95284e+06,
6.01609e+06,
6.08069e+06,
6.14779e+06,
6.21658e+06,
6.28732e+06,
6.36254e+06,
6.44003e+06,
6.5222e+06,
6.60936e+06,
6.71122e+06,
6.82914e+06,
6.93724e+06,
7.04469e+06,
7.14943e+06,
7.25319e+06,
7.35801e+06,
7.46395e+06,
7.57341e+06,
7.68349e+06,
7.79706e+06,
7.91416e+06,
8.03047e+06,
8.1484e+06,
8.26792e+06,
8.38949e+06,
8.51208e+06,
8.63663e+06,
8.76465e+06,
8.90644e+06,
9.05378e+06,
9.20652e+06,
9.35991e+06,
9.51863e+06,
9.68308e+06,
9.8521e+06,
1.00276e+07,
1.02109e+07,
1.04112e+07,
1.06309e+07,
1.08528e+07,
1.1067e+07,
1.12758e+07,
1.1486e+07,
1.1704e+07,
1.19327e+07,
1.21422e+07,
1.23449e+07,
1.25454e+07,
1.27468e+07,
1.29508e+07,
1.31547e+07,
1.33554e+07,
1.3552e+07,
1.37449e+07,
1.39323e+07,
1.41047e+07,
1.42755e+07,
1.44516e+07,
1.46336e+07,
1.48177e+07,
1.50021e+07,
1.51844e+07,
1.53656e+07,
1.55505e+07,
1.57375e+07,
1.59336e+07,
1.61355e+07,
1.63498e+07,
1.65478e+07,
1.6741e+07,
1.69336e+07,
1.71218e+07,
1.73076e+07,
1.74917e+07,
1.76705e+07,
1.78487e+07,
1.80262e+07,
1.82045e+07,
1.83855e+07,
1.85672e+07,
1.87534e+07,
1.89334e+07,
1.91068e+07,
1.92787e+07,
1.9448e+07,
1.96198e+07,
1.97928e+07,
1.99661e+07,
2.01442e+07,
2.03236e+07,
2.05035e+07,
2.06814e+07,
2.08535e+07,
2.10234e+07,
2.11927e+07,
2.13615e+07,
2.15319e+07,
2.1694e+07,
2.18543e+07,
2.20151e+07,
2.21746e+07,
2.2331e+07,
2.24845e+07,
2.26368e+07,
2.2791e+07,
2.29399e+07,
2.30855e+07,
2.32313e+07,
2.33777e+07,
2.35264e+07,
2.36823e+07,
2.38419e+07,
2.4006e+07,
2.41624e+07,
2.43153e+07,
2.44655e+07,
2.46143e+07,
2.47635e+07,
2.49127e+07,
2.50639e+07,
2.52235e+07,
2.5385e+07,
2.55455e+07,
2.57033e+07,
2.58576e+07,
2.60111e+07,
2.61631e+07,
2.63159e+07,
2.64697e+07,
2.66324e+07,
2.67935e+07,
2.69504e+07,
2.71097e+07,
2.72732e+07,
2.74301e+07,
2.7585e+07,
2.77403e+07,
2.78953e+07,
2.80536e+07,
2.82051e+07,
2.83583e+07,
2.85086e+07,
2.86579e+07,
2.88111e+07,
2.89647e+07,
2.91147e+07,
2.92659e+07,
2.9416e+07,
2.95627e+07,
2.97079e+07,
2.98556e+07,
3.00024e+07,
3.01488e+07,
3.02975e+07,
3.04492e+07,
3.06037e+07,
3.07531e+07,
3.09003e+07,
3.10476e+07,
3.12002e+07,
3.13576e+07,
3.15128e+07,
3.16691e+07,
3.18274e+07,
3.19936e+07,
3.21586e+07,
3.23216e+07,
3.24806e+07,
3.26385e+07,
3.28009e+07,
3.29645e+07,
3.3123e+07,
3.32816e+07,
3.34455e+07,
3.36087e+07,
3.37693e+07,
3.39283e+07,
3.40864e+07,
3.42439e+07,
3.44045e+07,
3.45699e+07,
3.47333e+07,
3.48988e+07,
3.50693e+07,
3.52328e+07,
3.53888e+07,
3.55423e+07,
3.56955e+07,
3.58486e+07,
3.6006e+07,
3.61659e+07,
3.63233e+07,
3.64829e+07,
3.66384e+07,
3.67914e+07,
3.69414e+07,
3.70912e+07,
3.72409e+07,
3.73896e+07,
3.75428e+07,
3.77012e+07,
3.78599e+07,
3.80152e+07,
3.81682e+07,
3.83222e+07,
3.84769e+07,
3.86287e+07,
3.87811e+07,
3.89308e+07,
478966,
479199,
479500,
479770,
480092,
480386,
480789,
481322,
481751,
482131,
482436,
482791,
483011,
483347,
483630,
483955,
484252,
484468,
484808,
485108,
485392,
485733,
485994,
486340,
486689,
487075,
487299,
487656,
487955,
488312,
488504,
488767,
489039,
489283,
489638,
490076,
490446,
490785,
491186,
491563,
491862,
492168,
492480,
492815,
493105,
493349,
493774,
494156,
494569,
494990,
495405,
495768,
496150,
496502,
496895,
497195,
497531,
497924,
498258,
498670,
499153,
499582,
500033,
500617,
501109,
501745,
502322,
502802,
503498,
504203,
504898,
505613,
506328,
507054,
507635,
508271,
508911,
509448,
510052,
510690,
511281,
511908,
512564,
513292,
513831,
514484,
515174,
515878,
516531,
517230,
517823,
518526,
519147,
519809,
520513,
521133,
521786,
522379,
522997,
523718,
524466,
525119,
525734,
526467,
527198,
527897,
528679,
529310,
529998,
530702,
531407,
532240,
532989,
533730,
534580,
535361,
536030,
536808,
537526,
538145,
538989,
539733,
540549,
541324,
542085,
542752,
543576,
544461,
545210,
546072,
546814,
547546,
548399,
549207,
550090,
551052,
551893,
552696,
553483,
554286,
555043,
555945,
556700,
557526,
558322,
559276,
560162,
561052,
561952,
562757,
563595,
564486,
565467,
566420,
567350,
568267,
569213,
570205,
571145,
572105,
573023,
573876,
574866,
575883,
576833,
577834,
578935,
579930,
580964,
581870,
582819,
583778,
585844,
588341,
591081,
593628,
596182,
598905,
601564,
604100,
606739,
609417,
612058,
614667,
617477,
620177,
622889,
625609,
628366,
631060,
634114,
636917,
639625,
642398,
645234,
648096,
651246,
654461,
657695,
660800,
664034,
667258,
670370,
673893,
677202,
680416,
683767,
687283,
690798,
694212,
697621,
701151,
704592,
708176,
711683,
715375,
719043,
722560,
726133,
729659,
733384,
737381,
741194,
745109,
749022,
752864,
756906,
760982,
765111,
769057,
772798,
776734,
780530,
784444,
788626,
792721,
796973,
800913,
804872,
808798,
812893,
816750,
820568,
824595,
828781,
833050,
837474,
841656,
846107,
850537,
855062,
859505,
864005,
868388,
872616,
876977,
881400,
885600,
889952,
894559,
898856,
903500,
907898,
912403,
917081,
921693,
926008,
930494,
935141,
939928,
944859,
949724,
954591,
959520,
964323,
969231,
974302,
979333,
984398,
989297,
994465,
999350,
1.00441e+06,
1.00969e+06,
1.01488e+06,
1.01992e+06,
1.02512e+06,
1.03033e+06,
1.0356e+06,
1.04073e+06,
1.04598e+06,
1.05126e+06,
1.05635e+06,
1.06183e+06,
1.06698e+06,
1.07231e+06,
1.07761e+06,
1.08305e+06,
1.0889e+06,
1.0947e+06,
1.10028e+06,
1.10593e+06,
1.11169e+06,
1.1173e+06,
1.12303e+06,
1.12892e+06,
1.13462e+06,
1.1404e+06,
1.14613e+06,
1.15177e+06,
1.15763e+06,
1.1635e+06,
1.16955e+06,
1.17541e+06,
1.18116e+06,
1.18707e+06,
1.19316e+06,
1.19901e+06,
1.20492e+06,
1.21073e+06,
1.21689e+06,
1.22267e+06,
1.22865e+06,
1.23503e+06,
1.24126e+06,
1.24766e+06,
1.25387e+06,
1.26044e+06,
1.26697e+06,
1.27329e+06,
1.27967e+06,
1.28617e+06,
1.29246e+06,
1.29903e+06,
1.30545e+06,
1.3119e+06,
1.31842e+06,
1.32506e+06,
1.33158e+06,
1.33797e+06,
1.34443e+06,
1.35129e+06,
1.35805e+06,
1.3649e+06,
1.37165e+06,
1.37841e+06,
1.3851e+06,
1.39186e+06,
1.39853e+06,
1.40521e+06,
1.41224e+06,
1.41929e+06,
1.42658e+06,
1.43372e+06,
1.44091e+06,
1.44817e+06,
1.45543e+06,
1.46275e+06,
1.46997e+06,
1.47722e+06,
1.4843e+06,
1.49149e+06,
1.49894e+06,
1.50628e+06,
1.51368e+06,
1.52125e+06,
1.52871e+06,
1.53611e+06,
1.54389e+06,
1.55147e+06,
1.55942e+06,
1.56749e+06,
1.57515e+06,
1.58286e+06,
1.59042e+06,
1.59817e+06,
1.60602e+06,
1.6138e+06,
1.62191e+06,
1.62993e+06,
1.63804e+06,
1.6461e+06,
1.65426e+06,
1.66262e+06,
1.6708e+06,
1.67905e+06,
1.68757e+06,
1.69588e+06,
1.70469e+06,
1.71327e+06,
1.72138e+06,
1.7298e+06,
1.73833e+06,
1.74713e+06,
1.75582e+06,
1.76437e+06,
1.77316e+06,
1.78184e+06,
1.79065e+06,
1.79965e+06,
1.80867e+06,
1.81785e+06,
1.82692e+06,
1.83583e+06,
1.84519e+06,
1.85415e+06,
1.86349e+06,
1.87301e+06,
1.88269e+06,
1.89215e+06,
1.9015e+06,
1.91116e+06,
1.92089e+06,
1.93066e+06,
1.94059e+06,
1.95087e+06,
1.96085e+06,
1.97099e+06,
1.98112e+06,
1.99133e+06,
2.00128e+06,
2.01144e+06,
2.02172e+06,
2.03194e+06,
2.04223e+06,
2.05249e+06,
2.06301e+06,
2.07366e+06,
2.08447e+06,
2.0953e+06,
2.10626e+06,
2.11705e+06,
2.1281e+06,
2.1389e+06,
2.14988e+06,
2.16115e+06,
2.17248e+06,
2.18395e+06,
2.19538e+06,
2.20674e+06,
2.21842e+06,
2.23015e+06,
2.24202e+06,
2.25411e+06,
2.26634e+06,
2.27835e+06,
2.29081e+06,
2.30279e+06,
2.31464e+06,
2.32685e+06,
2.33912e+06,
2.35108e+06,
2.36372e+06,
2.37603e+06,
2.38871e+06,
2.40113e+06,
2.41409e+06,
2.42709e+06,
2.44015e+06,
2.45274e+06,
2.46586e+06,
2.47866e+06,
2.49179e+06,
2.50551e+06,
2.51897e+06,
2.53258e+06,
2.54638e+06,
2.56021e+06,
2.57422e+06,
2.58833e+06,
2.60261e+06,
2.61701e+06,
2.63177e+06,
2.64625e+06,
2.66072e+06,
2.67528e+06,
2.68993e+06,
2.7049e+06,
2.71967e+06,
2.73491e+06,
2.74957e+06,
2.7649e+06,
2.78036e+06,
2.79641e+06,
2.81211e+06,
2.82817e+06,
2.84409e+06,
2.85988e+06,
2.87594e+06,
2.89191e+06,
2.90797e+06,
2.92409e+06,
2.9409e+06,
2.95788e+06,
2.97528e+06,
2.99288e+06,
3.01037e+06,
3.02808e+06,
3.04582e+06,
3.0636e+06,
3.08118e+06,
3.09923e+06,
3.11683e+06,
3.13508e+06,
3.1536e+06,
3.17248e+06,
3.19159e+06,
3.21041e+06,
3.22945e+06,
3.24883e+06,
3.26831e+06,
3.28801e+06,
3.30778e+06,
3.32742e+06,
3.34741e+06,
3.36774e+06,
3.38829e+06,
3.4096e+06,
3.43072e+06,
3.45161e+06,
3.47264e+06,
3.49407e+06,
3.51575e+06,
3.53795e+06,
3.55987e+06,
3.58232e+06,
3.60535e+06,
3.62864e+06,
3.6515e+06,
3.67474e+06,
3.69799e+06,
3.72174e+06,
3.74599e+06,
3.77036e+06,
3.79465e+06,
3.81906e+06,
3.84386e+06,
3.86989e+06,
3.89572e+06,
3.92176e+06,
3.94803e+06,
3.97411e+06,
4.00044e+06,
4.02757e+06,
4.05475e+06,
4.08256e+06,
4.11068e+06,
4.13975e+06,
4.16841e+06,
4.19796e+06,
4.22772e+06,
4.25892e+06,
4.29095e+06,
4.32273e+06,
4.35496e+06,
4.38736e+06,
4.42085e+06,
4.45495e+06,
4.48879e+06,
4.52275e+06,
4.55791e+06,
4.59407e+06,
4.62962e+06,
4.6662e+06,
4.70348e+06,
4.74128e+06,
4.78003e+06,
4.81878e+06,
4.85818e+06,
4.89807e+06,
4.93827e+06,
4.97927e+06,
5.02165e+06,
5.06525e+06,
5.10855e+06,
5.15304e+06,
5.19787e+06,
5.24357e+06,
5.29039e+06,
5.33811e+06,
5.38728e+06,
5.4375e+06,
5.48809e+06,
5.54048e+06,
5.59325e+06,
5.64757e+06,
5.70368e+06,
5.76073e+06,
5.8195e+06,
5.87847e+06,
5.93869e+06,
6.00088e+06,
6.065e+06,
6.13059e+06,
6.19889e+06,
6.27079e+06,
6.34459e+06,
6.42226e+06,
6.5035e+06,
6.59012e+06,
6.69209e+06,
6.80987e+06,
6.91733e+06,
7.02139e+06,
7.12448e+06,
7.22615e+06,
7.33028e+06,
7.43345e+06,
7.53922e+06,
7.64613e+06,
7.75432e+06,
7.867e+06,
7.97904e+06,
8.09269e+06,
8.20865e+06,
8.32668e+06,
8.44491e+06,
8.56602e+06,
8.68939e+06,
8.82519e+06,
8.96524e+06,
9.10938e+06,
9.25535e+06,
9.40302e+06,
9.55675e+06,
9.71304e+06,
9.87318e+06,
1.00371e+07,
1.02049e+07,
1.03823e+07,
1.05688e+07,
1.07651e+07,
1.09676e+07,
1.11789e+07,
1.14171e+07,
1.1687e+07,
1.19269e+07,
1.21511e+07,
1.23678e+07,
1.25782e+07,
1.27899e+07,
1.30052e+07,
1.32195e+07,
1.3429e+07,
1.36398e+07,
1.38542e+07,
1.40733e+07,
1.42892e+07,
1.45098e+07,
1.4742e+07,
1.49896e+07,
1.52253e+07,
1.54464e+07,
1.56613e+07,
1.58721e+07,
1.6067e+07,
1.62613e+07,
1.64511e+07,
1.66356e+07,
1.68194e+07,
1.70033e+07,
1.7191e+07,
1.73743e+07,
1.75568e+07,
1.774e+07,
1.79197e+07,
1.80989e+07,
1.828e+07,
1.84548e+07,
1.86297e+07,
1.88062e+07,
1.89898e+07,
1.91726e+07,
1.93491e+07,
1.95232e+07,
1.96959e+07,
1.98716e+07,
2.0047e+07,
2.0215e+07,
2.03777e+07,
2.05399e+07,
2.07004e+07,
2.08599e+07,
2.10217e+07,
2.11798e+07,
2.13381e+07,
2.14972e+07,
2.16607e+07,
2.18231e+07,
2.19835e+07,
2.21464e+07,
2.23122e+07,
2.24733e+07,
2.26346e+07,
2.27961e+07,
2.29582e+07,
2.31157e+07,
2.32653e+07,
2.34163e+07,
2.35665e+07,
2.37169e+07,
2.38716e+07,
2.40264e+07,
2.41856e+07,
2.43452e+07,
2.45007e+07,
2.46515e+07,
2.48008e+07,
2.49505e+07,
2.51025e+07,
2.5256e+07,
2.5415e+07,
2.5573e+07,
2.57273e+07,
2.58812e+07,
2.60366e+07,
2.61899e+07,
2.63429e+07,
2.6495e+07,
2.66448e+07,
2.67996e+07,
2.69523e+07,
2.70996e+07,
2.72464e+07,
2.73928e+07,
2.75405e+07,
2.76896e+07,
2.78397e+07,
2.79899e+07,
2.8144e+07,
2.83007e+07,
2.84581e+07,
2.86105e+07,
2.87585e+07,
2.89061e+07,
2.90526e+07,
2.92005e+07,
2.93533e+07,
2.95059e+07,
2.96532e+07,
2.98025e+07,
2.99556e+07,
3.01074e+07,
3.02558e+07,
3.04043e+07,
3.05534e+07,
3.07034e+07,
3.08536e+07,
3.10059e+07,
3.11571e+07,
3.13118e+07,
3.14749e+07,
3.16354e+07,
3.17941e+07,
3.19516e+07,
3.21147e+07,
3.22737e+07,
3.24295e+07,
3.25856e+07,
3.27435e+07,
3.29038e+07,
3.30664e+07,
3.32285e+07,
3.33924e+07,
3.35572e+07,
3.37193e+07,
3.38765e+07,
3.40317e+07,
3.41876e+07,
3.43447e+07,
3.45078e+07,
3.46748e+07,
3.48405e+07,
3.50074e+07,
3.51766e+07,
3.53355e+07,
3.54915e+07,
3.56475e+07,
3.58038e+07,
3.59655e+07,
3.61286e+07,
3.62964e+07,
3.64597e+07,
3.66259e+07,
3.6786e+07,
3.6943e+07,
3.70966e+07,
3.72484e+07,
3.73986e+07,
3.75502e+07,
3.77096e+07,
3.7869e+07,
3.80305e+07,
3.81871e+07,
3.83389e+07,
3.84883e+07,
3.86349e+07,
3.87797e+07,
3.89236e+07,
3.90682e+07,
