375246,
375368,
375565,
375738,
375923,
376129,
376392,
376702,
377031,
377260,
377432,
377650,
377798,
378008,
378235,
378473,
378667,
378895,
379147,
379338,
379580,
379898,
380135,
380407,
380680,
380914,
381108,
381354,
381586,
381812,
382006,
382174,
382406,
382584,
382963,
383269,
383570,
383858,
384111,
384366,
384592,
384817,
385084,
385349,
385582,
385791,
386038,
386377,
386708,
387047,
387347,
387665,
387982,
388237,
388480,
388766,
389023,
389347,
389649,
389943,
390240,
390559,
390883,
391233,
391634,
392035,
392517,
392944,
393581,
394246,
394802,
395419,
396074,
396664,
397292,
397864,
398402,
398979,
399533,
400214,
400815,
401365,
401974,
402541,
403092,
403692,
404277,
404875,
405518,
406201,
406809,
407424,
408029,
408651,
409297,
409904,
410514,
411123,
411746,
412339,
412925,
413494,
414215,
414876,
415514,
416288,
416941,
417599,
418292,
418999,
419642,
420350,
421036,
421791,
422514,
423307,
424009,
424673,
425443,
426085,
426811,
427534,
428226,
428948,
429667,
430542,
431274,
431953,
432735,
433515,
434277,
435014,
435855,
436686,
437425,
438312,
439141,
439959,
440686,
441494,
442254,
443000,
443787,
444590,
445436,
446334,
447104,
447979,
448810,
449639,
450520,
451421,
452388,
453222,
454128,
455087,
456027,
456930,
457756,
458637,
459534,
460487,
461393,
462312,
463226,
464126,
465088,
466108,
467048,
467931,
468866,
469870,
471867,
474331,
476848,
479247,
481879,
484491,
486873,
489501,
492009,
494564,
497031,
499380,
502141,
504833,
507671,
510323,
512910,
515621,
518191,
521055,
523818,
526674,
529402,
532287,
535377,
538753,
541914,
545216,
548429,
551527,
554801,
558019,
561215,
564673,
568179,
571456,
574986,
578317,
581641,
585015,
588220,
591783,
595255,
598707,
602324,
605869,
609298,
612929,
616739,
620525,
624548,
628462,
632547,
636523,
640433,
644454,
648337,
652110,
656014,
659797,
663683,
667661,
671725,
675639,
679630,
683745,
688035,
691961,
695907,
699967,
703911,
707985,
712124,
716447,
720895,
725258,
729834,
734318,
738834,
743182,
747608,
752011,
756588,
760926,
765256,
769842,
774372,
778891,
783539,
788131,
792721,
797348,
802010,
806595,
811244,
815782,
820440,
825160,
830052,
835234,
840387,
845565,
850808,
855920,
861017,
866205,
871481,
876693,
881824,
887034,
892223,
897478,
902651,
908008,
913410,
918748,
924162,
929670,
934982,
940452,
945810,
951190,
956810,
962312,
968031,
973978,
979996,
986092,
992073,
998028,
1.00413e+06,
1.01011e+06,
1.01615e+06,
1.02219e+06,
1.02837e+06,
1.03431e+06,
1.04039e+06,
1.04642e+06,
1.0525e+06,
1.05851e+06,
1.06457e+06,
1.07063e+06,
1.07702e+06,
1.08337e+06,
1.08955e+06,
1.09584e+06,
1.10216e+06,
1.10849e+06,
1.11479e+06,
1.12128e+06,
1.12779e+06,
1.13436e+06,
1.14092e+06,
1.14744e+06,
1.15409e+06,
1.16077e+06,
1.16744e+06,
1.17427e+06,
1.18115e+06,
1.18804e+06,
1.1949e+06,
1.20167e+06,
1.20843e+06,
1.21535e+06,
1.22249e+06,
1.22936e+06,
1.23623e+06,
1.24318e+06,
1.25016e+06,
1.25712e+06,
1.2642e+06,
1.27131e+06,
1.27859e+06,
1.28572e+06,
1.29282e+06,
1.30014e+06,
1.30739e+06,
1.31487e+06,
1.32232e+06,
1.32976e+06,
1.33745e+06,
1.34506e+06,
1.35267e+06,
1.36042e+06,
1.36824e+06,
1.37592e+06,
1.38372e+06,
1.39162e+06,
1.39964e+06,
1.40738e+06,
1.41532e+06,
1.42364e+06,
1.43154e+06,
1.43953e+06,
1.44767e+06,
1.45592e+06,
1.46387e+06,
1.47189e+06,
1.48003e+06,
1.48823e+06,
1.49665e+06,
1.50512e+06,
1.51363e+06,
1.52212e+06,
1.53046e+06,
1.53904e+06,
1.5478e+06,
1.55652e+06,
1.5653e+06,
1.57412e+06,
1.58302e+06,
1.59208e+06,
1.60096e+06,
1.60999e+06,
1.61905e+06,
1.62812e+06,
1.63717e+06,
1.64647e+06,
1.65577e+06,
1.6651e+06,
1.6744e+06,
1.6837e+06,
1.69322e+06,
1.70286e+06,
1.71243e+06,
1.72204e+06,
1.73173e+06,
1.74113e+06,
1.75067e+06,
1.76031e+06,
1.77015e+06,
1.77984e+06,
1.79017e+06,
1.80022e+06,
1.81048e+06,
1.82081e+06,
1.83112e+06,
1.84147e+06,
1.85187e+06,
1.86222e+06,
1.87264e+06,
1.88338e+06,
1.89392e+06,
1.90441e+06,
1.91517e+06,
1.92605e+06,
1.93694e+06,
1.94794e+06,
1.95874e+06,
1.96938e+06,
1.98044e+06,
1.99176e+06,
2.00325e+06,
2.01443e+06,
2.02575e+06,
2.03723e+06,
2.04876e+06,
2.06033e+06,
2.07156e+06,
2.08319e+06,
2.09469e+06,
2.10647e+06,
2.11825e+06,
2.13039e+06,
2.14259e+06,
2.15492e+06,
2.16754e+06,
2.17977e+06,
2.19225e+06,
2.20495e+06,
2.21748e+06,
2.2303e+06,
2.24304e+06,
2.25595e+06,
2.26904e+06,
2.28219e+06,
2.29534e+06,
2.30826e+06,
2.32136e+06,
2.33498e+06,
2.34845e+06,
2.36199e+06,
2.37526e+06,
2.38886e+06,
2.40233e+06,
2.41607e+06,
2.42978e+06,
2.44347e+06,
2.45747e+06,
2.47169e+06,
2.48593e+06,
2.50058e+06,
2.51543e+06,
2.53021e+06,
2.54528e+06,
2.56031e+06,
2.57521e+06,
2.59045e+06,
2.60535e+06,
2.6208e+06,
2.63624e+06,
2.65184e+06,
2.66803e+06,
2.68368e+06,
2.69942e+06,
2.71544e+06,
2.73206e+06,
2.74869e+06,
2.76514e+06,
2.78144e+06,
2.79793e+06,
2.81473e+06,
2.83132e+06,
2.84833e+06,
2.86548e+06,
2.88269e+06,
2.90009e+06,
2.9174e+06,
2.93502e+06,
2.95296e+06,
2.9712e+06,
2.98946e+06,
3.00773e+06,
3.02619e+06,
3.04485e+06,
3.06389e+06,
3.08319e+06,
3.10207e+06,
3.12121e+06,
3.14073e+06,
3.16028e+06,
3.1801e+06,
3.20015e+06,
3.22015e+06,
3.24048e+06,
3.2609e+06,
3.28127e+06,
3.30204e+06,
3.32338e+06,
3.34449e+06,
3.36595e+06,
3.38736e+06,
3.40897e+06,
3.43086e+06,
3.45294e+06,
3.47513e+06,
3.49719e+06,
3.51988e+06,
3.54319e+06,
3.56685e+06,
3.59059e+06,
3.6148e+06,
3.63874e+06,
3.6628e+06,
3.68727e+06,
3.71187e+06,
3.73696e+06,
3.76171e+06,
3.78637e+06,
3.81208e+06,
3.83825e+06,
3.86443e+06,
3.89074e+06,
3.91791e+06,
3.9447e+06,
3.97183e+06,
3.99936e+06,
4.02621e+06,
4.0541e+06,
4.08213e+06,
4.11141e+06,
4.14038e+06,
4.1698e+06,
4.19924e+06,
4.22912e+06,
4.2593e+06,
4.29047e+06,
4.32154e+06,
4.35344e+06,
4.38745e+06,
4.42151e+06,
4.45635e+06,
4.49109e+06,
4.52614e+06,
4.56219e+06,
4.59831e+06,
4.63479e+06,
4.67178e+06,
4.70946e+06,
4.74842e+06,
4.78771e+06,
4.82725e+06,
4.8678e+06,
4.90884e+06,
4.95001e+06,
4.99188e+06,
5.03442e+06,
5.07711e+06,
5.12143e+06,
5.16576e+06,
5.21111e+06,
5.2573e+06,
5.30418e+06,
5.35221e+06,
5.40064e+06,
5.45015e+06,
5.50051e+06,
5.5514e+06,
5.60308e+06,
5.65595e+06,
5.71039e+06,
5.76606e+06,
5.82315e+06,
5.88094e+06,
5.94085e+06,
6.00186e+06,
6.06421e+06,
6.12792e+06,
6.19293e+06,
6.26084e+06,
6.33141e+06,
6.4042e+06,
6.47849e+06,
6.55436e+06,
6.63222e+06,
6.71285e+06,
6.79712e+06,
6.88656e+06,
6.99228e+06,
7.10863e+06,
7.2157e+06,
7.32069e+06,
7.42405e+06,
7.52682e+06,
7.63009e+06,
7.7337e+06,
7.83745e+06,
7.94399e+06,
8.0529e+06,
8.16621e+06,
8.27916e+06,
8.3936e+06,
8.50825e+06,
8.62457e+06,
8.7419e+06,
8.8612e+06,
8.98339e+06,
9.11844e+06,
9.25717e+06,
9.4004e+06,
9.54525e+06,
9.68941e+06,
9.83814e+06,
9.99146e+06,
1.01466e+07,
1.03054e+07,
1.04694e+07,
1.06386e+07,
1.08175e+07,
1.10045e+07,
1.11955e+07,
1.1393e+07,
1.16026e+07,
1.18335e+07,
1.2053e+07,
1.22693e+07,
1.24879e+07,
1.27143e+07,
1.29557e+07,
1.32166e+07,
1.34913e+07,
1.37625e+07,
1.40137e+07,
1.42505e+07,
1.44789e+07,
1.47048e+07,
1.493e+07,
1.51567e+07,
1.53816e+07,
1.56084e+07,
1.58343e+07,
1.60576e+07,
1.62804e+07,
1.64979e+07,
1.67162e+07,
1.69317e+07,
1.71442e+07,
1.73559e+07,
1.757e+07,
1.77874e+07,
1.80066e+07,
1.82293e+07,
1.84533e+07,
1.86592e+07,
1.88549e+07,
1.9036e+07,
1.92147e+07,
1.9396e+07,
1.958e+07,
1.97712e+07,
1.99597e+07,
2.01465e+07,
2.03348e+07,
2.0522e+07,
2.07084e+07,
2.0892e+07,
2.10754e+07,
2.12621e+07,
2.1447e+07,
2.16332e+07,
2.18171e+07,
2.20022e+07,
2.21913e+07,
2.23815e+07,
2.25737e+07,
2.27662e+07,
2.29524e+07,
2.31381e+07,
2.33257e+07,
2.35156e+07,
2.37024e+07,
2.38864e+07,
2.40741e+07,
2.42672e+07,
2.44574e+07,
2.46447e+07,
2.48282e+07,
2.50088e+07,
2.51922e+07,
2.53792e+07,
2.55641e+07,
2.57527e+07,
2.594e+07,
2.61251e+07,
2.63091e+07,
2.64854e+07,
2.66541e+07,
2.68202e+07,
2.69877e+07,
2.71618e+07,
2.73352e+07,
2.75038e+07,
2.76719e+07,
2.78422e+07,
2.80136e+07,
2.81852e+07,
2.83553e+07,
2.85255e+07,
2.86979e+07,
2.8867e+07,
2.9032e+07,
2.91964e+07,
2.93602e+07,
2.95242e+07,
2.96895e+07,
2.98581e+07,
3.00283e+07,
3.02019e+07,
3.03726e+07,
3.05414e+07,
3.07052e+07,
3.08679e+07,
3.10278e+07,
3.11873e+07,
3.13476e+07,
3.15132e+07,
3.16803e+07,
3.18441e+07,
3.20112e+07,
3.21778e+07,
3.23405e+07,
3.25018e+07,
3.26637e+07,
3.28249e+07,
3.29873e+07,
3.315e+07,
3.33112e+07,
3.34737e+07,
3.36412e+07,
3.38143e+07,
3.39812e+07,
3.41454e+07,
3.43099e+07,
3.44817e+07,
3.46484e+07,
3.48119e+07,
3.49738e+07,
3.51372e+07,
3.5305e+07,
3.5477e+07,
3.56442e+07,
3.58092e+07,
3.59764e+07,
3.61424e+07,
3.6305e+07,
3.64639e+07,
3.66223e+07,
3.67824e+07,
3.69486e+07,
3.71217e+07,
3.72908e+07,
3.74592e+07,
3.76284e+07,
3.77884e+07,
3.7947e+07,
3.81038e+07,
3.82592e+07,
3.84149e+07,
3.8575e+07,
3.87406e+07,
3.89066e+07,
3.90767e+07,
3.9246e+07,
3.94098e+07,
3.95676e+07,
3.97218e+07,
3.98746e+07,
4.0025e+07,
4.01792e+07,
4.03389e+07,
4.05e+07,
4.06595e+07,
4.08156e+07,
4.09692e+07,
4.11194e+07,
4.1268e+07,
4.14177e+07,
4.1567e+07,
375246,
375369,
375543,
375724,
375921,
376121,
376355,
376619,
376960,
377170,
377361,
377553,
377735,
377919,
378124,
378358,
378551,
378747,
379015,
379190,
379406,
379705,
379989,
380257,
380509,
380717,
380953,
381193,
381382,
381540,
381739,
381933,
382099,
382353,
382622,
382915,
383208,
383446,
383722,
383943,
384261,
384505,
384735,
384990,
385212,
385470,
385760,
386040,
386312,
386622,
386910,
387209,
387513,
387818,
388063,
388381,
388561,
388809,
389122,
389409,
389706,
389977,
390292,
390602,
390968,
391334,
391761,
392149,
392887,
393526,
394134,
394765,
395325,
395926,
396486,
397072,
397640,
398208,
398786,
399444,
400039,
400561,
401149,
401767,
402384,
403005,
403567,
404172,
404730,
405357,
405936,
406553,
407180,
407844,
408462,
409059,
409700,
410266,
410866,
411515,
412060,
412668,
413267,
413861,
414490,
415157,
415827,
416414,
417149,
417883,
418646,
419319,
419984,
420770,
421450,
422144,
422883,
423603,
424297,
425005,
425628,
426425,
427161,
427904,
428554,
429259,
429997,
430751,
431487,
432224,
432997,
433692,
434535,
435390,
436177,
436942,
437746,
438536,
439285,
440006,
440718,
441499,
442292,
443089,
443890,
444686,
445540,
446339,
447139,
447967,
448813,
449626,
450526,
451409,
452267,
453170,
454033,
454940,
455881,
456785,
457611,
458505,
459426,
460292,
461132,
462036,
462938,
463867,
464830,
465737,
466664,
467722,
469596,
472006,
474627,
476883,
479578,
481997,
484407,
487008,
489660,
492147,
494629,
497128,
499889,
502663,
505334,
507949,
510583,
513000,
515802,
518502,
521349,
524037,
526812,
529638,
532884,
536276,
539630,
542743,
546146,
549093,
552175,
555354,
558550,
561965,
565463,
568946,
572339,
575602,
578856,
582073,
585405,
588588,
592149,
595699,
599209,
602755,
606218,
609730,
613595,
617449,
621302,
625123,
629179,
632970,
636986,
640878,
644740,
648386,
652221,
656048,
659829,
663806,
667569,
671526,
675597,
679425,
683411,
687500,
691690,
695607,
699714,
703770,
707889,
712210,
716584,
721004,
725675,
730072,
734427,
738773,
743122,
747432,
751849,
756211,
760751,
765291,
769719,
774072,
778767,
783428,
788098,
792692,
797398,
801983,
806513,
811100,
815693,
820252,
825208,
830176,
835291,
840470,
845847,
850927,
856142,
861268,
866311,
871512,
876510,
881508,
886737,
892133,
897454,
902682,
908015,
913568,
919000,
924428,
929874,
935257,
940668,
946086,
951541,
956909,
962554,
968283,
974337,
980163,
986031,
992055,
998033,
1.00405e+06,
1.01013e+06,
1.01606e+06,
1.02206e+06,
1.02801e+06,
1.03406e+06,
1.0402e+06,
1.04616e+06,
1.05214e+06,
1.0584e+06,
1.06454e+06,
1.07062e+06,
1.07689e+06,
1.08326e+06,
1.0895e+06,
1.09602e+06,
1.1022e+06,
1.10842e+06,
1.11456e+06,
1.12097e+06,
1.12745e+06,
1.13422e+06,
1.14075e+06,
1.14731e+06,
1.15367e+06,
1.16035e+06,
1.16714e+06,
1.1738e+06,
1.18075e+06,
1.18764e+06,
1.1945e+06,
1.20137e+06,
1.20846e+06,
1.21551e+06,
1.22253e+06,
1.22945e+06,
1.23616e+06,
1.24299e+06,
1.24996e+06,
1.25692e+06,
1.26402e+06,
1.27101e+06,
1.27816e+06,
1.28548e+06,
1.29292e+06,
1.30028e+06,
1.30767e+06,
1.31484e+06,
1.32231e+06,
1.32979e+06,
1.33731e+06,
1.34485e+06,
1.35272e+06,
1.36033e+06,
1.36788e+06,
1.37573e+06,
1.38345e+06,
1.39123e+06,
1.39919e+06,
1.4073e+06,
1.4154e+06,
1.42362e+06,
1.43155e+06,
1.43959e+06,
1.44773e+06,
1.45584e+06,
1.46406e+06,
1.47233e+06,
1.48046e+06,
1.48848e+06,
1.49665e+06,
1.50501e+06,
1.51333e+06,
1.52156e+06,
1.53007e+06,
1.53864e+06,
1.54754e+06,
1.55655e+06,
1.56557e+06,
1.57459e+06,
1.58349e+06,
1.5926e+06,
1.60149e+06,
1.6103e+06,
1.61917e+06,
1.62822e+06,
1.63723e+06,
1.64663e+06,
1.65609e+06,
1.66544e+06,
1.67478e+06,
1.68428e+06,
1.69379e+06,
1.70333e+06,
1.71301e+06,
1.72258e+06,
1.73202e+06,
1.74159e+06,
1.75128e+06,
1.76091e+06,
1.77075e+06,
1.78044e+06,
1.7904e+06,
1.80037e+06,
1.81073e+06,
1.82112e+06,
1.83152e+06,
1.84229e+06,
1.85234e+06,
1.86291e+06,
1.87348e+06,
1.88393e+06,
1.89442e+06,
1.90503e+06,
1.9158e+06,
1.92655e+06,
1.93732e+06,
1.94837e+06,
1.95924e+06,
1.97026e+06,
1.98137e+06,
1.99272e+06,
2.00386e+06,
2.015e+06,
2.02614e+06,
2.03748e+06,
2.04901e+06,
2.0606e+06,
2.0721e+06,
2.08354e+06,
2.09531e+06,
2.10695e+06,
2.11924e+06,
2.13168e+06,
2.14419e+06,
2.15637e+06,
2.16867e+06,
2.18122e+06,
2.19383e+06,
2.20621e+06,
2.21886e+06,
2.23138e+06,
2.24417e+06,
2.25696e+06,
2.2698e+06,
2.28318e+06,
2.29609e+06,
2.30947e+06,
2.32278e+06,
2.33621e+06,
2.34968e+06,
2.36325e+06,
2.37679e+06,
2.39027e+06,
2.40401e+06,
2.41786e+06,
2.43129e+06,
2.4451e+06,
2.45897e+06,
2.47324e+06,
2.48784e+06,
2.50251e+06,
2.51747e+06,
2.53234e+06,
2.54724e+06,
2.56226e+06,
2.57748e+06,
2.59273e+06,
2.60815e+06,
2.62346e+06,
2.63889e+06,
2.65453e+06,
2.67042e+06,
2.68621e+06,
2.70223e+06,
2.71862e+06,
2.73482e+06,
2.75109e+06,
2.7673e+06,
2.78381e+06,
2.80063e+06,
2.81707e+06,
2.83393e+06,
2.85111e+06,
2.86818e+06,
2.88555e+06,
2.90297e+06,
2.92065e+06,
2.93881e+06,
2.95698e+06,
2.97492e+06,
2.99332e+06,
3.01177e+06,
3.03062e+06,
3.04896e+06,
3.06811e+06,
3.08685e+06,
3.10587e+06,
3.12534e+06,
3.14503e+06,
3.16487e+06,
3.18509e+06,
3.20524e+06,
3.22546e+06,
3.24551e+06,
3.26595e+06,
3.28642e+06,
3.30727e+06,
3.32838e+06,
3.34957e+06,
3.37122e+06,
3.39281e+06,
3.41488e+06,
3.43713e+06,
3.45927e+06,
3.4815e+06,
3.50403e+06,
3.52693e+06,
3.55015e+06,
3.57361e+06,
3.59751e+06,
3.6212e+06,
3.64584e+06,
3.66989e+06,
3.69449e+06,
3.71932e+06,
3.74441e+06,
3.76986e+06,
3.79582e+06,
3.82175e+06,
3.84757e+06,
3.87373e+06,
3.89997e+06,
3.92725e+06,
3.95455e+06,
3.98183e+06,
4.00955e+06,
4.03688e+06,
4.06484e+06,
4.09373e+06,
4.12251e+06,
4.1519e+06,
4.1812e+06,
4.21131e+06,
4.24199e+06,
4.273e+06,
4.30415e+06,
4.33548e+06,
4.36917e+06,
4.40381e+06,
4.43805e+06,
4.47287e+06,
4.50798e+06,
4.54342e+06,
4.57983e+06,
4.6167e+06,
4.65403e+06,
4.69149e+06,
4.72991e+06,
4.76912e+06,
4.80874e+06,
4.84884e+06,
4.88971e+06,
4.93103e+06,
4.97325e+06,
5.01598e+06,
5.05876e+06,
5.10238e+06,
5.14698e+06,
5.19245e+06,
5.23796e+06,
5.28439e+06,
5.33299e+06,
5.3818e+06,
5.43116e+06,
5.48156e+06,
5.53212e+06,
5.58391e+06,
5.63696e+06,
5.69138e+06,
5.74742e+06,
5.80499e+06,
5.8633e+06,
5.92335e+06,
5.98558e+06,
6.04771e+06,
6.11091e+06,
6.17515e+06,
6.24255e+06,
6.31084e+06,
6.38042e+06,
6.45312e+06,
6.52709e+06,
6.60393e+06,
6.68487e+06,
6.76979e+06,
6.86168e+06,
6.9676e+06,
7.08524e+06,
7.19284e+06,
7.29692e+06,
7.40025e+06,
7.50312e+06,
7.60714e+06,
7.71122e+06,
7.81645e+06,
7.9227e+06,
8.03317e+06,
8.14796e+06,
8.26084e+06,
8.3756e+06,
8.49092e+06,
8.60783e+06,
8.72666e+06,
8.84722e+06,
8.96988e+06,
9.10445e+06,
9.2449e+06,
9.38879e+06,
9.5345e+06,
9.68215e+06,
9.83109e+06,
9.98456e+06,
1.01419e+07,
1.03048e+07,
1.04717e+07,
1.06441e+07,
1.08247e+07,
1.1016e+07,
1.12128e+07,
1.14196e+07,
1.16403e+07,
1.18827e+07,
1.21265e+07,
1.23704e+07,
1.2595e+07,
1.28125e+07,
1.30307e+07,
1.32517e+07,
1.34763e+07,
1.36963e+07,
1.39139e+07,
1.41339e+07,
1.43572e+07,
1.45946e+07,
1.48394e+07,
1.50916e+07,
1.5325e+07,
1.55553e+07,
1.57771e+07,
1.59973e+07,
1.62149e+07,
1.6432e+07,
1.66486e+07,
1.68514e+07,
1.70561e+07,
1.72583e+07,
1.7462e+07,
1.7665e+07,
1.78655e+07,
1.80654e+07,
1.82673e+07,
1.84639e+07,
1.86613e+07,
1.88584e+07,
1.90596e+07,
1.92622e+07,
1.94673e+07,
1.96749e+07,
1.98757e+07,
2.00733e+07,
2.02682e+07,
2.04617e+07,
2.0648e+07,
2.08306e+07,
2.10168e+07,
2.1211e+07,
2.14036e+07,
2.15976e+07,
2.1784e+07,
2.19669e+07,
2.21487e+07,
2.23301e+07,
2.25143e+07,
2.2703e+07,
2.28896e+07,
2.30768e+07,
2.32679e+07,
2.34603e+07,
2.36507e+07,
2.38362e+07,
2.40214e+07,
2.42084e+07,
2.43912e+07,
2.45715e+07,
2.47464e+07,
2.49201e+07,
2.51007e+07,
2.52855e+07,
2.54686e+07,
2.56534e+07,
2.58313e+07,
2.60055e+07,
2.61788e+07,
2.63517e+07,
2.65244e+07,
2.66954e+07,
2.6872e+07,
2.70583e+07,
2.72423e+07,
2.74212e+07,
2.75993e+07,
2.77739e+07,
2.79472e+07,
2.81115e+07,
2.82743e+07,
2.84413e+07,
2.86145e+07,
2.87907e+07,
2.89614e+07,
2.91292e+07,
2.92965e+07,
2.94634e+07,
2.96275e+07,
2.97902e+07,
2.99548e+07,
3.01224e+07,
3.029e+07,
3.04581e+07,
3.06275e+07,
3.07943e+07,
3.09598e+07,
3.11249e+07,
3.12893e+07,
3.1451e+07,
3.16125e+07,
3.17725e+07,
3.19334e+07,
3.20985e+07,
3.22627e+07,
3.2429e+07,
3.25918e+07,
3.27541e+07,
3.29207e+07,
3.30831e+07,
3.32416e+07,
3.33995e+07,
3.35625e+07,
3.37306e+07,
3.38962e+07,
3.40643e+07,
3.42344e+07,
3.44073e+07,
3.45773e+07,
3.47435e+07,
3.4907e+07,
3.50674e+07,
3.52306e+07,
3.54004e+07,
3.55658e+07,
3.57306e+07,
3.59019e+07,
3.60719e+07,
3.62353e+07,
3.63973e+07,
3.65576e+07,
3.67179e+07,
3.68807e+07,
3.70483e+07,
3.72143e+07,
3.73799e+07,
3.75488e+07,
3.77143e+07,
3.78749e+07,
3.80337e+07,
3.81929e+07,
3.83544e+07,
3.85168e+07,
3.86806e+07,
3.88417e+07,
3.9005e+07,
3.91629e+07,
3.93212e+07,
3.94783e+07,
3.96328e+07,
3.97868e+07,
3.9941e+07,
4.01017e+07,
4.02629e+07,
4.04236e+07,
4.05812e+07,
4.0735e+07,
4.08851e+07,
4.10371e+07,
4.11889e+07,
4.13391e+07,
4.14909e+07,
375246,
375360,
375528,
375700,
375903,
376073,
376264,
376529,
376833,
377071,
377258,
377426,
377651,
377815,
378018,
378215,
378391,
378630,
378905,
379035,
379235,
379447,
379777,
380040,
380288,
380478,
380723,
380959,
381142,
381296,
381490,
381719,
381912,
382083,
382350,
382612,
382862,
383143,
383340,
383593,
383857,
384093,
384379,
384633,
384857,
385116,
385357,
385616,
385907,
386197,
386432,
386716,
387034,
387322,
387646,
387878,
388167,
388414,
388641,
388917,
389195,
389470,
389752,
390083,
390350,
390714,
391072,
391455,
392129,
392815,
393436,
393993,
394633,
395201,
395794,
396377,
396960,
397466,
398034,
398685,
399262,
399825,
400430,
401010,
401633,
402179,
402688,
403320,
403902,
404482,
405055,
405655,
406209,
406799,
407474,
408181,
408862,
409438,
410025,
410677,
411241,
411879,
412437,
413143,
413741,
414342,
414945,
415589,
416277,
416969,
417675,
418337,
419009,
419721,
420413,
421152,
421863,
422539,
423221,
423928,
424634,
425340,
426006,
426703,
427429,
428123,
428788,
429489,
430181,
430937,
431654,
432392,
433169,
433957,
434743,
435532,
436224,
436979,
437749,
438478,
439256,
439941,
440760,
441583,
442410,
443243,
444090,
444893,
445737,
446493,
447248,
448033,
448835,
449671,
450507,
451378,
452320,
453214,
454033,
454965,
455842,
456627,
457483,
458400,
459319,
460151,
461045,
461964,
462908,
463795,
464741,
465800,
467249,
469673,
472115,
474584,
477124,
479692,
481996,
484315,
487010,
489675,
492106,
494707,
497419,
500126,
502822,
505363,
507803,
510449,
513071,
515975,
518736,
521514,
524227,
527019,
530170,
533508,
536816,
540042,
543224,
546320,
549511,
552671,
555877,
559126,
562430,
565945,
569275,
572674,
576015,
579145,
582245,
585369,
588861,
592323,
595991,
599473,
602914,
606257,
609997,
613803,
617427,
621117,
625062,
628943,
632744,
636619,
640453,
644267,
648101,
651818,
655517,
659339,
663170,
667066,
670875,
675090,
679050,
682989,
686928,
690978,
694961,
698990,
703008,
707259,
711560,
715942,
720430,
724930,
729276,
733569,
737994,
742420,
746818,
751129,
755473,
760023,
764462,
768869,
773366,
778026,
782725,
787307,
792026,
796596,
801049,
805605,
810167,
814736,
819512,
824564,
829685,
834703,
839738,
844888,
850179,
855363,
860391,
865499,
870619,
875742,
880958,
886147,
891320,
896728,
901930,
907150,
912581,
918065,
923569,
928906,
934201,
939515,
944845,
950362,
956024,
961890,
967564,
973338,
979268,
985127,
991028,
996992,
1.00301e+06,
1.00904e+06,
1.01509e+06,
1.02108e+06,
1.02738e+06,
1.03346e+06,
1.03938e+06,
1.04531e+06,
1.05137e+06,
1.05735e+06,
1.06364e+06,
1.06988e+06,
1.07614e+06,
1.08219e+06,
1.0885e+06,
1.09484e+06,
1.10109e+06,
1.10741e+06,
1.11358e+06,
1.11974e+06,
1.12632e+06,
1.13298e+06,
1.13947e+06,
1.14603e+06,
1.15286e+06,
1.15929e+06,
1.16611e+06,
1.173e+06,
1.17973e+06,
1.18667e+06,
1.19355e+06,
1.20045e+06,
1.20746e+06,
1.21422e+06,
1.22107e+06,
1.22768e+06,
1.23446e+06,
1.24166e+06,
1.24853e+06,
1.25562e+06,
1.26262e+06,
1.26981e+06,
1.27699e+06,
1.2841e+06,
1.29125e+06,
1.29847e+06,
1.30574e+06,
1.31327e+06,
1.32091e+06,
1.32849e+06,
1.33619e+06,
1.3439e+06,
1.35148e+06,
1.35924e+06,
1.36682e+06,
1.37452e+06,
1.38228e+06,
1.39022e+06,
1.39798e+06,
1.40593e+06,
1.4137e+06,
1.42174e+06,
1.42977e+06,
1.43812e+06,
1.4462e+06,
1.45434e+06,
1.46232e+06,
1.4705e+06,
1.47873e+06,
1.48686e+06,
1.49523e+06,
1.5036e+06,
1.51189e+06,
1.52049e+06,
1.5289e+06,
1.53721e+06,
1.54594e+06,
1.55478e+06,
1.5636e+06,
1.57253e+06,
1.58161e+06,
1.59062e+06,
1.5994e+06,
1.60861e+06,
1.61787e+06,
1.62687e+06,
1.63606e+06,
1.64511e+06,
1.65422e+06,
1.66351e+06,
1.67292e+06,
1.68233e+06,
1.69194e+06,
1.70167e+06,
1.7111e+06,
1.72052e+06,
1.73008e+06,
1.73982e+06,
1.74967e+06,
1.75947e+06,
1.7694e+06,
1.77931e+06,
1.78887e+06,
1.7988e+06,
1.80923e+06,
1.81931e+06,
1.82962e+06,
1.84003e+06,
1.8505e+06,
1.86089e+06,
1.87152e+06,
1.88222e+06,
1.89277e+06,
1.90349e+06,
1.9141e+06,
1.92474e+06,
1.93576e+06,
1.94676e+06,
1.95757e+06,
1.96856e+06,
1.97949e+06,
1.99058e+06,
2.00202e+06,
2.01345e+06,
2.02446e+06,
2.03588e+06,
2.04748e+06,
2.05895e+06,
2.07071e+06,
2.08238e+06,
2.09412e+06,
2.1059e+06,
2.11804e+06,
2.1302e+06,
2.14235e+06,
2.15429e+06,
2.16653e+06,
2.17911e+06,
2.19195e+06,
2.2044e+06,
2.21718e+06,
2.22999e+06,
2.24288e+06,
2.25586e+06,
2.26904e+06,
2.28194e+06,
2.2948e+06,
2.30791e+06,
2.32103e+06,
2.33411e+06,
2.34759e+06,
2.36105e+06,
2.3749e+06,
2.38893e+06,
2.40275e+06,
2.41653e+06,
2.43037e+06,
2.44428e+06,
2.45838e+06,
2.47247e+06,
2.48705e+06,
2.50168e+06,
2.5162e+06,
2.53107e+06,
2.54613e+06,
2.56104e+06,
2.5766e+06,
2.59197e+06,
2.60762e+06,
2.62325e+06,
2.63884e+06,
2.65445e+06,
2.67013e+06,
2.68586e+06,
2.70146e+06,
2.71753e+06,
2.73365e+06,
2.75e+06,
2.7665e+06,
2.78355e+06,
2.80049e+06,
2.81712e+06,
2.83411e+06,
2.85117e+06,
2.86833e+06,
2.88565e+06,
2.90275e+06,
2.92028e+06,
2.93794e+06,
2.95602e+06,
2.97446e+06,
2.99327e+06,
3.01236e+06,
3.03133e+06,
3.05016e+06,
3.06922e+06,
3.08806e+06,
3.10714e+06,
3.12615e+06,
3.14591e+06,
3.16571e+06,
3.18544e+06,
3.20577e+06,
3.22618e+06,
3.24701e+06,
3.26794e+06,
3.28881e+06,
3.30994e+06,
3.33095e+06,
3.3522e+06,
3.37364e+06,
3.39516e+06,
3.41679e+06,
3.43889e+06,
3.46119e+06,
3.48386e+06,
3.50702e+06,
3.53008e+06,
3.55346e+06,
3.57666e+06,
3.60031e+06,
3.62436e+06,
3.64893e+06,
3.6734e+06,
3.69815e+06,
3.72313e+06,
3.74839e+06,
3.77418e+06,
3.8001e+06,
3.82596e+06,
3.85236e+06,
3.87899e+06,
3.90551e+06,
3.93248e+06,
3.9596e+06,
3.98744e+06,
4.0153e+06,
4.0436e+06,
4.07252e+06,
4.10172e+06,
4.13101e+06,
4.1603e+06,
4.18984e+06,
4.22044e+06,
4.25147e+06,
4.28242e+06,
4.31389e+06,
4.34715e+06,
4.38129e+06,
4.41607e+06,
4.45109e+06,
4.48624e+06,
4.5218e+06,
4.55839e+06,
4.59479e+06,
4.63176e+06,
4.66927e+06,
4.70759e+06,
4.74675e+06,
4.7869e+06,
4.82713e+06,
4.86756e+06,
4.90866e+06,
4.95049e+06,
4.99244e+06,
5.0346e+06,
5.07809e+06,
5.1227e+06,
5.16889e+06,
5.2156e+06,
5.26267e+06,
5.31035e+06,
5.35935e+06,
5.40875e+06,
5.45863e+06,
5.51032e+06,
5.56415e+06,
5.62025e+06,
5.67558e+06,
5.73152e+06,
5.78737e+06,
5.84488e+06,
5.9034e+06,
5.96284e+06,
6.02425e+06,
6.08689e+06,
6.15072e+06,
6.21754e+06,
6.28595e+06,
6.35586e+06,
6.42765e+06,
6.50108e+06,
6.57773e+06,
6.65855e+06,
6.74389e+06,
6.8346e+06,
6.93972e+06,
7.05751e+06,
7.16635e+06,
7.2722e+06,
7.37668e+06,
7.48174e+06,
7.58719e+06,
7.69375e+06,
7.80135e+06,
7.90958e+06,
8.02278e+06,
8.13908e+06,
8.25541e+06,
8.37331e+06,
8.49069e+06,
8.6106e+06,
8.73291e+06,
8.85654e+06,
8.9833e+06,
9.12183e+06,
9.26617e+06,
9.41574e+06,
9.56641e+06,
9.71999e+06,
9.87755e+06,
1.00396e+07,
1.02088e+07,
1.03848e+07,
1.05686e+07,
1.07628e+07,
1.09813e+07,
1.1212e+07,
1.14253e+07,
1.16369e+07,
1.1856e+07,
1.20833e+07,
1.2293e+07,
1.24972e+07,
1.27009e+07,
1.29037e+07,
1.311e+07,
1.33234e+07,
1.35328e+07,
1.37359e+07,
1.39401e+07,
1.41415e+07,
1.43411e+07,
1.45301e+07,
1.47159e+07,
1.49114e+07,
1.51104e+07,
1.5315e+07,
1.55185e+07,
1.57194e+07,
1.5922e+07,
1.61372e+07,
1.63641e+07,
1.65822e+07,
1.67875e+07,
1.69912e+07,
1.71919e+07,
1.73979e+07,
1.76022e+07,
1.78057e+07,
1.80071e+07,
1.82051e+07,
1.84024e+07,
1.8602e+07,
1.87997e+07,
1.89976e+07,
1.91996e+07,
1.9408e+07,
1.96124e+07,
1.98142e+07,
2.00111e+07,
2.02046e+07,
2.03997e+07,
2.05963e+07,
2.07958e+07,
2.09986e+07,
2.11994e+07,
2.14024e+07,
2.16017e+07,
2.1805e+07,
2.20035e+07,
2.21985e+07,
2.23927e+07,
2.2591e+07,
2.27778e+07,
2.29523e+07,
2.31278e+07,
2.33063e+07,
2.34832e+07,
2.36613e+07,
2.3843e+07,
2.40237e+07,
2.41997e+07,
2.43743e+07,
2.45444e+07,
2.47157e+07,
2.48922e+07,
2.50715e+07,
2.52467e+07,
2.54261e+07,
2.56057e+07,
2.57808e+07,
2.59534e+07,
2.61243e+07,
2.62949e+07,
2.64669e+07,
2.66434e+07,
2.68276e+07,
2.70091e+07,
2.71845e+07,
2.73608e+07,
2.75383e+07,
2.77104e+07,
2.78795e+07,
2.8049e+07,
2.82203e+07,
2.83992e+07,
2.85791e+07,
2.8756e+07,
2.89311e+07,
2.91023e+07,
2.92766e+07,
2.94493e+07,
2.96196e+07,
2.9786e+07,
2.99529e+07,
3.01174e+07,
3.02835e+07,
3.04496e+07,
3.06154e+07,
3.07802e+07,
3.09458e+07,
3.11144e+07,
3.12798e+07,
3.14418e+07,
3.16004e+07,
3.1761e+07,
3.19234e+07,
3.20848e+07,
3.22473e+07,
3.24097e+07,
3.25732e+07,
3.27392e+07,
3.29031e+07,
3.30631e+07,
3.32224e+07,
3.33853e+07,
3.35526e+07,
3.3716e+07,
3.38798e+07,
3.40474e+07,
3.42213e+07,
3.43934e+07,
3.4562e+07,
3.47258e+07,
3.4887e+07,
3.50529e+07,
3.52213e+07,
3.53872e+07,
3.55521e+07,
3.57194e+07,
3.58881e+07,
3.60534e+07,
3.62182e+07,
3.63822e+07,
3.65439e+07,
3.67077e+07,
3.68768e+07,
3.70437e+07,
3.72105e+07,
3.73809e+07,
3.75468e+07,
3.77091e+07,
3.78686e+07,
3.80289e+07,
3.81863e+07,
3.83442e+07,
3.85051e+07,
3.86632e+07,
3.88237e+07,
3.89801e+07,
3.9135e+07,
3.92879e+07,
3.94406e+07,
3.95946e+07,
3.97508e+07,
3.99074e+07,
4.00665e+07,
4.02267e+07,
4.03847e+07,
4.05394e+07,
4.06934e+07,
4.08486e+07,
4.10017e+07,
4.11563e+07,
4.13133e+07,
375246,
375350,
375511,
375676,
375889,
376046,
376199,
376445,
376719,
376968,
377205,
377330,
377542,
377698,
377905,
378058,
378267,
378510,
378737,
378885,
379077,
379301,
379543,
379813,
380054,
380250,
380482,
380691,
380873,
381045,
381195,
381408,
381599,
381809,
382062,
382294,
382497,
382682,
382965,
383227,
383485,
383701,
383931,
384191,
384443,
384714,
384968,
385234,
385444,
385674,
385933,
386212,
386499,
386776,
387106,
387412,
387641,
387900,
388148,
388431,
388704,
388949,
389217,
389535,
389860,
390151,
390517,
390873,
391360,
391982,
392600,
393187,
393842,
394384,
395000,
395532,
396128,
396654,
397233,
397872,
398447,
398986,
399532,
400091,
400726,
401313,
401855,
402434,
403071,
403665,
404257,
404863,
405413,
406089,
406711,
407353,
407947,
408530,
409130,
409712,
410341,
410917,
411484,
412129,
412827,
413395,
414002,
414651,
415307,
415990,
416631,
417314,
418014,
418691,
419368,
420085,
420753,
421426,
422033,
422749,
423460,
424208,
424880,
425564,
426312,
426939,
427577,
428342,
428980,
429710,
430396,
431178,
431996,
432711,
433435,
434167,
434955,
435749,
436572,
437278,
437993,
438773,
439469,
440327,
441105,
441813,
442585,
443420,
444137,
444971,
445816,
446663,
447446,
448223,
449053,
449930,
450827,
451663,
452502,
453224,
454093,
454952,
455843,
456696,
457610,
458424,
459364,
460270,
461177,
462079,
462988,
464016,
465024,
467388,
469819,
472175,
474600,
477255,
479705,
481922,
484437,
487051,
489614,
492132,
494681,
497385,
500059,
502576,
505131,
507646,
510272,
513150,
516056,
518841,
521601,
524358,
527301,
530430,
533529,
536681,
539946,
543250,
546419,
549517,
552752,
556022,
559295,
562576,
565953,
569220,
572515,
575667,
578986,
582266,
585671,
589025,
592412,
595874,
599090,
602525,
605865,
609561,
613338,
617098,
620837,
624498,
628137,
632007,
635755,
639494,
643409,
647121,
650888,
654805,
658556,
662229,
666163,
670025,
673971,
678039,
681941,
685828,
689692,
693802,
697841,
701944,
706292,
710681,
715133,
719306,
723625,
728109,
732438,
736836,
741169,
745640,
750047,
754389,
758699,
763215,
767637,
772114,
776690,
781349,
785893,
790567,
795312,
799920,
804543,
809345,
814032,
818854,
823713,
828488,
833625,
838668,
843661,
848839,
853989,
859146,
864424,
869545,
874712,
879803,
884916,
890228,
895437,
900560,
905797,
911080,
916561,
922045,
927403,
932942,
938379,
943677,
948889,
954337,
960098,
965909,
971783,
977776,
983585,
989477,
995415,
1.00134e+06,
1.00734e+06,
1.01344e+06,
1.0195e+06,
1.02554e+06,
1.03169e+06,
1.03773e+06,
1.04387e+06,
1.04999e+06,
1.05604e+06,
1.0622e+06,
1.06829e+06,
1.07442e+06,
1.0804e+06,
1.08646e+06,
1.0925e+06,
1.09866e+06,
1.10498e+06,
1.11134e+06,
1.11777e+06,
1.12448e+06,
1.1311e+06,
1.13775e+06,
1.14449e+06,
1.15122e+06,
1.15802e+06,
1.16488e+06,
1.17144e+06,
1.17809e+06,
1.18472e+06,
1.19151e+06,
1.19828e+06,
1.20519e+06,
1.21213e+06,
1.21894e+06,
1.22553e+06,
1.23258e+06,
1.23963e+06,
1.24663e+06,
1.25389e+06,
1.2608e+06,
1.26774e+06,
1.27472e+06,
1.28188e+06,
1.28901e+06,
1.296e+06,
1.30321e+06,
1.31071e+06,
1.31847e+06,
1.32624e+06,
1.33381e+06,
1.34162e+06,
1.34919e+06,
1.35693e+06,
1.36476e+06,
1.37243e+06,
1.38002e+06,
1.3877e+06,
1.3954e+06,
1.40332e+06,
1.41124e+06,
1.41906e+06,
1.42703e+06,
1.43507e+06,
1.44336e+06,
1.45146e+06,
1.45977e+06,
1.46797e+06,
1.47639e+06,
1.48474e+06,
1.49305e+06,
1.50119e+06,
1.50937e+06,
1.51769e+06,
1.52587e+06,
1.5345e+06,
1.54319e+06,
1.55197e+06,
1.56071e+06,
1.56956e+06,
1.57853e+06,
1.58772e+06,
1.59679e+06,
1.60586e+06,
1.615e+06,
1.62418e+06,
1.63355e+06,
1.64266e+06,
1.65183e+06,
1.661e+06,
1.67006e+06,
1.67939e+06,
1.68897e+06,
1.69835e+06,
1.70791e+06,
1.71747e+06,
1.72715e+06,
1.73692e+06,
1.74678e+06,
1.75649e+06,
1.76626e+06,
1.77577e+06,
1.78551e+06,
1.79546e+06,
1.80565e+06,
1.81593e+06,
1.82624e+06,
1.83643e+06,
1.84681e+06,
1.85749e+06,
1.86813e+06,
1.87877e+06,
1.88954e+06,
1.90019e+06,
1.9108e+06,
1.9215e+06,
1.93241e+06,
1.94322e+06,
1.9542e+06,
1.96515e+06,
1.97645e+06,
1.98723e+06,
1.99862e+06,
2.00985e+06,
2.02113e+06,
2.03269e+06,
2.04423e+06,
2.0557e+06,
2.06734e+06,
2.07907e+06,
2.09072e+06,
2.10258e+06,
2.11465e+06,
2.12678e+06,
2.139e+06,
2.15095e+06,
2.16346e+06,
2.17586e+06,
2.18839e+06,
2.20084e+06,
2.21379e+06,
2.22645e+06,
2.23928e+06,
2.25225e+06,
2.26525e+06,
2.27836e+06,
2.29141e+06,
2.30452e+06,
2.3176e+06,
2.33087e+06,
2.34407e+06,
2.35756e+06,
2.37117e+06,
2.38459e+06,
2.39845e+06,
2.41239e+06,
2.42678e+06,
2.44091e+06,
2.45501e+06,
2.46947e+06,
2.48394e+06,
2.49869e+06,
2.51373e+06,
2.52853e+06,
2.54328e+06,
2.55822e+06,
2.57347e+06,
2.58843e+06,
2.60383e+06,
2.61948e+06,
2.635e+06,
2.65083e+06,
2.66659e+06,
2.68249e+06,
2.69856e+06,
2.71496e+06,
2.731e+06,
2.74732e+06,
2.76382e+06,
2.7803e+06,
2.79683e+06,
2.81377e+06,
2.83081e+06,
2.84818e+06,
2.86523e+06,
2.88248e+06,
2.89984e+06,
2.91734e+06,
2.93564e+06,
2.95384e+06,
2.97214e+06,
2.9903e+06,
3.00905e+06,
3.02759e+06,
3.0463e+06,
3.0654e+06,
3.08485e+06,
3.10461e+06,
3.12418e+06,
3.14418e+06,
3.16418e+06,
3.18407e+06,
3.20421e+06,
3.22471e+06,
3.24513e+06,
3.26597e+06,
3.28651e+06,
3.30753e+06,
3.32893e+06,
3.35037e+06,
3.372e+06,
3.39394e+06,
3.41591e+06,
3.43812e+06,
3.46036e+06,
3.48277e+06,
3.5059e+06,
3.52847e+06,
3.55219e+06,
3.57602e+06,
3.60018e+06,
3.62455e+06,
3.64906e+06,
3.67354e+06,
3.69837e+06,
3.72339e+06,
3.74895e+06,
3.77452e+06,
3.80034e+06,
3.82631e+06,
3.85291e+06,
3.87957e+06,
3.9069e+06,
3.93437e+06,
3.96191e+06,
3.98956e+06,
4.01787e+06,
4.04641e+06,
4.07551e+06,
4.10476e+06,
4.13409e+06,
4.16409e+06,
4.1941e+06,
4.22506e+06,
4.25623e+06,
4.28764e+06,
4.32138e+06,
4.35539e+06,
4.39032e+06,
4.42555e+06,
4.46103e+06,
4.49645e+06,
4.53231e+06,
4.56895e+06,
4.60631e+06,
4.64378e+06,
4.68218e+06,
4.72125e+06,
4.76068e+06,
4.8006e+06,
4.84085e+06,
4.88177e+06,
4.92341e+06,
4.966e+06,
5.00974e+06,
5.05386e+06,
5.09906e+06,
5.14415e+06,
5.19073e+06,
5.23808e+06,
5.28711e+06,
5.33709e+06,
5.38731e+06,
5.43841e+06,
5.49037e+06,
5.54229e+06,
5.59551e+06,
5.65014e+06,
5.7056e+06,
5.76097e+06,
5.81855e+06,
5.87713e+06,
5.93729e+06,
5.99864e+06,
6.06129e+06,
6.12533e+06,
6.19099e+06,
6.25928e+06,
6.32876e+06,
6.40077e+06,
6.47573e+06,
6.55447e+06,
6.63598e+06,
6.72103e+06,
6.81173e+06,
6.91729e+06,
7.03721e+06,
7.14713e+06,
7.25475e+06,
7.36298e+06,
7.46934e+06,
7.57723e+06,
7.68559e+06,
7.7956e+06,
7.90793e+06,
8.02277e+06,
8.14379e+06,
8.26582e+06,
8.38827e+06,
8.51167e+06,
8.63691e+06,
8.76587e+06,
8.89768e+06,
9.03339e+06,
9.1804e+06,
9.33604e+06,
9.49936e+06,
9.66558e+06,
9.84023e+06,
1.00259e+07,
1.02416e+07,
1.04423e+07,
1.06315e+07,
1.08186e+07,
1.10041e+07,
1.11935e+07,
1.1387e+07,
1.15837e+07,
1.17871e+07,
1.2007e+07,
1.22234e+07,
1.24298e+07,
1.26277e+07,
1.28165e+07,
1.29866e+07,
1.31617e+07,
1.33413e+07,
1.35175e+07,
1.36924e+07,
1.38676e+07,
1.40441e+07,
1.42276e+07,
1.44071e+07,
1.45857e+07,
1.47681e+07,
1.49507e+07,
1.51325e+07,
1.53134e+07,
1.54936e+07,
1.56737e+07,
1.58576e+07,
1.60497e+07,
1.62419e+07,
1.64325e+07,
1.66225e+07,
1.68181e+07,
1.70181e+07,
1.72196e+07,
1.74331e+07,
1.76515e+07,
1.78707e+07,
1.80766e+07,
1.82846e+07,
1.84844e+07,
1.86851e+07,
1.88873e+07,
1.90942e+07,
1.9296e+07,
1.94935e+07,
1.96923e+07,
1.989e+07,
2.00884e+07,
2.02888e+07,
2.04869e+07,
2.06859e+07,
2.08777e+07,
2.10696e+07,
2.12543e+07,
2.14387e+07,
2.1623e+07,
2.18108e+07,
2.2002e+07,
2.22006e+07,
2.23916e+07,
2.25746e+07,
2.27576e+07,
2.29439e+07,
2.31279e+07,
2.33102e+07,
2.34943e+07,
2.36815e+07,
2.38669e+07,
2.40519e+07,
2.42412e+07,
2.44248e+07,
2.46078e+07,
2.47848e+07,
2.49558e+07,
2.51287e+07,
2.52987e+07,
2.54676e+07,
2.5636e+07,
2.58085e+07,
2.59831e+07,
2.61624e+07,
2.63393e+07,
2.65217e+07,
2.67e+07,
2.68724e+07,
2.7042e+07,
2.72102e+07,
2.73779e+07,
2.7547e+07,
2.77172e+07,
2.78951e+07,
2.8079e+07,
2.82577e+07,
2.84291e+07,
2.85986e+07,
2.87681e+07,
2.89371e+07,
2.91056e+07,
2.92724e+07,
2.94418e+07,
2.96184e+07,
2.97944e+07,
2.99704e+07,
3.01415e+07,
3.03096e+07,
3.04763e+07,
3.06439e+07,
3.08105e+07,
3.09802e+07,
3.11491e+07,
3.13162e+07,
3.14826e+07,
3.16484e+07,
3.18117e+07,
3.1973e+07,
3.21317e+07,
3.229e+07,
3.2451e+07,
3.26096e+07,
3.27677e+07,
3.29286e+07,
3.30967e+07,
3.32704e+07,
3.34374e+07,
3.3603e+07,
3.37707e+07,
3.39413e+07,
3.41074e+07,
3.42694e+07,
3.44298e+07,
3.45907e+07,
3.47573e+07,
3.49313e+07,
3.51e+07,
3.52683e+07,
3.54411e+07,
3.5612e+07,
3.57759e+07,
3.59375e+07,
3.60978e+07,
3.626e+07,
3.64297e+07,
3.66052e+07,
3.67764e+07,
3.69451e+07,
3.7113e+07,
3.72756e+07,
3.74367e+07,
3.75943e+07,
3.77479e+07,
3.79012e+07,
3.80587e+07,
3.82207e+07,
3.83818e+07,
3.85443e+07,
3.87002e+07,
3.88532e+07,
3.90072e+07,
3.91605e+07,
3.9313e+07,
3.94649e+07,
3.96208e+07,
3.97832e+07,
3.99474e+07,
4.01098e+07,
4.02624e+07,
4.04122e+07,
4.05609e+07,
4.07103e+07,
4.08604e+07,
4.10131e+07,
375246,
375344,
375499,
375659,
375857,
375999,
376139,
376355,
376596,
376852,
377089,
377202,
377436,
377635,
377769,
377928,
378139,
378366,
378598,
378745,
378927,
379165,
379358,
379543,
379822,
380062,
380237,
380454,
380617,
380793,
380997,
381119,
381298,
381567,
381809,
381990,
382152,
382343,
382547,
382828,
383097,
383291,
383517,
383790,
384033,
384303,
384560,
384727,
384938,
385174,
385465,
385662,
385973,
386238,
386539,
386891,
387102,
387354,
387643,
387903,
388128,
388342,
388627,
388872,
389144,
389472,
389795,
390132,
390550,
391146,
391731,
392214,
392899,
393547,
394112,
394685,
395324,
395942,
396543,
397093,
397706,
398324,
398883,
399437,
399979,
400562,
401115,
401779,
402400,
402940,
403522,
404090,
404688,
405350,
406000,
406622,
407193,
407756,
408312,
408871,
409502,
410047,
410691,
411308,
411925,
412576,
413190,
413861,
414523,
415168,
415881,
416537,
417219,
417859,
418552,
419241,
419900,
420542,
421202,
421864,
422543,
423213,
423853,
424585,
425265,
425912,
426628,
427350,
428025,
428716,
429415,
430175,
430934,
431688,
432448,
433116,
433873,
434607,
435296,
436008,
436769,
437552,
438310,
439058,
439802,
440569,
441302,
442051,
442825,
443560,
444281,
445115,
445953,
446808,
447667,
448556,
449460,
450312,
451113,
451898,
452678,
453572,
454447,
455307,
456195,
457095,
457927,
458809,
459671,
460532,
461414,
462360,
463351,
464649,
467163,
469623,
472073,
474633,
477125,
479486,
481864,
484304,
486917,
489440,
492083,
494670,
497341,
499851,
502400,
504882,
507654,
510386,
513216,
516064,
518884,
521624,
524361,
527262,
530498,
533343,
536614,
539877,
543087,
546123,
549329,
552597,
555900,
559123,
562328,
565586,
568851,
572024,
575493,
578782,
582129,
585485,
588839,
592066,
595348,
598622,
601897,
605327,
609050,
612589,
616309,
619918,
623657,
627328,
631039,
634623,
638656,
642442,
646056,
649813,
653668,
657556,
661488,
665242,
669163,
672926,
676720,
680538,
684568,
688495,
692370,
696270,
700493,
704729,
709029,
713170,
717652,
721920,
726109,
730656,
735146,
739624,
743961,
748277,
752756,
757267,
761640,
766031,
770466,
774934,
779411,
783836,
788516,
793405,
798042,
802606,
807328,
811996,
816866,
821850,
826843,
831819,
836754,
841681,
846718,
851826,
856895,
862169,
867316,
872539,
877681,
882804,
888054,
893312,
898733,
903833,
908950,
914186,
919640,
924939,
930033,
935416,
940985,
946580,
952260,
957985,
963718,
969489,
975242,
980976,
986840,
992822,
998583,
1.00448e+06,
1.01022e+06,
1.01635e+06,
1.02264e+06,
1.02877e+06,
1.03484e+06,
1.0408e+06,
1.04664e+06,
1.05295e+06,
1.059e+06,
1.06519e+06,
1.07112e+06,
1.07715e+06,
1.08325e+06,
1.08952e+06,
1.09565e+06,
1.10178e+06,
1.108e+06,
1.11435e+06,
1.12102e+06,
1.12785e+06,
1.13465e+06,
1.14125e+06,
1.14787e+06,
1.15461e+06,
1.16118e+06,
1.16771e+06,
1.17449e+06,
1.1811e+06,
1.18769e+06,
1.19436e+06,
1.20114e+06,
1.20781e+06,
1.21481e+06,
1.22199e+06,
1.22912e+06,
1.23607e+06,
1.24315e+06,
1.25029e+06,
1.25714e+06,
1.26409e+06,
1.27111e+06,
1.27796e+06,
1.28485e+06,
1.29192e+06,
1.29906e+06,
1.30643e+06,
1.31388e+06,
1.32155e+06,
1.32921e+06,
1.33689e+06,
1.34465e+06,
1.35236e+06,
1.36008e+06,
1.36787e+06,
1.37584e+06,
1.38348e+06,
1.39128e+06,
1.39918e+06,
1.40684e+06,
1.41489e+06,
1.42295e+06,
1.43101e+06,
1.43895e+06,
1.44685e+06,
1.45506e+06,
1.46317e+06,
1.4715e+06,
1.47973e+06,
1.4878e+06,
1.49612e+06,
1.50439e+06,
1.51242e+06,
1.52086e+06,
1.52967e+06,
1.53842e+06,
1.54726e+06,
1.55609e+06,
1.56475e+06,
1.57382e+06,
1.58279e+06,
1.59197e+06,
1.60095e+06,
1.61014e+06,
1.6193e+06,
1.62857e+06,
1.63758e+06,
1.64676e+06,
1.65604e+06,
1.66547e+06,
1.6746e+06,
1.68392e+06,
1.69328e+06,
1.70255e+06,
1.71196e+06,
1.7215e+06,
1.73109e+06,
1.74056e+06,
1.75043e+06,
1.76047e+06,
1.77026e+06,
1.78009e+06,
1.79007e+06,
1.80011e+06,
1.81031e+06,
1.82076e+06,
1.83125e+06,
1.84166e+06,
1.85215e+06,
1.86251e+06,
1.87305e+06,
1.88373e+06,
1.89419e+06,
1.90485e+06,
1.91565e+06,
1.92645e+06,
1.93767e+06,
1.94854e+06,
1.9596e+06,
1.97074e+06,
1.98172e+06,
1.99292e+06,
2.00427e+06,
2.01543e+06,
2.0269e+06,
2.03842e+06,
2.04983e+06,
2.0614e+06,
2.07301e+06,
2.08474e+06,
2.09693e+06,
2.10902e+06,
2.12131e+06,
2.13344e+06,
2.14591e+06,
2.15812e+06,
2.1704e+06,
2.18279e+06,
2.19537e+06,
2.20805e+06,
2.22055e+06,
2.23306e+06,
2.24584e+06,
2.2587e+06,
2.27173e+06,
2.28484e+06,
2.29837e+06,
2.31176e+06,
2.32528e+06,
2.33859e+06,
2.35215e+06,
2.3657e+06,
2.37904e+06,
2.39278e+06,
2.40652e+06,
2.42048e+06,
2.43438e+06,
2.44855e+06,
2.46281e+06,
2.47761e+06,
2.49274e+06,
2.50749e+06,
2.52229e+06,
2.53746e+06,
2.55225e+06,
2.56779e+06,
2.58314e+06,
2.59854e+06,
2.61378e+06,
2.62932e+06,
2.64518e+06,
2.66113e+06,
2.67746e+06,
2.69347e+06,
2.7095e+06,
2.72568e+06,
2.74192e+06,
2.75833e+06,
2.77477e+06,
2.79133e+06,
2.80817e+06,
2.82533e+06,
2.84243e+06,
2.85991e+06,
2.87708e+06,
2.89456e+06,
2.91169e+06,
2.93008e+06,
2.94854e+06,
2.96707e+06,
2.98538e+06,
3.00399e+06,
3.02272e+06,
3.04202e+06,
3.0611e+06,
3.08045e+06,
3.10003e+06,
3.11935e+06,
3.13859e+06,
3.15859e+06,
3.1791e+06,
3.19929e+06,
3.21993e+06,
3.24059e+06,
3.26139e+06,
3.28252e+06,
3.30373e+06,
3.32478e+06,
3.34641e+06,
3.36805e+06,
3.39005e+06,
3.412e+06,
3.43441e+06,
3.45704e+06,
3.48013e+06,
3.50326e+06,
3.52688e+06,
3.55051e+06,
3.57403e+06,
3.59814e+06,
3.62232e+06,
3.64628e+06,
3.67112e+06,
3.69579e+06,
3.72146e+06,
3.74734e+06,
3.77357e+06,
3.79983e+06,
3.82633e+06,
3.85307e+06,
3.88012e+06,
3.90745e+06,
3.93476e+06,
3.96257e+06,
3.99078e+06,
4.01921e+06,
4.04832e+06,
4.07729e+06,
4.10708e+06,
4.13678e+06,
4.16716e+06,
4.19815e+06,
4.22909e+06,
4.2606e+06,
4.29428e+06,
4.328e+06,
4.36249e+06,
4.39767e+06,
4.43336e+06,
4.46947e+06,
4.50599e+06,
4.54246e+06,
4.5792e+06,
4.61642e+06,
4.65485e+06,
4.69326e+06,
4.73286e+06,
4.77319e+06,
4.81459e+06,
4.85654e+06,
4.8984e+06,
4.94073e+06,
4.9841e+06,
5.02884e+06,
5.0748e+06,
5.12105e+06,
5.16779e+06,
5.21425e+06,
5.26188e+06,
5.31028e+06,
5.35994e+06,
5.4106e+06,
5.46186e+06,
5.51411e+06,
5.56694e+06,
5.62014e+06,
5.6751e+06,
5.73141e+06,
5.78953e+06,
5.84858e+06,
5.90863e+06,
5.96875e+06,
6.03134e+06,
6.09601e+06,
6.16286e+06,
6.23181e+06,
6.30218e+06,
6.37512e+06,
6.45079e+06,
6.52923e+06,
6.61144e+06,
6.6979e+06,
6.79013e+06,
6.8979e+06,
7.02014e+06,
7.13476e+06,
7.24719e+06,
7.3582e+06,
7.46893e+06,
7.58028e+06,
7.69315e+06,
7.80765e+06,
7.92611e+06,
8.04805e+06,
8.17543e+06,
8.30475e+06,
8.43587e+06,
8.56862e+06,
8.70559e+06,
8.84759e+06,
8.99553e+06,
9.15147e+06,
9.3259e+06,
9.53517e+06,
9.73845e+06,
9.9224e+06,
1.01008e+07,
1.02771e+07,
1.04524e+07,
1.06259e+07,
1.08016e+07,
1.0979e+07,
1.11586e+07,
1.13451e+07,
1.15195e+07,
1.16897e+07,
1.18655e+07,
1.20598e+07,
1.22374e+07,
1.24082e+07,
1.25764e+07,
1.27441e+07,
1.29137e+07,
1.30882e+07,
1.32746e+07,
1.34511e+07,
1.36188e+07,
1.37844e+07,
1.39489e+07,
1.41133e+07,
1.42787e+07,
1.445e+07,
1.46218e+07,
1.47967e+07,
1.49786e+07,
1.51568e+07,
1.53309e+07,
1.55052e+07,
1.56757e+07,
1.58504e+07,
1.6023e+07,
1.61967e+07,
1.63722e+07,
1.65542e+07,
1.67432e+07,
1.69349e+07,
1.71255e+07,
1.73128e+07,
1.74979e+07,
1.76854e+07,
1.787e+07,
1.80571e+07,
1.82474e+07,
1.84466e+07,
1.86579e+07,
1.88739e+07,
1.90827e+07,
1.9288e+07,
1.94795e+07,
1.96685e+07,
1.98573e+07,
2.00466e+07,
2.02366e+07,
2.04223e+07,
2.06117e+07,
2.08012e+07,
2.09906e+07,
2.1177e+07,
2.13616e+07,
2.15452e+07,
2.17309e+07,
2.19117e+07,
2.20927e+07,
2.22759e+07,
2.2461e+07,
2.2644e+07,
2.28302e+07,
2.30157e+07,
2.32034e+07,
2.33847e+07,
2.35632e+07,
2.37391e+07,
2.39136e+07,
2.40926e+07,
2.42775e+07,
2.44627e+07,
2.46547e+07,
2.48366e+07,
2.50142e+07,
2.51915e+07,
2.53698e+07,
2.55466e+07,
2.57221e+07,
2.59006e+07,
2.60884e+07,
2.62736e+07,
2.64587e+07,
2.6643e+07,
2.6818e+07,
2.69854e+07,
2.7152e+07,
2.73199e+07,
2.74897e+07,
2.76641e+07,
2.78362e+07,
2.80054e+07,
2.81741e+07,
2.83475e+07,
2.85173e+07,
2.86847e+07,
2.8853e+07,
2.90247e+07,
2.91966e+07,
2.93656e+07,
2.95354e+07,
2.97013e+07,
2.98672e+07,
3.00363e+07,
3.02047e+07,
3.03703e+07,
3.05397e+07,
3.0705e+07,
3.08688e+07,
3.10361e+07,
3.12066e+07,
3.1372e+07,
3.15375e+07,
3.1704e+07,
3.18718e+07,
3.20386e+07,
3.22023e+07,
3.23634e+07,
3.25251e+07,
3.26933e+07,
3.28683e+07,
3.30414e+07,
3.32101e+07,
3.33778e+07,
3.35527e+07,
3.37208e+07,
3.38839e+07,
3.40442e+07,
3.4204e+07,
3.43685e+07,
3.4538e+07,
3.47071e+07,
3.48777e+07,
3.50536e+07,
3.52282e+07,
3.5401e+07,
3.55678e+07,
3.57294e+07,
3.58888e+07,
3.60524e+07,
3.62211e+07,
3.63871e+07,
3.65563e+07,
3.67267e+07,
3.68912e+07,
3.70552e+07,
3.72139e+07,
3.73692e+07,
3.75235e+07,
3.768e+07,
3.78393e+07,
3.79984e+07,
3.81596e+07,
3.83175e+07,
3.84751e+07,
3.86342e+07,
3.87918e+07,
3.89443e+07,
3.90933e+07,
3.92461e+07,
3.94041e+07,
3.9563e+07,
3.97167e+07,
3.98674e+07,
4.00168e+07,
4.01666e+07,
4.03196e+07,
4.04688e+07,
4.06176e+07,
375246,
375336,
375472,
375630,
375805,
375963,
376100,
376272,
376474,
376742,
376968,
377128,
377315,
377497,
377630,
377812,
377989,
378228,
378416,
378582,
378715,
378912,
379142,
379290,
379542,
379802,
379970,
380184,
380357,
380515,
380710,
380889,
381041,
381276,
381480,
381674,
381844,
382005,
382238,
382509,
382748,
382959,
383197,
383422,
383691,
383939,
384141,
384409,
384593,
384813,
385089,
385302,
385601,
385830,
386099,
386383,
386632,
386900,
387151,
387359,
387564,
387835,
388051,
388369,
388656,
389006,
389300,
389651,
389980,
390522,
391066,
391613,
392196,
392783,
393317,
393882,
394609,
395280,
395933,
396535,
397137,
397665,
398209,
398851,
399407,
400008,
400517,
401164,
401773,
402338,
402964,
403553,
404101,
404743,
405386,
405947,
406625,
407154,
407759,
408274,
408880,
409515,
410066,
410693,
411282,
411863,
412575,
413231,
413837,
414392,
415116,
415791,
416424,
417090,
417729,
418467,
419154,
419827,
420452,
421119,
421756,
422401,
423102,
423753,
424439,
425136,
425808,
426470,
427193,
427838,
428515,
429272,
430027,
430742,
431479,
432196,
432966,
433685,
434346,
434992,
435704,
436405,
437191,
437930,
438708,
439357,
440136,
440937,
441718,
442427,
443212,
443975,
444772,
445563,
446443,
447311,
448080,
448852,
449662,
450456,
451263,
452135,
453034,
453937,
454777,
455700,
456575,
457521,
458432,
459261,
460142,
461026,
462002,
462979,
464537,
467002,
469348,
471767,
474199,
476644,
479000,
481476,
483866,
486502,
489139,
491710,
494365,
496834,
499400,
502098,
504776,
507680,
510394,
513002,
515840,
518680,
521518,
524120,
527157,
530278,
533347,
536505,
539606,
542916,
546093,
549341,
552468,
555634,
558888,
561876,
565047,
568436,
571719,
574829,
578146,
581355,
584730,
587860,
591092,
594303,
597667,
600907,
604253,
607953,
611628,
615246,
618705,
622383,
626083,
629482,
633194,
636718,
640599,
644331,
648182,
652092,
655961,
659802,
663502,
667235,
670988,
674767,
678569,
682547,
686508,
690496,
694452,
698419,
702805,
706845,
711055,
715337,
719661,
723967,
728203,
732465,
736879,
741252,
745832,
750255,
754731,
759027,
763476,
767924,
772233,
776751,
781289,
785829,
790269,
795153,
800018,
804825,
809526,
814240,
819271,
824174,
829089,
834013,
838922,
843945,
848967,
854019,
858972,
864150,
869408,
874700,
879931,
885045,
890113,
895187,
900403,
905572,
910805,
916229,
921473,
926939,
932400,
937869,
943243,
948761,
954356,
960054,
965982,
971591,
977438,
983230,
988906,
994706,
1.00052e+06,
1.00628e+06,
1.01217e+06,
1.01811e+06,
1.02407e+06,
1.03005e+06,
1.03632e+06,
1.04234e+06,
1.04858e+06,
1.05469e+06,
1.06077e+06,
1.06672e+06,
1.07297e+06,
1.07907e+06,
1.08529e+06,
1.09134e+06,
1.09763e+06,
1.10377e+06,
1.11e+06,
1.11633e+06,
1.1228e+06,
1.1294e+06,
1.13594e+06,
1.14262e+06,
1.14923e+06,
1.15593e+06,
1.16247e+06,
1.16898e+06,
1.17579e+06,
1.18255e+06,
1.18929e+06,
1.19601e+06,
1.20289e+06,
1.20959e+06,
1.21656e+06,
1.22341e+06,
1.2305e+06,
1.23743e+06,
1.24435e+06,
1.25137e+06,
1.25838e+06,
1.2653e+06,
1.27231e+06,
1.27939e+06,
1.28621e+06,
1.29339e+06,
1.30062e+06,
1.3083e+06,
1.31578e+06,
1.3235e+06,
1.3309e+06,
1.33829e+06,
1.34593e+06,
1.3537e+06,
1.36167e+06,
1.36938e+06,
1.37731e+06,
1.38516e+06,
1.39287e+06,
1.40078e+06,
1.40904e+06,
1.41692e+06,
1.42517e+06,
1.43314e+06,
1.441e+06,
1.44876e+06,
1.45682e+06,
1.465e+06,
1.47324e+06,
1.48161e+06,
1.48979e+06,
1.49804e+06,
1.50614e+06,
1.51449e+06,
1.52294e+06,
1.5319e+06,
1.54092e+06,
1.54974e+06,
1.55838e+06,
1.56718e+06,
1.57597e+06,
1.58491e+06,
1.59392e+06,
1.60294e+06,
1.61192e+06,
1.62104e+06,
1.63046e+06,
1.63967e+06,
1.64913e+06,
1.65838e+06,
1.66773e+06,
1.67688e+06,
1.68612e+06,
1.69575e+06,
1.70501e+06,
1.71455e+06,
1.724e+06,
1.73358e+06,
1.74311e+06,
1.75269e+06,
1.76227e+06,
1.77206e+06,
1.78211e+06,
1.79228e+06,
1.80254e+06,
1.81271e+06,
1.82312e+06,
1.83375e+06,
1.84399e+06,
1.85432e+06,
1.8649e+06,
1.87535e+06,
1.88595e+06,
1.89657e+06,
1.90752e+06,
1.91854e+06,
1.92911e+06,
1.94037e+06,
1.95141e+06,
1.96254e+06,
1.97364e+06,
1.9847e+06,
1.99605e+06,
2.00738e+06,
2.01863e+06,
2.02997e+06,
2.04154e+06,
2.05306e+06,
2.06458e+06,
2.07638e+06,
2.08807e+06,
2.0999e+06,
2.11226e+06,
2.12438e+06,
2.13675e+06,
2.14925e+06,
2.1616e+06,
2.17437e+06,
2.18699e+06,
2.19962e+06,
2.2123e+06,
2.22505e+06,
2.23789e+06,
2.25077e+06,
2.26333e+06,
2.27666e+06,
2.28953e+06,
2.3026e+06,
2.31607e+06,
2.32945e+06,
2.34299e+06,
2.35656e+06,
2.37039e+06,
2.38436e+06,
2.39821e+06,
2.41215e+06,
2.42622e+06,
2.4404e+06,
2.4545e+06,
2.46906e+06,
2.48372e+06,
2.49804e+06,
2.51284e+06,
2.5282e+06,
2.54335e+06,
2.55877e+06,
2.57417e+06,
2.5899e+06,
2.60548e+06,
2.62122e+06,
2.63668e+06,
2.65239e+06,
2.66849e+06,
2.68438e+06,
2.70048e+06,
2.71688e+06,
2.73311e+06,
2.74984e+06,
2.76682e+06,
2.78355e+06,
2.80064e+06,
2.81743e+06,
2.83411e+06,
2.85169e+06,
2.86908e+06,
2.88649e+06,
2.9041e+06,
2.92201e+06,
2.94017e+06,
2.95842e+06,
2.97672e+06,
2.99575e+06,
3.01451e+06,
3.03388e+06,
3.05294e+06,
3.07221e+06,
3.09181e+06,
3.11159e+06,
3.13127e+06,
3.15157e+06,
3.17179e+06,
3.1921e+06,
3.21273e+06,
3.23324e+06,
3.25412e+06,
3.27531e+06,
3.29675e+06,
3.318e+06,
3.33979e+06,
3.36138e+06,
3.3835e+06,
3.40562e+06,
3.42814e+06,
3.45038e+06,
3.47308e+06,
3.49586e+06,
3.51949e+06,
3.54328e+06,
3.56755e+06,
3.59191e+06,
3.61646e+06,
3.64149e+06,
3.66627e+06,
3.69144e+06,
3.71714e+06,
3.74276e+06,
3.76882e+06,
3.79526e+06,
3.8219e+06,
3.8489e+06,
3.87644e+06,
3.90398e+06,
3.932e+06,
3.96062e+06,
3.989e+06,
4.01795e+06,
4.04701e+06,
4.07683e+06,
4.10656e+06,
4.13704e+06,
4.16726e+06,
4.19801e+06,
4.22966e+06,
4.26297e+06,
4.29717e+06,
4.33145e+06,
4.36665e+06,
4.40181e+06,
4.43744e+06,
4.47337e+06,
4.51016e+06,
4.54671e+06,
4.5845e+06,
4.62341e+06,
4.6626e+06,
4.70287e+06,
4.74374e+06,
4.78505e+06,
4.82729e+06,
4.86982e+06,
4.91226e+06,
4.95485e+06,
4.99857e+06,
5.04278e+06,
5.0879e+06,
5.13393e+06,
5.1802e+06,
5.22786e+06,
5.27633e+06,
5.32539e+06,
5.37438e+06,
5.42442e+06,
5.47633e+06,
5.52919e+06,
5.58388e+06,
5.6397e+06,
5.69572e+06,
5.75344e+06,
5.81207e+06,
5.87278e+06,
5.93514e+06,
5.99813e+06,
6.06257e+06,
6.12963e+06,
6.19958e+06,
6.27181e+06,
6.34606e+06,
6.4223e+06,
6.50204e+06,
6.58569e+06,
6.67443e+06,
6.76858e+06,
6.88006e+06,
7.00779e+06,
7.12762e+06,
7.24373e+06,
7.36114e+06,
7.47846e+06,
7.59762e+06,
7.71732e+06,
7.8401e+06,
7.96718e+06,
8.09971e+06,
8.24039e+06,
8.38449e+06,
8.53429e+06,
8.69249e+06,
8.8655e+06,
9.07204e+06,
9.25284e+06,
9.42032e+06,
9.58884e+06,
9.76176e+06,
9.93329e+06,
1.01013e+07,
1.02679e+07,
1.04122e+07,
1.05538e+07,
1.07037e+07,
1.08539e+07,
1.10027e+07,
1.11528e+07,
1.13084e+07,
1.14717e+07,
1.16385e+07,
1.18176e+07,
1.20088e+07,
1.21825e+07,
1.2352e+07,
1.2522e+07,
1.26846e+07,
1.28466e+07,
1.30109e+07,
1.31809e+07,
1.3344e+07,
1.3507e+07,
1.36696e+07,
1.38324e+07,
1.39976e+07,
1.41658e+07,
1.43313e+07,
1.44931e+07,
1.46603e+07,
1.48283e+07,
1.49939e+07,
1.51582e+07,
1.53246e+07,
1.54942e+07,
1.56661e+07,
1.58453e+07,
1.60181e+07,
1.61864e+07,
1.63563e+07,
1.65293e+07,
1.67016e+07,
1.68793e+07,
1.7054e+07,
1.72213e+07,
1.73869e+07,
1.75585e+07,
1.77292e+07,
1.78993e+07,
1.80765e+07,
1.82553e+07,
1.84267e+07,
1.8596e+07,
1.87642e+07,
1.89353e+07,
1.911e+07,
1.92907e+07,
1.94777e+07,
1.96628e+07,
1.98479e+07,
2.00433e+07,
2.02396e+07,
2.0437e+07,
2.06273e+07,
2.08113e+07,
2.09986e+07,
2.11877e+07,
2.13754e+07,
2.15574e+07,
2.17395e+07,
2.19233e+07,
2.21053e+07,
2.22877e+07,
2.24717e+07,
2.26557e+07,
2.28315e+07,
2.3008e+07,
2.31901e+07,
2.33664e+07,
2.35436e+07,
2.37241e+07,
2.39021e+07,
2.40826e+07,
2.42601e+07,
2.44358e+07,
2.46137e+07,
2.47899e+07,
2.49661e+07,
2.51453e+07,
2.53237e+07,
2.55078e+07,
2.56847e+07,
2.5859e+07,
2.6032e+07,
2.62047e+07,
2.63801e+07,
2.65571e+07,
2.67362e+07,
2.69202e+07,
2.7102e+07,
2.72801e+07,
2.74552e+07,
2.76261e+07,
2.77978e+07,
2.79687e+07,
2.81407e+07,
2.83166e+07,
2.84982e+07,
2.8684e+07,
2.88615e+07,
2.9031e+07,
2.91945e+07,
2.93548e+07,
2.95161e+07,
2.96762e+07,
2.98372e+07,
3.0003e+07,
3.01688e+07,
3.03365e+07,
3.05057e+07,
3.06736e+07,
3.08359e+07,
3.09974e+07,
3.11596e+07,
3.132e+07,
3.14828e+07,
3.16445e+07,
3.18061e+07,
3.1969e+07,
3.21422e+07,
3.23188e+07,
3.24905e+07,
3.26603e+07,
3.28308e+07,
3.30071e+07,
3.31787e+07,
3.33475e+07,
3.35146e+07,
3.3683e+07,
3.38591e+07,
3.40387e+07,
3.42162e+07,
3.43985e+07,
3.45812e+07,
3.47555e+07,
3.49224e+07,
3.50836e+07,
3.52441e+07,
3.5405e+07,
3.55696e+07,
3.57401e+07,
3.59059e+07,
3.60753e+07,
3.62454e+07,
3.641e+07,
3.65697e+07,
3.67256e+07,
3.68812e+07,
3.70385e+07,
3.71987e+07,
3.73657e+07,
3.75261e+07,
3.76874e+07,
3.78422e+07,
3.79957e+07,
3.81478e+07,
3.82996e+07,
3.84492e+07,
3.85982e+07,
3.87511e+07,
3.89135e+07,
3.90734e+07,
3.92276e+07,
3.9377e+07,
3.95233e+07,
3.96689e+07,
3.98136e+07,
3.99598e+07,
4.01075e+07,
375246,
375336,
375450,
375594,
375772,
375909,
376026,
376160,
376350,
376607,
376816,
377013,
377211,
377361,
377509,
377677,
377851,
378054,
378227,
378431,
378575,
378715,
378922,
379101,
379303,
379572,
379752,
379931,
380100,
380304,
380461,
380636,
380809,
381019,
381142,
381358,
381566,
381763,
381981,
382184,
382441,
382686,
382926,
383136,
383451,
383635,
383846,
384085,
384366,
384551,
384740,
384967,
385268,
385550,
385765,
386002,
386239,
386494,
386685,
386894,
387175,
387425,
387661,
388040,
388354,
388701,
389008,
389312,
389660,
390128,
390648,
391142,
391704,
392273,
392837,
393413,
393982,
394557,
395279,
395909,
396422,
397010,
397549,
398166,
398748,
399227,
399836,
400428,
401020,
401712,
402299,
402859,
403385,
404031,
404660,
405316,
405877,
406435,
406996,
407530,
408097,
408669,
409311,
409901,
410500,
411135,
411758,
412328,
413019,
413603,
414189,
414801,
415514,
416254,
416959,
417688,
418305,
418916,
419650,
420194,
420815,
421444,
422119,
422836,
423551,
424227,
424919,
425589,
426271,
426879,
427591,
428329,
428970,
429684,
430435,
431171,
431856,
432490,
433172,
433870,
434571,
435307,
436034,
436817,
437607,
438344,
439128,
439919,
440651,
441364,
442084,
442850,
443664,
444419,
445207,
446116,
446917,
447691,
448532,
449223,
450014,
450878,
451704,
452610,
453524,
454355,
455338,
456198,
457143,
458075,
459048,
459998,
460880,
461910,
462842,
464218,
466593,
468974,
471455,
473826,
476230,
478725,
481198,
483614,
486035,
488563,
491252,
493814,
496345,
498837,
501554,
504416,
507156,
509862,
512526,
515171,
517974,
520650,
523496,
526419,
529517,
532712,
535867,
538846,
541943,
545259,
548586,
551666,
554892,
557917,
561034,
564077,
567105,
570344,
573606,
576959,
580088,
583279,
586571,
589688,
592897,
595950,
599226,
602640,
606372,
609850,
613459,
617076,
620569,
624058,
627580,
631210,
634770,
638409,
642157,
646089,
649881,
653592,
657327,
661091,
664830,
668583,
672238,
676022,
679825,
683488,
687550,
691607,
695744,
700027,
704247,
708386,
712616,
716749,
720887,
725180,
729465,
733697,
738143,
742560,
747012,
751450,
755813,
760310,
764763,
769343,
773822,
778245,
782513,
787086,
791632,
796400,
801030,
805966,
810628,
815349,
820323,
825292,
830175,
835092,
840061,
845049,
850072,
855163,
860219,
865476,
870436,
875470,
880752,
885942,
891331,
896351,
901532,
906772,
911844,
917109,
922301,
927768,
933115,
938521,
943882,
949507,
955350,
961158,
966984,
972562,
978241,
983915,
989755,
995450,
1.00121e+06,
1.00709e+06,
1.01288e+06,
1.01879e+06,
1.02472e+06,
1.03058e+06,
1.03651e+06,
1.04247e+06,
1.04877e+06,
1.05466e+06,
1.06089e+06,
1.06717e+06,
1.07325e+06,
1.07943e+06,
1.08562e+06,
1.09175e+06,
1.09795e+06,
1.104e+06,
1.11015e+06,
1.11672e+06,
1.12304e+06,
1.12962e+06,
1.13605e+06,
1.14263e+06,
1.14918e+06,
1.15588e+06,
1.16253e+06,
1.16915e+06,
1.17593e+06,
1.18275e+06,
1.18955e+06,
1.19635e+06,
1.20311e+06,
1.20992e+06,
1.21662e+06,
1.2234e+06,
1.2302e+06,
1.23686e+06,
1.24365e+06,
1.25063e+06,
1.25766e+06,
1.26482e+06,
1.27209e+06,
1.27929e+06,
1.28638e+06,
1.29364e+06,
1.30099e+06,
1.30856e+06,
1.31611e+06,
1.32332e+06,
1.33072e+06,
1.33835e+06,
1.34589e+06,
1.3536e+06,
1.36131e+06,
1.36915e+06,
1.377e+06,
1.38496e+06,
1.39266e+06,
1.40092e+06,
1.40895e+06,
1.41685e+06,
1.42487e+06,
1.43302e+06,
1.4411e+06,
1.44912e+06,
1.45711e+06,
1.46512e+06,
1.47324e+06,
1.48124e+06,
1.48933e+06,
1.49763e+06,
1.50602e+06,
1.51459e+06,
1.52326e+06,
1.53205e+06,
1.54077e+06,
1.54975e+06,
1.55854e+06,
1.56732e+06,
1.57613e+06,
1.58482e+06,
1.59381e+06,
1.60274e+06,
1.61171e+06,
1.62081e+06,
1.62992e+06,
1.63923e+06,
1.64858e+06,
1.6577e+06,
1.66717e+06,
1.67641e+06,
1.68599e+06,
1.69538e+06,
1.70485e+06,
1.71441e+06,
1.72398e+06,
1.73353e+06,
1.74318e+06,
1.75291e+06,
1.76262e+06,
1.77241e+06,
1.78233e+06,
1.79254e+06,
1.80282e+06,
1.81326e+06,
1.8237e+06,
1.83409e+06,
1.84441e+06,
1.8548e+06,
1.86522e+06,
1.8758e+06,
1.88659e+06,
1.89751e+06,
1.90843e+06,
1.91937e+06,
1.92995e+06,
1.94077e+06,
1.95174e+06,
1.96268e+06,
1.97382e+06,
1.98513e+06,
1.99663e+06,
2.00819e+06,
2.01965e+06,
2.03114e+06,
2.04288e+06,
2.05465e+06,
2.06624e+06,
2.07804e+06,
2.08957e+06,
2.10154e+06,
2.11364e+06,
2.12595e+06,
2.13804e+06,
2.15039e+06,
2.16281e+06,
2.17554e+06,
2.18825e+06,
2.20133e+06,
2.21434e+06,
2.22736e+06,
2.2403e+06,
2.25303e+06,
2.26595e+06,
2.27907e+06,
2.29221e+06,
2.30555e+06,
2.3187e+06,
2.33186e+06,
2.34583e+06,
2.35961e+06,
2.37348e+06,
2.38766e+06,
2.40157e+06,
2.41559e+06,
2.42968e+06,
2.44397e+06,
2.45814e+06,
2.47278e+06,
2.48756e+06,
2.50279e+06,
2.51773e+06,
2.53278e+06,
2.54795e+06,
2.56333e+06,
2.57879e+06,
2.5945e+06,
2.61024e+06,
2.62594e+06,
2.64182e+06,
2.65767e+06,
2.67379e+06,
2.69011e+06,
2.70641e+06,
2.72274e+06,
2.73918e+06,
2.75561e+06,
2.77234e+06,
2.78942e+06,
2.80626e+06,
2.82335e+06,
2.84055e+06,
2.85813e+06,
2.87595e+06,
2.89357e+06,
2.91178e+06,
2.93009e+06,
2.94848e+06,
2.96687e+06,
2.98544e+06,
3.00426e+06,
3.02335e+06,
3.0426e+06,
3.0621e+06,
3.08169e+06,
3.10166e+06,
3.12153e+06,
3.14149e+06,
3.16145e+06,
3.18174e+06,
3.20217e+06,
3.22281e+06,
3.2437e+06,
3.26517e+06,
3.28637e+06,
3.30826e+06,
3.33006e+06,
3.35192e+06,
3.3739e+06,
3.39624e+06,
3.41903e+06,
3.44198e+06,
3.46518e+06,
3.48858e+06,
3.51223e+06,
3.53595e+06,
3.56025e+06,
3.58443e+06,
3.60833e+06,
3.63296e+06,
3.6579e+06,
3.68345e+06,
3.70939e+06,
3.73561e+06,
3.7622e+06,
3.78883e+06,
3.81578e+06,
3.84263e+06,
3.86976e+06,
3.89727e+06,
3.92567e+06,
3.95419e+06,
3.98333e+06,
4.01276e+06,
4.04218e+06,
4.07247e+06,
4.10274e+06,
4.13321e+06,
4.16388e+06,
4.19534e+06,
4.2284e+06,
4.2622e+06,
4.29594e+06,
4.33073e+06,
4.36568e+06,
4.40125e+06,
4.4374e+06,
4.47434e+06,
4.51155e+06,
4.54911e+06,
4.5877e+06,
4.62772e+06,
4.66846e+06,
4.70859e+06,
4.74911e+06,
4.79001e+06,
4.83127e+06,
4.8729e+06,
4.91554e+06,
4.95912e+06,
5.00336e+06,
5.04895e+06,
5.09518e+06,
5.14109e+06,
5.18794e+06,
5.2352e+06,
5.28328e+06,
5.33304e+06,
5.38352e+06,
5.43518e+06,
5.48871e+06,
5.54325e+06,
5.59904e+06,
5.65619e+06,
5.71406e+06,
5.77296e+06,
5.8327e+06,
5.89468e+06,
5.95855e+06,
6.0249e+06,
6.0936e+06,
6.16401e+06,
6.23716e+06,
6.31219e+06,
6.39059e+06,
6.4725e+06,
6.55863e+06,
6.6494e+06,
6.74695e+06,
6.86293e+06,
6.99923e+06,
7.1259e+06,
7.25042e+06,
7.37559e+06,
7.50138e+06,
7.62972e+06,
7.76121e+06,
7.89861e+06,
8.04441e+06,
8.20381e+06,
8.38062e+06,
8.59533e+06,
8.79117e+06,
8.9637e+06,
9.12802e+06,
9.28578e+06,
9.43896e+06,
9.56301e+06,
9.6856e+06,
9.81803e+06,
9.95614e+06,
1.00994e+07,
1.02445e+07,
1.03831e+07,
1.05219e+07,
1.06633e+07,
1.08058e+07,
1.09515e+07,
1.10988e+07,
1.1249e+07,
1.14095e+07,
1.15817e+07,
1.1778e+07,
1.19532e+07,
1.21181e+07,
1.22784e+07,
1.24351e+07,
1.25926e+07,
1.27502e+07,
1.29132e+07,
1.30747e+07,
1.3233e+07,
1.33954e+07,
1.35544e+07,
1.37101e+07,
1.38662e+07,
1.40236e+07,
1.41843e+07,
1.43416e+07,
1.45037e+07,
1.46719e+07,
1.48375e+07,
1.50075e+07,
1.51728e+07,
1.53369e+07,
1.5497e+07,
1.56568e+07,
1.5813e+07,
1.59631e+07,
1.61182e+07,
1.62787e+07,
1.64424e+07,
1.66132e+07,
1.67744e+07,
1.69294e+07,
1.70834e+07,
1.72366e+07,
1.73884e+07,
1.7543e+07,
1.77061e+07,
1.78733e+07,
1.8037e+07,
1.82055e+07,
1.83746e+07,
1.85364e+07,
1.86919e+07,
1.88488e+07,
1.90106e+07,
1.91734e+07,
1.93376e+07,
1.95073e+07,
1.96761e+07,
1.98484e+07,
2.00255e+07,
2.0199e+07,
2.03771e+07,
2.05512e+07,
2.07199e+07,
2.08901e+07,
2.1066e+07,
2.12523e+07,
2.14437e+07,
2.16432e+07,
2.18511e+07,
2.20396e+07,
2.22195e+07,
2.23988e+07,
2.25718e+07,
2.2742e+07,
2.29145e+07,
2.30932e+07,
2.32722e+07,
2.34551e+07,
2.36385e+07,
2.38151e+07,
2.39868e+07,
2.4157e+07,
2.43243e+07,
2.4495e+07,
2.46708e+07,
2.48535e+07,
2.50289e+07,
2.52014e+07,
2.5377e+07,
2.55534e+07,
2.57258e+07,
2.58972e+07,
2.60673e+07,
2.62408e+07,
2.64196e+07,
2.65988e+07,
2.67717e+07,
2.69432e+07,
2.71131e+07,
2.72857e+07,
2.74549e+07,
2.76243e+07,
2.77965e+07,
2.79676e+07,
2.81387e+07,
2.83113e+07,
2.84803e+07,
2.86484e+07,
2.88185e+07,
2.89924e+07,
2.91614e+07,
2.93319e+07,
2.95006e+07,
2.96682e+07,
2.98368e+07,
3.00074e+07,
3.01742e+07,
3.03408e+07,
3.05116e+07,
3.06858e+07,
3.08609e+07,
3.10234e+07,
3.11822e+07,
3.13409e+07,
3.15065e+07,
3.16788e+07,
3.18472e+07,
3.20141e+07,
3.21848e+07,
3.23656e+07,
3.25415e+07,
3.2711e+07,
3.28788e+07,
3.30493e+07,
3.32288e+07,
3.34093e+07,
3.35833e+07,
3.37576e+07,
3.39362e+07,
3.41095e+07,
3.42787e+07,
3.44451e+07,
3.46098e+07,
3.47739e+07,
3.49442e+07,
3.51189e+07,
3.52901e+07,
3.54647e+07,
3.56406e+07,
3.58093e+07,
3.59796e+07,
3.61414e+07,
3.62988e+07,
3.64581e+07,
3.66199e+07,
3.67793e+07,
3.69358e+07,
3.70938e+07,
3.72469e+07,
3.74002e+07,
3.75557e+07,
3.77072e+07,
3.78548e+07,
3.80014e+07,
3.81531e+07,
3.83127e+07,
3.84703e+07,
3.86231e+07,
3.87702e+07,
3.89176e+07,
3.9066e+07,
3.9215e+07,
3.93615e+07,
3.95079e+07,
375246,
375331,
375422,
375554,
375752,
375843,
375975,
376111,
376245,
376462,
376672,
376881,
377061,
377207,
377386,
377544,
377724,
377889,
378058,
378230,
378372,
378538,
378701,
378897,
379112,
379346,
379493,
379735,
379891,
380092,
380279,
380469,
380609,
380764,
380919,
381114,
381334,
381574,
381785,
382057,
382305,
382498,
382670,
382933,
383134,
383323,
383575,
383773,
384013,
384242,
384441,
384755,
384996,
385212,
385426,
385697,
385903,
386112,
386360,
386644,
386870,
387151,
387463,
387843,
388215,
388580,
388889,
389213,
389500,
389873,
390352,
390914,
391384,
391966,
392471,
392967,
393464,
393995,
394496,
395081,
395614,
396164,
396809,
397413,
398020,
398594,
399196,
399804,
400384,
401007,
401659,
402242,
402819,
403405,
404052,
404621,
405198,
405729,
406263,
406834,
407388,
407968,
408519,
409071,
409652,
410255,
410856,
411520,
412166,
412754,
413379,
414045,
414682,
415370,
416032,
416764,
417380,
418021,
418690,
419297,
419958,
420619,
421342,
421995,
422648,
423349,
424016,
424708,
425314,
425957,
426652,
427376,
428074,
428788,
429514,
430158,
430800,
431603,
432275,
432909,
433543,
434240,
434927,
435708,
436420,
437229,
438027,
438852,
439581,
440278,
441087,
441846,
442561,
443314,
444071,
444936,
445736,
446615,
447484,
448251,
449090,
449885,
450734,
451532,
452324,
453199,
454092,
454995,
455840,
456745,
457627,
458569,
459456,
460359,
461267,
462197,
463366,
465679,
467973,
470484,
472963,
475287,
477682,
480276,
482784,
485184,
487777,
490413,
492996,
495412,
497904,
500573,
503341,
506163,
508914,
511548,
514215,
516827,
519446,
522270,
525143,
528380,
531404,
534438,
537540,
540513,
543741,
546968,
550125,
553259,
556434,
559520,
562467,
565481,
568514,
571656,
574999,
578270,
581507,
584563,
587744,
590853,
594004,
597063,
600289,
603846,
607646,
611251,
614928,
618298,
621730,
625234,
628711,
632285,
635846,
639466,
643196,
646971,
650621,
654259,
658109,
661971,
665736,
669526,
673362,
677068,
680944,
684765,
688675,
692733,
696705,
700780,
704926,
709132,
713278,
717312,
721598,
725746,
729990,
734187,
738578,
743097,
747450,
751884,
756316,
760736,
765184,
769684,
774261,
778760,
783265,
787777,
792214,
796824,
801252,
805849,
810464,
815434,
820322,
825275,
830252,
835263,
840287,
845421,
850248,
855298,
860372,
865535,
870669,
875636,
880704,
885919,
891320,
896412,
901612,
906490,
911683,
917004,
922454,
927485,
932805,
938148,
943541,
948811,
954332,
960084,
965894,
971694,
977863,
983587,
989372,
995111,
1.00097e+06,
1.00676e+06,
1.01248e+06,
1.01832e+06,
1.02408e+06,
1.02987e+06,
1.0357e+06,
1.04161e+06,
1.04755e+06,
1.0535e+06,
1.05962e+06,
1.06567e+06,
1.0718e+06,
1.07829e+06,
1.08438e+06,
1.09063e+06,
1.09693e+06,
1.10291e+06,
1.10913e+06,
1.11557e+06,
1.12187e+06,
1.12845e+06,
1.13503e+06,
1.14143e+06,
1.14793e+06,
1.15461e+06,
1.16125e+06,
1.16816e+06,
1.17495e+06,
1.18155e+06,
1.18831e+06,
1.19505e+06,
1.20163e+06,
1.20851e+06,
1.21517e+06,
1.22196e+06,
1.22875e+06,
1.23553e+06,
1.24249e+06,
1.24926e+06,
1.2563e+06,
1.26344e+06,
1.27056e+06,
1.27785e+06,
1.28493e+06,
1.29214e+06,
1.29927e+06,
1.30653e+06,
1.3141e+06,
1.3216e+06,
1.32918e+06,
1.33683e+06,
1.34441e+06,
1.35212e+06,
1.36004e+06,
1.36784e+06,
1.37544e+06,
1.3834e+06,
1.39129e+06,
1.3991e+06,
1.40715e+06,
1.41517e+06,
1.42284e+06,
1.43103e+06,
1.43906e+06,
1.44715e+06,
1.45496e+06,
1.46307e+06,
1.47133e+06,
1.47946e+06,
1.48765e+06,
1.49594e+06,
1.5041e+06,
1.51245e+06,
1.52093e+06,
1.52962e+06,
1.53851e+06,
1.54737e+06,
1.55643e+06,
1.5654e+06,
1.57427e+06,
1.58329e+06,
1.59232e+06,
1.60135e+06,
1.61023e+06,
1.6194e+06,
1.62846e+06,
1.63755e+06,
1.64654e+06,
1.65568e+06,
1.66486e+06,
1.67419e+06,
1.68364e+06,
1.69314e+06,
1.70264e+06,
1.71231e+06,
1.72197e+06,
1.73157e+06,
1.7413e+06,
1.7513e+06,
1.76098e+06,
1.77086e+06,
1.78063e+06,
1.7909e+06,
1.80114e+06,
1.81132e+06,
1.82172e+06,
1.83205e+06,
1.8425e+06,
1.85319e+06,
1.86389e+06,
1.87448e+06,
1.88531e+06,
1.89612e+06,
1.907e+06,
1.91804e+06,
1.92878e+06,
1.93977e+06,
1.95069e+06,
1.96187e+06,
1.97289e+06,
1.98429e+06,
1.99554e+06,
2.00686e+06,
2.01829e+06,
2.02977e+06,
2.04134e+06,
2.05294e+06,
2.06462e+06,
2.07638e+06,
2.08822e+06,
2.10051e+06,
2.11285e+06,
2.12548e+06,
2.13799e+06,
2.15031e+06,
2.1629e+06,
2.17561e+06,
2.18827e+06,
2.20085e+06,
2.21356e+06,
2.22651e+06,
2.23954e+06,
2.25252e+06,
2.26585e+06,
2.27933e+06,
2.29286e+06,
2.30638e+06,
2.31989e+06,
2.33343e+06,
2.34718e+06,
2.36091e+06,
2.37468e+06,
2.38865e+06,
2.40245e+06,
2.41631e+06,
2.43066e+06,
2.44471e+06,
2.45932e+06,
2.47406e+06,
2.48901e+06,
2.5043e+06,
2.51953e+06,
2.5346e+06,
2.54994e+06,
2.56514e+06,
2.58085e+06,
2.59642e+06,
2.61212e+06,
2.62804e+06,
2.64421e+06,
2.66004e+06,
2.67649e+06,
2.69292e+06,
2.70957e+06,
2.72621e+06,
2.74299e+06,
2.75942e+06,
2.77641e+06,
2.79304e+06,
2.81046e+06,
2.8281e+06,
2.84585e+06,
2.86346e+06,
2.88114e+06,
2.89873e+06,
2.91685e+06,
2.93493e+06,
2.9537e+06,
2.9725e+06,
2.99162e+06,
3.01065e+06,
3.03023e+06,
3.04959e+06,
3.06884e+06,
3.08841e+06,
3.10863e+06,
3.12866e+06,
3.14863e+06,
3.16919e+06,
3.18985e+06,
3.21106e+06,
3.23217e+06,
3.25344e+06,
3.27508e+06,
3.29654e+06,
3.31808e+06,
3.34003e+06,
3.36197e+06,
3.3842e+06,
3.40661e+06,
3.42933e+06,
3.45206e+06,
3.47501e+06,
3.4986e+06,
3.52245e+06,
3.54675e+06,
3.57114e+06,
3.59591e+06,
3.62128e+06,
3.64689e+06,
3.67258e+06,
3.69857e+06,
3.72458e+06,
3.75097e+06,
3.77768e+06,
3.80449e+06,
3.83175e+06,
3.85969e+06,
3.88844e+06,
3.91716e+06,
3.94575e+06,
3.97475e+06,
4.00417e+06,
4.03392e+06,
4.06411e+06,
4.09434e+06,
4.12509e+06,
4.15637e+06,
4.18904e+06,
4.22211e+06,
4.25589e+06,
4.29006e+06,
4.32478e+06,
4.36003e+06,
4.39634e+06,
4.433e+06,
4.47082e+06,
4.5083e+06,
4.54662e+06,
4.58563e+06,
4.62491e+06,
4.66485e+06,
4.70472e+06,
4.74516e+06,
4.78621e+06,
4.82836e+06,
4.87086e+06,
4.9147e+06,
4.95838e+06,
5.00285e+06,
5.04789e+06,
5.09395e+06,
5.14106e+06,
5.18873e+06,
5.23773e+06,
5.28713e+06,
5.33743e+06,
5.389e+06,
5.44217e+06,
5.49677e+06,
5.55195e+06,
5.60873e+06,
5.66647e+06,
5.7257e+06,
5.78773e+06,
5.85098e+06,
5.91613e+06,
5.98249e+06,
6.05138e+06,
6.12357e+06,
6.19829e+06,
6.27474e+06,
6.35494e+06,
6.43886e+06,
6.52834e+06,
6.62352e+06,
6.72672e+06,
6.84954e+06,
6.99452e+06,
7.13053e+06,
7.2652e+06,
7.40197e+06,
7.54254e+06,
7.69159e+06,
7.85069e+06,
8.03123e+06,
8.26526e+06,
8.46351e+06,
8.64364e+06,
8.81086e+06,
8.9323e+06,
9.04444e+06,
9.15661e+06,
9.27006e+06,
9.38561e+06,
9.50532e+06,
9.63963e+06,
9.77887e+06,
9.91798e+06,
1.00545e+07,
1.01899e+07,
1.03174e+07,
1.04469e+07,
1.05812e+07,
1.07196e+07,
1.08653e+07,
1.10227e+07,
1.11853e+07,
1.13515e+07,
1.15282e+07,
1.17116e+07,
1.18748e+07,
1.2026e+07,
1.21738e+07,
1.23228e+07,
1.24743e+07,
1.26335e+07,
1.27998e+07,
1.2961e+07,
1.31159e+07,
1.32681e+07,
1.34194e+07,
1.35714e+07,
1.37221e+07,
1.38767e+07,
1.40299e+07,
1.41879e+07,
1.43543e+07,
1.45183e+07,
1.46746e+07,
1.48187e+07,
1.49645e+07,
1.51116e+07,
1.52558e+07,
1.53995e+07,
1.55428e+07,
1.56913e+07,
1.58508e+07,
1.60076e+07,
1.61622e+07,
1.63117e+07,
1.64585e+07,
1.66053e+07,
1.67518e+07,
1.6899e+07,
1.70495e+07,
1.72022e+07,
1.73656e+07,
1.75246e+07,
1.76766e+07,
1.78264e+07,
1.79742e+07,
1.81224e+07,
1.82729e+07,
1.84255e+07,
1.85834e+07,
1.87411e+07,
1.89081e+07,
1.90708e+07,
1.92261e+07,
1.93813e+07,
1.95357e+07,
1.96923e+07,
1.98539e+07,
2.0012e+07,
2.01694e+07,
2.03299e+07,
2.05033e+07,
2.06777e+07,
2.08437e+07,
2.10055e+07,
2.11723e+07,
2.13357e+07,
2.14994e+07,
2.16609e+07,
2.18243e+07,
2.19899e+07,
2.2168e+07,
2.23535e+07,
2.25387e+07,
2.27279e+07,
2.29124e+07,
2.3095e+07,
2.32653e+07,
2.34329e+07,
2.36013e+07,
2.37727e+07,
2.39528e+07,
2.4145e+07,
2.43233e+07,
2.44962e+07,
2.4668e+07,
2.4838e+07,
2.50049e+07,
2.51704e+07,
2.53379e+07,
2.55105e+07,
2.56889e+07,
2.58718e+07,
2.60433e+07,
2.62104e+07,
2.6375e+07,
2.65376e+07,
2.67026e+07,
2.68696e+07,
2.70379e+07,
2.72043e+07,
2.73727e+07,
2.75498e+07,
2.77192e+07,
2.78837e+07,
2.80442e+07,
2.82053e+07,
2.83687e+07,
2.85362e+07,
2.87011e+07,
2.88667e+07,
2.90339e+07,
2.92082e+07,
2.9375e+07,
2.95376e+07,
2.96991e+07,
2.98617e+07,
3.00265e+07,
3.01894e+07,
3.03521e+07,
3.05192e+07,
3.06942e+07,
3.0881e+07,
3.10617e+07,
3.12361e+07,
3.14109e+07,
3.15951e+07,
3.17734e+07,
3.19531e+07,
3.21291e+07,
3.2304e+07,
3.24831e+07,
3.26721e+07,
3.2859e+07,
3.30408e+07,
3.32244e+07,
3.33926e+07,
3.35563e+07,
3.3719e+07,
3.38816e+07,
3.40436e+07,
3.42097e+07,
3.43863e+07,
3.45635e+07,
3.47377e+07,
3.49087e+07,
3.50729e+07,
3.52339e+07,
3.53917e+07,
3.55482e+07,
3.57043e+07,
3.58628e+07,
3.6028e+07,
3.61964e+07,
3.63605e+07,
3.65149e+07,
3.66695e+07,
3.68218e+07,
3.69738e+07,
3.71254e+07,
3.7275e+07,
3.743e+07,
3.75946e+07,
3.77637e+07,
3.79234e+07,
3.80757e+07,
3.8225e+07,
3.83691e+07,
3.85142e+07,
3.86598e+07,
3.88065e+07,
375246,
375324,
375400,
375531,
375699,
375809,
375909,
376042,
376125,
376325,
376561,
376746,
376926,
377109,
377244,
377377,
377565,
377731,
377874,
378039,
378190,
378331,
378478,
378761,
378987,
379122,
379331,
379538,
379729,
379887,
380070,
380322,
380520,
380588,
380757,
380945,
381166,
381402,
381570,
381815,
382062,
382279,
382487,
382660,
382843,
383035,
383261,
383451,
383665,
383935,
384205,
384394,
384657,
384895,
385137,
385401,
385717,
385928,
386254,
386527,
386845,
387099,
387412,
387747,
388097,
388448,
388728,
388996,
389240,
389539,
389944,
390440,
390993,
391425,
391966,
392479,
392984,
393541,
394048,
394586,
395048,
395531,
396079,
396626,
397229,
397861,
398510,
399206,
399766,
400339,
400960,
401577,
402106,
402657,
403312,
403866,
404369,
405014,
405543,
406103,
406619,
407219,
407784,
408358,
408967,
409605,
410282,
410886,
411517,
412058,
412607,
413306,
413962,
414680,
415312,
415882,
416556,
417289,
417949,
418519,
419119,
419810,
420436,
421136,
421765,
422479,
423140,
423884,
424479,
425117,
425748,
426382,
427102,
427821,
428552,
429276,
429984,
430700,
431445,
432134,
432794,
433471,
434177,
434964,
435666,
436399,
437193,
437899,
438644,
439359,
440104,
440802,
441562,
442318,
443095,
443859,
444594,
445512,
446294,
447050,
447815,
448667,
449469,
450313,
451125,
452056,
453017,
453884,
454776,
455722,
456539,
457457,
458379,
459282,
460215,
461098,
461996,
462946,
464653,
467070,
469364,
471945,
474253,
476561,
479225,
481820,
484190,
486724,
489234,
491868,
494314,
496831,
499434,
502119,
504792,
507520,
510139,
512696,
515267,
517796,
520595,
523590,
526630,
529800,
532890,
535996,
539053,
542031,
545102,
548160,
551260,
554317,
557483,
560488,
563444,
566374,
569420,
572750,
576081,
579245,
582326,
585335,
588504,
591636,
594657,
598020,
601248,
604743,
608317,
611737,
615352,
618906,
622381,
625894,
629375,
632846,
636631,
640206,
643916,
647392,
651242,
654916,
658470,
662230,
665931,
669827,
673702,
677545,
681477,
685383,
689079,
692829,
696657,
700747,
704912,
709164,
713328,
717541,
721719,
725974,
730260,
734494,
738693,
742965,
747233,
751693,
756232,
760503,
764859,
769429,
773982,
778466,
783101,
787547,
792238,
796606,
800954,
805338,
809880,
814630,
819647,
824581,
829554,
834751,
839708,
844847,
849872,
854948,
859840,
864897,
869786,
874808,
879925,
885032,
890075,
895114,
900459,
905768,
910928,
916146,
921360,
926497,
931579,
936955,
942030,
947469,
953239,
958942,
964445,
970046,
975907,
981739,
987585,
993394,
999368,
1.00501e+06,
1.01078e+06,
1.01656e+06,
1.02258e+06,
1.02852e+06,
1.03421e+06,
1.04005e+06,
1.04596e+06,
1.05194e+06,
1.05784e+06,
1.06376e+06,
1.06974e+06,
1.07584e+06,
1.08198e+06,
1.08806e+06,
1.09442e+06,
1.10077e+06,
1.10697e+06,
1.11335e+06,
1.11968e+06,
1.12633e+06,
1.13266e+06,
1.13924e+06,
1.14588e+06,
1.15226e+06,
1.15902e+06,
1.16557e+06,
1.1722e+06,
1.179e+06,
1.18574e+06,
1.19255e+06,
1.19927e+06,
1.20619e+06,
1.21275e+06,
1.21956e+06,
1.22628e+06,
1.2331e+06,
1.24006e+06,
1.24682e+06,
1.25388e+06,
1.26078e+06,
1.26786e+06,
1.27473e+06,
1.28167e+06,
1.28866e+06,
1.29582e+06,
1.30334e+06,
1.31083e+06,
1.31839e+06,
1.32608e+06,
1.3337e+06,
1.34146e+06,
1.34914e+06,
1.35711e+06,
1.3651e+06,
1.37293e+06,
1.38068e+06,
1.38824e+06,
1.39602e+06,
1.40391e+06,
1.41173e+06,
1.41959e+06,
1.42782e+06,
1.43575e+06,
1.44382e+06,
1.4519e+06,
1.46011e+06,
1.46839e+06,
1.47655e+06,
1.48463e+06,
1.49285e+06,
1.50111e+06,
1.50967e+06,
1.51789e+06,
1.52633e+06,
1.53493e+06,
1.54339e+06,
1.55235e+06,
1.56124e+06,
1.57024e+06,
1.57928e+06,
1.5886e+06,
1.59766e+06,
1.60649e+06,
1.61548e+06,
1.62455e+06,
1.6339e+06,
1.64311e+06,
1.65246e+06,
1.66161e+06,
1.67079e+06,
1.68044e+06,
1.6898e+06,
1.6995e+06,
1.70889e+06,
1.71857e+06,
1.7283e+06,
1.73789e+06,
1.74772e+06,
1.75738e+06,
1.76711e+06,
1.77674e+06,
1.78682e+06,
1.79707e+06,
1.80744e+06,
1.8179e+06,
1.82816e+06,
1.83875e+06,
1.84932e+06,
1.86011e+06,
1.8708e+06,
1.88146e+06,
1.89208e+06,
1.90292e+06,
1.91383e+06,
1.92489e+06,
1.93606e+06,
1.94725e+06,
1.95846e+06,
1.96988e+06,
1.9814e+06,
1.99266e+06,
2.00405e+06,
2.01542e+06,
2.02673e+06,
2.03828e+06,
2.05005e+06,
2.06176e+06,
2.07347e+06,
2.08537e+06,
2.09736e+06,
2.11002e+06,
2.1225e+06,
2.13505e+06,
2.14753e+06,
2.16014e+06,
2.17272e+06,
2.1854e+06,
2.19813e+06,
2.21109e+06,
2.22404e+06,
2.23712e+06,
2.25037e+06,
2.26372e+06,
2.27687e+06,
2.29032e+06,
2.30413e+06,
2.31809e+06,
2.33173e+06,
2.34561e+06,
2.35942e+06,
2.3733e+06,
2.38712e+06,
2.40128e+06,
2.41593e+06,
2.43023e+06,
2.44438e+06,
2.45886e+06,
2.47349e+06,
2.48828e+06,
2.50345e+06,
2.51867e+06,
2.534e+06,
2.54952e+06,
2.5651e+06,
2.58079e+06,
2.59646e+06,
2.6127e+06,
2.62872e+06,
2.64495e+06,
2.6608e+06,
2.67697e+06,
2.69344e+06,
2.70983e+06,
2.72623e+06,
2.74286e+06,
2.76023e+06,
2.77763e+06,
2.79521e+06,
2.8128e+06,
2.83043e+06,
2.84781e+06,
2.86567e+06,
2.88354e+06,
2.90136e+06,
2.91927e+06,
2.93777e+06,
2.95626e+06,
2.9753e+06,
2.99434e+06,
3.01307e+06,
3.03223e+06,
3.05189e+06,
3.07168e+06,
3.0915e+06,
3.1114e+06,
3.13175e+06,
3.1524e+06,
3.17303e+06,
3.19374e+06,
3.21443e+06,
3.23571e+06,
3.25675e+06,
3.27816e+06,
3.29979e+06,
3.32156e+06,
3.34409e+06,
3.36663e+06,
3.38942e+06,
3.41267e+06,
3.43568e+06,
3.45875e+06,
3.48233e+06,
3.50606e+06,
3.53012e+06,
3.5548e+06,
3.57968e+06,
3.60503e+06,
3.63041e+06,
3.65605e+06,
3.68231e+06,
3.70878e+06,
3.73571e+06,
3.76264e+06,
3.79024e+06,
3.81761e+06,
3.84544e+06,
3.87327e+06,
3.90167e+06,
3.9307e+06,
3.96017e+06,
3.98969e+06,
4.01939e+06,
4.04975e+06,
4.08031e+06,
4.11161e+06,
4.14436e+06,
4.17723e+06,
4.21079e+06,
4.24443e+06,
4.27891e+06,
4.31379e+06,
4.34997e+06,
4.38586e+06,
4.42236e+06,
4.45959e+06,
4.4977e+06,
4.53621e+06,
4.57498e+06,
4.6141e+06,
4.65368e+06,
4.69402e+06,
4.73538e+06,
4.777e+06,
4.8191e+06,
4.86147e+06,
4.90502e+06,
4.94978e+06,
4.99546e+06,
5.04203e+06,
5.089e+06,
5.13699e+06,
5.1855e+06,
5.23497e+06,
5.28562e+06,
5.3375e+06,
5.39016e+06,
5.44367e+06,
5.4986e+06,
5.55577e+06,
5.61506e+06,
5.67548e+06,
5.73733e+06,
5.80093e+06,
5.86613e+06,
5.93392e+06,
6.0044e+06,
6.07735e+06,
6.15287e+06,
6.23215e+06,
6.31501e+06,
6.4019e+06,
6.49508e+06,
6.59482e+06,
6.70429e+06,
6.83569e+06,
6.99434e+06,
7.14346e+06,
7.29674e+06,
7.45944e+06,
7.63807e+06,
7.87541e+06,
8.09984e+06,
8.28028e+06,
8.39259e+06,
8.50677e+06,
8.6231e+06,
8.73637e+06,
8.84935e+06,
8.96385e+06,
9.08048e+06,
9.20729e+06,
9.33624e+06,
9.45726e+06,
9.57143e+06,
9.69303e+06,
9.82101e+06,
9.94801e+06,
1.00756e+07,
1.02069e+07,
1.03429e+07,
1.04911e+07,
1.06469e+07,
1.07954e+07,
1.09458e+07,
1.1095e+07,
1.12548e+07,
1.14341e+07,
1.15937e+07,
1.17464e+07,
1.18981e+07,
1.20522e+07,
1.22126e+07,
1.23653e+07,
1.25207e+07,
1.26749e+07,
1.28251e+07,
1.29701e+07,
1.31137e+07,
1.32576e+07,
1.34065e+07,
1.35637e+07,
1.37249e+07,
1.38655e+07,
1.40019e+07,
1.41404e+07,
1.42852e+07,
1.44222e+07,
1.45575e+07,
1.46975e+07,
1.48384e+07,
1.49818e+07,
1.51333e+07,
1.52764e+07,
1.54165e+07,
1.55599e+07,
1.57082e+07,
1.58565e+07,
1.59971e+07,
1.61322e+07,
1.62689e+07,
1.64105e+07,
1.65617e+07,
1.67053e+07,
1.68499e+07,
1.69998e+07,
1.71499e+07,
1.72971e+07,
1.74417e+07,
1.75846e+07,
1.77252e+07,
1.78697e+07,
1.80269e+07,
1.81792e+07,
1.83263e+07,
1.84764e+07,
1.863e+07,
1.87772e+07,
1.89237e+07,
1.90717e+07,
1.92231e+07,
1.93766e+07,
1.95373e+07,
1.96911e+07,
1.98395e+07,
1.99907e+07,
2.01443e+07,
2.02949e+07,
2.0447e+07,
2.06054e+07,
2.07599e+07,
2.09168e+07,
2.10782e+07,
2.12319e+07,
2.13809e+07,
2.15317e+07,
2.16903e+07,
2.18513e+07,
2.20084e+07,
2.2164e+07,
2.23205e+07,
2.24788e+07,
2.2644e+07,
2.2812e+07,
2.2971e+07,
2.31346e+07,
2.33093e+07,
2.34766e+07,
2.36441e+07,
2.38183e+07,
2.3998e+07,
2.41831e+07,
2.43704e+07,
2.45502e+07,
2.47262e+07,
2.49012e+07,
2.50745e+07,
2.52395e+07,
2.54004e+07,
2.55619e+07,
2.57241e+07,
2.58875e+07,
2.60564e+07,
2.62344e+07,
2.64003e+07,
2.65642e+07,
2.6732e+07,
2.68947e+07,
2.70534e+07,
2.72105e+07,
2.73687e+07,
2.75327e+07,
2.77014e+07,
2.78707e+07,
2.80332e+07,
2.81954e+07,
2.836e+07,
2.85194e+07,
2.86795e+07,
2.88392e+07,
2.89986e+07,
2.91608e+07,
2.9322e+07,
2.94869e+07,
2.96499e+07,
2.98186e+07,
2.99967e+07,
3.0171e+07,
3.03463e+07,
3.05255e+07,
3.0719e+07,
3.08981e+07,
3.10689e+07,
3.12409e+07,
3.14093e+07,
3.15821e+07,
3.17625e+07,
3.19401e+07,
3.2118e+07,
3.23021e+07,
3.24778e+07,
3.26478e+07,
3.28174e+07,
3.29913e+07,
3.31597e+07,
3.33292e+07,
3.35059e+07,
3.36791e+07,
3.38557e+07,
3.40304e+07,
3.41985e+07,
3.43644e+07,
3.45285e+07,
3.46961e+07,
3.48612e+07,
3.50253e+07,
3.51934e+07,
3.53584e+07,
3.55218e+07,
3.56741e+07,
3.58257e+07,
3.59763e+07,
3.61254e+07,
3.62771e+07,
3.64305e+07,
3.65848e+07,
3.67473e+07,
3.69093e+07,
3.70637e+07,
3.72122e+07,
3.73605e+07,
3.75077e+07,
3.76543e+07,
3.78048e+07,
3.79596e+07,
375246,
375319,
375362,
375494,
375643,
375751,
375863,
375964,
376048,
376222,
376408,
376590,
376767,
376960,
377098,
377231,
377431,
377553,
377704,
377870,
378046,
378171,
378353,
378536,
378801,
378960,
379160,
379337,
379536,
379692,
379883,
380115,
380310,
380461,
380605,
380725,
380956,
381160,
381377,
381626,
381782,
382032,
382294,
382442,
382636,
382796,
383016,
383196,
383413,
383629,
383880,
384190,
384488,
384831,
385069,
385339,
385632,
385892,
386170,
386466,
386697,
386967,
387263,
387540,
387876,
388137,
388464,
388727,
388998,
389206,
389515,
389971,
390528,
390978,
391557,
392099,
392555,
393026,
393489,
393970,
394475,
394997,
395502,
396036,
396577,
397163,
397722,
398267,
398891,
399459,
400014,
400622,
401233,
401773,
402425,
403042,
403643,
404221,
404778,
405320,
405952,
406529,
407145,
407711,
408323,
408925,
409528,
410130,
410741,
411361,
411869,
412488,
413170,
413779,
414473,
415132,
415778,
416427,
416991,
417627,
418278,
418922,
419619,
420271,
420928,
421580,
422264,
423027,
423674,
424334,
425002,
425726,
426475,
427176,
427824,
428500,
429231,
429911,
430568,
431275,
431946,
432666,
433396,
434102,
434819,
435581,
436288,
437036,
437716,
438427,
439140,
439831,
440577,
441340,
442092,
442821,
443576,
444385,
445185,
446036,
446752,
447586,
448418,
449368,
450208,
451106,
451951,
452803,
453615,
454479,
455342,
456190,
457087,
457986,
458839,
459774,
460727,
461685,
462632,
463596,
465677,
468092,
470657,
473005,
475273,
477742,
480378,
482924,
485169,
487595,
490195,
492837,
495340,
497889,
500496,
503146,
506019,
508488,
511105,
513579,
516177,
518904,
521735,
524519,
527712,
530861,
533852,
536713,
539646,
542635,
545684,
548713,
551811,
554867,
557910,
560962,
564057,
567177,
570332,
573437,
576444,
579580,
582729,
585857,
588918,
592129,
595284,
598415,
601507,
604736,
608243,
611679,
615243,
618918,
622541,
626132,
629751,
633440,
636872,
640430,
644029,
647588,
651208,
654892,
658532,
662106,
665928,
669577,
673452,
677366,
681324,
685142,
689033,
692781,
696496,
700555,
704698,
708932,
713051,
717232,
721430,
725726,
729997,
734168,
738607,
742680,
746952,
751051,
755330,
759769,
764343,
768808,
773424,
777833,
782350,
786836,
791346,
795713,
800043,
804477,
808863,
813569,
818448,
823553,
828600,
833715,
838833,
843817,
848715,
853625,
858434,
863273,
868151,
873291,
878297,
883311,
888330,
893594,
898836,
904014,
909215,
914502,
919666,
924759,
930075,
935242,
940411,
945687,
951021,
956509,
962117,
967763,
973535,
979108,
984744,
990662,
996633,
1.00247e+06,
1.00816e+06,
1.01402e+06,
1.01987e+06,
1.0257e+06,
1.0317e+06,
1.03749e+06,
1.04337e+06,
1.04931e+06,
1.055e+06,
1.06117e+06,
1.06696e+06,
1.07289e+06,
1.07876e+06,
1.08469e+06,
1.09066e+06,
1.09695e+06,
1.10321e+06,
1.10957e+06,
1.11588e+06,
1.12227e+06,
1.12879e+06,
1.13533e+06,
1.14206e+06,
1.14854e+06,
1.15515e+06,
1.16174e+06,
1.16842e+06,
1.17498e+06,
1.18161e+06,
1.18823e+06,
1.19492e+06,
1.20163e+06,
1.20853e+06,
1.21529e+06,
1.22227e+06,
1.22929e+06,
1.2363e+06,
1.24316e+06,
1.24995e+06,
1.25687e+06,
1.26388e+06,
1.27087e+06,
1.27762e+06,
1.28469e+06,
1.29184e+06,
1.29883e+06,
1.30634e+06,
1.31381e+06,
1.32152e+06,
1.32924e+06,
1.33704e+06,
1.34481e+06,
1.35256e+06,
1.36032e+06,
1.3681e+06,
1.3758e+06,
1.38367e+06,
1.39168e+06,
1.39945e+06,
1.40714e+06,
1.41495e+06,
1.42283e+06,
1.43096e+06,
1.4391e+06,
1.44701e+06,
1.45519e+06,
1.46347e+06,
1.47184e+06,
1.48007e+06,
1.48825e+06,
1.49651e+06,
1.50471e+06,
1.51297e+06,
1.52153e+06,
1.53007e+06,
1.5389e+06,
1.54758e+06,
1.55663e+06,
1.5653e+06,
1.57407e+06,
1.5828e+06,
1.59161e+06,
1.60073e+06,
1.61012e+06,
1.61936e+06,
1.62856e+06,
1.63781e+06,
1.64705e+06,
1.65628e+06,
1.66588e+06,
1.67519e+06,
1.68458e+06,
1.694e+06,
1.70338e+06,
1.71302e+06,
1.7228e+06,
1.73243e+06,
1.74218e+06,
1.75189e+06,
1.76179e+06,
1.7718e+06,
1.78186e+06,
1.79208e+06,
1.8026e+06,
1.81282e+06,
1.82329e+06,
1.83373e+06,
1.84437e+06,
1.85522e+06,
1.86577e+06,
1.87638e+06,
1.88711e+06,
1.89808e+06,
1.90912e+06,
1.92012e+06,
1.93143e+06,
1.94294e+06,
1.95388e+06,
1.9654e+06,
1.97693e+06,
1.98829e+06,
1.99964e+06,
2.01087e+06,
2.02262e+06,
2.03426e+06,
2.04597e+06,
2.05768e+06,
2.06971e+06,
2.08165e+06,
2.09379e+06,
2.10605e+06,
2.11836e+06,
2.13074e+06,
2.14325e+06,
2.15596e+06,
2.16872e+06,
2.18147e+06,
2.19437e+06,
2.20757e+06,
2.22068e+06,
2.23383e+06,
2.24689e+06,
2.26028e+06,
2.27354e+06,
2.28702e+06,
2.30047e+06,
2.31397e+06,
2.32762e+06,
2.34126e+06,
2.35513e+06,
2.36923e+06,
2.38332e+06,
2.39771e+06,
2.41215e+06,
2.42655e+06,
2.44103e+06,
2.4553e+06,
2.46976e+06,
2.48474e+06,
2.49999e+06,
2.51541e+06,
2.5309e+06,
2.5464e+06,
2.56182e+06,
2.57761e+06,
2.59346e+06,
2.60958e+06,
2.62556e+06,
2.64182e+06,
2.65825e+06,
2.67478e+06,
2.69131e+06,
2.70807e+06,
2.72502e+06,
2.74183e+06,
2.75886e+06,
2.77561e+06,
2.79266e+06,
2.80989e+06,
2.82709e+06,
2.84443e+06,
2.86263e+06,
2.88041e+06,
2.89865e+06,
2.91725e+06,
2.93557e+06,
2.95433e+06,
2.97285e+06,
2.99189e+06,
3.01121e+06,
3.03056e+06,
3.05033e+06,
3.07027e+06,
3.09035e+06,
3.1108e+06,
3.1311e+06,
3.15145e+06,
3.17259e+06,
3.19345e+06,
3.2146e+06,
3.23589e+06,
3.25784e+06,
3.2796e+06,
3.30131e+06,
3.32386e+06,
3.34596e+06,
3.36864e+06,
3.39138e+06,
3.41415e+06,
3.43733e+06,
3.4611e+06,
3.48522e+06,
3.50963e+06,
3.53412e+06,
3.55888e+06,
3.58405e+06,
3.60936e+06,
3.63499e+06,
3.66109e+06,
3.68777e+06,
3.71454e+06,
3.74135e+06,
3.76864e+06,
3.7962e+06,
3.82419e+06,
3.85225e+06,
3.8816e+06,
3.911e+06,
3.9405e+06,
3.9706e+06,
4.00066e+06,
4.03103e+06,
4.06191e+06,
4.09393e+06,
4.12654e+06,
4.15983e+06,
4.19327e+06,
4.22739e+06,
4.26211e+06,
4.29713e+06,
4.33278e+06,
4.36862e+06,
4.40524e+06,
4.44183e+06,
4.4793e+06,
4.5177e+06,
4.55668e+06,
4.59638e+06,
4.63669e+06,
4.67746e+06,
4.71843e+06,
4.75988e+06,
4.80278e+06,
4.84666e+06,
4.89196e+06,
4.93722e+06,
4.9831e+06,
5.02978e+06,
5.07825e+06,
5.12672e+06,
5.1763e+06,
5.22685e+06,
5.278e+06,
5.33079e+06,
5.38505e+06,
5.44103e+06,
5.49881e+06,
5.55763e+06,
5.61711e+06,
5.67878e+06,
5.74274e+06,
5.80938e+06,
5.878e+06,
5.94909e+06,
6.0235e+06,
6.10084e+06,
6.18218e+06,
6.26749e+06,
6.35877e+06,
6.45635e+06,
6.56159e+06,
6.6783e+06,
6.82203e+06,
7.00234e+06,
7.17897e+06,
7.37479e+06,
7.64937e+06,
7.85028e+06,
7.96568e+06,
8.07768e+06,
8.18722e+06,
8.29509e+06,
8.40616e+06,
8.52361e+06,
8.63881e+06,
8.75658e+06,
8.89105e+06,
9.01709e+06,
9.12135e+06,
9.22656e+06,
9.33165e+06,
9.4389e+06,
9.55861e+06,
9.68952e+06,
9.82115e+06,
9.95744e+06,
1.01101e+07,
1.02593e+07,
1.03955e+07,
1.05272e+07,
1.06616e+07,
1.08027e+07,
1.09561e+07,
1.11381e+07,
1.13044e+07,
1.14632e+07,
1.16283e+07,
1.17882e+07,
1.1938e+07,
1.20759e+07,
1.22151e+07,
1.23572e+07,
1.25004e+07,
1.26482e+07,
1.27889e+07,
1.29221e+07,
1.30674e+07,
1.3215e+07,
1.33578e+07,
1.34906e+07,
1.3613e+07,
1.3736e+07,
1.38641e+07,
1.39984e+07,
1.41335e+07,
1.42741e+07,
1.44281e+07,
1.45806e+07,
1.47192e+07,
1.48538e+07,
1.49822e+07,
1.51061e+07,
1.52357e+07,
1.53757e+07,
1.55124e+07,
1.56488e+07,
1.57924e+07,
1.59414e+07,
1.60815e+07,
1.62186e+07,
1.6353e+07,
1.64901e+07,
1.66246e+07,
1.67635e+07,
1.68996e+07,
1.70399e+07,
1.71876e+07,
1.7342e+07,
1.74852e+07,
1.76275e+07,
1.77651e+07,
1.79013e+07,
1.80406e+07,
1.8183e+07,
1.83229e+07,
1.84658e+07,
1.86158e+07,
1.8777e+07,
1.89227e+07,
1.90618e+07,
1.91997e+07,
1.93379e+07,
1.94816e+07,
1.96328e+07,
1.9776e+07,
1.99233e+07,
2.00772e+07,
2.02332e+07,
2.03776e+07,
2.05179e+07,
2.06562e+07,
2.07941e+07,
2.09382e+07,
2.10914e+07,
2.12463e+07,
2.13938e+07,
2.15429e+07,
2.16973e+07,
2.18431e+07,
2.19856e+07,
2.21264e+07,
2.22701e+07,
2.24227e+07,
2.25857e+07,
2.27428e+07,
2.29017e+07,
2.30637e+07,
2.32266e+07,
2.33792e+07,
2.35297e+07,
2.36805e+07,
2.38357e+07,
2.39958e+07,
2.41593e+07,
2.43181e+07,
2.44775e+07,
2.46408e+07,
2.48122e+07,
2.49767e+07,
2.51439e+07,
2.53173e+07,
2.54884e+07,
2.56575e+07,
2.58259e+07,
2.59893e+07,
2.61531e+07,
2.63201e+07,
2.64918e+07,
2.66569e+07,
2.6822e+07,
2.69785e+07,
2.71323e+07,
2.72894e+07,
2.74496e+07,
2.76084e+07,
2.77654e+07,
2.79254e+07,
2.80919e+07,
2.82578e+07,
2.84164e+07,
2.85727e+07,
2.87306e+07,
2.88952e+07,
2.90728e+07,
2.92487e+07,
2.94323e+07,
2.96171e+07,
2.98067e+07,
2.99806e+07,
3.01466e+07,
3.03108e+07,
3.04742e+07,
3.06414e+07,
3.0815e+07,
3.09863e+07,
3.11614e+07,
3.13445e+07,
3.15248e+07,
3.16976e+07,
3.18611e+07,
3.20211e+07,
3.21813e+07,
3.23461e+07,
3.25194e+07,
3.26901e+07,
3.28649e+07,
3.30364e+07,
3.32067e+07,
3.33731e+07,
3.35323e+07,
3.36887e+07,
3.38428e+07,
3.40003e+07,
3.41661e+07,
3.43301e+07,
3.44962e+07,
3.46563e+07,
3.48115e+07,
3.49653e+07,
3.51156e+07,
3.52654e+07,
3.54158e+07,
3.5571e+07,
3.57374e+07,
3.59055e+07,
3.60675e+07,
3.62249e+07,
3.63817e+07,
3.65367e+07,
3.66837e+07,
3.68311e+07,
3.69794e+07,
375246,
375309,
375337,
375464,
375611,
375697,
375810,
375935,
375986,
376068,
376250,
376424,
376581,
376784,
376933,
377090,
377269,
377455,
377598,
377709,
377898,
378063,
378221,
378391,
378626,
378792,
379050,
379213,
379357,
379501,
379709,
379935,
380140,
380301,
380413,
380603,
380784,
380956,
381213,
381411,
381599,
381797,
382018,
382185,
382352,
382568,
382749,
383027,
383281,
383549,
383846,
384137,
384382,
384650,
384968,
385230,
385444,
385688,
385957,
386261,
386525,
386772,
387078,
387348,
387613,
387914,
388159,
388417,
388665,
388911,
389210,
389551,
390052,
390631,
391133,
391603,
392064,
392494,
392972,
393460,
394035,
394526,
394943,
395481,
395976,
396508,
397025,
397593,
398121,
398716,
399264,
399802,
400396,
400997,
401660,
402281,
402911,
403487,
404066,
404625,
405198,
405720,
406344,
406970,
407651,
408285,
408906,
409486,
410027,
410619,
411135,
411686,
412260,
412950,
413652,
414312,
414946,
415669,
416265,
416855,
417514,
418202,
418913,
419577,
420194,
420909,
421593,
422233,
422926,
423534,
424167,
424783,
425484,
426175,
426820,
427569,
428315,
428977,
429648,
430285,
430960,
431618,
432326,
433022,
433765,
434535,
435294,
436018,
436752,
437432,
438069,
438774,
439491,
440240,
440975,
441734,
442500,
443232,
444085,
444860,
445634,
446540,
447401,
448347,
449219,
450081,
450936,
451748,
452557,
453422,
454344,
455154,
456016,
456900,
457736,
458614,
459584,
460550,
461396,
462338,
463269,
464291,
466484,
468918,
471467,
473835,
476068,
478535,
481051,
483490,
485962,
488460,
490981,
493680,
496205,
498689,
501358,
503843,
506432,
509154,
511644,
514252,
516963,
519842,
522657,
525342,
528210,
531174,
534101,
536891,
540016,
543114,
546138,
549115,
552090,
555244,
558185,
561261,
564346,
567547,
570607,
573548,
576544,
579658,
582634,
585804,
588997,
592061,
595207,
598211,
601269,
604549,
607940,
611381,
614823,
618315,
622007,
625627,
629204,
632877,
636333,
639916,
643554,
647079,
650649,
654278,
657917,
661525,
665148,
669027,
672800,
676642,
680404,
684167,
687932,
691664,
695456,
699277,
703209,
707326,
711555,
715800,
720153,
724478,
728690,
732786,
737091,
741081,
745354,
749564,
753772,
758146,
762535,
766973,
771546,
775974,
780428,
784787,
789057,
793588,
798044,
802515,
807032,
811582,
816547,
821422,
826405,
831057,
836014,
840936,
845847,
850854,
855890,
860951,
865667,
870523,
875563,
880636,
885603,
890748,
895825,
900998,
906256,
911313,
916345,
921550,
926850,
932051,
937221,
942361,
947492,
953025,
958673,
964237,
969718,
975436,
981029,
986561,
992284,
997862,
1.00352e+06,
1.00927e+06,
1.01512e+06,
1.021e+06,
1.02691e+06,
1.03291e+06,
1.0388e+06,
1.0446e+06,
1.05052e+06,
1.05625e+06,
1.0624e+06,
1.06821e+06,
1.07416e+06,
1.08004e+06,
1.086e+06,
1.09203e+06,
1.09801e+06,
1.10426e+06,
1.11044e+06,
1.117e+06,
1.12358e+06,
1.13017e+06,
1.1366e+06,
1.14332e+06,
1.1499e+06,
1.15642e+06,
1.16284e+06,
1.16937e+06,
1.17593e+06,
1.18236e+06,
1.18903e+06,
1.19585e+06,
1.20252e+06,
1.20961e+06,
1.21655e+06,
1.22362e+06,
1.23065e+06,
1.23764e+06,
1.24442e+06,
1.25133e+06,
1.25833e+06,
1.26514e+06,
1.27202e+06,
1.27917e+06,
1.28616e+06,
1.29329e+06,
1.30042e+06,
1.30819e+06,
1.31581e+06,
1.3236e+06,
1.33135e+06,
1.33873e+06,
1.34658e+06,
1.35397e+06,
1.36177e+06,
1.36943e+06,
1.37732e+06,
1.38507e+06,
1.39293e+06,
1.40063e+06,
1.40892e+06,
1.41691e+06,
1.42483e+06,
1.43279e+06,
1.44081e+06,
1.44871e+06,
1.4567e+06,
1.46483e+06,
1.47299e+06,
1.48122e+06,
1.48951e+06,
1.49766e+06,
1.50619e+06,
1.5144e+06,
1.52295e+06,
1.53175e+06,
1.54052e+06,
1.5494e+06,
1.55824e+06,
1.56709e+06,
1.57606e+06,
1.58515e+06,
1.59416e+06,
1.60323e+06,
1.61248e+06,
1.62151e+06,
1.63071e+06,
1.63992e+06,
1.64905e+06,
1.65874e+06,
1.66822e+06,
1.67748e+06,
1.68713e+06,
1.69691e+06,
1.70645e+06,
1.71621e+06,
1.72572e+06,
1.7352e+06,
1.74469e+06,
1.75445e+06,
1.76411e+06,
1.77425e+06,
1.78421e+06,
1.79436e+06,
1.80469e+06,
1.81521e+06,
1.82575e+06,
1.83649e+06,
1.84725e+06,
1.85813e+06,
1.86882e+06,
1.8798e+06,
1.89077e+06,
1.90199e+06,
1.91299e+06,
1.92397e+06,
1.93507e+06,
1.94636e+06,
1.95731e+06,
1.96845e+06,
1.97987e+06,
1.99116e+06,
2.00278e+06,
2.01439e+06,
2.02639e+06,
2.03845e+06,
2.05037e+06,
2.06253e+06,
2.07453e+06,
2.08629e+06,
2.09841e+06,
2.11054e+06,
2.1227e+06,
2.13514e+06,
2.14771e+06,
2.16049e+06,
2.17331e+06,
2.18628e+06,
2.1992e+06,
2.21231e+06,
2.22558e+06,
2.23898e+06,
2.25242e+06,
2.26589e+06,
2.27942e+06,
2.2928e+06,
2.30674e+06,
2.32033e+06,
2.33418e+06,
2.34807e+06,
2.36192e+06,
2.37615e+06,
2.39027e+06,
2.40444e+06,
2.41859e+06,
2.43288e+06,
2.4473e+06,
2.46207e+06,
2.47692e+06,
2.49188e+06,
2.50708e+06,
2.52246e+06,
2.53812e+06,
2.55394e+06,
2.56985e+06,
2.58567e+06,
2.60157e+06,
2.61774e+06,
2.63394e+06,
2.65028e+06,
2.66665e+06,
2.68303e+06,
2.69952e+06,
2.71648e+06,
2.73381e+06,
2.75105e+06,
2.76801e+06,
2.78527e+06,
2.80267e+06,
2.82031e+06,
2.83813e+06,
2.85637e+06,
2.87435e+06,
2.89227e+06,
2.9107e+06,
2.92908e+06,
2.9474e+06,
2.96628e+06,
2.98537e+06,
3.00501e+06,
3.0248e+06,
3.04495e+06,
3.06495e+06,
3.08489e+06,
3.10496e+06,
3.12547e+06,
3.1464e+06,
3.16735e+06,
3.1883e+06,
3.20992e+06,
3.23166e+06,
3.25324e+06,
3.27491e+06,
3.29732e+06,
3.31991e+06,
3.34291e+06,
3.36599e+06,
3.38942e+06,
3.41265e+06,
3.43635e+06,
3.45998e+06,
3.48404e+06,
3.5083e+06,
3.53296e+06,
3.55803e+06,
3.58336e+06,
3.60912e+06,
3.6348e+06,
3.66151e+06,
3.68765e+06,
3.71471e+06,
3.74202e+06,
3.77021e+06,
3.79822e+06,
3.82673e+06,
3.85547e+06,
3.88439e+06,
3.9137e+06,
3.94364e+06,
3.97388e+06,
4.00465e+06,
4.03616e+06,
4.06815e+06,
4.10069e+06,
4.13426e+06,
4.16824e+06,
4.20246e+06,
4.23737e+06,
4.27239e+06,
4.30805e+06,
4.34364e+06,
4.37982e+06,
4.41701e+06,
4.45465e+06,
4.49318e+06,
4.53251e+06,
4.57199e+06,
4.61234e+06,
4.65385e+06,
4.69542e+06,
4.73764e+06,
4.78128e+06,
4.82515e+06,
4.87003e+06,
4.91586e+06,
4.96244e+06,
5.01023e+06,
5.05931e+06,
5.10794e+06,
5.1582e+06,
5.20959e+06,
5.26304e+06,
5.31768e+06,
5.3737e+06,
5.43066e+06,
5.48942e+06,
5.5503e+06,
5.61253e+06,
5.67687e+06,
5.74315e+06,
5.81262e+06,
5.88493e+06,
5.96035e+06,
6.03906e+06,
6.12272e+06,
6.21087e+06,
6.3052e+06,
6.40627e+06,
6.51681e+06,
6.64354e+06,
6.8058e+06,
7.022e+06,
7.28555e+06,
7.50504e+06,
7.62765e+06,
7.74201e+06,
7.8521e+06,
7.95908e+06,
8.06439e+06,
8.17192e+06,
8.2847e+06,
8.40768e+06,
8.53909e+06,
8.66581e+06,
8.76892e+06,
8.87145e+06,
8.9733e+06,
9.07691e+06,
9.18169e+06,
9.28919e+06,
9.40823e+06,
9.5477e+06,
9.69659e+06,
9.84929e+06,
9.97291e+06,
1.00988e+07,
1.02264e+07,
1.0359e+07,
1.04978e+07,
1.0647e+07,
1.08241e+07,
1.10035e+07,
1.11725e+07,
1.13444e+07,
1.14841e+07,
1.16208e+07,
1.17551e+07,
1.18903e+07,
1.20203e+07,
1.21407e+07,
1.22675e+07,
1.24054e+07,
1.255e+07,
1.27064e+07,
1.28329e+07,
1.29567e+07,
1.30777e+07,
1.31951e+07,
1.33124e+07,
1.3432e+07,
1.35609e+07,
1.37035e+07,
1.38539e+07,
1.40224e+07,
1.41607e+07,
1.42782e+07,
1.43944e+07,
1.45109e+07,
1.4629e+07,
1.47504e+07,
1.4883e+07,
1.503e+07,
1.51765e+07,
1.53333e+07,
1.54691e+07,
1.55931e+07,
1.57112e+07,
1.58323e+07,
1.59582e+07,
1.60899e+07,
1.62238e+07,
1.6368e+07,
1.65135e+07,
1.66698e+07,
1.68093e+07,
1.69441e+07,
1.70711e+07,
1.72003e+07,
1.73248e+07,
1.74511e+07,
1.75839e+07,
1.77257e+07,
1.7873e+07,
1.80325e+07,
1.81763e+07,
1.83192e+07,
1.84554e+07,
1.85809e+07,
1.87049e+07,
1.88317e+07,
1.89634e+07,
1.91073e+07,
1.9256e+07,
1.94218e+07,
1.95682e+07,
1.97071e+07,
1.98411e+07,
1.99739e+07,
2.00992e+07,
2.02222e+07,
2.03555e+07,
2.05013e+07,
2.06538e+07,
2.08132e+07,
2.09556e+07,
2.10936e+07,
2.12286e+07,
2.13611e+07,
2.14919e+07,
2.16247e+07,
2.17673e+07,
2.19227e+07,
2.20798e+07,
2.22439e+07,
2.23925e+07,
2.25336e+07,
2.26712e+07,
2.2806e+07,
2.29444e+07,
2.3089e+07,
2.32345e+07,
2.33853e+07,
2.35383e+07,
2.36994e+07,
2.38469e+07,
2.39899e+07,
2.41313e+07,
2.42731e+07,
2.44175e+07,
2.45602e+07,
2.471e+07,
2.48699e+07,
2.50273e+07,
2.51959e+07,
2.53511e+07,
2.55021e+07,
2.56523e+07,
2.58041e+07,
2.59528e+07,
2.61031e+07,
2.62671e+07,
2.64407e+07,
2.6617e+07,
2.67984e+07,
2.69609e+07,
2.71187e+07,
2.72759e+07,
2.74291e+07,
2.75831e+07,
2.77383e+07,
2.79049e+07,
2.80931e+07,
2.82912e+07,
2.84834e+07,
2.86661e+07,
2.8843e+07,
2.90057e+07,
2.91586e+07,
2.93103e+07,
2.94636e+07,
2.96274e+07,
2.98102e+07,
2.99931e+07,
3.01858e+07,
3.03698e+07,
3.05379e+07,
3.06975e+07,
3.08505e+07,
3.10006e+07,
3.11517e+07,
3.13133e+07,
3.1491e+07,
3.16695e+07,
3.18602e+07,
3.20314e+07,
3.21891e+07,
3.23411e+07,
3.24907e+07,
3.26377e+07,
3.27841e+07,
3.29358e+07,
3.31006e+07,
3.32672e+07,
3.34391e+07,
3.35935e+07,
3.37399e+07,
3.38813e+07,
3.40227e+07,
3.41641e+07,
3.43082e+07,
3.44594e+07,
3.46286e+07,
3.48028e+07,
3.49709e+07,
3.51244e+07,
3.52707e+07,
3.54114e+07,
3.5552e+07,
3.56915e+07,
3.58352e+07,
375246,
375293,
375319,
375463,
375567,
375653,
375751,
375829,
375924,
375960,
376099,
376249,
376436,
376611,
376824,
376978,
377135,
377266,
377465,
377571,
377777,
377874,
378097,
378244,
378460,
378674,
378866,
379061,
379214,
379378,
379540,
379738,
379916,
380131,
380208,
380375,
380526,
380739,
380959,
381189,
381358,
381549,
381739,
381942,
382148,
382393,
382678,
383001,
383297,
383546,
383805,
384037,
384284,
384516,
384771,
385034,
385227,
385489,
385721,
385988,
386281,
386581,
386812,
387093,
387327,
387629,
387900,
388150,
388385,
388739,
389011,
389255,
389592,
390110,
390620,
391105,
391592,
392053,
392465,
392989,
393488,
393975,
394484,
394987,
395536,
396062,
396582,
397127,
397590,
398179,
398648,
399166,
399693,
400284,
400850,
401435,
401964,
402620,
403224,
403810,
404289,
404884,
405554,
406166,
406817,
407388,
408001,
408611,
409166,
409733,
410377,
410914,
411460,
412112,
412720,
413422,
414121,
414833,
415491,
416162,
416790,
417463,
418115,
418783,
419401,
420053,
420681,
421394,
421994,
422565,
423159,
423825,
424543,
425197,
425837,
426554,
427226,
427949,
428673,
429279,
430009,
430743,
431433,
432175,
432951,
433630,
434365,
435125,
435837,
436549,
437333,
438050,
438781,
439541,
440305,
440993,
441688,
442486,
443124,
443833,
444594,
445527,
446408,
447293,
448087,
448955,
449771,
450609,
451430,
452232,
453142,
454038,
454927,
455792,
456736,
457617,
458438,
459304,
460193,
461155,
462051,
462969,
463935,
464993,
467121,
469449,
471814,
474212,
476473,
478955,
481408,
483775,
486332,
488953,
491497,
493987,
496608,
499211,
501639,
504199,
506702,
509312,
512023,
514683,
517410,
520294,
522791,
525278,
527881,
530700,
533649,
536800,
539809,
542966,
545992,
548980,
551826,
554759,
557802,
560875,
563904,
567051,
570105,
573134,
576136,
579097,
582008,
584949,
588044,
591108,
594317,
597568,
600743,
603725,
607030,
610388,
613794,
617122,
620558,
624272,
627748,
631319,
635025,
638738,
642317,
645882,
649430,
652982,
656546,
660149,
663682,
667482,
671304,
675134,
678866,
682457,
686214,
689907,
693488,
697167,
701033,
705089,
709462,
713671,
717870,
722159,
726348,
730408,
734717,
738869,
743026,
747164,
751311,
755747,
760083,
764428,
768755,
772852,
777268,
781700,
786387,
790807,
795390,
799945,
804382,
808804,
813446,
818092,
822701,
827459,
832404,
837299,
841988,
846967,
851854,
856817,
861829,
866878,
872005,
876985,
881950,
886902,
891824,
896847,
901879,
907080,
911969,
916992,
922085,
927167,
932351,
937626,
942862,
948008,
953448,
959069,
964654,
970258,
975822,
981321,
986863,
992464,
998115,
1.00389e+06,
1.00946e+06,
1.01509e+06,
1.02091e+06,
1.02668e+06,
1.03259e+06,
1.03849e+06,
1.0444e+06,
1.0503e+06,
1.05634e+06,
1.06214e+06,
1.06807e+06,
1.0741e+06,
1.08016e+06,
1.08621e+06,
1.0921e+06,
1.09791e+06,
1.10403e+06,
1.11013e+06,
1.11626e+06,
1.12273e+06,
1.12939e+06,
1.1359e+06,
1.14248e+06,
1.14921e+06,
1.15585e+06,
1.16246e+06,
1.16912e+06,
1.17558e+06,
1.18225e+06,
1.18919e+06,
1.19602e+06,
1.2026e+06,
1.20933e+06,
1.21631e+06,
1.22279e+06,
1.22966e+06,
1.23625e+06,
1.24327e+06,
1.25027e+06,
1.25751e+06,
1.26459e+06,
1.2717e+06,
1.27891e+06,
1.28624e+06,
1.2935e+06,
1.30079e+06,
1.30817e+06,
1.31574e+06,
1.32322e+06,
1.33096e+06,
1.33824e+06,
1.34595e+06,
1.35371e+06,
1.36153e+06,
1.36924e+06,
1.37702e+06,
1.38523e+06,
1.3932e+06,
1.40094e+06,
1.40901e+06,
1.41715e+06,
1.42524e+06,
1.43337e+06,
1.44138e+06,
1.44918e+06,
1.4573e+06,
1.46535e+06,
1.47335e+06,
1.48142e+06,
1.48963e+06,
1.49786e+06,
1.50609e+06,
1.51444e+06,
1.52292e+06,
1.53135e+06,
1.54008e+06,
1.54876e+06,
1.55772e+06,
1.56682e+06,
1.57558e+06,
1.58444e+06,
1.59349e+06,
1.60261e+06,
1.61158e+06,
1.62065e+06,
1.62991e+06,
1.63927e+06,
1.64853e+06,
1.6579e+06,
1.66735e+06,
1.67671e+06,
1.68615e+06,
1.69573e+06,
1.70547e+06,
1.71505e+06,
1.72451e+06,
1.73424e+06,
1.74437e+06,
1.75421e+06,
1.76403e+06,
1.77405e+06,
1.78425e+06,
1.79437e+06,
1.80458e+06,
1.81504e+06,
1.82549e+06,
1.836e+06,
1.84677e+06,
1.85738e+06,
1.86816e+06,
1.87934e+06,
1.89041e+06,
1.90141e+06,
1.91249e+06,
1.92354e+06,
1.93484e+06,
1.94617e+06,
1.95732e+06,
1.96872e+06,
1.98031e+06,
1.99196e+06,
2.00334e+06,
2.01513e+06,
2.02717e+06,
2.03916e+06,
2.05089e+06,
2.06263e+06,
2.07445e+06,
2.08657e+06,
2.09918e+06,
2.11151e+06,
2.12404e+06,
2.13679e+06,
2.14951e+06,
2.16233e+06,
2.17486e+06,
2.18791e+06,
2.20086e+06,
2.21397e+06,
2.22709e+06,
2.24024e+06,
2.25354e+06,
2.26697e+06,
2.28071e+06,
2.29425e+06,
2.30821e+06,
2.32194e+06,
2.33579e+06,
2.3499e+06,
2.36402e+06,
2.37801e+06,
2.39217e+06,
2.40653e+06,
2.42126e+06,
2.436e+06,
2.45074e+06,
2.46565e+06,
2.4809e+06,
2.49583e+06,
2.51063e+06,
2.52605e+06,
2.54162e+06,
2.55737e+06,
2.57312e+06,
2.58931e+06,
2.60564e+06,
2.62186e+06,
2.63839e+06,
2.65488e+06,
2.67163e+06,
2.6881e+06,
2.70499e+06,
2.72176e+06,
2.73882e+06,
2.75588e+06,
2.77331e+06,
2.79104e+06,
2.80889e+06,
2.8267e+06,
2.84477e+06,
2.86291e+06,
2.88109e+06,
2.89956e+06,
2.91817e+06,
2.9371e+06,
2.95599e+06,
2.97502e+06,
2.99413e+06,
3.01364e+06,
3.03375e+06,
3.05382e+06,
3.07405e+06,
3.09465e+06,
3.1153e+06,
3.13676e+06,
3.15802e+06,
3.17937e+06,
3.20064e+06,
3.22238e+06,
3.24464e+06,
3.26678e+06,
3.28922e+06,
3.31225e+06,
3.33498e+06,
3.3579e+06,
3.38112e+06,
3.40461e+06,
3.42805e+06,
3.45212e+06,
3.47661e+06,
3.5015e+06,
3.52685e+06,
3.55225e+06,
3.57752e+06,
3.60318e+06,
3.62922e+06,
3.65588e+06,
3.68257e+06,
3.70993e+06,
3.73777e+06,
3.76574e+06,
3.79406e+06,
3.82264e+06,
3.85148e+06,
3.88068e+06,
3.91108e+06,
3.9416e+06,
3.97278e+06,
4.00384e+06,
4.03585e+06,
4.06869e+06,
4.10192e+06,
4.1357e+06,
4.17018e+06,
4.20454e+06,
4.23967e+06,
4.2748e+06,
4.31064e+06,
4.34716e+06,
4.38447e+06,
4.42243e+06,
4.46086e+06,
4.49995e+06,
4.5396e+06,
4.57991e+06,
4.62107e+06,
4.66332e+06,
4.70522e+06,
4.74859e+06,
4.79327e+06,
4.83856e+06,
4.88502e+06,
4.93279e+06,
4.98048e+06,
5.02925e+06,
5.07942e+06,
5.13097e+06,
5.18441e+06,
5.23893e+06,
5.2942e+06,
5.35109e+06,
5.40974e+06,
5.4704e+06,
5.53208e+06,
5.59677e+06,
5.66352e+06,
5.73355e+06,
5.80609e+06,
5.88113e+06,
5.96061e+06,
6.04436e+06,
6.13382e+06,
6.22893e+06,
6.33261e+06,
6.44822e+06,
6.58385e+06,
6.7659e+06,
7.09113e+06,
7.24861e+06,
7.37322e+06,
7.48944e+06,
7.60035e+06,
7.70565e+06,
7.81093e+06,
7.91694e+06,
8.02392e+06,
8.14039e+06,
8.2861e+06,
8.39616e+06,
8.49928e+06,
8.60222e+06,
8.70346e+06,
8.80498e+06,
8.90763e+06,
9.01263e+06,
9.12109e+06,
9.24089e+06,
9.40467e+06,
9.53513e+06,
9.65838e+06,
9.78267e+06,
9.90977e+06,
1.00394e+07,
1.01761e+07,
1.03215e+07,
1.04903e+07,
1.06737e+07,
1.08597e+07,
1.10097e+07,
1.11473e+07,
1.12798e+07,
1.13932e+07,
1.15081e+07,
1.16284e+07,
1.17471e+07,
1.18676e+07,
1.19993e+07,
1.21647e+07,
1.22967e+07,
1.24131e+07,
1.25299e+07,
1.26493e+07,
1.27639e+07,
1.28795e+07,
1.29968e+07,
1.31194e+07,
1.32544e+07,
1.34263e+07,
1.3567e+07,
1.3687e+07,
1.38049e+07,
1.39205e+07,
1.40351e+07,
1.41508e+07,
1.42684e+07,
1.43918e+07,
1.4529e+07,
1.46961e+07,
1.48414e+07,
1.49614e+07,
1.50795e+07,
1.51957e+07,
1.5313e+07,
1.54327e+07,
1.55578e+07,
1.56836e+07,
1.58193e+07,
1.59852e+07,
1.61398e+07,
1.62607e+07,
1.63807e+07,
1.65018e+07,
1.66269e+07,
1.67472e+07,
1.68663e+07,
1.69892e+07,
1.71238e+07,
1.72897e+07,
1.74489e+07,
1.75814e+07,
1.77071e+07,
1.78334e+07,
1.79519e+07,
1.80701e+07,
1.81891e+07,
1.83117e+07,
1.84468e+07,
1.8613e+07,
1.87756e+07,
1.89219e+07,
1.90479e+07,
1.91665e+07,
1.92836e+07,
1.94008e+07,
1.9519e+07,
1.9643e+07,
1.97789e+07,
1.99459e+07,
2.01077e+07,
2.02456e+07,
2.03748e+07,
2.04937e+07,
2.06123e+07,
2.07336e+07,
2.08562e+07,
2.09856e+07,
2.11311e+07,
2.13047e+07,
2.14671e+07,
2.16042e+07,
2.17356e+07,
2.18646e+07,
2.19883e+07,
2.21123e+07,
2.22403e+07,
2.23746e+07,
2.25142e+07,
2.26774e+07,
2.28344e+07,
2.29731e+07,
2.31078e+07,
2.32401e+07,
2.33718e+07,
2.3502e+07,
2.36326e+07,
2.37622e+07,
2.39013e+07,
2.40646e+07,
2.42257e+07,
2.43683e+07,
2.45062e+07,
2.46421e+07,
2.47811e+07,
2.4919e+07,
2.50503e+07,
2.51822e+07,
2.53228e+07,
2.54827e+07,
2.56417e+07,
2.57865e+07,
2.59293e+07,
2.60737e+07,
2.62185e+07,
2.63638e+07,
2.65093e+07,
2.666e+07,
2.68258e+07,
2.70375e+07,
2.72309e+07,
2.74049e+07,
2.75791e+07,
2.77538e+07,
2.79192e+07,
2.8083e+07,
2.82392e+07,
2.83968e+07,
2.85675e+07,
2.87714e+07,
2.89709e+07,
2.91452e+07,
2.93156e+07,
2.94721e+07,
2.96239e+07,
2.97748e+07,
2.99239e+07,
3.00761e+07,
3.02408e+07,
3.04384e+07,
3.06284e+07,
3.08001e+07,
3.0958e+07,
3.11068e+07,
3.12505e+07,
3.13923e+07,
3.1532e+07,
3.16736e+07,
3.18262e+07,
3.20042e+07,
3.21796e+07,
3.23381e+07,
3.24815e+07,
3.26207e+07,
3.27573e+07,
3.28919e+07,
3.30263e+07,
3.31615e+07,
3.33118e+07,
3.34939e+07,
3.36754e+07,
3.38315e+07,
3.39786e+07,
3.41193e+07,
3.42555e+07,
3.43902e+07,
3.45249e+07,
3.4661e+07,
375246,
375282,
375296,
375425,
375528,
375610,
375688,
375760,
375831,
375902,
375973,
376044,
376246,
376442,
376648,
376832,
376998,
377152,
377313,
377446,
377622,
377783,
377934,
378085,
378300,
378536,
378730,
378896,
379085,
379254,
379336,
379503,
379721,
379915,
380030,
380198,
380292,
380468,
380685,
380875,
381130,
381364,
381583,
381786,
382092,
382306,
382603,
382890,
383170,
383435,
383680,
383931,
384107,
384374,
384630,
384811,
385035,
385309,
385527,
385790,
386062,
386259,
386528,
386761,
387042,
387350,
387633,
387869,
388141,
388464,
388692,
388973,
389264,
389526,
390030,
390530,
391020,
391480,
391919,
392488,
392972,
393502,
394012,
394564,
395027,
395507,
396011,
396482,
397013,
397565,
398088,
398655,
399077,
399575,
400121,
400671,
401214,
401769,
402312,
402836,
403416,
403937,
404531,
405091,
405719,
406454,
407109,
407758,
408381,
408952,
409528,
410119,
410755,
411361,
411937,
412561,
413282,
413938,
414582,
415177,
415804,
416475,
417033,
417757,
418464,
419118,
419839,
420566,
421169,
421815,
422471,
423192,
423861,
424487,
425168,
425825,
426504,
427191,
427811,
428411,
429144,
429808,
430521,
431236,
432028,
432763,
433427,
434195,
434824,
435488,
436236,
437006,
437752,
438502,
439222,
439994,
440747,
441476,
442194,
442978,
443794,
444483,
445272,
446199,
447011,
447840,
448639,
449561,
450361,
451280,
452105,
453051,
453930,
454775,
455602,
456466,
457238,
458125,
458934,
459804,
460779,
461631,
462589,
463556,
464544,
465549,
467090,
469416,
471749,
473985,
476390,
478959,
481398,
483832,
486225,
488821,
491247,
493853,
496377,
498850,
501529,
504160,
506802,
509273,
511872,
514490,
517247,
519925,
522439,
525021,
527519,
530138,
533052,
535965,
539138,
542198,
545311,
548126,
550949,
553806,
556671,
559707,
562982,
565996,
568975,
572101,
575004,
578011,
580823,
583669,
586695,
589711,
593002,
596202,
599375,
602546,
605593,
608919,
612153,
615435,
618886,
622339,
625987,
629526,
633055,
636690,
640218,
643793,
647334,
650943,
654513,
658088,
661823,
665510,
669120,
672778,
676428,
680111,
683718,
687395,
691033,
694643,
698454,
702258,
706401,
710430,
714518,
718790,
722728,
726863,
731139,
735334,
739479,
743808,
748008,
752411,
756704,
761011,
765285,
769665,
773868,
778224,
782434,
786809,
791373,
795993,
800382,
804785,
809483,
814035,
818547,
823229,
828095,
832626,
837389,
842046,
847059,
852052,
856945,
861776,
866938,
871993,
876970,
881900,
886827,
891900,
896837,
901765,
906606,
911433,
916426,
921393,
926505,
931735,
937001,
942181,
947419,
952670,
958184,
963616,
969194,
974851,
980306,
986053,
991677,
997342,
1.00284e+06,
1.00848e+06,
1.01427e+06,
1.01993e+06,
1.02575e+06,
1.03147e+06,
1.03717e+06,
1.04296e+06,
1.04881e+06,
1.05485e+06,
1.06066e+06,
1.06636e+06,
1.07227e+06,
1.07841e+06,
1.08439e+06,
1.09044e+06,
1.09643e+06,
1.10255e+06,
1.10852e+06,
1.11469e+06,
1.12101e+06,
1.12736e+06,
1.13357e+06,
1.14013e+06,
1.14669e+06,
1.15334e+06,
1.16001e+06,
1.16676e+06,
1.17356e+06,
1.18064e+06,
1.1876e+06,
1.19446e+06,
1.20131e+06,
1.20787e+06,
1.21463e+06,
1.22141e+06,
1.22823e+06,
1.23503e+06,
1.24186e+06,
1.24889e+06,
1.25576e+06,
1.26285e+06,
1.2701e+06,
1.27739e+06,
1.28479e+06,
1.29187e+06,
1.29929e+06,
1.30648e+06,
1.31378e+06,
1.32119e+06,
1.3286e+06,
1.33612e+06,
1.34363e+06,
1.35137e+06,
1.3589e+06,
1.3666e+06,
1.37438e+06,
1.38231e+06,
1.39021e+06,
1.39813e+06,
1.40581e+06,
1.41371e+06,
1.42164e+06,
1.42978e+06,
1.4377e+06,
1.44588e+06,
1.45407e+06,
1.4621e+06,
1.47041e+06,
1.47878e+06,
1.48707e+06,
1.49538e+06,
1.5036e+06,
1.51189e+06,
1.52007e+06,
1.52824e+06,
1.53662e+06,
1.54504e+06,
1.55374e+06,
1.56268e+06,
1.57187e+06,
1.58111e+06,
1.59004e+06,
1.59924e+06,
1.60852e+06,
1.61767e+06,
1.62671e+06,
1.6359e+06,
1.64536e+06,
1.65466e+06,
1.66407e+06,
1.67339e+06,
1.68285e+06,
1.69235e+06,
1.70187e+06,
1.71161e+06,
1.7214e+06,
1.73095e+06,
1.74099e+06,
1.75106e+06,
1.76092e+06,
1.771e+06,
1.78094e+06,
1.79098e+06,
1.80107e+06,
1.8114e+06,
1.82204e+06,
1.83276e+06,
1.84333e+06,
1.85444e+06,
1.86535e+06,
1.87609e+06,
1.88677e+06,
1.89774e+06,
1.90853e+06,
1.91961e+06,
1.93079e+06,
1.9423e+06,
1.95369e+06,
1.96529e+06,
1.97689e+06,
1.98851e+06,
2.00001e+06,
2.01174e+06,
2.02339e+06,
2.03506e+06,
2.04668e+06,
2.05893e+06,
2.07106e+06,
2.08345e+06,
2.09576e+06,
2.10787e+06,
2.12015e+06,
2.1326e+06,
2.14551e+06,
2.15885e+06,
2.1718e+06,
2.18509e+06,
2.19818e+06,
2.21132e+06,
2.2246e+06,
2.23818e+06,
2.25159e+06,
2.2652e+06,
2.27887e+06,
2.29265e+06,
2.3065e+06,
2.32019e+06,
2.33434e+06,
2.34832e+06,
2.36232e+06,
2.37674e+06,
2.39104e+06,
2.40569e+06,
2.42027e+06,
2.4351e+06,
2.44978e+06,
2.46468e+06,
2.47962e+06,
2.4944e+06,
2.50951e+06,
2.52477e+06,
2.54034e+06,
2.5563e+06,
2.5724e+06,
2.58851e+06,
2.6046e+06,
2.62107e+06,
2.63771e+06,
2.65447e+06,
2.67114e+06,
2.68823e+06,
2.70536e+06,
2.72271e+06,
2.74003e+06,
2.75752e+06,
2.77535e+06,
2.79322e+06,
2.81099e+06,
2.82898e+06,
2.84706e+06,
2.8652e+06,
2.8833e+06,
2.90182e+06,
2.92093e+06,
2.9402e+06,
2.9598e+06,
2.97919e+06,
2.99886e+06,
3.0185e+06,
3.03867e+06,
3.05938e+06,
3.07985e+06,
3.10026e+06,
3.12138e+06,
3.1429e+06,
3.1642e+06,
3.1858e+06,
3.20789e+06,
3.23012e+06,
3.2524e+06,
3.27521e+06,
3.29776e+06,
3.32069e+06,
3.34381e+06,
3.36725e+06,
3.39101e+06,
3.41528e+06,
3.43958e+06,
3.46446e+06,
3.48929e+06,
3.51438e+06,
3.53943e+06,
3.56481e+06,
3.5905e+06,
3.6171e+06,
3.64384e+06,
3.67123e+06,
3.69875e+06,
3.72666e+06,
3.75522e+06,
3.78348e+06,
3.81257e+06,
3.84224e+06,
3.87213e+06,
3.90254e+06,
3.93331e+06,
3.96424e+06,
3.99562e+06,
4.02843e+06,
4.06142e+06,
4.09475e+06,
4.12846e+06,
4.16303e+06,
4.19771e+06,
4.23349e+06,
4.26953e+06,
4.30605e+06,
4.34314e+06,
4.38101e+06,
4.41916e+06,
4.45821e+06,
4.49795e+06,
4.53844e+06,
4.57909e+06,
4.62025e+06,
4.66272e+06,
4.70626e+06,
4.75143e+06,
4.79781e+06,
4.84414e+06,
4.89117e+06,
4.93914e+06,
4.98896e+06,
5.04053e+06,
5.09235e+06,
5.14569e+06,
5.19985e+06,
5.25636e+06,
5.31432e+06,
5.37395e+06,
5.43559e+06,
5.49938e+06,
5.56626e+06,
5.63555e+06,
5.70669e+06,
5.78091e+06,
5.8595e+06,
5.9421e+06,
6.0294e+06,
6.12254e+06,
6.22464e+06,
6.33991e+06,
6.47466e+06,
6.68069e+06,
6.94288e+06,
7.08191e+06,
7.20338e+06,
7.31849e+06,
7.42693e+06,
7.53175e+06,
7.6362e+06,
7.74104e+06,
7.84764e+06,
7.96884e+06,
8.09921e+06,
8.20441e+06,
8.30731e+06,
8.40849e+06,
8.50943e+06,
8.61083e+06,
8.7131e+06,
8.8185e+06,
8.92763e+06,
9.05318e+06,
9.19537e+06,
9.32063e+06,
9.44427e+06,
9.57066e+06,
9.69928e+06,
9.83293e+06,
9.97571e+06,
1.01392e+07,
1.03199e+07,
1.04853e+07,
1.06476e+07,
1.07633e+07,
1.08759e+07,
1.09872e+07,
1.11011e+07,
1.12216e+07,
1.13382e+07,
1.14548e+07,
1.15752e+07,
1.17068e+07,
1.1853e+07,
1.19708e+07,
1.20887e+07,
1.22096e+07,
1.23238e+07,
1.24371e+07,
1.25497e+07,
1.26628e+07,
1.27821e+07,
1.2922e+07,
1.30779e+07,
1.32031e+07,
1.33206e+07,
1.34346e+07,
1.35488e+07,
1.36621e+07,
1.3775e+07,
1.38913e+07,
1.40168e+07,
1.41635e+07,
1.43163e+07,
1.44383e+07,
1.45562e+07,
1.46725e+07,
1.47846e+07,
1.48986e+07,
1.50174e+07,
1.51425e+07,
1.52698e+07,
1.54151e+07,
1.55723e+07,
1.56945e+07,
1.58116e+07,
1.59255e+07,
1.60413e+07,
1.61634e+07,
1.62828e+07,
1.64023e+07,
1.65277e+07,
1.66757e+07,
1.68381e+07,
1.69599e+07,
1.70791e+07,
1.7204e+07,
1.73239e+07,
1.74416e+07,
1.75588e+07,
1.7678e+07,
1.78023e+07,
1.79499e+07,
1.8117e+07,
1.82455e+07,
1.83716e+07,
1.84913e+07,
1.86078e+07,
1.87231e+07,
1.88388e+07,
1.89551e+07,
1.90786e+07,
1.92219e+07,
1.94008e+07,
1.95275e+07,
1.96473e+07,
1.9765e+07,
1.9881e+07,
1.99975e+07,
2.01149e+07,
2.02372e+07,
2.03649e+07,
2.05174e+07,
2.0702e+07,
2.08336e+07,
2.09545e+07,
2.10735e+07,
2.1191e+07,
2.13101e+07,
2.14313e+07,
2.15563e+07,
2.16851e+07,
2.18288e+07,
2.20074e+07,
2.21449e+07,
2.22683e+07,
2.23887e+07,
2.2509e+07,
2.26306e+07,
2.27553e+07,
2.28782e+07,
2.30032e+07,
2.31449e+07,
2.33227e+07,
2.34624e+07,
2.35948e+07,
2.37193e+07,
2.38429e+07,
2.39705e+07,
2.40946e+07,
2.42171e+07,
2.4341e+07,
2.4479e+07,
2.46481e+07,
2.47878e+07,
2.49228e+07,
2.50566e+07,
2.51895e+07,
2.53187e+07,
2.54469e+07,
2.55782e+07,
2.5716e+07,
2.5886e+07,
2.61048e+07,
2.62618e+07,
2.64134e+07,
2.65686e+07,
2.67199e+07,
2.68591e+07,
2.69952e+07,
2.71324e+07,
2.72743e+07,
2.74413e+07,
2.76645e+07,
2.78334e+07,
2.79971e+07,
2.81604e+07,
2.83106e+07,
2.84566e+07,
2.85977e+07,
2.87386e+07,
2.88925e+07,
2.90697e+07,
2.92988e+07,
2.9483e+07,
2.96559e+07,
2.98122e+07,
2.99582e+07,
3.01001e+07,
3.02415e+07,
3.0379e+07,
3.05148e+07,
3.0667e+07,
3.08573e+07,
3.10184e+07,
3.11735e+07,
3.13147e+07,
3.14504e+07,
3.15822e+07,
3.17145e+07,
3.18478e+07,
3.19833e+07,
3.21357e+07,
3.23345e+07,
3.25008e+07,
3.26495e+07,
3.27897e+07,
3.29249e+07,
3.30582e+07,
3.31918e+07,
3.33265e+07,
3.34625e+07,
375246,
375264,
375281,
375398,
375500,
375549,
375615,
375695,
375776,
375836,
375843,
375942,
376069,
376242,
376470,
376644,
376882,
376999,
377183,
377312,
377441,
377597,
377795,
377994,
378171,
378350,
378545,
378731,
378862,
379035,
379186,
379287,
379500,
379642,
379870,
379956,
380105,
380237,
380438,
380637,
380870,
381217,
381424,
381664,
381936,
382176,
382420,
382670,
383018,
383273,
383531,
383741,
383943,
384169,
384375,
384574,
384821,
385042,
385294,
385558,
385791,
386107,
386333,
386605,
386900,
387111,
387325,
387574,
387848,
388099,
388407,
388689,
388877,
389188,
389515,
389992,
390471,
390962,
391460,
391891,
392431,
392957,
393517,
393969,
394533,
394999,
395505,
395970,
396458,
396961,
397500,
398015,
398522,
399034,
399499,
399928,
400467,
400993,
401425,
402006,
402610,
403177,
403793,
404377,
404980,
405589,
406208,
406808,
407347,
407958,
408567,
409188,
409822,
410530,
411134,
411836,
412503,
413114,
413731,
414430,
415050,
415681,
416264,
416882,
417542,
418245,
418895,
419587,
420228,
420892,
421532,
422275,
422952,
423547,
424251,
424912,
425627,
426279,
426856,
427546,
428172,
428882,
429628,
430300,
430991,
431757,
432451,
433196,
433837,
434555,
435192,
435927,
436703,
437462,
438181,
438882,
439613,
440372,
441103,
441778,
442582,
443367,
444166,
444998,
445736,
446626,
447415,
448159,
448987,
449838,
450660,
451496,
452400,
453316,
454235,
455073,
455941,
456827,
457636,
458568,
459438,
460262,
461251,
462206,
463154,
464090,
465060,
466087,
467046,
468943,
471159,
473644,
475981,
478520,
480954,
483371,
485816,
488344,
490873,
493264,
495765,
498266,
501037,
503639,
506250,
508795,
511194,
513634,
516377,
519056,
521698,
524182,
526632,
529261,
532039,
534878,
537899,
540838,
543807,
546861,
549801,
552574,
555538,
558488,
561443,
564619,
567603,
570515,
573453,
576285,
579184,
582057,
585047,
588072,
591182,
594296,
597331,
600436,
603495,
606646,
609799,
613203,
616580,
619963,
623567,
627004,
630548,
633945,
637599,
641140,
644551,
648165,
651608,
655379,
659021,
662669,
666297,
669805,
673377,
676835,
680515,
684149,
687921,
691654,
695493,
699207,
703047,
706996,
710986,
714815,
718790,
722835,
726898,
731103,
735294,
739584,
743814,
748150,
752488,
756991,
761419,
765727,
769948,
774249,
778437,
782700,
786901,
790938,
795375,
799818,
804341,
808918,
813479,
817801,
822284,
827119,
831946,
836723,
841403,
846111,
851049,
855788,
860718,
865669,
870748,
875651,
880621,
885671,
890536,
895386,
900366,
905211,
910172,
915271,
920327,
925434,
930410,
935644,
940799,
945811,
950816,
955920,
961117,
966660,
972313,
977890,
983538,
989047,
994703,
1.00039e+06,
1.00636e+06,
1.01209e+06,
1.01782e+06,
1.02372e+06,
1.0294e+06,
1.03529e+06,
1.04103e+06,
1.04684e+06,
1.05249e+06,
1.05832e+06,
1.06429e+06,
1.07016e+06,
1.07601e+06,
1.08217e+06,
1.08814e+06,
1.09419e+06,
1.10012e+06,
1.1061e+06,
1.11222e+06,
1.11823e+06,
1.12439e+06,
1.1306e+06,
1.13692e+06,
1.14328e+06,
1.14977e+06,
1.1563e+06,
1.16282e+06,
1.16941e+06,
1.17599e+06,
1.18282e+06,
1.18949e+06,
1.1962e+06,
1.20303e+06,
1.21002e+06,
1.21683e+06,
1.22379e+06,
1.23083e+06,
1.23766e+06,
1.24482e+06,
1.25178e+06,
1.25889e+06,
1.26602e+06,
1.27321e+06,
1.28016e+06,
1.28716e+06,
1.29415e+06,
1.3014e+06,
1.30849e+06,
1.31573e+06,
1.32328e+06,
1.33088e+06,
1.33835e+06,
1.34612e+06,
1.35382e+06,
1.36171e+06,
1.36967e+06,
1.37753e+06,
1.38517e+06,
1.39306e+06,
1.40073e+06,
1.40847e+06,
1.41634e+06,
1.42423e+06,
1.4319e+06,
1.43988e+06,
1.44818e+06,
1.45648e+06,
1.46474e+06,
1.47316e+06,
1.48133e+06,
1.48942e+06,
1.4976e+06,
1.506e+06,
1.51445e+06,
1.52281e+06,
1.53128e+06,
1.53975e+06,
1.54832e+06,
1.55724e+06,
1.56616e+06,
1.57514e+06,
1.58418e+06,
1.59319e+06,
1.6023e+06,
1.6117e+06,
1.62103e+06,
1.63044e+06,
1.63961e+06,
1.64879e+06,
1.65821e+06,
1.66769e+06,
1.67729e+06,
1.68695e+06,
1.69646e+06,
1.70597e+06,
1.7155e+06,
1.72514e+06,
1.73499e+06,
1.74486e+06,
1.75483e+06,
1.76468e+06,
1.77472e+06,
1.78492e+06,
1.79525e+06,
1.80549e+06,
1.81575e+06,
1.82623e+06,
1.83684e+06,
1.84748e+06,
1.85822e+06,
1.86909e+06,
1.88013e+06,
1.89113e+06,
1.90206e+06,
1.91327e+06,
1.92449e+06,
1.93576e+06,
1.94715e+06,
1.95848e+06,
1.96976e+06,
1.98099e+06,
1.99246e+06,
2.00433e+06,
2.01615e+06,
2.02827e+06,
2.04014e+06,
2.05222e+06,
2.06417e+06,
2.07602e+06,
2.08814e+06,
2.10014e+06,
2.11262e+06,
2.12547e+06,
2.13844e+06,
2.1513e+06,
2.16447e+06,
2.1776e+06,
2.19094e+06,
2.20394e+06,
2.21763e+06,
2.23131e+06,
2.24492e+06,
2.25886e+06,
2.27253e+06,
2.28643e+06,
2.30024e+06,
2.31425e+06,
2.32828e+06,
2.3425e+06,
2.35672e+06,
2.37102e+06,
2.38568e+06,
2.40032e+06,
2.41502e+06,
2.42934e+06,
2.44407e+06,
2.45898e+06,
2.47418e+06,
2.48931e+06,
2.50462e+06,
2.52039e+06,
2.53583e+06,
2.55163e+06,
2.56752e+06,
2.58392e+06,
2.60054e+06,
2.61691e+06,
2.63345e+06,
2.65003e+06,
2.66718e+06,
2.68419e+06,
2.70142e+06,
2.71867e+06,
2.73597e+06,
2.75351e+06,
2.77143e+06,
2.78928e+06,
2.80756e+06,
2.8258e+06,
2.84441e+06,
2.86309e+06,
2.88191e+06,
2.90078e+06,
2.91982e+06,
2.93891e+06,
2.95815e+06,
2.97799e+06,
2.99773e+06,
3.01764e+06,
3.03814e+06,
3.0587e+06,
3.07943e+06,
3.10069e+06,
3.12226e+06,
3.14398e+06,
3.16599e+06,
3.188e+06,
3.21038e+06,
3.23284e+06,
3.25523e+06,
3.27766e+06,
3.30076e+06,
3.32426e+06,
3.348e+06,
3.37219e+06,
3.39641e+06,
3.42091e+06,
3.44523e+06,
3.46965e+06,
3.49479e+06,
3.52061e+06,
3.54669e+06,
3.57314e+06,
3.59989e+06,
3.62697e+06,
3.65389e+06,
3.68116e+06,
3.7089e+06,
3.73717e+06,
3.76599e+06,
3.79549e+06,
3.82507e+06,
3.85467e+06,
3.88477e+06,
3.91554e+06,
3.94726e+06,
3.97895e+06,
4.01176e+06,
4.04504e+06,
4.0783e+06,
4.11256e+06,
4.14723e+06,
4.18277e+06,
4.21869e+06,
4.25466e+06,
4.29108e+06,
4.32821e+06,
4.36645e+06,
4.40513e+06,
4.44513e+06,
4.48555e+06,
4.52649e+06,
4.56815e+06,
4.61057e+06,
4.65442e+06,
4.69876e+06,
4.74415e+06,
4.79041e+06,
4.83717e+06,
4.88611e+06,
4.93587e+06,
4.987e+06,
5.03869e+06,
5.09226e+06,
5.14726e+06,
5.20418e+06,
5.26286e+06,
5.32258e+06,
5.38421e+06,
5.44906e+06,
5.51599e+06,
5.58494e+06,
5.65684e+06,
5.73284e+06,
5.8126e+06,
5.89543e+06,
5.9838e+06,
6.0801e+06,
6.18702e+06,
6.30974e+06,
6.51334e+06,
6.73916e+06,
6.87716e+06,
6.99984e+06,
7.11475e+06,
7.22257e+06,
7.32709e+06,
7.43073e+06,
7.53382e+06,
7.63839e+06,
7.75817e+06,
7.88151e+06,
7.98642e+06,
8.08959e+06,
8.18952e+06,
8.29002e+06,
8.39041e+06,
8.49108e+06,
8.59495e+06,
8.70153e+06,
8.82601e+06,
8.95665e+06,
9.07928e+06,
9.20537e+06,
9.3338e+06,
9.46592e+06,
9.60645e+06,
9.76582e+06,
9.94498e+06,
1.00784e+07,
1.02076e+07,
1.03387e+07,
1.04538e+07,
1.05656e+07,
1.06773e+07,
1.07951e+07,
1.09112e+07,
1.10209e+07,
1.11297e+07,
1.1242e+07,
1.13717e+07,
1.15078e+07,
1.16273e+07,
1.17501e+07,
1.1866e+07,
1.19762e+07,
1.20824e+07,
1.21892e+07,
1.22981e+07,
1.24132e+07,
1.25509e+07,
1.26992e+07,
1.28207e+07,
1.29357e+07,
1.30447e+07,
1.31532e+07,
1.32641e+07,
1.33767e+07,
1.34943e+07,
1.36217e+07,
1.376e+07,
1.38998e+07,
1.40157e+07,
1.4128e+07,
1.42391e+07,
1.43527e+07,
1.44689e+07,
1.45931e+07,
1.47134e+07,
1.48344e+07,
1.49701e+07,
1.5107e+07,
1.52249e+07,
1.53391e+07,
1.54549e+07,
1.55753e+07,
1.5694e+07,
1.58097e+07,
1.59285e+07,
1.60485e+07,
1.61853e+07,
1.63264e+07,
1.64488e+07,
1.65697e+07,
1.66935e+07,
1.68101e+07,
1.6927e+07,
1.70445e+07,
1.71597e+07,
1.72803e+07,
1.74199e+07,
1.75644e+07,
1.76947e+07,
1.78167e+07,
1.79338e+07,
1.80494e+07,
1.81641e+07,
1.82756e+07,
1.83887e+07,
1.85108e+07,
1.86527e+07,
1.88018e+07,
1.89261e+07,
1.90447e+07,
1.91612e+07,
1.92759e+07,
1.93871e+07,
1.95004e+07,
1.96195e+07,
1.97537e+07,
1.99063e+07,
2.00561e+07,
2.01807e+07,
2.03003e+07,
2.04162e+07,
2.05282e+07,
2.06425e+07,
2.07598e+07,
2.08875e+07,
2.10185e+07,
2.11713e+07,
2.13165e+07,
2.14401e+07,
2.15584e+07,
2.16722e+07,
2.17868e+07,
2.19043e+07,
2.20286e+07,
2.21508e+07,
2.22775e+07,
2.24362e+07,
2.25822e+07,
2.27067e+07,
2.28242e+07,
2.29414e+07,
2.30609e+07,
2.31862e+07,
2.33068e+07,
2.34264e+07,
2.35502e+07,
2.37016e+07,
2.38498e+07,
2.3973e+07,
2.40932e+07,
2.42156e+07,
2.43427e+07,
2.44674e+07,
2.45921e+07,
2.47202e+07,
2.48583e+07,
2.50393e+07,
2.52231e+07,
2.5367e+07,
2.5506e+07,
2.56511e+07,
2.57905e+07,
2.59234e+07,
2.60543e+07,
2.61853e+07,
2.63199e+07,
2.65014e+07,
2.66936e+07,
2.68484e+07,
2.69944e+07,
2.71391e+07,
2.72726e+07,
2.74024e+07,
2.75315e+07,
2.76611e+07,
2.77984e+07,
2.79764e+07,
2.81653e+07,
2.83211e+07,
2.84774e+07,
2.86157e+07,
2.87469e+07,
2.8876e+07,
2.90056e+07,
2.91348e+07,
2.92677e+07,
2.94283e+07,
2.96034e+07,
2.97552e+07,
2.99028e+07,
3.0045e+07,
3.01849e+07,
3.03237e+07,
3.04637e+07,
3.06048e+07,
3.07436e+07,
3.09131e+07,
3.11043e+07,
3.12681e+07,
3.14159e+07,
3.15566e+07,
3.16914e+07,
3.18223e+07,
3.19517e+07,
3.20829e+07,
3.2219e+07,
375246,
375238,
375262,
375368,
375471,
375518,
375566,
375632,
375714,
375745,
375753,
375845,
375938,
376083,
376281,
376453,
376695,
376848,
377025,
377115,
377288,
377439,
377650,
377842,
378047,
378198,
378385,
378546,
378671,
378864,
378942,
379081,
379230,
379442,
379593,
379752,
379904,
380093,
380303,
380622,
380815,
381059,
381298,
381480,
381763,
382051,
382322,
382514,
382813,
383060,
383314,
383570,
383706,
383922,
384168,
384384,
384641,
384855,
385121,
385379,
385658,
385886,
386128,
386335,
386610,
386811,
387058,
387327,
387614,
387871,
388220,
388497,
388736,
388986,
389288,
389548,
389955,
390465,
390991,
391385,
391902,
392451,
392964,
393437,
393919,
394389,
394873,
395404,
395879,
396372,
396842,
397354,
397931,
398422,
398904,
399403,
399839,
400398,
400934,
401459,
402052,
402698,
403211,
403825,
404445,
404977,
405533,
406078,
406634,
407206,
407799,
408424,
408994,
409585,
410211,
410822,
411493,
412112,
412714,
413286,
413965,
414660,
415301,
415998,
416704,
417399,
418029,
418702,
419353,
419981,
420692,
421391,
422061,
422682,
423369,
424024,
424653,
425290,
425912,
426517,
427167,
427777,
428364,
429080,
429826,
430531,
431161,
431884,
432644,
433371,
434037,
434804,
435527,
436270,
436973,
437694,
438482,
439261,
439952,
440738,
441434,
442184,
442936,
443697,
444431,
445207,
446055,
446872,
447643,
448474,
449238,
450087,
450960,
451849,
452717,
453670,
454500,
455400,
456272,
457131,
457983,
458920,
459852,
460790,
461732,
462624,
463568,
464453,
465325,
466311,
467291,
468376,
470432,
472722,
475166,
477442,
480021,
482512,
484902,
487160,
489800,
492333,
494945,
497260,
499790,
502397,
505086,
507613,
509909,
512326,
514970,
517667,
520254,
522894,
525476,
528116,
530535,
533106,
536066,
539077,
541901,
544785,
547780,
550665,
553650,
556581,
559495,
562455,
565288,
568209,
571251,
574297,
577350,
580268,
583217,
586281,
589339,
592417,
595219,
598058,
601084,
604262,
607275,
610424,
613602,
617044,
620569,
624083,
627538,
631101,
634528,
637934,
641527,
645077,
648423,
652008,
655597,
659156,
662705,
666205,
669766,
673302,
677022,
680650,
684185,
687726,
691399,
695220,
699066,
702818,
706717,
710645,
714897,
719003,
723109,
727160,
730912,
734800,
738849,
743085,
747320,
751539,
755931,
760186,
764562,
768827,
773177,
777425,
781655,
786017,
790217,
794457,
798773,
803056,
807356,
811683,
816154,
820614,
825366,
830065,
834792,
839505,
844326,
849088,
854039,
858913,
863783,
868579,
873459,
878366,
883106,
887989,
892995,
898191,
903289,
908337,
913506,
918554,
923539,
928396,
933637,
938615,
943385,
948585,
953628,
958590,
963807,
969366,
974631,
980106,
985707,
991533,
997295,
1.00279e+06,
1.00856e+06,
1.01414e+06,
1.01964e+06,
1.02522e+06,
1.03085e+06,
1.03642e+06,
1.04218e+06,
1.04807e+06,
1.05372e+06,
1.05956e+06,
1.06533e+06,
1.07118e+06,
1.07682e+06,
1.08279e+06,
1.08881e+06,
1.09468e+06,
1.10065e+06,
1.10682e+06,
1.11282e+06,
1.11895e+06,
1.1251e+06,
1.13147e+06,
1.13804e+06,
1.14418e+06,
1.15051e+06,
1.15683e+06,
1.16342e+06,
1.16995e+06,
1.17623e+06,
1.18282e+06,
1.18934e+06,
1.19602e+06,
1.2028e+06,
1.20956e+06,
1.21669e+06,
1.22373e+06,
1.2307e+06,
1.23754e+06,
1.24468e+06,
1.25189e+06,
1.25888e+06,
1.26589e+06,
1.27285e+06,
1.27989e+06,
1.28693e+06,
1.294e+06,
1.3011e+06,
1.30843e+06,
1.31558e+06,
1.32295e+06,
1.33061e+06,
1.33834e+06,
1.34623e+06,
1.35388e+06,
1.36171e+06,
1.36939e+06,
1.37725e+06,
1.38504e+06,
1.39282e+06,
1.4009e+06,
1.40867e+06,
1.41672e+06,
1.42458e+06,
1.43253e+06,
1.44041e+06,
1.44858e+06,
1.45673e+06,
1.46488e+06,
1.47296e+06,
1.48116e+06,
1.4895e+06,
1.49791e+06,
1.5062e+06,
1.51465e+06,
1.52313e+06,
1.53172e+06,
1.54012e+06,
1.54875e+06,
1.55762e+06,
1.56671e+06,
1.57583e+06,
1.58479e+06,
1.59381e+06,
1.60291e+06,
1.61211e+06,
1.62111e+06,
1.63028e+06,
1.6395e+06,
1.6491e+06,
1.65852e+06,
1.66813e+06,
1.67781e+06,
1.68734e+06,
1.69722e+06,
1.70687e+06,
1.71653e+06,
1.72636e+06,
1.73608e+06,
1.74613e+06,
1.75602e+06,
1.76582e+06,
1.77592e+06,
1.78606e+06,
1.79626e+06,
1.80637e+06,
1.81649e+06,
1.82689e+06,
1.83765e+06,
1.84846e+06,
1.85919e+06,
1.86976e+06,
1.8809e+06,
1.89192e+06,
1.90304e+06,
1.91409e+06,
1.92537e+06,
1.93672e+06,
1.94814e+06,
1.95942e+06,
1.97069e+06,
1.98264e+06,
1.99433e+06,
2.00593e+06,
2.0177e+06,
2.02924e+06,
2.04123e+06,
2.05316e+06,
2.06519e+06,
2.07731e+06,
2.08977e+06,
2.10222e+06,
2.11466e+06,
2.12732e+06,
2.14012e+06,
2.15287e+06,
2.16585e+06,
2.17924e+06,
2.19272e+06,
2.20637e+06,
2.21997e+06,
2.23364e+06,
2.24741e+06,
2.26108e+06,
2.27509e+06,
2.28922e+06,
2.30324e+06,
2.31724e+06,
2.33169e+06,
2.346e+06,
2.3605e+06,
2.37503e+06,
2.38982e+06,
2.40429e+06,
2.4191e+06,
2.4339e+06,
2.44924e+06,
2.46437e+06,
2.4797e+06,
2.49521e+06,
2.51075e+06,
2.52639e+06,
2.54185e+06,
2.55763e+06,
2.57364e+06,
2.58992e+06,
2.6067e+06,
2.62387e+06,
2.64112e+06,
2.6582e+06,
2.67538e+06,
2.69294e+06,
2.71029e+06,
2.72811e+06,
2.74582e+06,
2.76381e+06,
2.78213e+06,
2.80034e+06,
2.81849e+06,
2.83673e+06,
2.85578e+06,
2.87463e+06,
2.89364e+06,
2.91313e+06,
2.93301e+06,
2.95287e+06,
2.97268e+06,
2.99286e+06,
3.013e+06,
3.0334e+06,
3.05386e+06,
3.07467e+06,
3.09582e+06,
3.11749e+06,
3.13942e+06,
3.16103e+06,
3.18277e+06,
3.2052e+06,
3.22801e+06,
3.25069e+06,
3.27396e+06,
3.29773e+06,
3.32193e+06,
3.34599e+06,
3.37e+06,
3.39387e+06,
3.41831e+06,
3.44332e+06,
3.46898e+06,
3.49501e+06,
3.5211e+06,
3.54723e+06,
3.57378e+06,
3.60021e+06,
3.6273e+06,
3.65464e+06,
3.68259e+06,
3.71086e+06,
3.73982e+06,
3.7687e+06,
3.79832e+06,
3.8286e+06,
3.85951e+06,
3.89098e+06,
3.92242e+06,
3.95421e+06,
3.98679e+06,
4.02009e+06,
4.05365e+06,
4.08796e+06,
4.12314e+06,
4.15826e+06,
4.19364e+06,
4.22975e+06,
4.26727e+06,
4.30552e+06,
4.34424e+06,
4.38306e+06,
4.42257e+06,
4.46262e+06,
4.50364e+06,
4.54622e+06,
4.58985e+06,
4.63346e+06,
4.67776e+06,
4.72283e+06,
4.76965e+06,
4.81741e+06,
4.86671e+06,
4.91729e+06,
4.96906e+06,
5.02258e+06,
5.0778e+06,
5.13378e+06,
5.19141e+06,
5.25035e+06,
5.31232e+06,
5.37625e+06,
5.44156e+06,
5.50991e+06,
5.58131e+06,
5.65629e+06,
5.73348e+06,
5.81528e+06,
5.90286e+06,
5.99844e+06,
6.10382e+06,
6.23602e+06,
6.48409e+06,
6.63453e+06,
6.7611e+06,
6.87839e+06,
6.98831e+06,
7.09274e+06,
7.19514e+06,
7.29753e+06,
7.39885e+06,
7.50444e+06,
7.63283e+06,
7.74078e+06,
7.84356e+06,
7.94469e+06,
8.04413e+06,
8.14344e+06,
8.24322e+06,
8.34368e+06,
8.44694e+06,
8.55595e+06,
8.69069e+06,
8.80834e+06,
8.93657e+06,
9.06823e+06,
9.20803e+06,
9.36806e+06,
9.52838e+06,
9.64409e+06,
9.75555e+06,
9.87032e+06,
1.00034e+07,
1.01203e+07,
1.0234e+07,
1.03514e+07,
1.04611e+07,
1.05659e+07,
1.06708e+07,
1.07761e+07,
1.08841e+07,
1.09974e+07,
1.11391e+07,
1.12673e+07,
1.13825e+07,
1.14892e+07,
1.15949e+07,
1.17003e+07,
1.1805e+07,
1.19111e+07,
1.20209e+07,
1.21429e+07,
1.22907e+07,
1.24093e+07,
1.25215e+07,
1.26303e+07,
1.27379e+07,
1.28464e+07,
1.2958e+07,
1.30794e+07,
1.31978e+07,
1.33108e+07,
1.34484e+07,
1.35659e+07,
1.3678e+07,
1.37894e+07,
1.39039e+07,
1.40235e+07,
1.41448e+07,
1.42555e+07,
1.43639e+07,
1.44764e+07,
1.46159e+07,
1.47368e+07,
1.48538e+07,
1.49713e+07,
1.50931e+07,
1.52079e+07,
1.53159e+07,
1.54232e+07,
1.55338e+07,
1.56506e+07,
1.57975e+07,
1.59237e+07,
1.60516e+07,
1.61713e+07,
1.62855e+07,
1.63932e+07,
1.65026e+07,
1.66142e+07,
1.67287e+07,
1.68484e+07,
1.69996e+07,
1.71343e+07,
1.72548e+07,
1.73679e+07,
1.74773e+07,
1.75869e+07,
1.76967e+07,
1.78069e+07,
1.79218e+07,
1.80475e+07,
1.81971e+07,
1.83216e+07,
1.84371e+07,
1.85482e+07,
1.86576e+07,
1.87689e+07,
1.88819e+07,
1.89995e+07,
1.91252e+07,
1.92497e+07,
1.94012e+07,
1.95258e+07,
1.96409e+07,
1.97544e+07,
1.98671e+07,
1.99811e+07,
2.00998e+07,
2.02256e+07,
2.03472e+07,
2.04698e+07,
2.06147e+07,
2.07357e+07,
2.08509e+07,
2.09643e+07,
2.10783e+07,
2.11947e+07,
2.13191e+07,
2.14407e+07,
2.15615e+07,
2.16817e+07,
2.18255e+07,
2.19478e+07,
2.20649e+07,
2.21805e+07,
2.22989e+07,
2.24232e+07,
2.25425e+07,
2.26628e+07,
2.27844e+07,
2.29022e+07,
2.30419e+07,
2.31644e+07,
2.32837e+07,
2.34041e+07,
2.35297e+07,
2.36523e+07,
2.37748e+07,
2.39019e+07,
2.40366e+07,
2.4172e+07,
2.43475e+07,
2.44918e+07,
2.463e+07,
2.47759e+07,
2.49125e+07,
2.50424e+07,
2.51669e+07,
2.52932e+07,
2.54306e+07,
2.55767e+07,
2.5752e+07,
2.5898e+07,
2.60415e+07,
2.61838e+07,
2.63139e+07,
2.64395e+07,
2.65637e+07,
2.66872e+07,
2.6819e+07,
2.69722e+07,
2.71448e+07,
2.72909e+07,
2.74368e+07,
2.75692e+07,
2.76946e+07,
2.78166e+07,
2.7937e+07,
2.80555e+07,
2.81798e+07,
2.83208e+07,
2.84829e+07,
2.86233e+07,
2.87546e+07,
2.88788e+07,
2.90024e+07,
2.91239e+07,
2.92431e+07,
2.93644e+07,
2.94923e+07,
2.96428e+07,
2.98214e+07,
2.99773e+07,
3.01146e+07,
3.02452e+07,
3.03726e+07,
3.04989e+07,
3.06237e+07,
3.07507e+07,
3.08846e+07,
375246,
375230,
375249,
375336,
375428,
375494,
375494,
375573,
375672,
375682,
375673,
375760,
375838,
375976,
376104,
376268,
376472,
376657,
376832,
376970,
377138,
377238,
377501,
377689,
377892,
378055,
378204,
378329,
378474,
378623,
378736,
378831,
378972,
379162,
379355,
379615,
379801,
380034,
380281,
380543,
380761,
380966,
381171,
381407,
381638,
381876,
382145,
382353,
382542,
382817,
383102,
383323,
383537,
383708,
383938,
384214,
384465,
384658,
384919,
385193,
385459,
385685,
385922,
386096,
386327,
386598,
386859,
387167,
387445,
387741,
388025,
388284,
388519,
388745,
389067,
389325,
389621,
389892,
390376,
390885,
391387,
391895,
392312,
392767,
393308,
393848,
394253,
394676,
395138,
395674,
396212,
396721,
397263,
397791,
398431,
398948,
399413,
399913,
400344,
400885,
401452,
402050,
402656,
403157,
403712,
404361,
404957,
405485,
406036,
406612,
407184,
407764,
408345,
408844,
409427,
409986,
410627,
411160,
411706,
412294,
412923,
413557,
414201,
414868,
415512,
416180,
416801,
417438,
418019,
418705,
419422,
420104,
420886,
421486,
422220,
422868,
423527,
424085,
424695,
425357,
426007,
426653,
427330,
428036,
428688,
429409,
430105,
430878,
431492,
432196,
432801,
433513,
434288,
435007,
435701,
436447,
437250,
437953,
438650,
439390,
440060,
440860,
441609,
442453,
443203,
444016,
444728,
445405,
446213,
447021,
447783,
448612,
449495,
450401,
451274,
452107,
452969,
453801,
454610,
455564,
456354,
457307,
458234,
459153,
460120,
461089,
462045,
462929,
463813,
464740,
465673,
466705,
467766,
468813,
469758,
471425,
473717,
476260,
478510,
480881,
483385,
485807,
488223,
490954,
493538,
496065,
498498,
500849,
503315,
505862,
508384,
510856,
513393,
515972,
518625,
521087,
523609,
526294,
528766,
531242,
533754,
536606,
539510,
542295,
545188,
548076,
551055,
553956,
556900,
559731,
562676,
565607,
568528,
571597,
574396,
577385,
580411,
583413,
586417,
589389,
592336,
595333,
598366,
601248,
604241,
607299,
610341,
613435,
616973,
620477,
623949,
627350,
630758,
634224,
637669,
641006,
644352,
647660,
651181,
654789,
658371,
661920,
665592,
669132,
672659,
676213,
679919,
683612,
687168,
690958,
694699,
698355,
702172,
706042,
709982,
713940,
717817,
721750,
725727,
729761,
733841,
737862,
742000,
746134,
750342,
754533,
758702,
762801,
767124,
771283,
775515,
779715,
783860,
788054,
792338,
796811,
801275,
805662,
810090,
814497,
818859,
823065,
827351,
832050,
836869,
841451,
846354,
851131,
855931,
860619,
865413,
870304,
875035,
879872,
884848,
889671,
894330,
899313,
904272,
909317,
914212,
919332,
924448,
929500,
934507,
939502,
944296,
949416,
954286,
959342,
964423,
969800,
975175,
980568,
986088,
991752,
997074,
1.00261e+06,
1.008e+06,
1.01361e+06,
1.01918e+06,
1.0249e+06,
1.03052e+06,
1.03644e+06,
1.04215e+06,
1.04786e+06,
1.05358e+06,
1.05931e+06,
1.06503e+06,
1.07064e+06,
1.07642e+06,
1.08239e+06,
1.0882e+06,
1.09391e+06,
1.09967e+06,
1.10569e+06,
1.11183e+06,
1.11782e+06,
1.12392e+06,
1.12994e+06,
1.13622e+06,
1.14259e+06,
1.14897e+06,
1.15537e+06,
1.16194e+06,
1.16863e+06,
1.17522e+06,
1.18181e+06,
1.18863e+06,
1.19533e+06,
1.20163e+06,
1.20821e+06,
1.21514e+06,
1.22194e+06,
1.22869e+06,
1.2356e+06,
1.24265e+06,
1.24957e+06,
1.25659e+06,
1.26358e+06,
1.27051e+06,
1.27766e+06,
1.28458e+06,
1.29177e+06,
1.29897e+06,
1.30624e+06,
1.31358e+06,
1.32097e+06,
1.32834e+06,
1.33576e+06,
1.34349e+06,
1.35098e+06,
1.35871e+06,
1.36654e+06,
1.37437e+06,
1.38229e+06,
1.39042e+06,
1.39845e+06,
1.40621e+06,
1.41421e+06,
1.42248e+06,
1.43044e+06,
1.43845e+06,
1.4465e+06,
1.45452e+06,
1.46263e+06,
1.4708e+06,
1.47903e+06,
1.48701e+06,
1.49539e+06,
1.50365e+06,
1.51221e+06,
1.52076e+06,
1.52919e+06,
1.53785e+06,
1.54659e+06,
1.5552e+06,
1.56393e+06,
1.57298e+06,
1.58189e+06,
1.591e+06,
1.60008e+06,
1.60908e+06,
1.61827e+06,
1.62764e+06,
1.63694e+06,
1.64649e+06,
1.65583e+06,
1.66537e+06,
1.67485e+06,
1.68428e+06,
1.69369e+06,
1.7034e+06,
1.71313e+06,
1.72308e+06,
1.73316e+06,
1.74322e+06,
1.75341e+06,
1.76337e+06,
1.77331e+06,
1.78343e+06,
1.7935e+06,
1.80394e+06,
1.81421e+06,
1.82442e+06,
1.83476e+06,
1.84537e+06,
1.85629e+06,
1.86716e+06,
1.87819e+06,
1.88932e+06,
1.90028e+06,
1.91158e+06,
1.92287e+06,
1.93435e+06,
1.94609e+06,
1.95748e+06,
1.96899e+06,
1.98065e+06,
1.99235e+06,
2.00417e+06,
2.01593e+06,
2.02775e+06,
2.03969e+06,
2.05178e+06,
2.06402e+06,
2.07609e+06,
2.08835e+06,
2.10052e+06,
2.11309e+06,
2.12533e+06,
2.13795e+06,
2.15073e+06,
2.16373e+06,
2.17723e+06,
2.19077e+06,
2.20438e+06,
2.21825e+06,
2.23198e+06,
2.24549e+06,
2.25921e+06,
2.27305e+06,
2.28738e+06,
2.3018e+06,
2.31605e+06,
2.3304e+06,
2.34492e+06,
2.35943e+06,
2.37408e+06,
2.38868e+06,
2.40389e+06,
2.41896e+06,
2.43427e+06,
2.44992e+06,
2.46522e+06,
2.48067e+06,
2.49592e+06,
2.51193e+06,
2.5278e+06,
2.5438e+06,
2.56032e+06,
2.57655e+06,
2.59309e+06,
2.60979e+06,
2.62677e+06,
2.64372e+06,
2.66113e+06,
2.67861e+06,
2.69625e+06,
2.71395e+06,
2.73237e+06,
2.75029e+06,
2.76851e+06,
2.78715e+06,
2.80577e+06,
2.8244e+06,
2.84334e+06,
2.86248e+06,
2.88162e+06,
2.90104e+06,
2.92057e+06,
2.94001e+06,
2.95999e+06,
2.97982e+06,
3.00038e+06,
3.02106e+06,
3.04182e+06,
3.06284e+06,
3.08407e+06,
3.10551e+06,
3.1272e+06,
3.14946e+06,
3.17161e+06,
3.19387e+06,
3.21683e+06,
3.23981e+06,
3.26365e+06,
3.28681e+06,
3.31018e+06,
3.33445e+06,
3.35871e+06,
3.38336e+06,
3.40841e+06,
3.43392e+06,
3.45985e+06,
3.48619e+06,
3.51246e+06,
3.53908e+06,
3.56582e+06,
3.59337e+06,
3.62099e+06,
3.64904e+06,
3.67752e+06,
3.70617e+06,
3.73507e+06,
3.76466e+06,
3.79485e+06,
3.82508e+06,
3.85557e+06,
3.88688e+06,
3.91851e+06,
3.95116e+06,
3.98456e+06,
4.01897e+06,
4.05307e+06,
4.08767e+06,
4.12304e+06,
4.15872e+06,
4.1953e+06,
4.23246e+06,
4.27062e+06,
4.30896e+06,
4.34796e+06,
4.38775e+06,
4.4283e+06,
4.46985e+06,
4.512e+06,
4.55505e+06,
4.59844e+06,
4.64328e+06,
4.68959e+06,
4.73699e+06,
4.78466e+06,
4.83348e+06,
4.88356e+06,
4.93532e+06,
4.98859e+06,
5.04346e+06,
5.09913e+06,
5.15681e+06,
5.21691e+06,
5.2783e+06,
5.34133e+06,
5.40699e+06,
5.4761e+06,
5.54824e+06,
5.62257e+06,
5.70088e+06,
5.78509e+06,
5.87556e+06,
5.97499e+06,
6.10726e+06,
6.34068e+06,
6.48321e+06,
6.6067e+06,
6.7205e+06,
6.82787e+06,
6.9303e+06,
7.03141e+06,
7.13208e+06,
7.23176e+06,
7.33683e+06,
7.46254e+06,
7.56809e+06,
7.66946e+06,
7.77045e+06,
7.86875e+06,
7.96722e+06,
8.0658e+06,
8.16671e+06,
8.26873e+06,
8.37778e+06,
8.51215e+06,
8.63426e+06,
8.7718e+06,
8.93111e+06,
9.0785e+06,
9.19573e+06,
9.30582e+06,
9.41254e+06,
9.52007e+06,
9.63161e+06,
9.76329e+06,
9.88534e+06,
9.99361e+06,
1.0097e+07,
1.01986e+07,
1.02995e+07,
1.04018e+07,
1.05067e+07,
1.06148e+07,
1.07348e+07,
1.08706e+07,
1.09818e+07,
1.10876e+07,
1.11921e+07,
1.12962e+07,
1.13995e+07,
1.1504e+07,
1.16145e+07,
1.17211e+07,
1.18297e+07,
1.19677e+07,
1.20834e+07,
1.21945e+07,
1.23026e+07,
1.24108e+07,
1.25233e+07,
1.26355e+07,
1.27407e+07,
1.28465e+07,
1.29554e+07,
1.30912e+07,
1.3207e+07,
1.33204e+07,
1.34347e+07,
1.3557e+07,
1.36635e+07,
1.37672e+07,
1.3872e+07,
1.39777e+07,
1.40883e+07,
1.42269e+07,
1.4347e+07,
1.44723e+07,
1.45841e+07,
1.46904e+07,
1.47951e+07,
1.49e+07,
1.50054e+07,
1.51133e+07,
1.52277e+07,
1.53774e+07,
1.55099e+07,
1.56227e+07,
1.57315e+07,
1.58391e+07,
1.59451e+07,
1.60515e+07,
1.61605e+07,
1.62742e+07,
1.64007e+07,
1.65496e+07,
1.66674e+07,
1.67792e+07,
1.68882e+07,
1.69948e+07,
1.71025e+07,
1.72097e+07,
1.73213e+07,
1.7443e+07,
1.75583e+07,
1.76941e+07,
1.78097e+07,
1.79207e+07,
1.80309e+07,
1.81399e+07,
1.82512e+07,
1.83657e+07,
1.84863e+07,
1.85979e+07,
1.87107e+07,
1.88504e+07,
1.89708e+07,
1.90865e+07,
1.92009e+07,
1.93149e+07,
1.94334e+07,
1.95552e+07,
1.96655e+07,
1.97713e+07,
1.9883e+07,
2.00212e+07,
2.01412e+07,
2.02566e+07,
2.03726e+07,
2.04908e+07,
2.06125e+07,
2.0724e+07,
2.08308e+07,
2.09381e+07,
2.10512e+07,
2.1191e+07,
2.1312e+07,
2.14299e+07,
2.155e+07,
2.16746e+07,
2.17902e+07,
2.18984e+07,
2.20068e+07,
2.21156e+07,
2.22305e+07,
2.23659e+07,
2.24879e+07,
2.26092e+07,
2.2735e+07,
2.28548e+07,
2.29705e+07,
2.30879e+07,
2.32062e+07,
2.33268e+07,
2.3465e+07,
2.36293e+07,
2.37731e+07,
2.39238e+07,
2.40577e+07,
2.418e+07,
2.43015e+07,
2.44254e+07,
2.45477e+07,
2.46692e+07,
2.4805e+07,
2.49717e+07,
2.51245e+07,
2.52661e+07,
2.5394e+07,
2.55137e+07,
2.56335e+07,
2.57562e+07,
2.58791e+07,
2.60005e+07,
2.6137e+07,
2.63019e+07,
2.64527e+07,
2.65826e+07,
2.67025e+07,
2.6818e+07,
2.6933e+07,
2.70507e+07,
2.71732e+07,
2.72908e+07,
2.74204e+07,
2.75726e+07,
2.77043e+07,
2.78256e+07,
2.79398e+07,
2.80534e+07,
2.81688e+07,
2.82871e+07,
2.84164e+07,
2.85385e+07,
2.86772e+07,
2.88407e+07,
2.89744e+07,
2.9097e+07,
2.92141e+07,
2.93309e+07,
2.94484e+07,
2.95694e+07,
2.96999e+07,
375246,
375213,
375227,
375294,
375389,
375444,
375455,
375520,
375611,
375610,
375621,
375680,
375771,
375902,
376002,
376112,
376277,
376361,
376529,
376695,
376923,
377085,
377335,
377543,
377751,
377863,
378007,
378117,
378223,
378339,
378469,
378608,
378747,
378996,
379244,
379483,
379779,
379922,
380173,
380424,
380604,
380801,
381046,
381239,
381476,
381763,
381956,
382150,
382367,
382600,
382819,
383118,
383288,
383493,
383718,
383937,
384230,
384426,
384716,
384978,
385212,
385448,
385691,
385896,
386168,
386393,
386648,
386917,
387207,
387445,
387720,
387967,
388219,
388499,
388821,
389097,
389310,
389574,
389846,
390234,
390773,
391281,
391722,
392261,
392668,
393218,
393727,
394243,
394755,
395221,
395778,
396306,
396805,
397267,
397754,
398311,
398818,
399330,
399827,
400313,
400912,
401358,
401931,
402461,
403091,
403635,
404225,
404810,
405348,
405912,
406434,
407056,
407628,
408194,
408780,
409299,
409858,
410419,
410847,
411430,
411999,
412596,
413094,
413702,
414361,
415012,
415620,
416199,
416805,
417418,
418059,
418700,
419420,
420140,
420782,
421365,
422029,
422650,
423232,
423840,
424515,
425279,
426055,
426791,
427542,
428196,
428837,
429451,
430106,
430850,
431499,
432162,
432842,
433630,
434301,
435084,
435812,
436645,
437362,
438113,
438902,
439614,
440372,
441134,
441893,
442759,
443477,
444228,
444903,
445677,
446442,
447252,
448042,
448758,
449597,
450461,
451383,
452212,
453045,
453928,
454732,
455641,
456526,
457509,
458419,
459416,
460312,
461198,
462044,
462952,
463868,
464842,
465796,
466784,
467895,
468880,
469913,
470910,
471970,
474142,
476456,
479022,
481420,
483828,
486339,
488821,
491320,
493854,
496227,
498597,
501113,
503661,
506203,
508598,
511255,
513783,
516325,
518804,
521313,
523872,
526396,
528921,
531460,
534079,
536748,
539444,
542305,
545090,
547893,
550613,
553640,
556569,
559383,
562241,
565193,
568104,
571084,
574082,
576812,
579750,
582744,
585891,
588982,
591990,
595089,
597934,
600844,
603805,
606735,
609760,
612799,
616020,
619267,
622889,
626384,
629652,
633055,
636375,
639715,
643077,
646483,
649960,
653581,
657243,
660780,
664384,
668058,
671822,
675467,
679038,
682645,
686208,
689732,
693312,
697078,
700827,
704527,
708294,
712000,
715728,
719869,
723866,
727797,
731986,
735997,
740195,
744403,
748460,
752565,
756724,
760728,
764649,
768645,
772747,
776921,
781252,
785504,
789778,
794037,
798460,
802833,
807181,
811373,
815606,
819659,
823907,
828203,
832589,
837151,
841767,
846661,
851503,
856130,
861167,
865969,
870580,
875216,
879861,
884604,
889300,
894028,
898904,
903813,
908862,
913740,
918613,
923428,
928559,
933430,
938318,
943158,
948302,
953382,
958363,
963538,
968784,
974039,
979308,
984566,
989842,
995115,
1.00059e+06,
1.00615e+06,
1.01168e+06,
1.01731e+06,
1.02277e+06,
1.02848e+06,
1.03409e+06,
1.03972e+06,
1.04554e+06,
1.05131e+06,
1.05717e+06,
1.06294e+06,
1.06865e+06,
1.07444e+06,
1.08032e+06,
1.08606e+06,
1.09175e+06,
1.0975e+06,
1.10332e+06,
1.10933e+06,
1.11539e+06,
1.12139e+06,
1.12747e+06,
1.13335e+06,
1.13963e+06,
1.14624e+06,
1.15268e+06,
1.15924e+06,
1.16572e+06,
1.17233e+06,
1.17869e+06,
1.18522e+06,
1.1919e+06,
1.19857e+06,
1.20528e+06,
1.21189e+06,
1.21863e+06,
1.22529e+06,
1.23196e+06,
1.23877e+06,
1.24556e+06,
1.25232e+06,
1.25918e+06,
1.26624e+06,
1.27334e+06,
1.28036e+06,
1.28762e+06,
1.29486e+06,
1.30211e+06,
1.30955e+06,
1.31677e+06,
1.32406e+06,
1.33137e+06,
1.33889e+06,
1.3467e+06,
1.35459e+06,
1.36243e+06,
1.36992e+06,
1.37767e+06,
1.38557e+06,
1.39327e+06,
1.40126e+06,
1.40917e+06,
1.41722e+06,
1.42544e+06,
1.4334e+06,
1.44133e+06,
1.44921e+06,
1.45724e+06,
1.46534e+06,
1.4738e+06,
1.48206e+06,
1.49048e+06,
1.49901e+06,
1.50751e+06,
1.51599e+06,
1.52455e+06,
1.53268e+06,
1.54107e+06,
1.54945e+06,
1.55788e+06,
1.56649e+06,
1.57526e+06,
1.58437e+06,
1.59357e+06,
1.60285e+06,
1.61227e+06,
1.62176e+06,
1.63099e+06,
1.64042e+06,
1.64967e+06,
1.6591e+06,
1.66845e+06,
1.67822e+06,
1.68783e+06,
1.69745e+06,
1.70726e+06,
1.71729e+06,
1.72725e+06,
1.73724e+06,
1.74746e+06,
1.75744e+06,
1.76747e+06,
1.77752e+06,
1.78765e+06,
1.79795e+06,
1.8084e+06,
1.81877e+06,
1.82907e+06,
1.83965e+06,
1.85033e+06,
1.86131e+06,
1.87246e+06,
1.88357e+06,
1.89463e+06,
1.90591e+06,
1.91722e+06,
1.92829e+06,
1.93975e+06,
1.95098e+06,
1.96231e+06,
1.97393e+06,
1.9858e+06,
1.99753e+06,
2.00956e+06,
2.02178e+06,
2.03382e+06,
2.04593e+06,
2.05814e+06,
2.07043e+06,
2.08305e+06,
2.0955e+06,
2.10829e+06,
2.12084e+06,
2.13348e+06,
2.14639e+06,
2.15932e+06,
2.17233e+06,
2.18556e+06,
2.1989e+06,
2.21266e+06,
2.22638e+06,
2.24043e+06,
2.25445e+06,
2.26855e+06,
2.28276e+06,
2.29715e+06,
2.3112e+06,
2.32576e+06,
2.34051e+06,
2.3554e+06,
2.37023e+06,
2.38529e+06,
2.40041e+06,
2.41564e+06,
2.43078e+06,
2.44611e+06,
2.46133e+06,
2.47731e+06,
2.49284e+06,
2.50841e+06,
2.52436e+06,
2.54095e+06,
2.5574e+06,
2.57379e+06,
2.59022e+06,
2.60691e+06,
2.62388e+06,
2.64092e+06,
2.6585e+06,
2.67621e+06,
2.6942e+06,
2.71224e+06,
2.73065e+06,
2.74866e+06,
2.76674e+06,
2.78514e+06,
2.80374e+06,
2.82259e+06,
2.84191e+06,
2.86144e+06,
2.88104e+06,
2.90052e+06,
2.92056e+06,
2.94053e+06,
2.96066e+06,
2.9809e+06,
3.00162e+06,
3.02277e+06,
3.04378e+06,
3.06534e+06,
3.08668e+06,
3.10785e+06,
3.12972e+06,
3.15224e+06,
3.17475e+06,
3.19776e+06,
3.22075e+06,
3.24402e+06,
3.26775e+06,
3.29196e+06,
3.31638e+06,
3.34135e+06,
3.36674e+06,
3.39206e+06,
3.41722e+06,
3.44327e+06,
3.46936e+06,
3.49608e+06,
3.52301e+06,
3.55025e+06,
3.57788e+06,
3.60588e+06,
3.63383e+06,
3.66228e+06,
3.69083e+06,
3.72055e+06,
3.75046e+06,
3.78072e+06,
3.81145e+06,
3.84219e+06,
3.87408e+06,
3.90634e+06,
3.93933e+06,
3.97281e+06,
4.00682e+06,
4.04109e+06,
4.07586e+06,
4.11157e+06,
4.14799e+06,
4.18561e+06,
4.22305e+06,
4.26099e+06,
4.30001e+06,
4.33931e+06,
4.38004e+06,
4.42176e+06,
4.46369e+06,
4.50637e+06,
4.54966e+06,
4.59445e+06,
4.63989e+06,
4.68657e+06,
4.73369e+06,
4.78218e+06,
4.83198e+06,
4.88305e+06,
4.93465e+06,
4.98714e+06,
5.04215e+06,
5.0989e+06,
5.15776e+06,
5.21839e+06,
5.28049e+06,
5.34575e+06,
5.41348e+06,
5.48291e+06,
5.55541e+06,
5.63305e+06,
5.71645e+06,
5.80555e+06,
5.91019e+06,
6.13631e+06,
6.28554e+06,
6.41046e+06,
6.52602e+06,
6.63356e+06,
6.73645e+06,
6.83699e+06,
6.93615e+06,
7.03467e+06,
7.13385e+06,
7.25648e+06,
7.36406e+06,
7.46536e+06,
7.56524e+06,
7.66354e+06,
7.76079e+06,
7.85913e+06,
7.95945e+06,
8.06063e+06,
8.16519e+06,
8.29902e+06,
8.43948e+06,
8.59786e+06,
8.723e+06,
8.83707e+06,
8.94359e+06,
9.04816e+06,
9.15113e+06,
9.25526e+06,
9.36497e+06,
9.4946e+06,
9.60524e+06,
9.70884e+06,
9.81015e+06,
9.90928e+06,
1.00075e+07,
1.01095e+07,
1.02165e+07,
1.03226e+07,
1.04237e+07,
1.05508e+07,
1.06619e+07,
1.07666e+07,
1.08708e+07,
1.0974e+07,
1.10783e+07,
1.11829e+07,
1.12824e+07,
1.13815e+07,
1.1482e+07,
1.16147e+07,
1.17319e+07,
1.18434e+07,
1.19546e+07,
1.20669e+07,
1.21692e+07,
1.2269e+07,
1.23698e+07,
1.24723e+07,
1.25765e+07,
1.27084e+07,
1.28282e+07,
1.29494e+07,
1.30562e+07,
1.31587e+07,
1.3262e+07,
1.33642e+07,
1.3466e+07,
1.35695e+07,
1.36753e+07,
1.38138e+07,
1.39372e+07,
1.40474e+07,
1.41545e+07,
1.42585e+07,
1.43618e+07,
1.44642e+07,
1.4568e+07,
1.46752e+07,
1.47921e+07,
1.49285e+07,
1.50484e+07,
1.51592e+07,
1.52669e+07,
1.5372e+07,
1.54765e+07,
1.55817e+07,
1.56915e+07,
1.58084e+07,
1.59147e+07,
1.60483e+07,
1.61674e+07,
1.6279e+07,
1.63863e+07,
1.64926e+07,
1.65973e+07,
1.67106e+07,
1.68227e+07,
1.69252e+07,
1.70293e+07,
1.71584e+07,
1.72756e+07,
1.7386e+07,
1.74942e+07,
1.76055e+07,
1.77231e+07,
1.7833e+07,
1.79361e+07,
1.80394e+07,
1.81463e+07,
1.82794e+07,
1.84009e+07,
1.85165e+07,
1.8632e+07,
1.87546e+07,
1.88658e+07,
1.89698e+07,
1.90733e+07,
1.91761e+07,
1.92837e+07,
1.94133e+07,
1.95368e+07,
1.96549e+07,
1.97782e+07,
1.98905e+07,
1.99952e+07,
2.00984e+07,
2.0201e+07,
2.03035e+07,
2.04137e+07,
2.05459e+07,
2.06728e+07,
2.07985e+07,
2.09168e+07,
2.10237e+07,
2.11286e+07,
2.1233e+07,
2.13378e+07,
2.14442e+07,
2.15581e+07,
2.16872e+07,
2.18168e+07,
2.19429e+07,
2.20554e+07,
2.21665e+07,
2.22774e+07,
2.23869e+07,
2.24994e+07,
2.26142e+07,
2.27532e+07,
2.29135e+07,
2.30756e+07,
2.32029e+07,
2.33237e+07,
2.34408e+07,
2.35555e+07,
2.36702e+07,
2.37853e+07,
2.39015e+07,
2.40396e+07,
2.42067e+07,
2.4355e+07,
2.44801e+07,
2.45996e+07,
2.47171e+07,
2.48332e+07,
2.49482e+07,
2.5063e+07,
2.51782e+07,
2.53196e+07,
2.54786e+07,
2.56127e+07,
2.57333e+07,
2.58498e+07,
2.59639e+07,
2.6078e+07,
2.61909e+07,
2.63027e+07,
2.6416e+07,
2.65558e+07,
2.66872e+07,
2.68117e+07,
2.69263e+07,
2.7039e+07,
2.71526e+07,
2.72675e+07,
2.73812e+07,
2.74944e+07,
2.76124e+07,
2.77593e+07,
2.78888e+07,
2.80165e+07,
2.81342e+07,
2.82495e+07,
2.83654e+07,
2.84852e+07,
2.86051e+07,
375246,
375199,
375223,
375284,
375336,
375404,
375405,
375466,
375550,
375553,
375536,
375614,
375704,
375819,
375936,
376047,
376157,
376212,
376313,
376381,
376621,
376883,
377079,
377339,
377520,
377706,
377794,
377897,
378013,
378119,
378214,
378352,
378568,
378840,
379111,
379387,
379601,
379820,
380058,
380271,
380475,
380677,
380861,
381087,
381237,
381494,
381716,
381919,
382095,
382362,
382604,
382840,
383056,
383231,
383480,
383729,
383961,
384189,
384443,
384726,
384885,
385229,
385462,
385691,
385907,
386133,
386373,
386627,
386896,
387123,
387388,
387643,
387892,
388170,
388437,
388709,
389032,
389329,
389644,
389917,
390223,
390677,
391167,
391671,
392178,
392727,
393150,
393701,
394242,
394742,
395182,
395684,
396223,
396746,
397333,
397843,
398325,
398790,
399231,
399833,
400390,
400926,
401395,
401900,
402442,
402930,
403451,
404041,
404599,
405157,
405698,
406233,
406756,
407322,
407908,
408450,
409048,
409545,
410010,
410576,
411161,
411715,
412314,
412897,
413506,
414093,
414647,
415178,
415799,
416433,
417039,
417649,
418293,
418877,
419519,
420150,
420768,
421393,
422007,
422636,
423285,
423943,
424588,
425227,
425903,
426615,
427231,
427800,
428395,
429103,
429821,
430488,
431187,
431928,
432716,
433480,
434249,
435012,
435770,
436528,
437284,
437999,
438796,
439517,
440371,
441133,
441895,
442757,
443442,
444093,
445000,
445784,
446516,
447256,
448045,
448846,
449728,
450515,
451306,
452147,
453030,
453904,
454780,
455687,
456641,
457613,
458566,
459522,
460390,
461292,
462218,
463123,
464084,
464966,
465961,
466934,
467861,
468890,
469857,
470821,
471935,
472910,
474186,
476437,
478935,
481458,
483846,
486227,
488612,
491095,
493671,
496047,
498381,
500884,
503268,
505819,
508388,
510800,
513342,
515828,
518355,
520966,
523399,
525915,
528314,
530788,
533325,
536025,
538642,
541369,
544186,
546971,
549773,
552564,
555403,
558212,
561408,
564488,
567334,
570149,
573148,
575932,
578838,
581717,
584683,
587682,
590704,
593724,
596834,
599874,
602794,
605834,
608837,
611924,
615100,
618172,
621341,
624617,
627943,
631224,
634661,
637989,
641434,
644931,
648474,
652074,
655668,
659261,
662867,
666495,
669933,
673640,
677097,
680643,
684267,
687895,
691573,
695301,
699033,
702595,
706258,
709850,
713522,
717185,
720843,
724798,
728855,
733050,
736973,
741198,
745324,
749253,
753267,
757287,
761295,
765321,
769388,
773489,
777506,
781585,
785916,
790198,
794392,
798417,
802786,
806870,
811027,
815151,
819364,
823459,
827601,
831908,
836252,
840848,
845658,
850294,
854859,
859504,
864181,
868906,
873557,
878252,
883073,
887766,
892520,
897326,
902198,
907009,
911770,
916537,
921258,
926014,
930807,
935670,
940617,
945482,
950464,
955484,
960670,
965747,
970793,
975828,
981104,
986402,
991712,
997273,
1.00262e+06,
1.0081e+06,
1.0136e+06,
1.01923e+06,
1.02474e+06,
1.03047e+06,
1.03605e+06,
1.04157e+06,
1.04727e+06,
1.05297e+06,
1.05879e+06,
1.06468e+06,
1.07032e+06,
1.07617e+06,
1.08171e+06,
1.08761e+06,
1.09346e+06,
1.0994e+06,
1.10537e+06,
1.11136e+06,
1.11746e+06,
1.1235e+06,
1.12967e+06,
1.13569e+06,
1.14169e+06,
1.14811e+06,
1.1542e+06,
1.1606e+06,
1.16711e+06,
1.17379e+06,
1.18032e+06,
1.18691e+06,
1.19331e+06,
1.1999e+06,
1.20647e+06,
1.21341e+06,
1.22025e+06,
1.22692e+06,
1.23359e+06,
1.24039e+06,
1.24705e+06,
1.25369e+06,
1.26059e+06,
1.26769e+06,
1.27469e+06,
1.28172e+06,
1.2888e+06,
1.2959e+06,
1.30317e+06,
1.31031e+06,
1.31761e+06,
1.32496e+06,
1.33239e+06,
1.33986e+06,
1.34758e+06,
1.3552e+06,
1.36279e+06,
1.37067e+06,
1.37855e+06,
1.38644e+06,
1.39434e+06,
1.40228e+06,
1.40983e+06,
1.41741e+06,
1.42543e+06,
1.43339e+06,
1.44137e+06,
1.4495e+06,
1.45773e+06,
1.46593e+06,
1.4742e+06,
1.48257e+06,
1.49098e+06,
1.49935e+06,
1.50768e+06,
1.51592e+06,
1.52432e+06,
1.53271e+06,
1.54123e+06,
1.54989e+06,
1.55869e+06,
1.56741e+06,
1.576e+06,
1.58484e+06,
1.59407e+06,
1.60324e+06,
1.61251e+06,
1.62173e+06,
1.63112e+06,
1.64056e+06,
1.6501e+06,
1.65967e+06,
1.66904e+06,
1.67887e+06,
1.68856e+06,
1.69835e+06,
1.70839e+06,
1.71805e+06,
1.7279e+06,
1.73778e+06,
1.74797e+06,
1.75795e+06,
1.76792e+06,
1.77822e+06,
1.7885e+06,
1.79893e+06,
1.80963e+06,
1.82013e+06,
1.83064e+06,
1.8414e+06,
1.8517e+06,
1.86235e+06,
1.87316e+06,
1.88419e+06,
1.89543e+06,
1.90672e+06,
1.91819e+06,
1.92977e+06,
1.9415e+06,
1.95309e+06,
1.96494e+06,
1.97642e+06,
1.98795e+06,
1.99963e+06,
2.01149e+06,
2.02356e+06,
2.0357e+06,
2.04782e+06,
2.06033e+06,
2.07297e+06,
2.08564e+06,
2.09807e+06,
2.11078e+06,
2.12355e+06,
2.13663e+06,
2.14965e+06,
2.1629e+06,
2.1764e+06,
2.19014e+06,
2.20382e+06,
2.2177e+06,
2.23112e+06,
2.2452e+06,
2.25928e+06,
2.27353e+06,
2.28776e+06,
2.30236e+06,
2.31685e+06,
2.33167e+06,
2.34646e+06,
2.36167e+06,
2.37676e+06,
2.39171e+06,
2.40676e+06,
2.42194e+06,
2.43714e+06,
2.45273e+06,
2.46881e+06,
2.48505e+06,
2.5011e+06,
2.51751e+06,
2.53348e+06,
2.54928e+06,
2.56538e+06,
2.58193e+06,
2.59863e+06,
2.61554e+06,
2.6329e+06,
2.65022e+06,
2.66791e+06,
2.68584e+06,
2.70385e+06,
2.72167e+06,
2.74006e+06,
2.7584e+06,
2.77754e+06,
2.79681e+06,
2.81631e+06,
2.83571e+06,
2.85466e+06,
2.87414e+06,
2.89393e+06,
2.91342e+06,
2.93356e+06,
2.95434e+06,
2.97512e+06,
2.99589e+06,
3.01687e+06,
3.0381e+06,
3.05973e+06,
3.08128e+06,
3.10339e+06,
3.1256e+06,
3.14804e+06,
3.17106e+06,
3.19407e+06,
3.21725e+06,
3.24108e+06,
3.2652e+06,
3.28971e+06,
3.31444e+06,
3.33948e+06,
3.36476e+06,
3.3905e+06,
3.41621e+06,
3.44244e+06,
3.46953e+06,
3.49656e+06,
3.52389e+06,
3.55191e+06,
3.58028e+06,
3.60867e+06,
3.63738e+06,
3.66694e+06,
3.69667e+06,
3.72671e+06,
3.75703e+06,
3.78806e+06,
3.81905e+06,
3.85088e+06,
3.88349e+06,
3.91629e+06,
3.94866e+06,
3.98254e+06,
4.01665e+06,
4.0521e+06,
4.08858e+06,
4.12537e+06,
4.16214e+06,
4.19967e+06,
4.23773e+06,
4.27713e+06,
4.3174e+06,
4.35759e+06,
4.39876e+06,
4.44065e+06,
4.48355e+06,
4.52751e+06,
4.57231e+06,
4.61761e+06,
4.6636e+06,
4.71057e+06,
4.75935e+06,
4.80837e+06,
4.85903e+06,
4.91094e+06,
4.96452e+06,
5.01976e+06,
5.07643e+06,
5.13402e+06,
5.19396e+06,
5.25603e+06,
5.32069e+06,
5.38685e+06,
5.45643e+06,
5.53146e+06,
5.61105e+06,
5.69637e+06,
5.82799e+06,
6.03515e+06,
6.17186e+06,
6.29133e+06,
6.40322e+06,
6.50841e+06,
6.6086e+06,
6.70703e+06,
6.80494e+06,
6.90135e+06,
7.00469e+06,
7.12399e+06,
7.22896e+06,
7.32859e+06,
7.42698e+06,
7.52495e+06,
7.62302e+06,
7.72067e+06,
7.8212e+06,
7.92503e+06,
8.04384e+06,
8.20639e+06,
8.33363e+06,
8.44884e+06,
8.55703e+06,
8.66106e+06,
8.76199e+06,
8.86155e+06,
8.96674e+06,
9.06916e+06,
9.1743e+06,
9.29126e+06,
9.39563e+06,
9.49533e+06,
9.59307e+06,
9.69153e+06,
9.79632e+06,
9.89572e+06,
9.99223e+06,
1.00873e+07,
1.01901e+07,
1.03119e+07,
1.04182e+07,
1.05224e+07,
1.06289e+07,
1.07294e+07,
1.08267e+07,
1.09224e+07,
1.10175e+07,
1.11133e+07,
1.12214e+07,
1.13509e+07,
1.14707e+07,
1.15806e+07,
1.16833e+07,
1.17826e+07,
1.18802e+07,
1.19773e+07,
1.20766e+07,
1.21781e+07,
1.22908e+07,
1.24235e+07,
1.25355e+07,
1.264e+07,
1.27399e+07,
1.28399e+07,
1.29409e+07,
1.30405e+07,
1.31412e+07,
1.32492e+07,
1.33595e+07,
1.34838e+07,
1.3595e+07,
1.3701e+07,
1.38046e+07,
1.39067e+07,
1.40097e+07,
1.41145e+07,
1.4222e+07,
1.43216e+07,
1.44294e+07,
1.45557e+07,
1.46709e+07,
1.47794e+07,
1.48859e+07,
1.49913e+07,
1.5103e+07,
1.5207e+07,
1.53059e+07,
1.54054e+07,
1.55154e+07,
1.56394e+07,
1.57559e+07,
1.58652e+07,
1.59717e+07,
1.60844e+07,
1.61872e+07,
1.62885e+07,
1.63879e+07,
1.64866e+07,
1.65971e+07,
1.67179e+07,
1.68336e+07,
1.69462e+07,
1.70615e+07,
1.71672e+07,
1.727e+07,
1.73704e+07,
1.74699e+07,
1.75701e+07,
1.76864e+07,
1.78099e+07,
1.79326e+07,
1.80544e+07,
1.81637e+07,
1.82681e+07,
1.83696e+07,
1.84699e+07,
1.85707e+07,
1.8672e+07,
1.8788e+07,
1.89118e+07,
1.90428e+07,
1.91548e+07,
1.92606e+07,
1.9363e+07,
1.94639e+07,
1.95647e+07,
1.96645e+07,
1.97683e+07,
1.98869e+07,
2.00196e+07,
2.01413e+07,
2.02514e+07,
2.03569e+07,
2.046e+07,
2.0562e+07,
2.06648e+07,
2.07676e+07,
2.08776e+07,
2.10026e+07,
2.1125e+07,
2.12453e+07,
2.1357e+07,
2.14657e+07,
2.15735e+07,
2.16806e+07,
2.17894e+07,
2.19009e+07,
2.20384e+07,
2.21953e+07,
2.23281e+07,
2.24567e+07,
2.25753e+07,
2.26897e+07,
2.28022e+07,
2.29131e+07,
2.30245e+07,
2.31389e+07,
2.3286e+07,
2.34177e+07,
2.35475e+07,
2.36798e+07,
2.37998e+07,
2.39155e+07,
2.40287e+07,
2.41399e+07,
2.42523e+07,
2.43721e+07,
2.45099e+07,
2.46344e+07,
2.4758e+07,
2.48853e+07,
2.50013e+07,
2.51143e+07,
2.52254e+07,
2.53354e+07,
2.54462e+07,
2.55699e+07,
2.56886e+07,
2.58056e+07,
2.59218e+07,
2.60412e+07,
2.61544e+07,
2.62655e+07,
2.63742e+07,
2.64848e+07,
2.65975e+07,
2.67247e+07,
2.68426e+07,
2.69604e+07,
2.70787e+07,
2.72007e+07,
2.73181e+07,
2.74325e+07,
2.75453e+07,
375246,
375183,
375203,
375255,
375318,
375356,
375362,
375378,
375475,
375499,
375487,
375544,
375636,
375747,
375817,
375950,
376056,
376097,
376212,
376311,
376478,
376598,
376761,
376896,
377135,
377368,
377551,
377662,
377799,
377898,
378002,
378162,
378425,
378714,
378952,
379192,
379460,
379667,
379907,
380150,
380360,
380510,
380732,
380912,
381065,
381275,
381471,
381734,
381993,
382186,
382351,
382609,
382822,
382993,
383245,
383460,
383721,
383958,
384210,
384488,
384705,
384962,
385161,
385413,
385643,
385884,
386101,
386294,
386577,
386814,
387036,
387356,
387607,
387882,
388201,
388516,
388791,
389122,
389418,
389715,
390061,
390363,
390653,
391127,
391636,
392121,
392566,
393099,
393587,
394120,
394697,
395197,
395651,
396140,
396717,
397206,
397787,
398289,
398664,
399169,
399652,
400172,
400721,
401327,
401882,
402442,
402903,
403436,
403892,
404433,
404956,
405531,
406105,
406590,
407090,
407713,
408254,
408764,
409223,
409719,
410297,
410857,
411468,
411973,
412572,
413075,
413705,
414291,
414817,
415327,
415977,
416579,
417276,
417847,
418479,
419152,
419761,
420323,
420842,
421478,
422083,
422713,
423344,
424041,
424660,
425379,
426043,
426581,
427199,
427793,
428451,
429207,
429775,
430384,
431027,
431683,
432382,
433134,
433827,
434521,
435340,
436072,
436882,
437640,
438436,
439195,
440007,
440785,
441496,
442221,
442965,
443783,
444491,
445230,
446011,
446846,
447673,
448499,
449247,
450062,
450946,
451818,
452738,
453659,
454624,
455547,
456443,
457342,
458303,
459145,
460077,
461082,
462056,
463099,
464092,
465000,
466015,
466946,
467822,
468845,
469847,
470884,
471959,
473151,
474274,
475430,
476557,
478476,
480843,
483070,
485577,
487939,
490230,
492809,
495287,
497808,
500174,
502507,
504961,
507631,
510109,
512593,
514959,
517397,
520125,
522663,
525326,
527721,
529995,
532442,
534972,
537584,
540205,
542789,
545674,
548656,
551494,
554207,
556906,
559656,
562643,
565565,
568699,
571580,
574476,
577419,
580388,
583379,
586381,
589259,
592184,
595168,
598159,
601307,
604331,
607473,
610484,
613630,
616739,
619755,
622815,
625896,
629039,
632213,
635664,
639213,
642868,
646356,
649741,
653237,
656739,
660348,
663803,
667407,
670740,
674292,
677764,
681172,
684687,
688340,
692023,
695756,
699439,
703137,
706797,
710363,
714072,
717714,
721224,
724815,
728672,
732496,
736550,
740505,
744451,
748514,
752588,
756451,
760568,
764601,
768614,
772665,
776746,
781092,
785166,
789286,
793242,
797191,
801220,
805218,
809378,
813437,
817777,
821955,
826329,
830612,
834928,
838997,
843296,
847774,
852261,
856722,
861225,
865696,
870286,
874884,
879652,
884444,
889080,
893986,
898993,
903642,
908536,
913208,
918102,
922960,
927715,
932439,
937116,
942007,
946851,
951750,
956921,
962140,
966982,
971809,
976974,
981781,
986818,
992124,
997571,
1.00316e+06,
1.00851e+06,
1.01392e+06,
1.01965e+06,
1.02531e+06,
1.03074e+06,
1.03644e+06,
1.04198e+06,
1.04759e+06,
1.05324e+06,
1.05885e+06,
1.06441e+06,
1.07012e+06,
1.07579e+06,
1.0817e+06,
1.08767e+06,
1.09376e+06,
1.0999e+06,
1.10604e+06,
1.11193e+06,
1.11786e+06,
1.12374e+06,
1.12968e+06,
1.1359e+06,
1.1419e+06,
1.14799e+06,
1.1539e+06,
1.16025e+06,
1.16677e+06,
1.17323e+06,
1.17944e+06,
1.18606e+06,
1.19258e+06,
1.19914e+06,
1.20595e+06,
1.21279e+06,
1.21943e+06,
1.22615e+06,
1.23288e+06,
1.23966e+06,
1.24637e+06,
1.25333e+06,
1.2601e+06,
1.26689e+06,
1.27381e+06,
1.2809e+06,
1.28809e+06,
1.29523e+06,
1.3024e+06,
1.30928e+06,
1.31649e+06,
1.32352e+06,
1.33075e+06,
1.33805e+06,
1.34544e+06,
1.35288e+06,
1.36057e+06,
1.36838e+06,
1.37635e+06,
1.3842e+06,
1.39198e+06,
1.39998e+06,
1.4078e+06,
1.41572e+06,
1.42386e+06,
1.43181e+06,
1.43969e+06,
1.44771e+06,
1.45594e+06,
1.46401e+06,
1.47204e+06,
1.48039e+06,
1.48875e+06,
1.49702e+06,
1.50522e+06,
1.51372e+06,
1.52202e+06,
1.53042e+06,
1.53894e+06,
1.54747e+06,
1.55622e+06,
1.56513e+06,
1.57386e+06,
1.58268e+06,
1.5917e+06,
1.60072e+06,
1.60993e+06,
1.61905e+06,
1.62845e+06,
1.63799e+06,
1.64735e+06,
1.65676e+06,
1.66653e+06,
1.67613e+06,
1.68604e+06,
1.69605e+06,
1.70577e+06,
1.71556e+06,
1.72539e+06,
1.73538e+06,
1.74526e+06,
1.75539e+06,
1.76575e+06,
1.776e+06,
1.78652e+06,
1.79692e+06,
1.80747e+06,
1.81763e+06,
1.82808e+06,
1.83868e+06,
1.84925e+06,
1.86006e+06,
1.87106e+06,
1.88201e+06,
1.89298e+06,
1.90439e+06,
1.91572e+06,
1.92717e+06,
1.93861e+06,
1.9504e+06,
1.9624e+06,
1.97421e+06,
1.98607e+06,
1.99804e+06,
2.01009e+06,
2.02237e+06,
2.03465e+06,
2.04703e+06,
2.05961e+06,
2.07209e+06,
2.08451e+06,
2.09714e+06,
2.11004e+06,
2.12301e+06,
2.1362e+06,
2.14976e+06,
2.16348e+06,
2.17689e+06,
2.19031e+06,
2.204e+06,
2.21781e+06,
2.23163e+06,
2.24545e+06,
2.25936e+06,
2.27371e+06,
2.28817e+06,
2.30325e+06,
2.31759e+06,
2.33257e+06,
2.34699e+06,
2.36163e+06,
2.37671e+06,
2.392e+06,
2.40722e+06,
2.42285e+06,
2.43846e+06,
2.45429e+06,
2.46953e+06,
2.48555e+06,
2.50165e+06,
2.51787e+06,
2.53404e+06,
2.55079e+06,
2.56735e+06,
2.58441e+06,
2.60179e+06,
2.61911e+06,
2.6361e+06,
2.65354e+06,
2.67124e+06,
2.68912e+06,
2.7072e+06,
2.72583e+06,
2.74444e+06,
2.76351e+06,
2.78243e+06,
2.80162e+06,
2.82092e+06,
2.84033e+06,
2.86007e+06,
2.87997e+06,
2.9004e+06,
2.92145e+06,
2.94227e+06,
2.9629e+06,
2.98386e+06,
3.00476e+06,
3.02584e+06,
3.04727e+06,
3.06956e+06,
3.09228e+06,
3.11461e+06,
3.13735e+06,
3.16012e+06,
3.18303e+06,
3.20657e+06,
3.2306e+06,
3.25465e+06,
3.27904e+06,
3.30413e+06,
3.32948e+06,
3.3552e+06,
3.38094e+06,
3.40793e+06,
3.43473e+06,
3.46172e+06,
3.48894e+06,
3.51662e+06,
3.5444e+06,
3.57318e+06,
3.60228e+06,
3.63164e+06,
3.66098e+06,
3.69064e+06,
3.72087e+06,
3.75181e+06,
3.7832e+06,
3.81525e+06,
3.84743e+06,
3.88014e+06,
3.91323e+06,
3.94657e+06,
3.98131e+06,
4.01653e+06,
4.05205e+06,
4.08759e+06,
4.12432e+06,
4.1613e+06,
4.19933e+06,
4.23841e+06,
4.2784e+06,
4.31852e+06,
4.3589e+06,
4.40071e+06,
4.44357e+06,
4.4872e+06,
4.53102e+06,
4.5753e+06,
4.62135e+06,
4.66842e+06,
4.7163e+06,
4.76489e+06,
4.81462e+06,
4.86565e+06,
4.91827e+06,
4.97179e+06,
5.02678e+06,
5.08346e+06,
5.1424e+06,
5.20353e+06,
5.26575e+06,
5.3307e+06,
5.39957e+06,
5.47335e+06,
5.55178e+06,
5.6701e+06,
5.87074e+06,
6.01097e+06,
6.13073e+06,
6.24164e+06,
6.34648e+06,
6.44623e+06,
6.54336e+06,
6.63927e+06,
6.73453e+06,
6.83535e+06,
6.95163e+06,
7.05701e+06,
7.15769e+06,
7.25614e+06,
7.35408e+06,
7.45233e+06,
7.55224e+06,
7.65517e+06,
7.76808e+06,
7.88903e+06,
8.01909e+06,
8.13491e+06,
8.24227e+06,
8.34571e+06,
8.44639e+06,
8.54539e+06,
8.64558e+06,
8.74301e+06,
8.83836e+06,
8.9377e+06,
9.04911e+06,
9.15247e+06,
9.25057e+06,
9.34929e+06,
9.44952e+06,
9.5445e+06,
9.63728e+06,
9.72915e+06,
9.82135e+06,
9.92059e+06,
1.00345e+07,
1.01465e+07,
1.02504e+07,
1.03491e+07,
1.04451e+07,
1.05388e+07,
1.0631e+07,
1.07245e+07,
1.08179e+07,
1.09281e+07,
1.10509e+07,
1.11659e+07,
1.12696e+07,
1.13698e+07,
1.14667e+07,
1.15625e+07,
1.16593e+07,
1.17599e+07,
1.18632e+07,
1.19692e+07,
1.20829e+07,
1.21953e+07,
1.2297e+07,
1.23959e+07,
1.24946e+07,
1.2595e+07,
1.26985e+07,
1.27965e+07,
1.28916e+07,
1.29959e+07,
1.31054e+07,
1.32193e+07,
1.3325e+07,
1.34298e+07,
1.35344e+07,
1.36389e+07,
1.37367e+07,
1.38321e+07,
1.3926e+07,
1.40326e+07,
1.41454e+07,
1.42652e+07,
1.43755e+07,
1.44872e+07,
1.45918e+07,
1.46906e+07,
1.47868e+07,
1.48807e+07,
1.4977e+07,
1.50863e+07,
1.51979e+07,
1.53164e+07,
1.5432e+07,
1.55372e+07,
1.56381e+07,
1.57355e+07,
1.58327e+07,
1.59295e+07,
1.60277e+07,
1.61369e+07,
1.62506e+07,
1.63753e+07,
1.6485e+07,
1.65875e+07,
1.66877e+07,
1.67871e+07,
1.68858e+07,
1.69833e+07,
1.7087e+07,
1.72018e+07,
1.73236e+07,
1.74415e+07,
1.75496e+07,
1.76535e+07,
1.77548e+07,
1.78542e+07,
1.79524e+07,
1.80506e+07,
1.81587e+07,
1.82772e+07,
1.83888e+07,
1.85041e+07,
1.86131e+07,
1.87172e+07,
1.88179e+07,
1.8917e+07,
1.90163e+07,
1.91155e+07,
1.92332e+07,
1.93444e+07,
1.94549e+07,
1.95681e+07,
1.96778e+07,
1.97816e+07,
1.98835e+07,
1.99834e+07,
2.00855e+07,
2.0194e+07,
2.03078e+07,
2.04173e+07,
2.05278e+07,
2.06404e+07,
2.07524e+07,
2.08603e+07,
2.09672e+07,
2.10734e+07,
2.11836e+07,
2.1318e+07,
2.14435e+07,
2.15717e+07,
2.16935e+07,
2.18124e+07,
2.19312e+07,
2.20427e+07,
2.21523e+07,
2.22621e+07,
2.23814e+07,
2.25065e+07,
2.26259e+07,
2.27452e+07,
2.28634e+07,
2.29828e+07,
2.31064e+07,
2.32205e+07,
2.33325e+07,
2.3445e+07,
2.3567e+07,
2.36848e+07,
2.38007e+07,
2.39165e+07,
2.40314e+07,
2.41465e+07,
2.42664e+07,
2.43782e+07,
2.44881e+07,
2.45993e+07,
2.47141e+07,
2.48255e+07,
2.49361e+07,
2.50472e+07,
2.51583e+07,
2.52691e+07,
2.53829e+07,
2.54929e+07,
2.5602e+07,
2.57148e+07,
2.58283e+07,
2.59393e+07,
2.60499e+07,
2.61615e+07,
2.62733e+07,
2.63858e+07,
2.65013e+07,
375246,
375178,
375179,
375227,
375256,
375300,
375303,
375343,
375410,
375427,
375429,
375493,
375563,
375647,
375744,
375843,
375941,
376005,
376119,
376225,
376390,
376482,
376614,
376755,
376880,
377005,
377124,
377201,
377319,
377482,
377735,
377942,
378159,
378432,
378719,
379008,
379238,
379461,
379719,
379986,
380153,
380379,
380531,
380692,
380892,
381079,
381271,
381502,
381733,
381945,
382165,
382313,
382560,
382780,
383037,
383285,
383481,
383740,
383982,
384216,
384452,
384692,
384946,
385119,
385372,
385655,
385907,
386093,
386317,
386562,
386766,
387104,
387378,
387670,
387944,
388322,
388606,
388909,
389222,
389533,
389845,
390081,
390464,
390754,
391070,
391497,
391993,
392509,
392986,
393518,
394039,
394554,
395037,
395531,
396012,
396471,
396976,
397570,
398058,
398549,
399087,
399606,
400137,
400591,
401097,
401615,
402151,
402630,
403136,
403706,
404227,
404741,
405249,
405805,
406360,
406899,
407412,
407942,
408410,
408838,
409428,
409991,
410600,
411166,
411693,
412197,
412820,
413326,
413839,
414451,
415044,
415681,
416219,
416765,
417407,
417955,
418583,
419174,
419711,
420272,
420913,
421539,
422159,
422791,
423430,
424106,
424702,
425251,
425808,
426499,
427091,
427748,
428417,
429088,
429752,
430392,
431031,
431685,
432327,
432984,
433700,
434454,
435177,
435975,
436768,
437496,
438258,
438958,
439666,
440417,
441218,
441917,
442677,
443486,
444258,
445051,
445864,
446642,
447391,
448182,
448975,
449751,
450542,
451400,
452229,
453162,
454028,
454952,
455822,
456732,
457715,
458576,
459598,
460577,
461578,
462520,
463551,
464493,
465455,
466471,
467501,
468525,
469620,
470626,
471689,
472856,
474017,
475165,
476226,
477359,
478552,
479779,
481960,
484325,
486604,
489109,
491536,
493797,
496309,
498792,
501321,
503687,
505975,
508674,
511271,
513745,
516212,
518683,
521142,
523612,
526219,
528780,
531286,
533826,
536222,
538769,
541465,
544093,
546708,
549357,
552222,
554975,
557853,
560740,
563710,
566594,
569515,
572535,
575515,
578557,
581513,
584364,
587254,
590224,
593254,
596196,
599201,
602127,
604996,
608087,
611145,
614261,
617430,
620608,
623569,
626518,
629449,
632530,
636026,
639540,
642833,
646055,
649514,
653090,
656603,
660104,
663567,
667015,
670471,
673981,
677406,
680780,
684172,
687845,
691470,
695024,
698534,
702135,
705878,
709399,
713151,
716706,
720423,
724052,
727632,
731275,
734961,
738774,
742749,
746619,
750600,
754393,
758263,
762272,
766494,
770512,
774477,
778569,
782644,
786709,
790809,
794867,
798864,
802896,
807008,
811130,
815133,
819326,
823323,
827450,
831808,
836190,
840544,
844871,
849109,
853260,
857606,
862081,
866517,
871041,
875578,
880266,
884952,
889734,
894457,
899144,
903878,
908673,
913389,
918112,
922865,
927483,
932381,
937286,
942085,
946940,
951824,
956821,
961734,
966594,
971680,
976699,
981826,
986787,
991680,
997027,
1.00248e+06,
1.00768e+06,
1.01319e+06,
1.01878e+06,
1.02429e+06,
1.02982e+06,
1.03547e+06,
1.04103e+06,
1.04654e+06,
1.05217e+06,
1.05791e+06,
1.06351e+06,
1.06919e+06,
1.07498e+06,
1.0808e+06,
1.08667e+06,
1.09245e+06,
1.09816e+06,
1.10392e+06,
1.10984e+06,
1.11574e+06,
1.12175e+06,
1.12764e+06,
1.13366e+06,
1.13958e+06,
1.14585e+06,
1.15207e+06,
1.15815e+06,
1.16437e+06,
1.17065e+06,
1.17712e+06,
1.18361e+06,
1.18995e+06,
1.19647e+06,
1.20314e+06,
1.20971e+06,
1.21641e+06,
1.22309e+06,
1.22989e+06,
1.23643e+06,
1.24327e+06,
1.24997e+06,
1.25678e+06,
1.26394e+06,
1.27077e+06,
1.27786e+06,
1.28491e+06,
1.29198e+06,
1.29893e+06,
1.30604e+06,
1.3129e+06,
1.32007e+06,
1.32711e+06,
1.33438e+06,
1.34157e+06,
1.34908e+06,
1.35665e+06,
1.3641e+06,
1.37168e+06,
1.37933e+06,
1.38701e+06,
1.39483e+06,
1.40273e+06,
1.41055e+06,
1.41843e+06,
1.42645e+06,
1.43466e+06,
1.44283e+06,
1.45092e+06,
1.45913e+06,
1.4675e+06,
1.47586e+06,
1.48396e+06,
1.49221e+06,
1.50046e+06,
1.5088e+06,
1.51712e+06,
1.52556e+06,
1.53415e+06,
1.54264e+06,
1.55129e+06,
1.56021e+06,
1.56903e+06,
1.57786e+06,
1.58671e+06,
1.59549e+06,
1.60454e+06,
1.61381e+06,
1.62292e+06,
1.63237e+06,
1.64181e+06,
1.65147e+06,
1.66114e+06,
1.67085e+06,
1.68056e+06,
1.69015e+06,
1.69983e+06,
1.70985e+06,
1.71949e+06,
1.72961e+06,
1.73961e+06,
1.74995e+06,
1.75995e+06,
1.77039e+06,
1.78073e+06,
1.791e+06,
1.80164e+06,
1.81212e+06,
1.82272e+06,
1.83339e+06,
1.84403e+06,
1.85486e+06,
1.86565e+06,
1.87665e+06,
1.88741e+06,
1.89861e+06,
1.90958e+06,
1.92086e+06,
1.93244e+06,
1.94427e+06,
1.95595e+06,
1.96767e+06,
1.97949e+06,
1.99167e+06,
2.00379e+06,
2.01631e+06,
2.02875e+06,
2.04118e+06,
2.0537e+06,
2.06649e+06,
2.07958e+06,
2.09279e+06,
2.10551e+06,
2.11896e+06,
2.13218e+06,
2.14539e+06,
2.15883e+06,
2.17217e+06,
2.18559e+06,
2.19896e+06,
2.21238e+06,
2.22618e+06,
2.23991e+06,
2.25392e+06,
2.26809e+06,
2.28198e+06,
2.29694e+06,
2.31159e+06,
2.32637e+06,
2.34121e+06,
2.35634e+06,
2.37134e+06,
2.38689e+06,
2.40233e+06,
2.41804e+06,
2.43373e+06,
2.44982e+06,
2.46576e+06,
2.48169e+06,
2.49791e+06,
2.51416e+06,
2.53078e+06,
2.54737e+06,
2.56444e+06,
2.58122e+06,
2.59841e+06,
2.61547e+06,
2.633e+06,
2.65063e+06,
2.66816e+06,
2.68663e+06,
2.70538e+06,
2.72362e+06,
2.74233e+06,
2.76115e+06,
2.7803e+06,
2.79981e+06,
2.8194e+06,
2.83945e+06,
2.85969e+06,
2.87993e+06,
2.90022e+06,
2.92069e+06,
2.94143e+06,
2.9628e+06,
2.98375e+06,
3.00571e+06,
3.02772e+06,
3.04991e+06,
3.07227e+06,
3.09506e+06,
3.11836e+06,
3.14101e+06,
3.16435e+06,
3.18842e+06,
3.21229e+06,
3.23642e+06,
3.26119e+06,
3.2859e+06,
3.31108e+06,
3.33684e+06,
3.3629e+06,
3.38943e+06,
3.41579e+06,
3.44264e+06,
3.47022e+06,
3.49824e+06,
3.52656e+06,
3.55552e+06,
3.58492e+06,
3.61429e+06,
3.64381e+06,
3.67423e+06,
3.70505e+06,
3.73639e+06,
3.7684e+06,
3.80012e+06,
3.83211e+06,
3.86511e+06,
3.89818e+06,
3.93232e+06,
3.96711e+06,
4.00136e+06,
4.03663e+06,
4.07199e+06,
4.10923e+06,
4.14674e+06,
4.18484e+06,
4.22343e+06,
4.26268e+06,
4.30267e+06,
4.34419e+06,
4.38589e+06,
4.42806e+06,
4.47136e+06,
4.51442e+06,
4.55981e+06,
4.60559e+06,
4.65156e+06,
4.69905e+06,
4.74715e+06,
4.79687e+06,
4.84757e+06,
4.89924e+06,
4.95207e+06,
5.00727e+06,
5.06417e+06,
5.12264e+06,
5.18274e+06,
5.24551e+06,
5.31225e+06,
5.38297e+06,
5.46512e+06,
5.61763e+06,
5.79719e+06,
5.92598e+06,
6.04011e+06,
6.1466e+06,
6.24862e+06,
6.34612e+06,
6.44098e+06,
6.53546e+06,
6.63084e+06,
6.7372e+06,
6.84986e+06,
6.95355e+06,
7.05373e+06,
7.15283e+06,
7.25131e+06,
7.35247e+06,
7.4562e+06,
7.55932e+06,
7.66228e+06,
7.77428e+06,
7.89297e+06,
7.99906e+06,
8.10024e+06,
8.1988e+06,
8.29637e+06,
8.39057e+06,
8.48354e+06,
8.57466e+06,
8.66799e+06,
8.76836e+06,
8.87476e+06,
8.97621e+06,
9.07463e+06,
9.16839e+06,
9.26019e+06,
9.35028e+06,
9.43953e+06,
9.52832e+06,
9.62016e+06,
9.72329e+06,
9.83531e+06,
9.94043e+06,
1.00371e+07,
1.0131e+07,
1.0224e+07,
1.03153e+07,
1.0406e+07,
1.05012e+07,
1.06003e+07,
1.07061e+07,
1.08166e+07,
1.09255e+07,
1.10257e+07,
1.11222e+07,
1.12178e+07,
1.13183e+07,
1.14162e+07,
1.15096e+07,
1.16078e+07,
1.17098e+07,
1.18149e+07,
1.19234e+07,
1.20237e+07,
1.21245e+07,
1.22268e+07,
1.2322e+07,
1.24145e+07,
1.25052e+07,
1.26032e+07,
1.27049e+07,
1.28091e+07,
1.29222e+07,
1.30316e+07,
1.31332e+07,
1.32303e+07,
1.33242e+07,
1.34165e+07,
1.35073e+07,
1.36089e+07,
1.37146e+07,
1.38256e+07,
1.3946e+07,
1.40519e+07,
1.41523e+07,
1.42479e+07,
1.43414e+07,
1.44325e+07,
1.45265e+07,
1.46292e+07,
1.47375e+07,
1.48499e+07,
1.49632e+07,
1.50672e+07,
1.51659e+07,
1.52606e+07,
1.53537e+07,
1.54492e+07,
1.555e+07,
1.56596e+07,
1.57688e+07,
1.58745e+07,
1.59834e+07,
1.60872e+07,
1.61855e+07,
1.62839e+07,
1.63806e+07,
1.64773e+07,
1.65868e+07,
1.66973e+07,
1.68039e+07,
1.69089e+07,
1.70151e+07,
1.7121e+07,
1.72222e+07,
1.73207e+07,
1.74174e+07,
1.75179e+07,
1.76289e+07,
1.77324e+07,
1.78354e+07,
1.79381e+07,
1.80442e+07,
1.81529e+07,
1.82542e+07,
1.83541e+07,
1.84528e+07,
1.85616e+07,
1.86669e+07,
1.87686e+07,
1.88712e+07,
1.89744e+07,
1.90789e+07,
1.91875e+07,
1.929e+07,
1.93916e+07,
1.94964e+07,
1.96025e+07,
1.97067e+07,
1.98109e+07,
1.99154e+07,
2.00207e+07,
2.01274e+07,
2.02383e+07,
2.03458e+07,
2.0458e+07,
2.05765e+07,
2.06908e+07,
2.08059e+07,
2.09256e+07,
2.10419e+07,
2.11546e+07,
2.12659e+07,
2.138e+07,
2.14921e+07,
2.16067e+07,
2.17204e+07,
2.18319e+07,
2.19438e+07,
2.20564e+07,
2.21684e+07,
2.22803e+07,
2.23933e+07,
2.25106e+07,
2.26289e+07,
2.27441e+07,
2.2857e+07,
2.29686e+07,
2.30789e+07,
2.31886e+07,
2.32986e+07,
2.3407e+07,
2.35161e+07,
2.36291e+07,
2.37451e+07,
2.38559e+07,
2.39652e+07,
2.40733e+07,
2.41803e+07,
2.42865e+07,
2.4393e+07,
2.44993e+07,
2.46059e+07,
2.47143e+07,
2.48279e+07,
2.49366e+07,
2.50449e+07,
2.51522e+07,
2.5259e+07,
2.53657e+07,
2.54729e+07,
375246,
375161,
375154,
375196,
375235,
375223,
375240,
375293,
375356,
375350,
375342,
375446,
375505,
375557,
375653,
375723,
375829,
375920,
376048,
376148,
376305,
376387,
376477,
376604,
376740,
376897,
376969,
377036,
377220,
377341,
377448,
377636,
377728,
377994,
378231,
378460,
378786,
379117,
379391,
379604,
379892,
380062,
380221,
380389,
380595,
380802,
380991,
381268,
381484,
381659,
381911,
382125,
382341,
382511,
382747,
383051,
383256,
383449,
383691,
383936,
384173,
384389,
384638,
384873,
385126,
385400,
385611,
385839,
386126,
386373,
386628,
386907,
387181,
387490,
387763,
388053,
388381,
388720,
389032,
389308,
389594,
389844,
390165,
390499,
390812,
391127,
391475,
391863,
392337,
392783,
393238,
393760,
394260,
394771,
395242,
395741,
396292,
396851,
397286,
397757,
398301,
398829,
399382,
399862,
400357,
400839,
401308,
401776,
402234,
402752,
403235,
403747,
404389,
404894,
405415,
405889,
406487,
407043,
407535,
408056,
408590,
409152,
409725,
410323,
410910,
411400,
411920,
412440,
412925,
413476,
413966,
414509,
415048,
415597,
416162,
416711,
417289,
417916,
418474,
419078,
419717,
420395,
421056,
421623,
422263,
422886,
423467,
424107,
424647,
425258,
425875,
426544,
427210,
427870,
428604,
429276,
429886,
430563,
431111,
431772,
432360,
433056,
433750,
434537,
435265,
436022,
436759,
437555,
438223,
438920,
439730,
440436,
441202,
441942,
442753,
443542,
444363,
445125,
445801,
446560,
447319,
448147,
448920,
449797,
450604,
451395,
452233,
453104,
453879,
454763,
455710,
456686,
457597,
458497,
459383,
460427,
461364,
462336,
463206,
464150,
465160,
466079,
467051,
468036,
469096,
470156,
471188,
472363,
473479,
474631,
475763,
476857,
478044,
479087,
480209,
481397,
482571,
484652,
487029,
489282,
491754,
494168,
496430,
498905,
501425,
503821,
506188,
508656,
511281,
513732,
516270,
518852,
521511,
523978,
526498,
529030,
531668,
534191,
536755,
539277,
541874,
544460,
547060,
549669,
552001,
554724,
557638,
560564,
563567,
566677,
569583,
572584,
575514,
578305,
581168,
584023,
587022,
590140,
592981,
595995,
598976,
601919,
604910,
607807,
610766,
613791,
616767,
619802,
622918,
626083,
629164,
632315,
635432,
638511,
641738,
645137,
648520,
651910,
655416,
658795,
662074,
665540,
669023,
672402,
675721,
679066,
682576,
686044,
689736,
693330,
696896,
700493,
704031,
707396,
710993,
714535,
718019,
721549,
725288,
728924,
732488,
736254,
739832,
743605,
747346,
751282,
755150,
759153,
763029,
766929,
770699,
774639,
778777,
782887,
786913,
790971,
794943,
798999,
803050,
807056,
811147,
815270,
819349,
823607,
827725,
831870,
835920,
840153,
844242,
848555,
852812,
857050,
861428,
866022,
870370,
874954,
879627,
884228,
888829,
893595,
898178,
902624,
907228,
911933,
916659,
921319,
926026,
930695,
935453,
940310,
945247,
950092,
954994,
960038,
965000,
969778,
974671,
979610,
984486,
989446,
994429,
999517,
1.00493e+06,
1.01051e+06,
1.01609e+06,
1.02141e+06,
1.02697e+06,
1.03269e+06,
1.03838e+06,
1.04391e+06,
1.04947e+06,
1.0551e+06,
1.06084e+06,
1.06651e+06,
1.07222e+06,
1.07802e+06,
1.08362e+06,
1.08926e+06,
1.09492e+06,
1.10058e+06,
1.10628e+06,
1.11206e+06,
1.11806e+06,
1.12384e+06,
1.12973e+06,
1.13566e+06,
1.14162e+06,
1.14752e+06,
1.15363e+06,
1.15988e+06,
1.16612e+06,
1.17222e+06,
1.17852e+06,
1.185e+06,
1.19137e+06,
1.19792e+06,
1.20464e+06,
1.21115e+06,
1.2175e+06,
1.2242e+06,
1.23115e+06,
1.23776e+06,
1.24441e+06,
1.25125e+06,
1.25804e+06,
1.26489e+06,
1.2717e+06,
1.27868e+06,
1.28544e+06,
1.29219e+06,
1.29921e+06,
1.3064e+06,
1.31348e+06,
1.32071e+06,
1.32801e+06,
1.33524e+06,
1.34255e+06,
1.35001e+06,
1.35721e+06,
1.36468e+06,
1.37228e+06,
1.37993e+06,
1.38772e+06,
1.39566e+06,
1.4035e+06,
1.41131e+06,
1.41926e+06,
1.42721e+06,
1.43524e+06,
1.44318e+06,
1.45129e+06,
1.45948e+06,
1.46776e+06,
1.4762e+06,
1.48466e+06,
1.4928e+06,
1.50126e+06,
1.50986e+06,
1.51824e+06,
1.52685e+06,
1.53551e+06,
1.54399e+06,
1.5525e+06,
1.56122e+06,
1.56994e+06,
1.57855e+06,
1.58732e+06,
1.59623e+06,
1.60504e+06,
1.61412e+06,
1.62317e+06,
1.63243e+06,
1.64208e+06,
1.6516e+06,
1.66119e+06,
1.67082e+06,
1.68057e+06,
1.69034e+06,
1.69998e+06,
1.70966e+06,
1.71958e+06,
1.72975e+06,
1.74025e+06,
1.7503e+06,
1.76061e+06,
1.77091e+06,
1.7814e+06,
1.79163e+06,
1.80205e+06,
1.81264e+06,
1.82294e+06,
1.8338e+06,
1.84464e+06,
1.85557e+06,
1.86669e+06,
1.87761e+06,
1.88883e+06,
1.90006e+06,
1.91121e+06,
1.92253e+06,
1.93387e+06,
1.9457e+06,
1.95806e+06,
1.97014e+06,
1.98255e+06,
1.99475e+06,
2.00715e+06,
2.01971e+06,
2.0321e+06,
2.04458e+06,
2.05716e+06,
2.06989e+06,
2.08284e+06,
2.0955e+06,
2.10874e+06,
2.12206e+06,
2.1352e+06,
2.14828e+06,
2.16138e+06,
2.1746e+06,
2.1882e+06,
2.202e+06,
2.21587e+06,
2.2298e+06,
2.24414e+06,
2.25811e+06,
2.27229e+06,
2.28674e+06,
2.30091e+06,
2.31535e+06,
2.33023e+06,
2.34546e+06,
2.36107e+06,
2.37647e+06,
2.39197e+06,
2.40761e+06,
2.42348e+06,
2.43905e+06,
2.45461e+06,
2.47061e+06,
2.48735e+06,
2.50403e+06,
2.52094e+06,
2.53785e+06,
2.55487e+06,
2.57199e+06,
2.58891e+06,
2.60626e+06,
2.62374e+06,
2.64163e+06,
2.65972e+06,
2.67767e+06,
2.69629e+06,
2.71481e+06,
2.73366e+06,
2.7525e+06,
2.77131e+06,
2.79097e+06,
2.81088e+06,
2.83094e+06,
2.85132e+06,
2.87179e+06,
2.89267e+06,
2.91385e+06,
2.93499e+06,
2.95666e+06,
2.97824e+06,
3.00044e+06,
3.02231e+06,
3.04444e+06,
3.06729e+06,
3.09018e+06,
3.11367e+06,
3.13689e+06,
3.1608e+06,
3.1848e+06,
3.20875e+06,
3.23318e+06,
3.25756e+06,
3.28315e+06,
3.30874e+06,
3.33471e+06,
3.36116e+06,
3.38756e+06,
3.41429e+06,
3.44193e+06,
3.47034e+06,
3.49893e+06,
3.52699e+06,
3.55585e+06,
3.58478e+06,
3.61507e+06,
3.64567e+06,
3.67681e+06,
3.7079e+06,
3.73902e+06,
3.77033e+06,
3.80241e+06,
3.83469e+06,
3.86871e+06,
3.90259e+06,
3.93661e+06,
3.97147e+06,
4.00649e+06,
4.04259e+06,
4.07943e+06,
4.11656e+06,
4.15385e+06,
4.19174e+06,
4.23031e+06,
4.2699e+06,
4.31008e+06,
4.35087e+06,
4.39219e+06,
4.43467e+06,
4.47839e+06,
4.52279e+06,
4.56737e+06,
4.61222e+06,
4.65894e+06,
4.70715e+06,
4.75606e+06,
4.80591e+06,
4.85652e+06,
4.90931e+06,
4.96376e+06,
5.01878e+06,
5.07541e+06,
5.13416e+06,
5.19637e+06,
5.26237e+06,
5.35639e+06,
5.48987e+06,
5.66158e+06,
5.79358e+06,
5.9072e+06,
6.01291e+06,
6.11331e+06,
6.20971e+06,
6.30417e+06,
6.39697e+06,
6.49486e+06,
6.59924e+06,
6.7092e+06,
6.81294e+06,
6.91391e+06,
7.01375e+06,
7.11335e+06,
7.21143e+06,
7.3083e+06,
7.4036e+06,
7.50291e+06,
7.60617e+06,
7.71429e+06,
7.82078e+06,
7.91903e+06,
8.01376e+06,
8.10656e+06,
8.19694e+06,
8.2861e+06,
8.37357e+06,
8.46708e+06,
8.56314e+06,
8.6629e+06,
8.76426e+06,
8.85768e+06,
8.94803e+06,
9.03678e+06,
9.12371e+06,
9.20889e+06,
9.29558e+06,
9.39116e+06,
9.48909e+06,
9.58745e+06,
9.69265e+06,
9.78842e+06,
9.88164e+06,
9.97168e+06,
1.00615e+07,
1.01519e+07,
1.02414e+07,
1.03408e+07,
1.04398e+07,
1.05407e+07,
1.06483e+07,
1.07486e+07,
1.08453e+07,
1.09432e+07,
1.10365e+07,
1.11272e+07,
1.12181e+07,
1.1316e+07,
1.14146e+07,
1.15136e+07,
1.16187e+07,
1.17247e+07,
1.18221e+07,
1.19153e+07,
1.20057e+07,
1.20947e+07,
1.21862e+07,
1.22838e+07,
1.23818e+07,
1.24862e+07,
1.25938e+07,
1.26982e+07,
1.2794e+07,
1.28866e+07,
1.29766e+07,
1.30651e+07,
1.3161e+07,
1.32623e+07,
1.33712e+07,
1.3474e+07,
1.35769e+07,
1.36817e+07,
1.3778e+07,
1.38709e+07,
1.39583e+07,
1.40481e+07,
1.41526e+07,
1.42595e+07,
1.43606e+07,
1.44603e+07,
1.45596e+07,
1.4663e+07,
1.47607e+07,
1.48551e+07,
1.49503e+07,
1.50514e+07,
1.5158e+07,
1.52585e+07,
1.53576e+07,
1.54555e+07,
1.55543e+07,
1.56573e+07,
1.57561e+07,
1.58538e+07,
1.59526e+07,
1.60606e+07,
1.61627e+07,
1.6263e+07,
1.63624e+07,
1.64609e+07,
1.65587e+07,
1.66616e+07,
1.67643e+07,
1.68631e+07,
1.69683e+07,
1.70698e+07,
1.71686e+07,
1.72667e+07,
1.73632e+07,
1.746e+07,
1.75604e+07,
1.76629e+07,
1.77686e+07,
1.78723e+07,
1.79758e+07,
1.80761e+07,
1.81747e+07,
1.82734e+07,
1.83717e+07,
1.84706e+07,
1.85704e+07,
1.86714e+07,
1.87783e+07,
1.88825e+07,
1.89851e+07,
1.90869e+07,
1.91874e+07,
1.9288e+07,
1.93895e+07,
1.94914e+07,
1.95955e+07,
1.97043e+07,
1.98192e+07,
1.99314e+07,
2.00397e+07,
2.01477e+07,
2.02572e+07,
2.03727e+07,
2.04831e+07,
2.05913e+07,
2.07001e+07,
2.08105e+07,
2.0923e+07,
2.10345e+07,
2.11428e+07,
2.12491e+07,
2.13561e+07,
2.14641e+07,
2.15713e+07,
2.16784e+07,
2.17872e+07,
2.18976e+07,
2.20105e+07,
2.2126e+07,
2.22359e+07,
2.23435e+07,
2.24508e+07,
2.25577e+07,
2.26637e+07,
2.27694e+07,
2.2875e+07,
2.29822e+07,
2.30891e+07,
2.31997e+07,
2.33071e+07,
2.34129e+07,
2.35176e+07,
2.36223e+07,
2.37267e+07,
2.38309e+07,
2.3935e+07,
2.40396e+07,
2.41437e+07,
2.42499e+07,
2.43567e+07,
2.44615e+07,
375246,
375145,
375136,
375168,
375191,
375164,
375168,
375235,
375291,
375280,
375290,
375379,
375412,
375465,
375542,
375650,
375704,
375811,
375963,
376039,
376180,
376264,
376338,
376474,
376596,
376735,
376809,
376939,
377121,
377242,
377342,
377544,
377661,
377823,
378077,
378296,
378554,
378815,
378980,
379212,
379373,
379598,
379759,
379937,
380142,
380318,
380545,
380791,
381014,
381267,
381499,
381728,
381929,
382149,
382326,
382532,
382796,
383031,
383275,
383516,
383774,
383974,
384234,
384500,
384668,
384935,
385244,
385484,
385753,
385997,
386230,
386556,
386876,
387188,
387449,
387729,
388053,
388329,
388642,
388936,
389248,
389579,
389875,
390157,
390476,
390812,
391163,
391449,
391783,
392128,
392579,
393059,
393463,
394010,
394510,
395056,
395536,
396044,
396537,
397000,
397507,
398038,
398525,
398989,
399478,
399944,
400442,
400944,
401426,
401928,
402436,
402951,
403458,
403947,
404496,
404981,
405542,
406097,
406596,
407103,
407690,
408196,
408694,
409242,
409800,
410413,
410937,
411414,
411845,
412342,
412868,
413473,
414088,
414624,
415189,
415780,
416315,
416854,
417325,
417952,
418489,
419053,
419671,
420263,
420936,
421587,
422212,
422834,
423416,
424024,
424614,
425286,
425913,
426575,
427323,
427977,
428648,
429277,
429797,
430509,
431159,
431812,
432536,
433282,
433964,
434622,
435304,
435967,
436614,
437332,
438170,
438957,
439731,
440498,
441216,
441973,
442782,
443589,
444312,
445074,
445898,
446640,
447400,
448222,
449039,
449866,
450713,
451446,
452241,
453073,
453951,
454839,
455801,
456667,
457522,
458379,
459309,
460317,
461258,
462198,
463161,
464147,
465041,
466040,
467032,
468069,
469072,
470014,
471000,
471982,
473165,
474404,
475564,
476726,
477857,
479014,
480162,
481235,
482362,
483526,
484662,
485854,
487342,
489604,
491990,
494411,
496925,
499227,
501645,
504101,
506464,
508858,
511346,
513935,
516571,
519150,
521769,
524144,
526574,
529001,
531676,
534131,
536544,
539145,
541718,
544315,
547024,
549637,
552132,
554653,
557206,
559802,
562653,
565628,
568512,
571480,
574464,
577153,
579903,
582622,
585599,
588522,
591349,
594388,
597489,
600603,
603657,
606603,
609651,
612525,
615421,
618307,
621144,
624151,
627329,
630380,
633502,
636565,
639607,
642589,
645691,
649021,
652524,
655848,
659101,
662440,
665820,
669154,
672572,
675971,
679373,
682833,
686176,
689714,
693169,
696796,
700203,
703811,
707333,
710718,
714150,
717507,
721051,
724515,
728276,
731919,
735665,
739409,
743073,
746582,
750167,
754082,
757994,
761787,
765695,
769565,
773463,
777336,
781193,
785102,
789028,
793074,
797130,
801246,
805407,
809564,
813640,
817719,
821755,
825867,
829889,
834003,
838211,
842347,
846436,
850736,
854822,
859014,
863163,
867345,
871840,
876396,
881090,
885921,
890454,
895043,
899775,
904401,
908946,
913648,
918217,
922932,
927553,
932306,
936989,
941884,
946675,
951424,
956187,
961087,
966011,
970869,
975741,
980755,
985550,
990638,
995757,
1.00094e+06,
1.00619e+06,
1.01146e+06,
1.01686e+06,
1.0223e+06,
1.02769e+06,
1.03308e+06,
1.03862e+06,
1.044e+06,
1.04943e+06,
1.05509e+06,
1.06048e+06,
1.06597e+06,
1.07169e+06,
1.07756e+06,
1.08333e+06,
1.08915e+06,
1.09518e+06,
1.10075e+06,
1.10649e+06,
1.11218e+06,
1.11797e+06,
1.12398e+06,
1.12981e+06,
1.13541e+06,
1.14138e+06,
1.14744e+06,
1.15347e+06,
1.15952e+06,
1.16545e+06,
1.17139e+06,
1.1773e+06,
1.18339e+06,
1.18959e+06,
1.19608e+06,
1.20252e+06,
1.20918e+06,
1.21581e+06,
1.22264e+06,
1.2294e+06,
1.23607e+06,
1.24253e+06,
1.24926e+06,
1.25615e+06,
1.26288e+06,
1.26973e+06,
1.27651e+06,
1.28342e+06,
1.29034e+06,
1.29727e+06,
1.30443e+06,
1.31119e+06,
1.31833e+06,
1.32547e+06,
1.33261e+06,
1.34001e+06,
1.3473e+06,
1.35507e+06,
1.36236e+06,
1.36982e+06,
1.37713e+06,
1.38462e+06,
1.39227e+06,
1.40015e+06,
1.40826e+06,
1.41642e+06,
1.42462e+06,
1.43288e+06,
1.44099e+06,
1.44909e+06,
1.45694e+06,
1.46479e+06,
1.47285e+06,
1.48101e+06,
1.48927e+06,
1.4976e+06,
1.50602e+06,
1.51456e+06,
1.52312e+06,
1.5317e+06,
1.54047e+06,
1.54909e+06,
1.55783e+06,
1.56688e+06,
1.57565e+06,
1.58453e+06,
1.59355e+06,
1.6026e+06,
1.61165e+06,
1.62084e+06,
1.63002e+06,
1.63888e+06,
1.64804e+06,
1.65736e+06,
1.66683e+06,
1.67681e+06,
1.68651e+06,
1.69631e+06,
1.70664e+06,
1.71656e+06,
1.727e+06,
1.73707e+06,
1.74731e+06,
1.7571e+06,
1.76739e+06,
1.77803e+06,
1.7883e+06,
1.79885e+06,
1.80945e+06,
1.8202e+06,
1.8312e+06,
1.84202e+06,
1.85289e+06,
1.86389e+06,
1.87498e+06,
1.88611e+06,
1.8975e+06,
1.90892e+06,
1.92043e+06,
1.93216e+06,
1.9439e+06,
1.95535e+06,
1.96726e+06,
1.9795e+06,
1.99161e+06,
2.0042e+06,
2.01683e+06,
2.02918e+06,
2.04187e+06,
2.05476e+06,
2.06766e+06,
2.08067e+06,
2.09354e+06,
2.10652e+06,
2.11946e+06,
2.1328e+06,
2.14602e+06,
2.15959e+06,
2.17325e+06,
2.18688e+06,
2.20083e+06,
2.21475e+06,
2.22876e+06,
2.24249e+06,
2.25657e+06,
2.27108e+06,
2.28572e+06,
2.30019e+06,
2.31535e+06,
2.33052e+06,
2.34535e+06,
2.36059e+06,
2.37612e+06,
2.39164e+06,
2.40749e+06,
2.42355e+06,
2.43977e+06,
2.45608e+06,
2.47255e+06,
2.48907e+06,
2.50564e+06,
2.52239e+06,
2.53908e+06,
2.5561e+06,
2.57326e+06,
2.59062e+06,
2.60846e+06,
2.62672e+06,
2.64472e+06,
2.66323e+06,
2.68152e+06,
2.69993e+06,
2.71855e+06,
2.73799e+06,
2.75742e+06,
2.77718e+06,
2.79676e+06,
2.81684e+06,
2.83676e+06,
2.85714e+06,
2.87788e+06,
2.89916e+06,
2.92047e+06,
2.94204e+06,
2.96404e+06,
2.98591e+06,
3.00816e+06,
3.03065e+06,
3.05355e+06,
3.07679e+06,
3.09996e+06,
3.12357e+06,
3.14744e+06,
3.17135e+06,
3.19569e+06,
3.22042e+06,
3.24595e+06,
3.27168e+06,
3.2968e+06,
3.32263e+06,
3.34871e+06,
3.37514e+06,
3.40275e+06,
3.43064e+06,
3.45819e+06,
3.48633e+06,
3.51483e+06,
3.54344e+06,
3.57324e+06,
3.60366e+06,
3.63436e+06,
3.66495e+06,
3.69589e+06,
3.72731e+06,
3.75946e+06,
3.79241e+06,
3.82531e+06,
3.85882e+06,
3.89228e+06,
3.92635e+06,
3.96124e+06,
3.99659e+06,
4.03231e+06,
4.06836e+06,
4.10515e+06,
4.14221e+06,
4.18076e+06,
4.21954e+06,
4.25855e+06,
4.29831e+06,
4.3385e+06,
4.3794e+06,
4.42167e+06,
4.46445e+06,
4.50788e+06,
4.55226e+06,
4.59809e+06,
4.64492e+06,
4.69266e+06,
4.74049e+06,
4.78954e+06,
4.84048e+06,
4.89266e+06,
4.94584e+06,
5.00044e+06,
5.05722e+06,
5.1173e+06,
5.2029e+06,
5.31683e+06,
5.44628e+06,
5.60693e+06,
5.72949e+06,
5.83783e+06,
5.94012e+06,
6.03806e+06,
6.13298e+06,
6.22483e+06,
6.32051e+06,
6.42081e+06,
6.52405e+06,
6.63123e+06,
6.73351e+06,
6.83222e+06,
6.92909e+06,
7.02283e+06,
7.1146e+06,
7.20406e+06,
7.29935e+06,
7.3975e+06,
7.49601e+06,
7.59844e+06,
7.69796e+06,
7.79153e+06,
7.88148e+06,
7.96929e+06,
8.05585e+06,
8.14131e+06,
8.23199e+06,
8.32368e+06,
8.41584e+06,
8.50926e+06,
8.60514e+06,
8.69401e+06,
8.78067e+06,
8.86611e+06,
8.95073e+06,
9.03546e+06,
9.12747e+06,
9.21924e+06,
9.3116e+06,
9.40654e+06,
9.50591e+06,
9.59838e+06,
9.68904e+06,
9.77786e+06,
9.86527e+06,
9.9524e+06,
1.00456e+07,
1.01398e+07,
1.0235e+07,
1.0332e+07,
1.04356e+07,
1.05343e+07,
1.06275e+07,
1.07181e+07,
1.08065e+07,
1.08969e+07,
1.09909e+07,
1.10854e+07,
1.11813e+07,
1.12798e+07,
1.13789e+07,
1.14776e+07,
1.15691e+07,
1.16582e+07,
1.17458e+07,
1.18399e+07,
1.19345e+07,
1.20321e+07,
1.21296e+07,
1.2225e+07,
1.23202e+07,
1.24194e+07,
1.25122e+07,
1.2601e+07,
1.26907e+07,
1.2788e+07,
1.28902e+07,
1.29867e+07,
1.30815e+07,
1.31759e+07,
1.32679e+07,
1.33668e+07,
1.3461e+07,
1.35505e+07,
1.36513e+07,
1.37526e+07,
1.38488e+07,
1.39446e+07,
1.40399e+07,
1.41353e+07,
1.42304e+07,
1.43281e+07,
1.44259e+07,
1.4527e+07,
1.46289e+07,
1.47268e+07,
1.48227e+07,
1.49171e+07,
1.50106e+07,
1.51039e+07,
1.51983e+07,
1.52959e+07,
1.54007e+07,
1.55039e+07,
1.56031e+07,
1.5701e+07,
1.5797e+07,
1.58924e+07,
1.59873e+07,
1.60809e+07,
1.61777e+07,
1.62772e+07,
1.63838e+07,
1.64852e+07,
1.65823e+07,
1.66785e+07,
1.67733e+07,
1.68672e+07,
1.69613e+07,
1.70573e+07,
1.71554e+07,
1.72566e+07,
1.73619e+07,
1.74638e+07,
1.75615e+07,
1.76577e+07,
1.77533e+07,
1.78484e+07,
1.79453e+07,
1.8042e+07,
1.81405e+07,
1.82397e+07,
1.83413e+07,
1.84456e+07,
1.85458e+07,
1.86447e+07,
1.87438e+07,
1.88434e+07,
1.89444e+07,
1.90484e+07,
1.91527e+07,
1.92573e+07,
1.93633e+07,
1.94721e+07,
1.95774e+07,
1.96835e+07,
1.97945e+07,
1.99021e+07,
2.00081e+07,
2.01138e+07,
2.0219e+07,
2.03241e+07,
2.04287e+07,
2.05347e+07,
2.06405e+07,
2.07457e+07,
2.08505e+07,
2.09554e+07,
2.10594e+07,
2.11639e+07,
2.12686e+07,
2.13731e+07,
2.14782e+07,
2.15846e+07,
2.16956e+07,
2.18024e+07,
2.19072e+07,
2.20119e+07,
2.21146e+07,
2.22166e+07,
2.2319e+07,
2.24205e+07,
2.25221e+07,
2.26254e+07,
2.2733e+07,
2.28378e+07,
2.2941e+07,
2.30448e+07,
2.31464e+07,
2.32476e+07,
2.33479e+07,
2.34469e+07,
375246,
375129,
375117,
375139,
375154,
375123,
375120,
375191,
375233,
375235,
375248,
375322,
375339,
375414,
375459,
375535,
375589,
375734,
375842,
375950,
376047,
376171,
376264,
376363,
376482,
376603,
376741,
376855,
377049,
377169,
377287,
377441,
377543,
377713,
377949,
378134,
378393,
378591,
378811,
379008,
379201,
379392,
379552,
379768,
379960,
380199,
380405,
380543,
380792,
381025,
381182,
381445,
381620,
381793,
381950,
382156,
382371,
382592,
382814,
383069,
383311,
383533,
383835,
384026,
384214,
384466,
384763,
385048,
385325,
385608,
385810,
386185,
386457,
386723,
386971,
387240,
387512,
387821,
388099,
388395,
388709,
388960,
389330,
389665,
389957,
390348,
390672,
390983,
391351,
391690,
391964,
392251,
392573,
393063,
393531,
394010,
394480,
394979,
395506,
395953,
396464,
397010,
397442,
397967,
398428,
398925,
399427,
399956,
400399,
400953,
401512,
402008,
402486,
403011,
403448,
403952,
404428,
404928,
405384,
405863,
406416,
406964,
407478,
408021,
408559,
409125,
409699,
410274,
410749,
411271,
411773,
412335,
412849,
413404,
413938,
414513,
415048,
415567,
416034,
416654,
417250,
417779,
418387,
418992,
419532,
420097,
420743,
421332,
421829,
422521,
423155,
423708,
424380,
425079,
425746,
426490,
427135,
427836,
428477,
429059,
429702,
430384,
431050,
431731,
432403,
433142,
433893,
434598,
435256,
435976,
436680,
437385,
438076,
438792,
439533,
440278,
440995,
441679,
442482,
443268,
444095,
444883,
445697,
446543,
447396,
448139,
448970,
449795,
450451,
451334,
452185,
453028,
453894,
454784,
455721,
456644,
457617,
458487,
459355,
460271,
461168,
462114,
463035,
464101,
465087,
466055,
467117,
468079,
469073,
470108,
471119,
472200,
473297,
474357,
475459,
476629,
477842,
478972,
480081,
481208,
482472,
483723,
484908,
486100,
487247,
488396,
489539,
490731,
492126,
494378,
496585,
499104,
501470,
503972,
506375,
508767,
511153,
513535,
516112,
518666,
521190,
523649,
526084,
528654,
531305,
533913,
536394,
538799,
541282,
543794,
546292,
548920,
551508,
554101,
556714,
559248,
561793,
564289,
567117,
569815,
572732,
575700,
578488,
581275,
584150,
586990,
589869,
592837,
595924,
598902,
601697,
604666,
607774,
610636,
613583,
616491,
619247,
622265,
625402,
628352,
631344,
634361,
637222,
640152,
643072,
646091,
649096,
652276,
655623,
658955,
662216,
665561,
668844,
672153,
675564,
679111,
682510,
685709,
689057,
692520,
696115,
699558,
703095,
706495,
709932,
713339,
716829,
720370,
723659,
727108,
730710,
734406,
737992,
741554,
745240,
748807,
752485,
756085,
759792,
763602,
767430,
771395,
775236,
779286,
783267,
787233,
791049,
794929,
798843,
802803,
806745,
810714,
814677,
818754,
823084,
827200,
831474,
835603,
839550,
843411,
847487,
851771,
855909,
859914,
864147,
868353,
872589,
876752,
881056,
885528,
890151,
894754,
899458,
904114,
908643,
913394,
918063,
922800,
927419,
932190,
937099,
941755,
946649,
951543,
956485,
961210,
966235,
970992,
976026,
980988,
986112,
991104,
995963,
1.00117e+06,
1.00635e+06,
1.01136e+06,
1.01638e+06,
1.02146e+06,
1.0265e+06,
1.03169e+06,
1.03716e+06,
1.04241e+06,
1.04791e+06,
1.05341e+06,
1.05902e+06,
1.06458e+06,
1.07024e+06,
1.07596e+06,
1.08144e+06,
1.08713e+06,
1.09269e+06,
1.09845e+06,
1.10404e+06,
1.10982e+06,
1.11563e+06,
1.12161e+06,
1.12745e+06,
1.13338e+06,
1.13921e+06,
1.14524e+06,
1.15121e+06,
1.1572e+06,
1.16322e+06,
1.1694e+06,
1.17558e+06,
1.18153e+06,
1.18755e+06,
1.19369e+06,
1.19975e+06,
1.20622e+06,
1.21267e+06,
1.21933e+06,
1.22595e+06,
1.2326e+06,
1.23905e+06,
1.24578e+06,
1.25266e+06,
1.25956e+06,
1.26625e+06,
1.27314e+06,
1.28019e+06,
1.28698e+06,
1.29396e+06,
1.3011e+06,
1.30804e+06,
1.31503e+06,
1.32231e+06,
1.32933e+06,
1.33625e+06,
1.34347e+06,
1.35067e+06,
1.35764e+06,
1.36493e+06,
1.37223e+06,
1.37971e+06,
1.38715e+06,
1.3949e+06,
1.40269e+06,
1.4101e+06,
1.41806e+06,
1.42608e+06,
1.43404e+06,
1.44208e+06,
1.45041e+06,
1.45859e+06,
1.46676e+06,
1.47519e+06,
1.48368e+06,
1.49214e+06,
1.50076e+06,
1.50918e+06,
1.51754e+06,
1.52611e+06,
1.53467e+06,
1.54318e+06,
1.55163e+06,
1.56019e+06,
1.56891e+06,
1.57767e+06,
1.58658e+06,
1.59567e+06,
1.60484e+06,
1.61393e+06,
1.62322e+06,
1.63255e+06,
1.64194e+06,
1.65125e+06,
1.66047e+06,
1.67008e+06,
1.67995e+06,
1.68991e+06,
1.69987e+06,
1.70984e+06,
1.71981e+06,
1.72969e+06,
1.73989e+06,
1.75026e+06,
1.76073e+06,
1.77094e+06,
1.78149e+06,
1.79223e+06,
1.80302e+06,
1.81396e+06,
1.82474e+06,
1.83566e+06,
1.84667e+06,
1.8578e+06,
1.86884e+06,
1.88004e+06,
1.89122e+06,
1.90262e+06,
1.91431e+06,
1.92608e+06,
1.93769e+06,
1.94923e+06,
1.96104e+06,
1.97264e+06,
1.98467e+06,
1.99659e+06,
2.00871e+06,
2.02139e+06,
2.03446e+06,
2.04722e+06,
2.05985e+06,
2.07272e+06,
2.08572e+06,
2.09904e+06,
2.11233e+06,
2.12535e+06,
2.13891e+06,
2.15254e+06,
2.16625e+06,
2.17997e+06,
2.19396e+06,
2.20797e+06,
2.22176e+06,
2.23638e+06,
2.25053e+06,
2.26457e+06,
2.27921e+06,
2.29401e+06,
2.30898e+06,
2.32405e+06,
2.3388e+06,
2.35418e+06,
2.36943e+06,
2.38501e+06,
2.40083e+06,
2.41676e+06,
2.43295e+06,
2.44929e+06,
2.46585e+06,
2.48237e+06,
2.49923e+06,
2.51643e+06,
2.53362e+06,
2.55141e+06,
2.56886e+06,
2.58654e+06,
2.60441e+06,
2.62237e+06,
2.64075e+06,
2.65937e+06,
2.67801e+06,
2.69685e+06,
2.71614e+06,
2.73516e+06,
2.75426e+06,
2.77388e+06,
2.79393e+06,
2.81438e+06,
2.83472e+06,
2.85583e+06,
2.87642e+06,
2.89774e+06,
2.91934e+06,
2.94119e+06,
2.96307e+06,
2.98537e+06,
3.00812e+06,
3.03114e+06,
3.05421e+06,
3.07745e+06,
3.10093e+06,
3.12484e+06,
3.14889e+06,
3.17366e+06,
3.19834e+06,
3.22325e+06,
3.24827e+06,
3.27366e+06,
3.29922e+06,
3.32598e+06,
3.35304e+06,
3.38035e+06,
3.40804e+06,
3.43534e+06,
3.46295e+06,
3.49125e+06,
3.52048e+06,
3.5501e+06,
3.57972e+06,
3.60962e+06,
3.6402e+06,
3.67053e+06,
3.70231e+06,
3.73425e+06,
3.76641e+06,
3.79887e+06,
3.8311e+06,
3.86467e+06,
3.8985e+06,
3.93343e+06,
3.9685e+06,
4.00417e+06,
4.03963e+06,
4.07615e+06,
4.11354e+06,
4.1506e+06,
4.18862e+06,
4.22703e+06,
4.2662e+06,
4.30643e+06,
4.34734e+06,
4.38827e+06,
4.42995e+06,
4.47216e+06,
4.51566e+06,
4.56065e+06,
4.60582e+06,
4.65198e+06,
4.69936e+06,
4.74856e+06,
4.79811e+06,
4.84901e+06,
4.90111e+06,
4.95498e+06,
5.01876e+06,
5.11815e+06,
5.22336e+06,
5.3388e+06,
5.4876e+06,
5.61597e+06,
5.72489e+06,
5.82653e+06,
5.92369e+06,
6.01774e+06,
6.11113e+06,
6.20761e+06,
6.30561e+06,
6.40432e+06,
6.5059e+06,
6.60781e+06,
6.7026e+06,
6.79458e+06,
6.88446e+06,
6.97186e+06,
7.06105e+06,
7.15342e+06,
7.2462e+06,
7.33904e+06,
7.4328e+06,
7.53108e+06,
7.62194e+06,
7.70956e+06,
7.79547e+06,
7.87942e+06,
7.96531e+06,
8.05297e+06,
8.14e+06,
8.22772e+06,
8.31524e+06,
8.40645e+06,
8.49471e+06,
8.57996e+06,
8.6633e+06,
8.74429e+06,
8.83126e+06,
8.91886e+06,
9.00773e+06,
9.09659e+06,
9.1859e+06,
9.27906e+06,
9.37395e+06,
9.462e+06,
9.54709e+06,
9.63167e+06,
9.7227e+06,
9.81301e+06,
9.90448e+06,
9.99685e+06,
1.00897e+07,
1.01832e+07,
1.02805e+07,
1.03709e+07,
1.04578e+07,
1.05463e+07,
1.06378e+07,
1.0729e+07,
1.08217e+07,
1.09127e+07,
1.10032e+07,
1.10935e+07,
1.1188e+07,
1.12796e+07,
1.13661e+07,
1.14593e+07,
1.15537e+07,
1.16466e+07,
1.17378e+07,
1.18285e+07,
1.19191e+07,
1.20089e+07,
1.20995e+07,
1.21934e+07,
1.22856e+07,
1.2384e+07,
1.24785e+07,
1.25684e+07,
1.26588e+07,
1.27477e+07,
1.28376e+07,
1.29265e+07,
1.30157e+07,
1.31129e+07,
1.32184e+07,
1.33162e+07,
1.34116e+07,
1.35046e+07,
1.35969e+07,
1.36877e+07,
1.37784e+07,
1.38689e+07,
1.39621e+07,
1.40664e+07,
1.41685e+07,
1.42644e+07,
1.43583e+07,
1.445e+07,
1.4541e+07,
1.46319e+07,
1.47221e+07,
1.48161e+07,
1.4914e+07,
1.50122e+07,
1.51141e+07,
1.52106e+07,
1.53047e+07,
1.53974e+07,
1.54897e+07,
1.55807e+07,
1.56752e+07,
1.57718e+07,
1.58692e+07,
1.59657e+07,
1.60652e+07,
1.61621e+07,
1.62552e+07,
1.63475e+07,
1.64394e+07,
1.65338e+07,
1.6629e+07,
1.67244e+07,
1.68195e+07,
1.69163e+07,
1.70138e+07,
1.71131e+07,
1.72086e+07,
1.73016e+07,
1.73968e+07,
1.74915e+07,
1.75863e+07,
1.76809e+07,
1.77781e+07,
1.78752e+07,
1.7973e+07,
1.80743e+07,
1.81736e+07,
1.82736e+07,
1.83742e+07,
1.84743e+07,
1.85738e+07,
1.86727e+07,
1.87722e+07,
1.88725e+07,
1.89737e+07,
1.90775e+07,
1.91861e+07,
1.92956e+07,
1.94006e+07,
1.95033e+07,
1.9605e+07,
1.97056e+07,
1.98049e+07,
1.99048e+07,
2.00041e+07,
2.01073e+07,
2.02125e+07,
2.03163e+07,
2.04179e+07,
2.05187e+07,
2.06186e+07,
2.0719e+07,
2.08187e+07,
2.09182e+07,
2.10194e+07,
2.11214e+07,
2.12277e+07,
2.1334e+07,
2.14361e+07,
2.15365e+07,
2.16364e+07,
2.17348e+07,
2.18328e+07,
2.19313e+07,
2.20309e+07,
2.21318e+07,
2.22335e+07,
2.23386e+07,
2.24402e+07,
375246,
375125,
375101,
375102,
375108,
375067,
375065,
375127,
375185,
375173,
375197,
375265,
375272,
375335,
375365,
375468,
375489,
375616,
375734,
375834,
375905,
376030,
376146,
376255,
376379,
376468,
376639,
376782,
376981,
377117,
377214,
377328,
377466,
377577,
377811,
378005,
378162,
378365,
378573,
378748,
378974,
379190,
379366,
379559,
379799,
379986,
380179,
380374,
380593,
380783,
381016,
381215,
381412,
381578,
381712,
381904,
382183,
382439,
382706,
382980,
383190,
383439,
383632,
383885,
384091,
384308,
384576,
384754,
385099,
385364,
385628,
385946,
386223,
386450,
386689,
386984,
387235,
387558,
387809,
388127,
388454,
388733,
389056,
389371,
389666,
389944,
390276,
390597,
390933,
391286,
391619,
391943,
392171,
392442,
392788,
393171,
393650,
394144,
394589,
395031,
395601,
396111,
396576,
397066,
397588,
398107,
398591,
399018,
399460,
399954,
400362,
400924,
401411,
401904,
402448,
402953,
403440,
403845,
404258,
404788,
405306,
405876,
406426,
406935,
407425,
408016,
408582,
409021,
409475,
409989,
410569,
411083,
411611,
412157,
412738,
413269,
413849,
414306,
414832,
415387,
415954,
416547,
417059,
417744,
418343,
418906,
419412,
420028,
420567,
421140,
421756,
422331,
422973,
423594,
424209,
424906,
425506,
426178,
426775,
427381,
428037,
428849,
429556,
430290,
431020,
431729,
432460,
433115,
433704,
434350,
434998,
435663,
436395,
437167,
437862,
438666,
439435,
440123,
440840,
441613,
442419,
443231,
443986,
444738,
445551,
446411,
447171,
447956,
448730,
449535,
450410,
451309,
452241,
453071,
453859,
454712,
455635,
456544,
457413,
458326,
459233,
460209,
461181,
462120,
463116,
464164,
465129,
466070,
466988,
468023,
469092,
470200,
471238,
472276,
473428,
474604,
475760,
477005,
478126,
479268,
480436,
481559,
482701,
483877,
485073,
486176,
487430,
488559,
489693,
490836,
492009,
493213,
494396,
495617,
496859,
498656,
500985,
503471,
505676,
507981,
510462,
512890,
515240,
517682,
520240,
522869,
525422,
527917,
530275,
532839,
535448,
538104,
540724,
543150,
545694,
548030,
550511,
553113,
555595,
558079,
560585,
563209,
565804,
568406,
570988,
573800,
576521,
579285,
582220,
585061,
587906,
590794,
593586,
596504,
599428,
602325,
605174,
607961,
610907,
613746,
616565,
619527,
622450,
625549,
628571,
631788,
634742,
637728,
640559,
643433,
646299,
649275,
652262,
655350,
658379,
661491,
664897,
668233,
671508,
674857,
678191,
681538,
684765,
688090,
691498,
694989,
698410,
701867,
705272,
708669,
711948,
715358,
718866,
722360,
725805,
729284,
732819,
736321,
739715,
743204,
746660,
750134,
753604,
757134,
760699,
764194,
767897,
771877,
775907,
779856,
783758,
787615,
791541,
795391,
799337,
803300,
807187,
811177,
815026,
819039,
823108,
827283,
831304,
835149,
839342,
843447,
847492,
851544,
855689,
859828,
863944,
868119,
872354,
876592,
880760,
884924,
889155,
893477,
897991,
902521,
907021,
911556,
916239,
920805,
925585,
930614,
935602,
940495,
945455,
950275,
954958,
959660,
964623,
969495,
974266,
979052,
983969,
989020,
993891,
998829,
1.0039e+06,
1.00893e+06,
1.01396e+06,
1.01902e+06,
1.02395e+06,
1.02896e+06,
1.03413e+06,
1.03937e+06,
1.04465e+06,
1.05032e+06,
1.05577e+06,
1.06138e+06,
1.06695e+06,
1.07257e+06,
1.07816e+06,
1.08364e+06,
1.08914e+06,
1.09483e+06,
1.10034e+06,
1.10588e+06,
1.11148e+06,
1.11725e+06,
1.12307e+06,
1.129e+06,
1.13489e+06,
1.14089e+06,
1.14679e+06,
1.15277e+06,
1.15861e+06,
1.16466e+06,
1.17082e+06,
1.17698e+06,
1.1833e+06,
1.18947e+06,
1.19574e+06,
1.20199e+06,
1.20836e+06,
1.21457e+06,
1.2208e+06,
1.22733e+06,
1.23376e+06,
1.24044e+06,
1.24699e+06,
1.25352e+06,
1.26011e+06,
1.26698e+06,
1.27354e+06,
1.28052e+06,
1.28729e+06,
1.29406e+06,
1.30105e+06,
1.3081e+06,
1.31519e+06,
1.32217e+06,
1.32926e+06,
1.33635e+06,
1.3436e+06,
1.35088e+06,
1.35816e+06,
1.3654e+06,
1.37261e+06,
1.38026e+06,
1.38756e+06,
1.39503e+06,
1.40264e+06,
1.41038e+06,
1.41779e+06,
1.42549e+06,
1.43302e+06,
1.44094e+06,
1.44908e+06,
1.4572e+06,
1.4656e+06,
1.47395e+06,
1.48241e+06,
1.49075e+06,
1.49915e+06,
1.50758e+06,
1.51589e+06,
1.52454e+06,
1.53334e+06,
1.54216e+06,
1.55091e+06,
1.5599e+06,
1.56878e+06,
1.57796e+06,
1.58689e+06,
1.59586e+06,
1.60461e+06,
1.61362e+06,
1.62281e+06,
1.63193e+06,
1.64125e+06,
1.6507e+06,
1.66003e+06,
1.66968e+06,
1.67929e+06,
1.68906e+06,
1.69892e+06,
1.70922e+06,
1.71929e+06,
1.7294e+06,
1.73968e+06,
1.75001e+06,
1.76065e+06,
1.77102e+06,
1.78193e+06,
1.79239e+06,
1.80281e+06,
1.81366e+06,
1.82428e+06,
1.83515e+06,
1.84621e+06,
1.85726e+06,
1.86865e+06,
1.87979e+06,
1.89103e+06,
1.90232e+06,
1.91375e+06,
1.92536e+06,
1.93701e+06,
1.9489e+06,
1.96088e+06,
1.97292e+06,
1.98504e+06,
1.99723e+06,
2.00958e+06,
2.0221e+06,
2.03445e+06,
2.04729e+06,
2.06019e+06,
2.07321e+06,
2.08599e+06,
2.09897e+06,
2.11254e+06,
2.12621e+06,
2.13994e+06,
2.15349e+06,
2.16686e+06,
2.18071e+06,
2.19469e+06,
2.2088e+06,
2.22271e+06,
2.23737e+06,
2.25237e+06,
2.26731e+06,
2.28184e+06,
2.29652e+06,
2.31123e+06,
2.32631e+06,
2.34161e+06,
2.35716e+06,
2.37299e+06,
2.38879e+06,
2.40488e+06,
2.42097e+06,
2.43705e+06,
2.45363e+06,
2.47e+06,
2.4872e+06,
2.50439e+06,
2.5218e+06,
2.53934e+06,
2.55686e+06,
2.57467e+06,
2.59274e+06,
2.61077e+06,
2.62919e+06,
2.64784e+06,
2.66675e+06,
2.68589e+06,
2.70539e+06,
2.72476e+06,
2.74433e+06,
2.76399e+06,
2.78426e+06,
2.80472e+06,
2.82549e+06,
2.84591e+06,
2.86675e+06,
2.88789e+06,
2.9093e+06,
2.93075e+06,
2.95299e+06,
2.97514e+06,
2.99762e+06,
3.02066e+06,
3.04354e+06,
3.06679e+06,
3.0907e+06,
3.1152e+06,
3.13932e+06,
3.16431e+06,
3.18917e+06,
3.21435e+06,
3.23947e+06,
3.2654e+06,
3.29188e+06,
3.31816e+06,
3.34485e+06,
3.3717e+06,
3.39895e+06,
3.4269e+06,
3.45544e+06,
3.48395e+06,
3.51315e+06,
3.54213e+06,
3.57073e+06,
3.60024e+06,
3.63067e+06,
3.66157e+06,
3.69318e+06,
3.72463e+06,
3.75665e+06,
3.78926e+06,
3.82256e+06,
3.85618e+06,
3.89022e+06,
3.92394e+06,
3.95876e+06,
3.99359e+06,
4.02948e+06,
4.06601e+06,
4.10286e+06,
4.13945e+06,
4.17691e+06,
4.21498e+06,
4.25433e+06,
4.29324e+06,
4.33284e+06,
4.37364e+06,
4.41501e+06,
4.45767e+06,
4.50117e+06,
4.54498e+06,
4.58948e+06,
4.63522e+06,
4.68292e+06,
4.73077e+06,
4.77976e+06,
4.83024e+06,
4.8995e+06,
4.99184e+06,
5.08897e+06,
5.1909e+06,
5.30331e+06,
5.44438e+06,
5.5652e+06,
5.66972e+06,
5.76735e+06,
5.86123e+06,
5.95654e+06,
6.05324e+06,
6.14777e+06,
6.24184e+06,
6.33655e+06,
6.43298e+06,
6.52916e+06,
6.61742e+06,
6.70421e+06,
6.78851e+06,
6.87803e+06,
6.96721e+06,
7.05515e+06,
7.14369e+06,
7.23133e+06,
7.32117e+06,
7.41355e+06,
7.50012e+06,
7.58354e+06,
7.66615e+06,
7.75169e+06,
7.83647e+06,
7.92021e+06,
8.00389e+06,
8.08804e+06,
8.17244e+06,
8.25848e+06,
8.34284e+06,
8.42402e+06,
8.50645e+06,
8.59295e+06,
8.67823e+06,
8.76303e+06,
8.84784e+06,
8.93334e+06,
9.01931e+06,
9.10581e+06,
9.19574e+06,
9.28024e+06,
9.3683e+06,
9.45785e+06,
9.54678e+06,
9.63464e+06,
9.72194e+06,
9.81019e+06,
9.89708e+06,
9.98477e+06,
1.00747e+07,
1.01638e+07,
1.02556e+07,
1.03458e+07,
1.04348e+07,
1.0522e+07,
1.06085e+07,
1.06941e+07,
1.07795e+07,
1.08643e+07,
1.09503e+07,
1.1046e+07,
1.11397e+07,
1.12314e+07,
1.13204e+07,
1.14079e+07,
1.14934e+07,
1.15797e+07,
1.16648e+07,
1.17491e+07,
1.18357e+07,
1.19359e+07,
1.20309e+07,
1.21216e+07,
1.22105e+07,
1.22976e+07,
1.2385e+07,
1.24722e+07,
1.25589e+07,
1.26479e+07,
1.27444e+07,
1.28417e+07,
1.29405e+07,
1.30339e+07,
1.31252e+07,
1.32152e+07,
1.33037e+07,
1.3391e+07,
1.34803e+07,
1.35753e+07,
1.36692e+07,
1.37634e+07,
1.38611e+07,
1.39552e+07,
1.40457e+07,
1.41349e+07,
1.42239e+07,
1.43144e+07,
1.44076e+07,
1.45e+07,
1.45927e+07,
1.4685e+07,
1.47791e+07,
1.48751e+07,
1.4967e+07,
1.50576e+07,
1.51497e+07,
1.52431e+07,
1.53359e+07,
1.54277e+07,
1.55196e+07,
1.56118e+07,
1.57042e+07,
1.57994e+07,
1.58921e+07,
1.59845e+07,
1.60775e+07,
1.61709e+07,
1.62631e+07,
1.63547e+07,
1.64458e+07,
1.65377e+07,
1.66293e+07,
1.67227e+07,
1.68201e+07,
1.69146e+07,
1.70077e+07,
1.71006e+07,
1.71954e+07,
1.72891e+07,
1.73826e+07,
1.7477e+07,
1.75721e+07,
1.76703e+07,
1.77716e+07,
1.78719e+07,
1.79691e+07,
1.80661e+07,
1.8163e+07,
1.82587e+07,
1.83543e+07,
1.84507e+07,
1.85504e+07,
1.86533e+07,
1.876e+07,
1.88643e+07,
1.89655e+07,
1.90646e+07,
1.91625e+07,
1.92594e+07,
1.93548e+07,
1.94518e+07,
1.95504e+07,
1.96496e+07,
1.97491e+07,
1.98492e+07,
1.99483e+07,
2.00466e+07,
2.01431e+07,
2.02397e+07,
2.03358e+07,
2.04335e+07,
2.05313e+07,
2.06291e+07,
2.07279e+07,
2.08281e+07,
2.09307e+07,
2.10293e+07,
2.11268e+07,
2.12224e+07,
2.13189e+07,
2.14155e+07,
375246,
375119,
375083,
375074,
375073,
375036,
375032,
375080,
375103,
375135,
375144,
375228,
375241,
375279,
375292,
375358,
375409,
375509,
375597,
375697,
375795,
375881,
376017,
376123,
376225,
376349,
376582,
376709,
376882,
377013,
377056,
377248,
377398,
377526,
377682,
377888,
378050,
378210,
378404,
378559,
378722,
378930,
379126,
379328,
379548,
379788,
379930,
380117,
380350,
380585,
380782,
380964,
381140,
381301,
381506,
381753,
381999,
382262,
382532,
382744,
382936,
383190,
383428,
383642,
383878,
384066,
384300,
384517,
384855,
385174,
385377,
385674,
385945,
386238,
386514,
386754,
387041,
387356,
387659,
387932,
388263,
388558,
388829,
389074,
389340,
389653,
389995,
390236,
390542,
390896,
391223,
391598,
391932,
392257,
392605,
392954,
393267,
393591,
393844,
394289,
394780,
395276,
395804,
396247,
396773,
397233,
397696,
398138,
398568,
399059,
399573,
400103,
400609,
401113,
401578,
402047,
402587,
403068,
403472,
403973,
404475,
404956,
405426,
405907,
406428,
406941,
407401,
407861,
408292,
408805,
409380,
409927,
410454,
411048,
411578,
412170,
412745,
413279,
413731,
414253,
414823,
415395,
415982,
416558,
417191,
417812,
418364,
418868,
419425,
420027,
420589,
421164,
421778,
422310,
422882,
423532,
424175,
424883,
425435,
426137,
426819,
427488,
428183,
428871,
429590,
430236,
430911,
431537,
432156,
432884,
433605,
434304,
435031,
435795,
436527,
437305,
438026,
438757,
439343,
440079,
440835,
441627,
442385,
443151,
444018,
444855,
445709,
446489,
447202,
447943,
448803,
449601,
450489,
451332,
452218,
453133,
454019,
454909,
455730,
456573,
457500,
458413,
459311,
460336,
461332,
462348,
463412,
464440,
465431,
466364,
467376,
468431,
469439,
470497,
471518,
472573,
473680,
474759,
475809,
476954,
478142,
479227,
480467,
481683,
482811,
483967,
485111,
486271,
487428,
488571,
489801,
491054,
492270,
493437,
494683,
495841,
497008,
498062,
499202,
500470,
501648,
502871,
504493,
506737,
509234,
511592,
513922,
516485,
518904,
521198,
523721,
526278,
528783,
531342,
533843,
536359,
538772,
541297,
543756,
546282,
548780,
551324,
553774,
556409,
558896,
561531,
564059,
566581,
568957,
571599,
574168,
576753,
579227,
581978,
584920,
587581,
590332,
593167,
596125,
598979,
601990,
604989,
607914,
610731,
613529,
616292,
619118,
621959,
624707,
627664,
630650,
633594,
636641,
639506,
642460,
645348,
648223,
651176,
654139,
657284,
660312,
663212,
666281,
669445,
672552,
675787,
678942,
682299,
685543,
688737,
692083,
695494,
698918,
702195,
705544,
708945,
712303,
715634,
718984,
722279,
725603,
729162,
732685,
736317,
739784,
743292,
746849,
750330,
753717,
757174,
760574,
764073,
767649,
771236,
774789,
778475,
782341,
786150,
789894,
793522,
797590,
801505,
805488,
809510,
813356,
817418,
821406,
825409,
829289,
833120,
837249,
841192,
845116,
849293,
853353,
857544,
861593,
865722,
869849,
874016,
878334,
882596,
886814,
891192,
895578,
899835,
904232,
908727,
913483,
917925,
922520,
927331,
931998,
936807,
941515,
946276,
950949,
955519,
960015,
964801,
969542,
974403,
979317,
984324,
989312,
994228,
999349,
1.00419e+06,
1.00906e+06,
1.01404e+06,
1.01891e+06,
1.02394e+06,
1.02908e+06,
1.03392e+06,
1.039e+06,
1.04422e+06,
1.04942e+06,
1.05481e+06,
1.06031e+06,
1.06589e+06,
1.07147e+06,
1.07712e+06,
1.08261e+06,
1.08817e+06,
1.09377e+06,
1.09944e+06,
1.10518e+06,
1.111e+06,
1.1169e+06,
1.12289e+06,
1.12905e+06,
1.13496e+06,
1.14085e+06,
1.14672e+06,
1.15258e+06,
1.15845e+06,
1.16417e+06,
1.16994e+06,
1.1759e+06,
1.182e+06,
1.1883e+06,
1.1944e+06,
1.20047e+06,
1.20679e+06,
1.21281e+06,
1.21913e+06,
1.22536e+06,
1.23174e+06,
1.23806e+06,
1.24452e+06,
1.25109e+06,
1.25786e+06,
1.26468e+06,
1.27156e+06,
1.27833e+06,
1.28515e+06,
1.29184e+06,
1.29873e+06,
1.30544e+06,
1.31233e+06,
1.31946e+06,
1.32662e+06,
1.33357e+06,
1.34077e+06,
1.3479e+06,
1.35522e+06,
1.36247e+06,
1.36975e+06,
1.37694e+06,
1.38435e+06,
1.39182e+06,
1.39933e+06,
1.40686e+06,
1.4145e+06,
1.42204e+06,
1.42986e+06,
1.43775e+06,
1.44529e+06,
1.45286e+06,
1.46112e+06,
1.46926e+06,
1.47757e+06,
1.48596e+06,
1.49436e+06,
1.5029e+06,
1.51141e+06,
1.52001e+06,
1.52848e+06,
1.53696e+06,
1.5456e+06,
1.55456e+06,
1.56353e+06,
1.57268e+06,
1.58174e+06,
1.59094e+06,
1.59997e+06,
1.60905e+06,
1.61813e+06,
1.62724e+06,
1.63671e+06,
1.64614e+06,
1.65591e+06,
1.66539e+06,
1.6749e+06,
1.68453e+06,
1.69443e+06,
1.70402e+06,
1.71378e+06,
1.72382e+06,
1.73399e+06,
1.74431e+06,
1.75492e+06,
1.76541e+06,
1.77594e+06,
1.78671e+06,
1.79749e+06,
1.80824e+06,
1.81909e+06,
1.82967e+06,
1.84069e+06,
1.85189e+06,
1.86322e+06,
1.87453e+06,
1.88627e+06,
1.89752e+06,
1.90921e+06,
1.92071e+06,
1.93219e+06,
1.94392e+06,
1.95587e+06,
1.96785e+06,
1.98015e+06,
1.99232e+06,
2.00442e+06,
2.01665e+06,
2.02889e+06,
2.0412e+06,
2.05391e+06,
2.06677e+06,
2.08001e+06,
2.09356e+06,
2.10699e+06,
2.12044e+06,
2.13449e+06,
2.14795e+06,
2.16188e+06,
2.1759e+06,
2.18986e+06,
2.20371e+06,
2.21806e+06,
2.23271e+06,
2.24722e+06,
2.26215e+06,
2.27682e+06,
2.29204e+06,
2.30696e+06,
2.32205e+06,
2.33753e+06,
2.35297e+06,
2.36883e+06,
2.3846e+06,
2.40078e+06,
2.41704e+06,
2.43342e+06,
2.44998e+06,
2.46659e+06,
2.48376e+06,
2.50134e+06,
2.51866e+06,
2.53623e+06,
2.55413e+06,
2.57228e+06,
2.59026e+06,
2.60911e+06,
2.62805e+06,
2.64697e+06,
2.66593e+06,
2.68489e+06,
2.70379e+06,
2.72332e+06,
2.74327e+06,
2.76343e+06,
2.78395e+06,
2.8042e+06,
2.8249e+06,
2.84569e+06,
2.86691e+06,
2.88848e+06,
2.9101e+06,
2.93229e+06,
2.95434e+06,
2.97655e+06,
2.99964e+06,
3.0226e+06,
3.04606e+06,
3.07024e+06,
3.09432e+06,
3.11825e+06,
3.1426e+06,
3.16725e+06,
3.19211e+06,
3.21789e+06,
3.24437e+06,
3.27067e+06,
3.29679e+06,
3.32325e+06,
3.34945e+06,
3.37667e+06,
3.40442e+06,
3.4328e+06,
3.46082e+06,
3.48923e+06,
3.51823e+06,
3.54744e+06,
3.57727e+06,
3.60774e+06,
3.63813e+06,
3.66867e+06,
3.69906e+06,
3.73029e+06,
3.7624e+06,
3.79541e+06,
3.82841e+06,
3.86129e+06,
3.89459e+06,
3.92864e+06,
3.96356e+06,
3.99904e+06,
4.03398e+06,
4.06959e+06,
4.10597e+06,
4.14346e+06,
4.18124e+06,
4.2197e+06,
4.25825e+06,
4.29739e+06,
4.33745e+06,
4.37836e+06,
4.41991e+06,
4.46158e+06,
4.50438e+06,
4.54792e+06,
4.59351e+06,
4.6401e+06,
4.68656e+06,
4.7486e+06,
4.83179e+06,
4.91949e+06,
5.01133e+06,
5.10702e+06,
5.20948e+06,
5.32862e+06,
5.45903e+06,
5.5645e+06,
5.66181e+06,
5.75875e+06,
5.85411e+06,
5.94749e+06,
6.03884e+06,
6.12769e+06,
6.21715e+06,
6.30596e+06,
6.39944e+06,
6.48657e+06,
6.56986e+06,
6.65638e+06,
6.74295e+06,
6.82852e+06,
6.9125e+06,
6.99576e+06,
7.07883e+06,
7.16298e+06,
7.24896e+06,
7.33631e+06,
7.41838e+06,
7.50291e+06,
7.58589e+06,
7.66825e+06,
7.74918e+06,
7.82917e+06,
7.90875e+06,
7.98882e+06,
8.07005e+06,
8.15246e+06,
8.23558e+06,
8.32009e+06,
8.40354e+06,
8.48623e+06,
8.56782e+06,
8.64906e+06,
8.72978e+06,
8.81079e+06,
8.89249e+06,
8.97629e+06,
9.06907e+06,
9.15811e+06,
9.24504e+06,
9.33045e+06,
9.41456e+06,
9.49826e+06,
9.58162e+06,
9.66409e+06,
9.74601e+06,
9.83261e+06,
9.92628e+06,
1.00181e+07,
1.01048e+07,
1.01895e+07,
1.02726e+07,
1.03551e+07,
1.0437e+07,
1.05185e+07,
1.06007e+07,
1.06893e+07,
1.07791e+07,
1.08709e+07,
1.09586e+07,
1.10427e+07,
1.11238e+07,
1.1206e+07,
1.12877e+07,
1.13697e+07,
1.1459e+07,
1.15481e+07,
1.16384e+07,
1.17313e+07,
1.18225e+07,
1.19108e+07,
1.19972e+07,
1.20817e+07,
1.21657e+07,
1.22561e+07,
1.23468e+07,
1.24365e+07,
1.25259e+07,
1.26171e+07,
1.27106e+07,
1.28001e+07,
1.28873e+07,
1.29741e+07,
1.30646e+07,
1.31537e+07,
1.32438e+07,
1.33331e+07,
1.34219e+07,
1.3511e+07,
1.36031e+07,
1.36953e+07,
1.3784e+07,
1.38748e+07,
1.39652e+07,
1.40546e+07,
1.41435e+07,
1.4232e+07,
1.43206e+07,
1.44093e+07,
1.44988e+07,
1.45914e+07,
1.46848e+07,
1.47773e+07,
1.48682e+07,
1.49582e+07,
1.50469e+07,
1.51357e+07,
1.52238e+07,
1.53118e+07,
1.54002e+07,
1.54937e+07,
1.55887e+07,
1.56806e+07,
1.5771e+07,
1.58611e+07,
1.59503e+07,
1.60386e+07,
1.61264e+07,
1.6214e+07,
1.63044e+07,
1.63957e+07,
1.64901e+07,
1.65864e+07,
1.668e+07,
1.67728e+07,
1.68654e+07,
1.69578e+07,
1.70494e+07,
1.7143e+07,
1.72369e+07,
1.73309e+07,
1.74265e+07,
1.75246e+07,
1.76204e+07,
1.77144e+07,
1.7808e+07,
1.79015e+07,
1.79971e+07,
1.80943e+07,
1.81949e+07,
1.82945e+07,
1.83927e+07,
1.8491e+07,
1.8589e+07,
1.86841e+07,
1.87782e+07,
1.88725e+07,
1.89683e+07,
1.90636e+07,
1.91588e+07,
1.92546e+07,
1.93491e+07,
1.9444e+07,
1.95403e+07,
1.96353e+07,
1.9729e+07,
1.98237e+07,
1.99182e+07,
2.00127e+07,
2.01069e+07,
2.02018e+07,
2.02965e+07,
2.03916e+07,
375246,
375115,
375077,
375052,
375032,
374984,
374969,
375001,
375032,
375051,
375058,
375163,
375159,
375233,
375232,
375256,
375323,
375423,
375491,
375593,
375679,
375765,
375890,
375957,
376095,
376260,
376515,
376660,
376769,
376925,
377028,
377158,
377270,
377379,
377568,
377779,
377885,
378030,
378239,
378429,
378612,
378763,
378935,
379163,
379339,
379516,
379668,
379888,
380139,
380342,
380517,
380715,
380869,
381106,
381342,
381600,
381787,
382049,
382222,
382497,
382713,
382937,
383194,
383430,
383677,
383831,
384085,
384357,
384640,
384898,
385113,
385393,
385691,
385948,
386213,
386544,
386831,
387155,
387448,
387686,
387957,
388255,
388511,
388757,
389056,
389368,
389654,
389998,
390320,
390654,
391023,
391337,
391642,
391972,
392290,
392621,
392962,
393287,
393542,
393864,
394200,
394505,
394831,
395347,
395818,
396335,
396788,
397211,
397648,
398126,
398654,
399198,
399709,
400217,
400744,
401253,
401726,
402147,
402504,
402872,
403394,
403922,
404472,
404903,
405375,
405883,
406339,
406867,
407355,
407830,
408310,
408840,
409460,
409949,
410499,
411002,
411522,
411998,
412450,
413009,
413606,
414112,
414715,
415376,
415938,
416539,
417136,
417659,
418179,
418683,
419273,
419898,
420490,
421039,
421658,
422295,
422973,
423600,
424196,
424739,
425428,
426091,
426661,
427331,
428034,
428734,
429429,
430092,
430755,
431444,
432157,
432874,
433612,
434256,
434930,
435666,
436366,
437069,
437762,
438524,
439237,
440032,
440843,
441653,
442387,
443182,
443880,
444708,
445478,
446268,
447070,
447968,
448774,
449645,
450564,
451371,
452208,
453057,
453937,
454858,
455773,
456831,
457783,
458735,
459718,
460607,
461541,
462523,
463451,
464513,
465560,
466644,
467662,
468712,
469794,
470800,
471864,
472803,
473740,
474809,
475804,
476901,
478069,
479230,
480406,
481529,
482665,
483865,
484924,
486118,
487268,
488438,
489671,
490933,
492146,
493308,
494446,
495666,
496796,
497987,
499204,
500417,
501572,
502869,
504098,
505333,
506573,
507822,
509039,
510346,
512027,
514390,
516773,
519214,
521581,
523970,
526338,
528678,
531138,
533705,
536126,
538567,
541092,
543658,
546236,
548692,
551154,
553585,
556081,
558578,
561098,
563814,
566456,
568994,
571469,
573978,
576288,
578732,
581287,
584034,
586668,
589230,
591963,
594636,
597412,
600175,
602897,
605786,
608558,
611341,
614183,
617108,
619832,
622695,
625666,
628600,
631472,
634350,
637127,
639994,
642937,
645870,
648573,
651529,
654519,
657439,
660330,
663424,
666432,
669228,
672349,
675293,
678211,
681340,
684590,
687810,
690976,
694188,
697532,
700988,
704473,
707850,
711243,
714464,
717755,
721187,
724431,
727656,
730896,
734278,
737772,
741179,
744526,
747993,
751414,
754966,
758519,
762027,
765441,
768896,
772369,
775857,
779486,
783131,
786895,
790688,
794561,
798319,
801912,
805629,
809478,
813332,
817187,
821185,
825186,
829226,
832999,
837073,
841098,
845153,
849186,
853218,
857166,
861315,
865470,
869635,
873770,
878189,
882414,
886770,
890962,
895261,
899619,
903855,
908057,
912353,
916751,
921208,
925700,
930382,
935139,
939820,
944507,
949235,
953914,
958558,
963202,
967971,
972653,
977317,
982267,
987085,
992053,
996910,
1.00183e+06,
1.00679e+06,
1.01177e+06,
1.01666e+06,
1.02165e+06,
1.02673e+06,
1.03175e+06,
1.0369e+06,
1.04184e+06,
1.04709e+06,
1.05242e+06,
1.05761e+06,
1.06283e+06,
1.06819e+06,
1.0736e+06,
1.07916e+06,
1.0848e+06,
1.0903e+06,
1.09566e+06,
1.10117e+06,
1.10695e+06,
1.11286e+06,
1.11863e+06,
1.12452e+06,
1.13034e+06,
1.13597e+06,
1.14169e+06,
1.14768e+06,
1.15371e+06,
1.15982e+06,
1.16574e+06,
1.17171e+06,
1.17765e+06,
1.18369e+06,
1.18982e+06,
1.19585e+06,
1.20189e+06,
1.20809e+06,
1.21441e+06,
1.22062e+06,
1.22666e+06,
1.23295e+06,
1.23919e+06,
1.24547e+06,
1.25171e+06,
1.25828e+06,
1.26508e+06,
1.27189e+06,
1.27882e+06,
1.28582e+06,
1.29278e+06,
1.29968e+06,
1.3066e+06,
1.31362e+06,
1.32032e+06,
1.32733e+06,
1.33437e+06,
1.34173e+06,
1.34898e+06,
1.35624e+06,
1.36345e+06,
1.37072e+06,
1.37816e+06,
1.38549e+06,
1.39245e+06,
1.40004e+06,
1.4076e+06,
1.41528e+06,
1.42282e+06,
1.43068e+06,
1.43836e+06,
1.44612e+06,
1.45399e+06,
1.46209e+06,
1.46994e+06,
1.47808e+06,
1.4863e+06,
1.49458e+06,
1.50284e+06,
1.51143e+06,
1.52025e+06,
1.52911e+06,
1.53782e+06,
1.54652e+06,
1.55517e+06,
1.56411e+06,
1.57287e+06,
1.5816e+06,
1.59069e+06,
1.59994e+06,
1.60922e+06,
1.6183e+06,
1.62755e+06,
1.63687e+06,
1.64616e+06,
1.65565e+06,
1.66533e+06,
1.67486e+06,
1.68457e+06,
1.69432e+06,
1.70423e+06,
1.71394e+06,
1.724e+06,
1.73386e+06,
1.74385e+06,
1.75398e+06,
1.76417e+06,
1.77489e+06,
1.78544e+06,
1.79615e+06,
1.80698e+06,
1.81799e+06,
1.82905e+06,
1.84027e+06,
1.85133e+06,
1.86249e+06,
1.87412e+06,
1.88554e+06,
1.89723e+06,
1.90913e+06,
1.92085e+06,
1.93273e+06,
1.94464e+06,
1.9569e+06,
1.96884e+06,
1.98095e+06,
1.99331e+06,
2.00567e+06,
2.01812e+06,
2.03064e+06,
2.04328e+06,
2.05616e+06,
2.06901e+06,
2.08203e+06,
2.09481e+06,
2.10811e+06,
2.12159e+06,
2.13515e+06,
2.14915e+06,
2.16322e+06,
2.17738e+06,
2.1917e+06,
2.206e+06,
2.22082e+06,
2.23524e+06,
2.24986e+06,
2.26496e+06,
2.28046e+06,
2.29564e+06,
2.31104e+06,
2.32665e+06,
2.34224e+06,
2.35823e+06,
2.37418e+06,
2.39008e+06,
2.40636e+06,
2.42291e+06,
2.43976e+06,
2.45676e+06,
2.47351e+06,
2.49062e+06,
2.5079e+06,
2.52573e+06,
2.54335e+06,
2.56141e+06,
2.57965e+06,
2.59832e+06,
2.61662e+06,
2.63581e+06,
2.65491e+06,
2.67438e+06,
2.69413e+06,
2.71427e+06,
2.73431e+06,
2.75411e+06,
2.7742e+06,
2.7946e+06,
2.81538e+06,
2.83647e+06,
2.85825e+06,
2.87996e+06,
2.90154e+06,
2.92326e+06,
2.94502e+06,
2.96747e+06,
2.99024e+06,
3.01356e+06,
3.03718e+06,
3.06048e+06,
3.08393e+06,
3.10793e+06,
3.13265e+06,
3.15769e+06,
3.1829e+06,
3.20835e+06,
3.2345e+06,
3.26034e+06,
3.28627e+06,
3.31264e+06,
3.33983e+06,
3.36748e+06,
3.39509e+06,
3.42277e+06,
3.45087e+06,
3.47879e+06,
3.50789e+06,
3.53706e+06,
3.56659e+06,
3.59603e+06,
3.626e+06,
3.65614e+06,
3.68721e+06,
3.71853e+06,
3.74987e+06,
3.78141e+06,
3.81331e+06,
3.84592e+06,
3.87971e+06,
3.91389e+06,
3.9485e+06,
3.9833e+06,
4.01794e+06,
4.05364e+06,
4.08986e+06,
4.12622e+06,
4.16358e+06,
4.20068e+06,
4.23885e+06,
4.27855e+06,
4.31825e+06,
4.35875e+06,
4.39935e+06,
4.44104e+06,
4.48344e+06,
4.52709e+06,
4.57371e+06,
4.64792e+06,
4.72606e+06,
4.80795e+06,
4.89332e+06,
4.98283e+06,
5.07489e+06,
5.17226e+06,
5.28302e+06,
5.4061e+06,
5.50968e+06,
5.60872e+06,
5.70259e+06,
5.79416e+06,
5.88339e+06,
5.97038e+06,
6.0551e+06,
6.13848e+06,
6.22273e+06,
6.30876e+06,
6.39573e+06,
6.48178e+06,
6.56565e+06,
6.64842e+06,
6.72956e+06,
6.81106e+06,
6.89063e+06,
6.96971e+06,
7.04883e+06,
7.12905e+06,
7.21667e+06,
7.30067e+06,
7.3822e+06,
7.46183e+06,
7.5405e+06,
7.61862e+06,
7.69555e+06,
7.77192e+06,
7.84793e+06,
7.92619e+06,
8.01055e+06,
8.09543e+06,
8.17769e+06,
8.25762e+06,
8.33609e+06,
8.41419e+06,
8.49234e+06,
8.56995e+06,
8.64753e+06,
8.73001e+06,
8.81593e+06,
8.90578e+06,
8.9917e+06,
9.07475e+06,
9.15582e+06,
9.23591e+06,
9.31599e+06,
9.39584e+06,
9.47789e+06,
9.56227e+06,
9.6472e+06,
9.73335e+06,
9.82117e+06,
9.90522e+06,
9.98625e+06,
1.00666e+07,
1.01453e+07,
1.02238e+07,
1.03075e+07,
1.03888e+07,
1.04714e+07,
1.0555e+07,
1.06409e+07,
1.07249e+07,
1.08075e+07,
1.08892e+07,
1.09706e+07,
1.10577e+07,
1.11435e+07,
1.12285e+07,
1.13144e+07,
1.14003e+07,
1.14861e+07,
1.15758e+07,
1.16614e+07,
1.1745e+07,
1.18323e+07,
1.19194e+07,
1.20064e+07,
1.20922e+07,
1.21777e+07,
1.22635e+07,
1.2349e+07,
1.24357e+07,
1.25245e+07,
1.26138e+07,
1.27022e+07,
1.27898e+07,
1.28762e+07,
1.29625e+07,
1.30481e+07,
1.31342e+07,
1.32197e+07,
1.33059e+07,
1.33974e+07,
1.34901e+07,
1.35788e+07,
1.36658e+07,
1.37528e+07,
1.38386e+07,
1.39241e+07,
1.40097e+07,
1.4095e+07,
1.41834e+07,
1.4273e+07,
1.43654e+07,
1.4456e+07,
1.45445e+07,
1.46316e+07,
1.47182e+07,
1.48035e+07,
1.48881e+07,
1.49757e+07,
1.50638e+07,
1.51527e+07,
1.52422e+07,
1.53337e+07,
1.54229e+07,
1.55109e+07,
1.5597e+07,
1.56831e+07,
1.57696e+07,
1.58571e+07,
1.59467e+07,
1.60369e+07,
1.61276e+07,
1.6221e+07,
1.63155e+07,
1.64071e+07,
1.64974e+07,
1.65875e+07,
1.66788e+07,
1.67696e+07,
1.686e+07,
1.69512e+07,
1.70426e+07,
1.71342e+07,
1.72284e+07,
1.73223e+07,
1.74146e+07,
1.75093e+07,
1.76041e+07,
1.77018e+07,
1.77967e+07,
1.78919e+07,
1.79848e+07,
1.80777e+07,
1.81699e+07,
1.82633e+07,
1.8358e+07,
1.84519e+07,
1.85446e+07,
1.86369e+07,
1.87298e+07,
1.88215e+07,
1.89126e+07,
1.90044e+07,
1.90947e+07,
1.91861e+07,
1.92796e+07,
1.93731e+07,
375246,
375109,
375055,
375034,
374982,
374927,
374923,
374964,
374986,
374984,
374995,
375092,
375076,
375152,
375163,
375169,
375231,
375300,
375382,
375488,
375575,
375642,
375747,
375808,
376001,
376217,
376366,
376504,
376678,
376832,
376969,
377052,
377132,
377267,
377453,
377572,
377761,
377954,
378100,
378252,
378403,
378632,
378849,
378974,
379135,
379246,
379483,
379680,
379926,
380109,
380284,
380457,
380684,
380985,
381179,
381372,
381552,
381764,
382073,
382292,
382525,
382734,
382951,
383223,
383447,
383660,
383938,
384195,
384444,
384658,
384951,
385240,
385441,
385687,
385994,
386265,
386571,
386872,
387178,
387418,
387699,
387956,
388243,
388525,
388797,
389094,
389400,
389741,
390054,
390408,
390811,
391114,
391370,
391698,
392006,
392301,
392674,
392932,
393207,
393534,
393891,
394213,
394520,
394794,
395113,
395481,
395867,
396281,
396664,
397227,
397681,
398181,
398647,
399140,
399680,
400102,
400606,
401066,
401542,
401960,
402359,
402834,
403348,
403852,
404381,
404846,
405320,
405792,
406256,
406755,
407273,
407894,
408361,
408814,
409323,
409853,
410358,
410902,
411367,
411923,
412483,
413097,
413668,
414229,
414731,
415223,
415791,
416315,
416865,
417436,
418001,
418573,
419210,
419901,
420467,
421060,
421651,
422216,
422746,
423372,
424003,
424648,
425298,
425971,
426620,
427265,
427972,
428532,
429151,
429851,
430561,
431299,
432026,
432701,
433391,
434189,
434896,
435577,
436294,
436975,
437752,
438466,
439237,
440031,
440783,
441544,
442290,
443026,
443802,
444659,
445460,
446205,
447039,
447817,
448728,
449547,
450378,
451269,
452107,
453048,
454033,
455015,
456001,
456976,
457928,
458881,
459871,
460783,
461675,
462638,
463591,
464601,
465630,
466631,
467672,
468725,
469759,
470799,
471803,
472821,
473826,
474894,
475996,
477051,
478041,
479121,
480180,
481260,
482322,
483539,
484661,
485858,
487070,
488246,
489432,
490543,
491673,
492869,
494053,
495296,
496446,
497653,
498843,
500115,
501332,
502623,
503876,
505157,
506422,
507663,
508840,
510117,
511433,
512643,
513873,
515084,
516312,
517473,
518698,
520530,
522966,
525247,
527633,
530182,
532586,
534815,
537313,
539906,
542358,
544775,
547223,
549592,
552226,
554812,
557386,
559910,
562281,
564634,
567150,
569754,
572219,
574775,
577289,
579716,
582164,
584606,
587143,
589633,
592184,
594736,
597360,
600152,
602872,
605614,
608385,
611187,
613977,
616713,
619467,
622139,
624851,
627578,
630401,
633279,
636266,
639168,
641960,
644829,
647794,
650646,
653513,
656251,
659172,
662000,
664853,
667845,
670908,
673788,
676650,
679605,
682441,
685460,
688279,
691364,
694650,
697927,
701198,
704587,
707868,
711146,
714317,
717483,
720836,
724115,
727527,
730802,
734155,
737564,
740743,
744052,
747461,
750904,
754369,
757744,
761150,
764480,
767848,
771208,
774623,
778127,
781816,
785442,
789167,
792749,
796329,
799989,
803885,
807509,
811138,
815093,
818916,
822968,
827055,
831135,
835149,
839132,
843033,
847015,
851276,
855460,
859517,
863506,
867732,
871975,
876203,
880309,
884391,
888605,
892562,
896590,
900704,
904936,
909180,
913374,
917514,
921818,
926195,
930669,
935048,
939712,
944504,
949125,
953880,
958585,
963250,
967981,
972803,
977496,
982381,
987277,
992160,
997011,
1.0021e+06,
1.00689e+06,
1.01171e+06,
1.0168e+06,
1.02177e+06,
1.02673e+06,
1.03169e+06,
1.03677e+06,
1.04196e+06,
1.04721e+06,
1.05239e+06,
1.05748e+06,
1.06259e+06,
1.06775e+06,
1.0729e+06,
1.07809e+06,
1.08339e+06,
1.08873e+06,
1.09432e+06,
1.10008e+06,
1.10579e+06,
1.11161e+06,
1.11724e+06,
1.12277e+06,
1.12857e+06,
1.13416e+06,
1.13987e+06,
1.14558e+06,
1.15146e+06,
1.15726e+06,
1.16328e+06,
1.16926e+06,
1.17522e+06,
1.18142e+06,
1.18766e+06,
1.19385e+06,
1.19976e+06,
1.20591e+06,
1.21211e+06,
1.21834e+06,
1.22456e+06,
1.23091e+06,
1.23723e+06,
1.2437e+06,
1.25012e+06,
1.25652e+06,
1.26274e+06,
1.26916e+06,
1.27579e+06,
1.2823e+06,
1.28914e+06,
1.29594e+06,
1.30278e+06,
1.30991e+06,
1.31671e+06,
1.3239e+06,
1.33086e+06,
1.33813e+06,
1.34528e+06,
1.35271e+06,
1.36004e+06,
1.36717e+06,
1.37455e+06,
1.38209e+06,
1.38958e+06,
1.39695e+06,
1.4044e+06,
1.41201e+06,
1.41989e+06,
1.42757e+06,
1.43534e+06,
1.44296e+06,
1.45077e+06,
1.4586e+06,
1.46659e+06,
1.47447e+06,
1.48247e+06,
1.49076e+06,
1.4989e+06,
1.5075e+06,
1.51609e+06,
1.5245e+06,
1.53285e+06,
1.54164e+06,
1.55057e+06,
1.55919e+06,
1.56831e+06,
1.57714e+06,
1.58628e+06,
1.59542e+06,
1.60474e+06,
1.61395e+06,
1.62322e+06,
1.63258e+06,
1.64175e+06,
1.65119e+06,
1.66056e+06,
1.66989e+06,
1.67982e+06,
1.68963e+06,
1.69952e+06,
1.70925e+06,
1.71915e+06,
1.7291e+06,
1.73907e+06,
1.7493e+06,
1.75957e+06,
1.76993e+06,
1.78038e+06,
1.791e+06,
1.80188e+06,
1.81263e+06,
1.82371e+06,
1.83487e+06,
1.84607e+06,
1.85722e+06,
1.8685e+06,
1.87976e+06,
1.89161e+06,
1.90316e+06,
1.91463e+06,
1.92662e+06,
1.93844e+06,
1.9505e+06,
1.9623e+06,
1.97439e+06,
1.98675e+06,
1.99915e+06,
2.01168e+06,
2.02456e+06,
2.03751e+06,
2.05028e+06,
2.06308e+06,
2.07608e+06,
2.08922e+06,
2.10252e+06,
2.11568e+06,
2.12954e+06,
2.14372e+06,
2.1578e+06,
2.17227e+06,
2.18669e+06,
2.20112e+06,
2.21576e+06,
2.23079e+06,
2.24592e+06,
2.26107e+06,
2.27624e+06,
2.29201e+06,
2.30734e+06,
2.32283e+06,
2.33887e+06,
2.35512e+06,
2.37148e+06,
2.38765e+06,
2.40402e+06,
2.42043e+06,
2.43731e+06,
2.45443e+06,
2.47203e+06,
2.48938e+06,
2.5071e+06,
2.52478e+06,
2.5427e+06,
2.56085e+06,
2.57892e+06,
2.59691e+06,
2.61584e+06,
2.63525e+06,
2.6547e+06,
2.67437e+06,
2.69418e+06,
2.71397e+06,
2.73384e+06,
2.75371e+06,
2.77423e+06,
2.79511e+06,
2.81616e+06,
2.83711e+06,
2.85812e+06,
2.87977e+06,
2.90147e+06,
2.92379e+06,
2.94671e+06,
2.96934e+06,
2.99226e+06,
3.01525e+06,
3.03851e+06,
3.06215e+06,
3.0862e+06,
3.11081e+06,
3.13573e+06,
3.16033e+06,
3.18512e+06,
3.21052e+06,
3.23621e+06,
3.26191e+06,
3.28851e+06,
3.3155e+06,
3.34228e+06,
3.36944e+06,
3.39663e+06,
3.42459e+06,
3.45301e+06,
3.48168e+06,
3.51011e+06,
3.53884e+06,
3.56797e+06,
3.59725e+06,
3.62746e+06,
3.65872e+06,
3.68955e+06,
3.72025e+06,
3.75175e+06,
3.7835e+06,
3.81581e+06,
3.84789e+06,
3.88083e+06,
3.91363e+06,
3.94731e+06,
3.9819e+06,
4.01721e+06,
4.05345e+06,
4.08874e+06,
4.12454e+06,
4.16114e+06,
4.19835e+06,
4.23689e+06,
4.27599e+06,
4.31519e+06,
4.35528e+06,
4.39614e+06,
4.44663e+06,
4.51787e+06,
4.59118e+06,
4.66606e+06,
4.74321e+06,
4.82377e+06,
4.90668e+06,
4.99255e+06,
5.08177e+06,
5.17717e+06,
5.29272e+06,
5.40546e+06,
5.5031e+06,
5.59502e+06,
5.68194e+06,
5.76784e+06,
5.85132e+06,
5.93331e+06,
6.01293e+06,
6.09202e+06,
6.17663e+06,
6.26556e+06,
6.34996e+06,
6.43141e+06,
6.51064e+06,
6.5883e+06,
6.66565e+06,
6.74273e+06,
6.8187e+06,
6.89527e+06,
6.97549e+06,
7.05704e+06,
7.14139e+06,
7.22093e+06,
7.29707e+06,
7.37238e+06,
7.44741e+06,
7.52181e+06,
7.59577e+06,
7.67316e+06,
7.75168e+06,
7.83078e+06,
7.91117e+06,
7.99156e+06,
8.06906e+06,
8.14529e+06,
8.21996e+06,
8.2954e+06,
8.37276e+06,
8.45387e+06,
8.53462e+06,
8.61425e+06,
8.69542e+06,
8.77929e+06,
8.86041e+06,
8.93895e+06,
9.0167e+06,
9.09344e+06,
9.17467e+06,
9.25548e+06,
9.33578e+06,
9.41624e+06,
9.49597e+06,
9.57537e+06,
9.65596e+06,
9.73585e+06,
9.81374e+06,
9.89366e+06,
9.97476e+06,
1.00563e+07,
1.01378e+07,
1.02186e+07,
1.02989e+07,
1.038e+07,
1.04624e+07,
1.05465e+07,
1.06298e+07,
1.07141e+07,
1.07969e+07,
1.0879e+07,
1.09607e+07,
1.10422e+07,
1.11234e+07,
1.12047e+07,
1.12864e+07,
1.13723e+07,
1.14619e+07,
1.15477e+07,
1.16314e+07,
1.17152e+07,
1.17983e+07,
1.18802e+07,
1.19623e+07,
1.20442e+07,
1.21272e+07,
1.22137e+07,
1.23025e+07,
1.23901e+07,
1.24754e+07,
1.25595e+07,
1.26428e+07,
1.27267e+07,
1.28091e+07,
1.28923e+07,
1.2978e+07,
1.30642e+07,
1.3151e+07,
1.324e+07,
1.33275e+07,
1.34129e+07,
1.34973e+07,
1.35807e+07,
1.36637e+07,
1.37493e+07,
1.38344e+07,
1.39203e+07,
1.40068e+07,
1.40933e+07,
1.41814e+07,
1.42678e+07,
1.43523e+07,
1.4436e+07,
1.45217e+07,
1.4607e+07,
1.46922e+07,
1.47774e+07,
1.48626e+07,
1.49478e+07,
1.50341e+07,
1.51224e+07,
1.52079e+07,
1.52944e+07,
1.53831e+07,
1.54711e+07,
1.55588e+07,
1.56464e+07,
1.57334e+07,
1.58209e+07,
1.59091e+07,
1.59983e+07,
1.60897e+07,
1.61801e+07,
1.62696e+07,
1.63585e+07,
1.64473e+07,
1.65353e+07,
1.66231e+07,
1.6712e+07,
1.68007e+07,
1.68896e+07,
1.69833e+07,
1.70783e+07,
1.71739e+07,
1.72685e+07,
1.73596e+07,
1.74503e+07,
1.75403e+07,
1.76294e+07,
1.77185e+07,
1.7809e+07,
1.79002e+07,
1.79926e+07,
1.80853e+07,
1.81764e+07,
1.82667e+07,
1.83555e+07,
375246,
375106,
375036,
374986,
374946,
374881,
374867,
374925,
374925,
374901,
374963,
375007,
374985,
375051,
375065,
375066,
375153,
375221,
375282,
375403,
375452,
375496,
375597,
375738,
375885,
376093,
376273,
376410,
376552,
376666,
376831,
376943,
377016,
377199,
377332,
377513,
377608,
377763,
377917,
378067,
378268,
378470,
378679,
378805,
378970,
379098,
379357,
379504,
379681,
379887,
380089,
380271,
380528,
380722,
380943,
381127,
381367,
381625,
381809,
381977,
382215,
382430,
382705,
382951,
383223,
383469,
383718,
383975,
384268,
384539,
384787,
384997,
385232,
385517,
385779,
386020,
386335,
386589,
386907,
387180,
387429,
387688,
387944,
388210,
388526,
388826,
389180,
389486,
389848,
390154,
390458,
390759,
391100,
391407,
391676,
391977,
392360,
392646,
392941,
393274,
393522,
393818,
394086,
394491,
394798,
395158,
395467,
395784,
396079,
396350,
396686,
397086,
397638,
398064,
398593,
399069,
399500,
399970,
400385,
400799,
401250,
401728,
402273,
402773,
403287,
403761,
404219,
404699,
405112,
405647,
406157,
406590,
407150,
407672,
408229,
408724,
409153,
409665,
410136,
410656,
411164,
411656,
412165,
412702,
413272,
413842,
414434,
414981,
415452,
416016,
416670,
417258,
417850,
418426,
418967,
419561,
420174,
420775,
421351,
422029,
422586,
423285,
423884,
424495,
425141,
425793,
426394,
427054,
427667,
428273,
428928,
429619,
430347,
431049,
431798,
432573,
433258,
433859,
434543,
435283,
435982,
436742,
437518,
438323,
439150,
439924,
440682,
441379,
442144,
442832,
443627,
444409,
445258,
446132,
447095,
447983,
448896,
449763,
450591,
451422,
452290,
453259,
454153,
455029,
455917,
456859,
457853,
458759,
459618,
460645,
461608,
462570,
463528,
464511,
465471,
466473,
467522,
468544,
469500,
470584,
471649,
472757,
473742,
474781,
475849,
476876,
477955,
478969,
479943,
481091,
482146,
483255,
484420,
485635,
486797,
487928,
489016,
490128,
491210,
492460,
493609,
494799,
496039,
497302,
498539,
499735,
500954,
502206,
503405,
504576,
505792,
506985,
508105,
509298,
510474,
511690,
512874,
514158,
515344,
516558,
517836,
519067,
520269,
521500,
522740,
523980,
525245,
526523,
528112,
530502,
532770,
535090,
537534,
539997,
542335,
544663,
547104,
549636,
552133,
554510,
556862,
559361,
561865,
564392,
566921,
569372,
571940,
574403,
577013,
579333,
581796,
584251,
586649,
589105,
591682,
594151,
596622,
599156,
601649,
604087,
606502,
609099,
611927,
614837,
617582,
620298,
623045,
625720,
628319,
631060,
633799,
636682,
639428,
642144,
645107,
647894,
650626,
653447,
656163,
659004,
661782,
664585,
667405,
670447,
673382,
676286,
679098,
681941,
684833,
687696,
690590,
693512,
696540,
699528,
702720,
706041,
709299,
712465,
715570,
718641,
721885,
724939,
728225,
731489,
734755,
738032,
741529,
744994,
748261,
751601,
755033,
758443,
761724,
765207,
768482,
772021,
775506,
778848,
782305,
785872,
789459,
793000,
796481,
800152,
803677,
807202,
810873,
814836,
819081,
822999,
827021,
830958,
834824,
838735,
842695,
846600,
850504,
854472,
858359,
862379,
866459,
870482,
874589,
878819,
882985,
887082,
891283,
895342,
899479,
903763,
907962,
912090,
916472,
920780,
925069,
929585,
933930,
938150,
942481,
947075,
951636,
956179,
960718,
965440,
970196,
974972,
979934,
984607,
989393,
994262,
998955,
1.00389e+06,
1.00872e+06,
1.01362e+06,
1.01848e+06,
1.02351e+06,
1.02838e+06,
1.03342e+06,
1.03838e+06,
1.04352e+06,
1.04856e+06,
1.05365e+06,
1.0588e+06,
1.06387e+06,
1.06887e+06,
1.07416e+06,
1.07941e+06,
1.08458e+06,
1.08968e+06,
1.0951e+06,
1.10032e+06,
1.10597e+06,
1.11177e+06,
1.11756e+06,
1.12342e+06,
1.12905e+06,
1.13483e+06,
1.14045e+06,
1.14619e+06,
1.15209e+06,
1.1581e+06,
1.16403e+06,
1.17008e+06,
1.17617e+06,
1.18235e+06,
1.18838e+06,
1.19446e+06,
1.20042e+06,
1.20626e+06,
1.21225e+06,
1.21849e+06,
1.22477e+06,
1.23107e+06,
1.23768e+06,
1.24403e+06,
1.25019e+06,
1.25662e+06,
1.26302e+06,
1.2694e+06,
1.27592e+06,
1.28256e+06,
1.28918e+06,
1.2959e+06,
1.30296e+06,
1.3101e+06,
1.31716e+06,
1.32416e+06,
1.33119e+06,
1.33816e+06,
1.34536e+06,
1.35259e+06,
1.35979e+06,
1.36713e+06,
1.37448e+06,
1.38175e+06,
1.38924e+06,
1.39684e+06,
1.40442e+06,
1.412e+06,
1.41961e+06,
1.42755e+06,
1.43538e+06,
1.4432e+06,
1.45096e+06,
1.45894e+06,
1.46686e+06,
1.47495e+06,
1.48304e+06,
1.49112e+06,
1.49911e+06,
1.50726e+06,
1.51568e+06,
1.52402e+06,
1.53241e+06,
1.54106e+06,
1.54998e+06,
1.55855e+06,
1.5677e+06,
1.57635e+06,
1.5853e+06,
1.5944e+06,
1.60335e+06,
1.61249e+06,
1.62188e+06,
1.63132e+06,
1.64074e+06,
1.65013e+06,
1.65975e+06,
1.66957e+06,
1.67917e+06,
1.68903e+06,
1.69927e+06,
1.70919e+06,
1.71906e+06,
1.72917e+06,
1.73922e+06,
1.74931e+06,
1.75942e+06,
1.76988e+06,
1.78036e+06,
1.79082e+06,
1.80137e+06,
1.81194e+06,
1.82285e+06,
1.83409e+06,
1.8454e+06,
1.85686e+06,
1.86834e+06,
1.87948e+06,
1.89097e+06,
1.90269e+06,
1.9146e+06,
1.92644e+06,
1.93842e+06,
1.95069e+06,
1.96295e+06,
1.97541e+06,
1.98772e+06,
2.00027e+06,
2.01286e+06,
2.02552e+06,
2.03849e+06,
2.05163e+06,
2.06473e+06,
2.07809e+06,
2.09157e+06,
2.10518e+06,
2.11905e+06,
2.13268e+06,
2.14633e+06,
2.16036e+06,
2.17473e+06,
2.18924e+06,
2.20379e+06,
2.21884e+06,
2.23419e+06,
2.24958e+06,
2.26474e+06,
2.28009e+06,
2.29555e+06,
2.31135e+06,
2.32753e+06,
2.34393e+06,
2.36055e+06,
2.37729e+06,
2.39382e+06,
2.41019e+06,
2.4271e+06,
2.44381e+06,
2.46102e+06,
2.47873e+06,
2.49686e+06,
2.51426e+06,
2.53223e+06,
2.54994e+06,
2.56832e+06,
2.58704e+06,
2.6056e+06,
2.62449e+06,
2.64352e+06,
2.66261e+06,
2.68213e+06,
2.70186e+06,
2.72212e+06,
2.74278e+06,
2.76375e+06,
2.7847e+06,
2.80555e+06,
2.82598e+06,
2.84741e+06,
2.86898e+06,
2.89094e+06,
2.91363e+06,
2.93618e+06,
2.95826e+06,
2.98092e+06,
3.00416e+06,
3.02736e+06,
3.05105e+06,
3.07505e+06,
3.09906e+06,
3.12373e+06,
3.14828e+06,
3.17308e+06,
3.19821e+06,
3.22386e+06,
3.24975e+06,
3.27596e+06,
3.30147e+06,
3.32792e+06,
3.35518e+06,
3.38282e+06,
3.4106e+06,
3.43889e+06,
3.46711e+06,
3.49515e+06,
3.5238e+06,
3.55283e+06,
3.58227e+06,
3.61212e+06,
3.64187e+06,
3.67211e+06,
3.70272e+06,
3.73397e+06,
3.7655e+06,
3.79756e+06,
3.82901e+06,
3.8608e+06,
3.89277e+06,
3.9264e+06,
3.9604e+06,
3.99504e+06,
4.02977e+06,
4.06534e+06,
4.10112e+06,
4.1387e+06,
4.176e+06,
4.21373e+06,
4.25116e+06,
4.29374e+06,
4.35877e+06,
4.42799e+06,
4.4977e+06,
4.56867e+06,
4.64038e+06,
4.71373e+06,
4.78984e+06,
4.86777e+06,
4.94765e+06,
5.03247e+06,
5.1257e+06,
5.23152e+06,
5.34268e+06,
5.43811e+06,
5.52529e+06,
5.60885e+06,
5.68953e+06,
5.76996e+06,
5.84707e+06,
5.92824e+06,
6.0088e+06,
6.08985e+06,
6.17326e+06,
6.25539e+06,
6.33379e+06,
6.40941e+06,
6.48383e+06,
6.55757e+06,
6.63126e+06,
6.70824e+06,
6.785e+06,
6.86084e+06,
6.93639e+06,
7.01666e+06,
7.09464e+06,
7.16889e+06,
7.24133e+06,
7.3124e+06,
7.38666e+06,
7.463e+06,
7.53842e+06,
7.61422e+06,
7.68873e+06,
7.76368e+06,
7.84137e+06,
7.9179e+06,
7.99172e+06,
8.06614e+06,
8.14273e+06,
8.22016e+06,
8.29688e+06,
8.37304e+06,
8.44914e+06,
8.52582e+06,
8.60289e+06,
8.68286e+06,
8.75963e+06,
8.83738e+06,
8.91243e+06,
8.98976e+06,
9.06604e+06,
9.14055e+06,
9.2167e+06,
9.29361e+06,
9.37198e+06,
9.45128e+06,
9.53662e+06,
9.61884e+06,
9.69895e+06,
9.77802e+06,
9.85714e+06,
9.93534e+06,
1.00132e+07,
1.00906e+07,
1.01682e+07,
1.02479e+07,
1.03312e+07,
1.04157e+07,
1.0498e+07,
1.05783e+07,
1.06571e+07,
1.07358e+07,
1.08137e+07,
1.08913e+07,
1.097e+07,
1.10527e+07,
1.11355e+07,
1.12203e+07,
1.13053e+07,
1.13873e+07,
1.14679e+07,
1.15482e+07,
1.16272e+07,
1.17073e+07,
1.17894e+07,
1.18714e+07,
1.19541e+07,
1.2037e+07,
1.21218e+07,
1.22073e+07,
1.22898e+07,
1.23711e+07,
1.24514e+07,
1.25338e+07,
1.26165e+07,
1.26991e+07,
1.27816e+07,
1.28648e+07,
1.29479e+07,
1.30332e+07,
1.31185e+07,
1.32013e+07,
1.32846e+07,
1.33687e+07,
1.34523e+07,
1.3535e+07,
1.3618e+07,
1.36998e+07,
1.37827e+07,
1.3865e+07,
1.39489e+07,
1.40343e+07,
1.41192e+07,
1.42035e+07,
1.42868e+07,
1.43699e+07,
1.44525e+07,
1.45346e+07,
1.46161e+07,
1.46994e+07,
1.47851e+07,
1.4874e+07,
1.49636e+07,
1.50504e+07,
1.51372e+07,
1.52226e+07,
1.53072e+07,
1.5392e+07,
1.54757e+07,
1.55594e+07,
1.56461e+07,
1.57336e+07,
1.58221e+07,
1.59109e+07,
1.59983e+07,
1.60849e+07,
1.61713e+07,
1.62572e+07,
1.63435e+07,
1.64314e+07,
1.65197e+07,
1.66099e+07,
1.67018e+07,
1.67945e+07,
1.68857e+07,
1.69747e+07,
1.70621e+07,
1.71488e+07,
1.72357e+07,
1.73242e+07,
375246,
375098,
375017,
374972,
374916,
374856,
374834,
374866,
374860,
374826,
374892,
374921,
374895,
374956,
374963,
374961,
375049,
375140,
375193,
375269,
375302,
375348,
375475,
375617,
375782,
375942,
376064,
376203,
376313,
376515,
376674,
376776,
376909,
377023,
377208,
377344,
377510,
377630,
377737,
377878,
378045,
378207,
378405,
378549,
378731,
378979,
379119,
379276,
379527,
379682,
379926,
380078,
380266,
380513,
380750,
380902,
381098,
381322,
381505,
381736,
381968,
382251,
382462,
382668,
382887,
383200,
383452,
383724,
383927,
384184,
384461,
384728,
384989,
385267,
385537,
385783,
386046,
386269,
386569,
386816,
387137,
387390,
387678,
387950,
388216,
388557,
388871,
389171,
389480,
389761,
390090,
390458,
390745,
391038,
391334,
391622,
391963,
392231,
392548,
392783,
393121,
393380,
393685,
394075,
394340,
394631,
395024,
395342,
395628,
395989,
396328,
396615,
396932,
397305,
397678,
397956,
398281,
398673,
399113,
399563,
400084,
400522,
400993,
401551,
402107,
402548,
403070,
403498,
403890,
404435,
404913,
405487,
406038,
406486,
406977,
407458,
407979,
408440,
408856,
409285,
409795,
410403,
411010,
411528,
412078,
412556,
413075,
413609,
414084,
414581,
415111,
415662,
416271,
416850,
417492,
418036,
418697,
419250,
419808,
420386,
421051,
421710,
422280,
422928,
423550,
424209,
424875,
425502,
426090,
426713,
427401,
428103,
428795,
429540,
430239,
430980,
431665,
432286,
432902,
433636,
434322,
435065,
435826,
436594,
437406,
438121,
438935,
439727,
440467,
441214,
442002,
442845,
443701,
444514,
445336,
446129,
446943,
447774,
448616,
449538,
450469,
451367,
452299,
453191,
454106,
455068,
455961,
456766,
457633,
458543,
459421,
460408,
461331,
462409,
463376,
464376,
465444,
466424,
467304,
468318,
469328,
470344,
471352,
472411,
473513,
474556,
475626,
476564,
477504,
478469,
479581,
480670,
481788,
482896,
484027,
485154,
486268,
487324,
488396,
489572,
490645,
491816,
492925,
494042,
495287,
496398,
497531,
498703,
499972,
501171,
502377,
503667,
504881,
506066,
507196,
508311,
509533,
510635,
511775,
512926,
514095,
515212,
516452,
517677,
518976,
520263,
521535,
522798,
524101,
525351,
526553,
527761,
529026,
530301,
531587,
532861,
534177,
535511,
536872,
539060,
541329,
543668,
546061,
548357,
550664,
553071,
555636,
557980,
560311,
562725,
565223,
567665,
569990,
572353,
574780,
577207,
579818,
582417,
584968,
587405,
589736,
592152,
594643,
597012,
599672,
602156,
604680,
607169,
609425,
611836,
614300,
616732,
619364,
621976,
624620,
627313,
629984,
632674,
635343,
637919,
640641,
643475,
646274,
649013,
651870,
654512,
657233,
659815,
662593,
665300,
668116,
671054,
674000,
676822,
679674,
682414,
685264,
688126,
690867,
693560,
696439,
699434,
702466,
705432,
708413,
711274,
714385,
717531,
720795,
723841,
727014,
730208,
733592,
736939,
740150,
743624,
746934,
750218,
753400,
756654,
759959,
763416,
766779,
770362,
773957,
777559,
781112,
784649,
788275,
791838,
795458,
799047,
802577,
806110,
809711,
813142,
816721,
820361,
823928,
827596,
831384,
835239,
839211,
843090,
847126,
851292,
855149,
859029,
862966,
866897,
871022,
875261,
879290,
883293,
887347,
891508,
895601,
899742,
903948,
908036,
912232,
916519,
920835,
925152,
929439,
933699,
937952,
942295,
946429,
950775,
955196,
959734,
964253,
968958,
973748,
978474,
983166,
987831,
992570,
997457,
1.00232e+06,
1.00709e+06,
1.01198e+06,
1.01689e+06,
1.02187e+06,
1.02697e+06,
1.03192e+06,
1.03681e+06,
1.04181e+06,
1.04689e+06,
1.05214e+06,
1.05728e+06,
1.06251e+06,
1.06751e+06,
1.07263e+06,
1.07784e+06,
1.08275e+06,
1.08808e+06,
1.09343e+06,
1.09877e+06,
1.10425e+06,
1.10942e+06,
1.11495e+06,
1.12029e+06,
1.12568e+06,
1.1313e+06,
1.137e+06,
1.14259e+06,
1.14827e+06,
1.1544e+06,
1.16041e+06,
1.16681e+06,
1.1727e+06,
1.17883e+06,
1.18472e+06,
1.19081e+06,
1.19689e+06,
1.20296e+06,
1.20903e+06,
1.21512e+06,
1.22147e+06,
1.22779e+06,
1.23413e+06,
1.24075e+06,
1.24704e+06,
1.25332e+06,
1.2596e+06,
1.26586e+06,
1.27212e+06,
1.27863e+06,
1.28512e+06,
1.29181e+06,
1.29852e+06,
1.3052e+06,
1.31217e+06,
1.31912e+06,
1.32637e+06,
1.33352e+06,
1.34032e+06,
1.3477e+06,
1.35474e+06,
1.36196e+06,
1.36941e+06,
1.3769e+06,
1.38482e+06,
1.39236e+06,
1.3999e+06,
1.4075e+06,
1.41508e+06,
1.42242e+06,
1.4302e+06,
1.43772e+06,
1.44577e+06,
1.45362e+06,
1.46166e+06,
1.46971e+06,
1.47793e+06,
1.48593e+06,
1.49379e+06,
1.50198e+06,
1.51015e+06,
1.51851e+06,
1.52695e+06,
1.53531e+06,
1.54388e+06,
1.5527e+06,
1.56144e+06,
1.57032e+06,
1.5792e+06,
1.58818e+06,
1.59719e+06,
1.60648e+06,
1.61576e+06,
1.62498e+06,
1.63454e+06,
1.64425e+06,
1.65412e+06,
1.66366e+06,
1.67308e+06,
1.68279e+06,
1.69252e+06,
1.70248e+06,
1.71259e+06,
1.72285e+06,
1.73301e+06,
1.74322e+06,
1.75362e+06,
1.76392e+06,
1.77408e+06,
1.78478e+06,
1.79546e+06,
1.80621e+06,
1.81719e+06,
1.82806e+06,
1.83901e+06,
1.85011e+06,
1.86155e+06,
1.87303e+06,
1.88432e+06,
1.89581e+06,
1.90789e+06,
1.91988e+06,
1.93207e+06,
1.94461e+06,
1.95694e+06,
1.96958e+06,
1.98232e+06,
1.99469e+06,
2.00735e+06,
2.02005e+06,
2.03322e+06,
2.04652e+06,
2.06002e+06,
2.07328e+06,
2.08699e+06,
2.10102e+06,
2.11481e+06,
2.12861e+06,
2.14242e+06,
2.15657e+06,
2.17137e+06,
2.18608e+06,
2.20068e+06,
2.2155e+06,
2.23033e+06,
2.24556e+06,
2.26103e+06,
2.27671e+06,
2.29246e+06,
2.30857e+06,
2.3247e+06,
2.34091e+06,
2.35732e+06,
2.37375e+06,
2.39037e+06,
2.40737e+06,
2.42454e+06,
2.44202e+06,
2.45915e+06,
2.4764e+06,
2.49418e+06,
2.5119e+06,
2.52985e+06,
2.54846e+06,
2.56732e+06,
2.58588e+06,
2.60495e+06,
2.62359e+06,
2.642e+06,
2.66098e+06,
2.68086e+06,
2.70098e+06,
2.72135e+06,
2.74178e+06,
2.76251e+06,
2.783e+06,
2.80374e+06,
2.8249e+06,
2.84628e+06,
2.8679e+06,
2.8901e+06,
2.91246e+06,
2.9344e+06,
2.95677e+06,
2.97975e+06,
3.00289e+06,
3.02668e+06,
3.05044e+06,
3.07382e+06,
3.09773e+06,
3.12187e+06,
3.14688e+06,
3.17199e+06,
3.19753e+06,
3.22297e+06,
3.24831e+06,
3.27363e+06,
3.29905e+06,
3.3256e+06,
3.3525e+06,
3.38004e+06,
3.40746e+06,
3.43492e+06,
3.46298e+06,
3.49151e+06,
3.5204e+06,
3.54904e+06,
3.57792e+06,
3.60664e+06,
3.63599e+06,
3.66648e+06,
3.69742e+06,
3.7286e+06,
3.75977e+06,
3.79087e+06,
3.82225e+06,
3.85486e+06,
3.88801e+06,
3.92108e+06,
3.95489e+06,
3.98868e+06,
4.02304e+06,
4.05845e+06,
4.09444e+06,
4.13043e+06,
4.18107e+06,
4.2426e+06,
4.30564e+06,
4.37103e+06,
4.43668e+06,
4.50312e+06,
4.57032e+06,
4.63827e+06,
4.70782e+06,
4.78028e+06,
4.85882e+06,
4.94046e+06,
5.02361e+06,
5.11154e+06,
5.2148e+06,
5.31702e+06,
5.40678e+06,
5.48828e+06,
5.56709e+06,
5.6454e+06,
5.72647e+06,
5.80556e+06,
5.88254e+06,
5.95864e+06,
6.03498e+06,
6.11336e+06,
6.19134e+06,
6.26567e+06,
6.33783e+06,
6.41164e+06,
6.48556e+06,
6.55987e+06,
6.63296e+06,
6.70483e+06,
6.7769e+06,
6.85016e+06,
6.9251e+06,
6.9992e+06,
7.07261e+06,
7.14785e+06,
7.22139e+06,
7.29345e+06,
7.36522e+06,
7.43669e+06,
7.50829e+06,
7.58002e+06,
7.65136e+06,
7.72507e+06,
7.80203e+06,
7.87817e+06,
7.95275e+06,
8.02567e+06,
8.09743e+06,
8.16648e+06,
8.23811e+06,
8.31005e+06,
8.38137e+06,
8.45746e+06,
8.53894e+06,
8.61946e+06,
8.69677e+06,
8.77289e+06,
8.84853e+06,
8.92376e+06,
8.99862e+06,
9.0728e+06,
9.14723e+06,
9.22491e+06,
9.30392e+06,
9.38575e+06,
9.46606e+06,
9.54386e+06,
9.62032e+06,
9.69603e+06,
9.771e+06,
9.84584e+06,
9.92368e+06,
1.00024e+07,
1.00804e+07,
1.01585e+07,
1.02386e+07,
1.03186e+07,
1.03967e+07,
1.0473e+07,
1.05487e+07,
1.06266e+07,
1.07051e+07,
1.07833e+07,
1.08615e+07,
1.09399e+07,
1.10191e+07,
1.11005e+07,
1.11817e+07,
1.12602e+07,
1.13391e+07,
1.14193e+07,
1.14991e+07,
1.15788e+07,
1.16579e+07,
1.17369e+07,
1.18162e+07,
1.18952e+07,
1.19764e+07,
1.20587e+07,
1.21406e+07,
1.22215e+07,
1.23017e+07,
1.23811e+07,
1.2461e+07,
1.25406e+07,
1.26203e+07,
1.27e+07,
1.27796e+07,
1.28635e+07,
1.29491e+07,
1.30321e+07,
1.31132e+07,
1.31946e+07,
1.32748e+07,
1.33549e+07,
1.34345e+07,
1.35139e+07,
1.35938e+07,
1.36759e+07,
1.37588e+07,
1.3843e+07,
1.39246e+07,
1.40057e+07,
1.40868e+07,
1.41698e+07,
1.42528e+07,
1.43359e+07,
1.44195e+07,
1.45034e+07,
1.45873e+07,
1.46717e+07,
1.47582e+07,
1.48429e+07,
1.49268e+07,
1.50096e+07,
1.50925e+07,
1.51758e+07,
1.52594e+07,
1.53425e+07,
1.54259e+07,
1.55102e+07,
1.55946e+07,
1.56813e+07,
1.57675e+07,
1.58529e+07,
1.59384e+07,
1.60253e+07,
1.61125e+07,
1.62009e+07,
1.62889e+07,
375246,
375087,
375004,
374940,
374886,
374805,
374788,
374812,
374817,
374781,
374831,
374869,
374833,
374864,
374879,
374891,
374982,
375058,
375066,
375105,
375173,
375222,
375385,
375470,
375681,
375813,
375917,
376055,
376151,
376368,
376496,
376662,
376811,
376929,
377096,
377271,
377381,
377446,
377601,
377725,
377827,
378028,
378126,
378310,
378570,
378790,
378989,
379152,
379305,
379450,
379690,
379897,
380064,
380272,
380465,
380694,
380951,
381125,
381340,
381569,
381803,
382018,
382193,
382436,
382665,
382945,
383257,
383452,
383691,
383907,
384122,
384393,
384683,
384892,
385127,
385358,
385646,
385913,
386183,
386463,
386751,
387021,
387335,
387615,
387892,
388228,
388457,
388849,
389195,
389485,
389809,
390089,
390415,
390747,
391042,
391304,
391597,
391831,
392052,
392383,
392643,
392951,
393275,
393602,
393953,
394284,
394632,
394939,
395231,
395535,
395871,
396171,
396491,
396759,
397036,
397378,
397745,
398097,
398402,
398751,
399116,
399441,
399827,
400292,
400781,
401199,
401713,
402184,
402647,
403094,
403554,
404032,
404553,
405050,
405560,
406061,
406559,
407075,
407530,
408035,
408605,
409145,
409619,
410187,
410685,
411153,
411655,
412123,
412524,
413046,
413690,
414287,
414876,
415463,
416065,
416617,
417217,
417687,
418255,
418808,
419425,
420051,
420627,
421304,
421966,
422596,
423270,
423918,
424486,
425179,
425824,
426463,
427155,
427860,
428543,
429261,
430005,
430676,
431309,
432001,
432739,
433401,
434126,
434842,
435623,
436405,
437193,
437884,
438557,
439359,
440185,
440981,
441776,
442597,
443431,
444240,
445206,
446014,
446788,
447612,
448472,
449336,
450278,
451123,
452051,
452917,
453836,
454719,
455596,
456481,
457405,
458378,
459311,
460283,
461188,
462085,
463085,
464055,
464954,
465929,
467052,
468036,
469017,
469927,
470866,
471803,
472823,
473844,
474839,
475839,
476919,
477983,
479028,
480070,
481118,
482176,
483224,
484255,
485291,
486358,
487479,
488577,
489788,
490908,
492086,
493208,
494291,
495464,
496612,
497760,
498867,
499998,
501111,
502293,
503466,
504577,
505738,
506851,
507947,
509078,
510296,
511497,
512661,
513840,
515039,
516163,
517393,
518639,
519920,
521128,
522349,
523567,
524834,
526122,
527377,
528653,
529924,
531196,
532496,
533781,
535065,
536299,
537590,
538812,
540139,
541344,
542620,
543886,
545177,
546507,
548319,
550451,
552911,
555207,
557522,
559825,
562288,
564712,
566959,
569286,
571624,
574194,
576703,
579174,
581514,
583880,
586341,
588817,
591094,
593424,
595846,
598238,
600600,
603054,
605468,
607914,
610303,
612663,
614958,
617394,
619879,
622325,
624910,
627225,
629772,
632432,
634945,
637395,
639979,
642520,
645210,
647976,
650801,
653603,
656394,
659084,
661692,
664245,
666753,
669359,
672123,
675088,
677920,
680633,
683409,
686218,
689085,
691942,
694676,
697470,
700307,
703290,
706234,
709093,
712025,
714918,
717859,
720770,
723674,
726697,
730013,
733299,
736617,
740016,
743482,
746820,
750246,
753687,
757212,
760592,
764005,
767310,
770775,
774226,
777508,
780885,
784276,
787721,
791165,
794454,
798101,
801660,
805263,
808637,
812177,
815730,
819338,
822926,
826506,
830187,
833951,
837718,
841603,
845501,
849429,
853199,
856985,
860906,
864786,
868853,
872951,
877000,
881155,
885131,
889126,
893205,
897363,
901381,
905260,
909386,
913662,
917858,
922164,
926559,
930678,
934820,
939104,
943267,
947461,
951824,
956032,
960467,
964830,
969438,
974013,
978596,
983285,
988046,
992668,
997349,
1.0021e+06,
1.00683e+06,
1.01164e+06,
1.01654e+06,
1.02161e+06,
1.02659e+06,
1.03176e+06,
1.03675e+06,
1.04164e+06,
1.04659e+06,
1.05157e+06,
1.05633e+06,
1.06141e+06,
1.0665e+06,
1.07167e+06,
1.07704e+06,
1.08232e+06,
1.08771e+06,
1.09281e+06,
1.09822e+06,
1.1036e+06,
1.10896e+06,
1.11436e+06,
1.1197e+06,
1.12504e+06,
1.13049e+06,
1.13597e+06,
1.14166e+06,
1.14722e+06,
1.15306e+06,
1.15892e+06,
1.16479e+06,
1.17065e+06,
1.17685e+06,
1.18285e+06,
1.18881e+06,
1.19474e+06,
1.20076e+06,
1.20703e+06,
1.21315e+06,
1.21955e+06,
1.22595e+06,
1.23245e+06,
1.23874e+06,
1.24511e+06,
1.25164e+06,
1.25806e+06,
1.26443e+06,
1.27075e+06,
1.27713e+06,
1.28406e+06,
1.2911e+06,
1.29783e+06,
1.30454e+06,
1.31137e+06,
1.31814e+06,
1.32489e+06,
1.33159e+06,
1.33816e+06,
1.34509e+06,
1.35228e+06,
1.35974e+06,
1.3673e+06,
1.37481e+06,
1.38232e+06,
1.38978e+06,
1.3973e+06,
1.40453e+06,
1.41192e+06,
1.41971e+06,
1.42756e+06,
1.43557e+06,
1.44367e+06,
1.45177e+06,
1.45986e+06,
1.46787e+06,
1.47578e+06,
1.48375e+06,
1.49166e+06,
1.49984e+06,
1.50804e+06,
1.51665e+06,
1.52509e+06,
1.53352e+06,
1.54209e+06,
1.55066e+06,
1.55935e+06,
1.56772e+06,
1.57615e+06,
1.58496e+06,
1.59393e+06,
1.60327e+06,
1.61268e+06,
1.62218e+06,
1.63169e+06,
1.64122e+06,
1.65075e+06,
1.66045e+06,
1.67019e+06,
1.67998e+06,
1.69005e+06,
1.70022e+06,
1.71041e+06,
1.72046e+06,
1.73101e+06,
1.74118e+06,
1.75171e+06,
1.762e+06,
1.77237e+06,
1.78299e+06,
1.79373e+06,
1.80468e+06,
1.81576e+06,
1.82679e+06,
1.83801e+06,
1.84944e+06,
1.86076e+06,
1.8721e+06,
1.88355e+06,
1.89539e+06,
1.90731e+06,
1.91944e+06,
1.93182e+06,
1.94456e+06,
1.95714e+06,
1.96976e+06,
1.98256e+06,
1.99537e+06,
2.00833e+06,
2.02149e+06,
2.03532e+06,
2.04876e+06,
2.06226e+06,
2.07565e+06,
2.0892e+06,
2.10308e+06,
2.11705e+06,
2.13159e+06,
2.14577e+06,
2.15998e+06,
2.17444e+06,
2.18911e+06,
2.20374e+06,
2.21858e+06,
2.2338e+06,
2.24902e+06,
2.26452e+06,
2.27972e+06,
2.29494e+06,
2.31103e+06,
2.32738e+06,
2.34334e+06,
2.36037e+06,
2.37734e+06,
2.39438e+06,
2.41161e+06,
2.4291e+06,
2.44652e+06,
2.46354e+06,
2.48128e+06,
2.4993e+06,
2.51745e+06,
2.53606e+06,
2.55479e+06,
2.57333e+06,
2.59184e+06,
2.61063e+06,
2.62939e+06,
2.64844e+06,
2.66805e+06,
2.68811e+06,
2.70792e+06,
2.72807e+06,
2.7484e+06,
2.76855e+06,
2.78931e+06,
2.81055e+06,
2.83214e+06,
2.85353e+06,
2.87515e+06,
2.89728e+06,
2.91927e+06,
2.94252e+06,
2.96579e+06,
2.98906e+06,
3.01211e+06,
3.03502e+06,
3.05854e+06,
3.08215e+06,
3.10651e+06,
3.13101e+06,
3.15612e+06,
3.18105e+06,
3.20581e+06,
3.23081e+06,
3.25676e+06,
3.2828e+06,
3.30894e+06,
3.33489e+06,
3.36114e+06,
3.38808e+06,
3.41511e+06,
3.44307e+06,
3.47129e+06,
3.49952e+06,
3.52796e+06,
3.55653e+06,
3.58563e+06,
3.61506e+06,
3.64489e+06,
3.67546e+06,
3.70547e+06,
3.73622e+06,
3.76686e+06,
3.79885e+06,
3.831e+06,
3.86336e+06,
3.89536e+06,
3.92769e+06,
3.9608e+06,
3.99552e+06,
4.04372e+06,
4.10177e+06,
4.16023e+06,
4.21955e+06,
4.27883e+06,
4.33975e+06,
4.40171e+06,
4.46392e+06,
4.52749e+06,
4.59099e+06,
4.66076e+06,
4.7328e+06,
4.80715e+06,
4.8836e+06,
4.96062e+06,
5.04164e+06,
5.12905e+06,
5.23174e+06,
5.32051e+06,
5.40352e+06,
5.48395e+06,
5.56272e+06,
5.63958e+06,
5.71564e+06,
5.79007e+06,
5.8623e+06,
5.93438e+06,
6.00611e+06,
6.08123e+06,
6.15701e+06,
6.22999e+06,
6.3016e+06,
6.37266e+06,
6.44297e+06,
6.51318e+06,
6.58305e+06,
6.65191e+06,
6.72037e+06,
6.79105e+06,
6.86744e+06,
6.94184e+06,
7.01429e+06,
7.08519e+06,
7.15497e+06,
7.22433e+06,
7.29183e+06,
7.35821e+06,
7.42322e+06,
7.49469e+06,
7.56673e+06,
7.63949e+06,
7.71383e+06,
7.78668e+06,
7.85883e+06,
7.93041e+06,
8.00236e+06,
8.07304e+06,
8.14604e+06,
8.21999e+06,
8.29487e+06,
8.36984e+06,
8.44711e+06,
8.52457e+06,
8.59952e+06,
8.673e+06,
8.74482e+06,
8.81731e+06,
8.89237e+06,
8.96764e+06,
9.04194e+06,
9.11655e+06,
9.19059e+06,
9.26727e+06,
9.34457e+06,
9.4196e+06,
9.49385e+06,
9.56967e+06,
9.64562e+06,
9.72123e+06,
9.79604e+06,
9.87092e+06,
9.94561e+06,
1.00207e+07,
1.00971e+07,
1.01749e+07,
1.02522e+07,
1.03291e+07,
1.04054e+07,
1.04808e+07,
1.0556e+07,
1.06322e+07,
1.07068e+07,
1.07821e+07,
1.08572e+07,
1.09341e+07,
1.10157e+07,
1.10959e+07,
1.11743e+07,
1.12522e+07,
1.1329e+07,
1.14062e+07,
1.14819e+07,
1.15581e+07,
1.16339e+07,
1.17126e+07,
1.17916e+07,
1.18726e+07,
1.19539e+07,
1.20328e+07,
1.21104e+07,
1.2187e+07,
1.2264e+07,
1.23404e+07,
1.24185e+07,
1.24971e+07,
1.25763e+07,
1.26562e+07,
1.27377e+07,
1.28192e+07,
1.28998e+07,
1.2979e+07,
1.30572e+07,
1.3134e+07,
1.3213e+07,
1.32922e+07,
1.33707e+07,
1.34494e+07,
1.35299e+07,
1.3612e+07,
1.36957e+07,
1.37781e+07,
1.38593e+07,
1.39403e+07,
1.40224e+07,
1.41036e+07,
1.41846e+07,
1.42655e+07,
1.43466e+07,
1.44283e+07,
1.45101e+07,
1.45935e+07,
1.46762e+07,
1.47578e+07,
1.48395e+07,
1.4921e+07,
1.50018e+07,
1.50826e+07,
1.51639e+07,
1.52456e+07,
375246,
375086,
374995,
374890,
374843,
374783,
374740,
374755,
374773,
374731,
374752,
374807,
374754,
374793,
374793,
374827,
374921,
374978,
374991,
375050,
375047,
375138,
375280,
375415,
375561,
375695,
375782,
375887,
376029,
376205,
376345,
376498,
376665,
376813,
376959,
377092,
377190,
377325,
377480,
377591,
377680,
377771,
377950,
378166,
378404,
378614,
378815,
378967,
379151,
379312,
379494,
379674,
379864,
380047,
380261,
380445,
380710,
380936,
381188,
381441,
381654,
381803,
382010,
382231,
382517,
382777,
382987,
383230,
383456,
383684,
383977,
384142,
384401,
384589,
384784,
385038,
385341,
385563,
385778,
386061,
386353,
386679,
387010,
387325,
387610,
387874,
388125,
388445,
388760,
389060,
389371,
389694,
390009,
390305,
390637,
390924,
391196,
391392,
391625,
391918,
392215,
392535,
392833,
393215,
393514,
393801,
394139,
394430,
394648,
394955,
395306,
395613,
395927,
396291,
396657,
396969,
397299,
397581,
397857,
398227,
398587,
398881,
399206,
399539,
399885,
400302,
400662,
400999,
401296,
401700,
402231,
402723,
403162,
403694,
404168,
404686,
405198,
405682,
406174,
406629,
407147,
407688,
408184,
408657,
409117,
409577,
410157,
410738,
411214,
411758,
412272,
412818,
413376,
413949,
414554,
415026,
415503,
416031,
416542,
417147,
417742,
418403,
418997,
419591,
420257,
420948,
421563,
422187,
422753,
423380,
424049,
424761,
425472,
426133,
426850,
427551,
428264,
428894,
429534,
430188,
430896,
431631,
432378,
433189,
433912,
434650,
435451,
436193,
436908,
437614,
438423,
439212,
440047,
440822,
441699,
442498,
443275,
444137,
444834,
445609,
446461,
447376,
448244,
449149,
450011,
450845,
451761,
452657,
453501,
454367,
455235,
456154,
457063,
458007,
458951,
459889,
460843,
461723,
462628,
463500,
464468,
465411,
466343,
467290,
468252,
469327,
470311,
471264,
472186,
473187,
474192,
475112,
476069,
477102,
478160,
479224,
480308,
481359,
482344,
483369,
484378,
485347,
486402,
487511,
488545,
489708,
490816,
491965,
493097,
494215,
495440,
496553,
497637,
498782,
499912,
500920,
502023,
503105,
504203,
505290,
506443,
507585,
508641,
509807,
510986,
512191,
513422,
514590,
515761,
516949,
518115,
519306,
520569,
521824,
523071,
524292,
525477,
526708,
527940,
529074,
530285,
531466,
532689,
533870,
535050,
536324,
537662,
538962,
540268,
541546,
542843,
544167,
545419,
546692,
547944,
549180,
550483,
551813,
553094,
554358,
555633,
556875,
558307,
560557,
562792,
565020,
567219,
569509,
571796,
574153,
576445,
578766,
581147,
583445,
585776,
588067,
590455,
592830,
595077,
597482,
599750,
602109,
604500,
606830,
609161,
611647,
614219,
616583,
618794,
621140,
623438,
625641,
627911,
630426,
632861,
635411,
637762,
640255,
642571,
645128,
647815,
650404,
653111,
655714,
658360,
660890,
663645,
666195,
668754,
671540,
674297,
677196,
680033,
682703,
685303,
688158,
691001,
693813,
696416,
699137,
701945,
704919,
707869,
710871,
713859,
716952,
719947,
722976,
726019,
729077,
732004,
734984,
738081,
741379,
744837,
748127,
751349,
754597,
757768,
761046,
764332,
767603,
770895,
774428,
777970,
781468,
784950,
788432,
791812,
795379,
798856,
802455,
805772,
809252,
812704,
816243,
819812,
823244,
826793,
830387,
834012,
837552,
841153,
845033,
848684,
852313,
855849,
859626,
863457,
867382,
871307,
875283,
879267,
883380,
887335,
891242,
895272,
899295,
903188,
907200,
911502,
915815,
919967,
924050,
928428,
932797,
936924,
941146,
945199,
949500,
953740,
958233,
962641,
967065,
971380,
975852,
980339,
984615,
988997,
993419,
998056,
1.00289e+06,
1.00763e+06,
1.01261e+06,
1.01746e+06,
1.02242e+06,
1.02746e+06,
1.03238e+06,
1.03721e+06,
1.0423e+06,
1.04752e+06,
1.05268e+06,
1.05777e+06,
1.06289e+06,
1.06783e+06,
1.07298e+06,
1.07826e+06,
1.08345e+06,
1.08841e+06,
1.09355e+06,
1.09873e+06,
1.10416e+06,
1.10942e+06,
1.11491e+06,
1.12011e+06,
1.12555e+06,
1.13101e+06,
1.13643e+06,
1.14215e+06,
1.14779e+06,
1.15352e+06,
1.15921e+06,
1.16492e+06,
1.17087e+06,
1.1769e+06,
1.18299e+06,
1.18891e+06,
1.19496e+06,
1.20104e+06,
1.2075e+06,
1.21386e+06,
1.22003e+06,
1.22636e+06,
1.23263e+06,
1.23887e+06,
1.24509e+06,
1.25172e+06,
1.25803e+06,
1.26451e+06,
1.27116e+06,
1.27772e+06,
1.28439e+06,
1.29108e+06,
1.29761e+06,
1.30425e+06,
1.31104e+06,
1.31781e+06,
1.32458e+06,
1.33136e+06,
1.33834e+06,
1.34558e+06,
1.35289e+06,
1.36002e+06,
1.36714e+06,
1.37432e+06,
1.38194e+06,
1.38934e+06,
1.39677e+06,
1.40429e+06,
1.41197e+06,
1.41981e+06,
1.4277e+06,
1.43565e+06,
1.44349e+06,
1.45143e+06,
1.45948e+06,
1.46754e+06,
1.47565e+06,
1.48365e+06,
1.49182e+06,
1.50024e+06,
1.50871e+06,
1.51725e+06,
1.5257e+06,
1.53439e+06,
1.54308e+06,
1.55188e+06,
1.56024e+06,
1.56881e+06,
1.5775e+06,
1.58655e+06,
1.59566e+06,
1.60512e+06,
1.61445e+06,
1.62378e+06,
1.63331e+06,
1.64282e+06,
1.65231e+06,
1.66155e+06,
1.67165e+06,
1.68155e+06,
1.69175e+06,
1.70189e+06,
1.71242e+06,
1.72287e+06,
1.73346e+06,
1.74382e+06,
1.75412e+06,
1.76458e+06,
1.77555e+06,
1.78662e+06,
1.79798e+06,
1.80928e+06,
1.82053e+06,
1.83181e+06,
1.84316e+06,
1.85475e+06,
1.86617e+06,
1.87778e+06,
1.88983e+06,
1.90165e+06,
1.91385e+06,
1.92608e+06,
1.93816e+06,
1.95034e+06,
1.96304e+06,
1.97603e+06,
1.98912e+06,
2.002e+06,
2.01527e+06,
2.02864e+06,
2.04201e+06,
2.05565e+06,
2.06951e+06,
2.08334e+06,
2.09733e+06,
2.11145e+06,
2.12553e+06,
2.1396e+06,
2.15403e+06,
2.16888e+06,
2.18351e+06,
2.1984e+06,
2.21354e+06,
2.22925e+06,
2.24458e+06,
2.26004e+06,
2.27508e+06,
2.29058e+06,
2.30609e+06,
2.32228e+06,
2.33856e+06,
2.35538e+06,
2.37226e+06,
2.38894e+06,
2.40599e+06,
2.42292e+06,
2.43975e+06,
2.4572e+06,
2.47534e+06,
2.49359e+06,
2.51183e+06,
2.53029e+06,
2.54863e+06,
2.56717e+06,
2.58613e+06,
2.60521e+06,
2.62434e+06,
2.64354e+06,
2.66345e+06,
2.68334e+06,
2.70282e+06,
2.72294e+06,
2.74375e+06,
2.76425e+06,
2.7849e+06,
2.80608e+06,
2.82683e+06,
2.84767e+06,
2.86918e+06,
2.89159e+06,
2.91406e+06,
2.93684e+06,
2.95947e+06,
2.98194e+06,
3.005e+06,
3.028e+06,
3.05165e+06,
3.0755e+06,
3.09938e+06,
3.12374e+06,
3.14827e+06,
3.17282e+06,
3.19811e+06,
3.22404e+06,
3.24979e+06,
3.27554e+06,
3.30138e+06,
3.3269e+06,
3.35341e+06,
3.38044e+06,
3.40761e+06,
3.43491e+06,
3.46221e+06,
3.48974e+06,
3.51744e+06,
3.54631e+06,
3.57535e+06,
3.60428e+06,
3.63388e+06,
3.66313e+06,
3.69245e+06,
3.72328e+06,
3.75427e+06,
3.78581e+06,
3.81774e+06,
3.84948e+06,
3.88663e+06,
3.93914e+06,
3.99368e+06,
4.04907e+06,
4.10423e+06,
4.15916e+06,
4.21496e+06,
4.27174e+06,
4.32963e+06,
4.38828e+06,
4.44934e+06,
4.51261e+06,
4.57712e+06,
4.64308e+06,
4.71166e+06,
4.78097e+06,
4.85283e+06,
4.92495e+06,
5.00112e+06,
5.08176e+06,
5.18154e+06,
5.27214e+06,
5.35487e+06,
5.43127e+06,
5.50577e+06,
5.57993e+06,
5.65192e+06,
5.72303e+06,
5.79244e+06,
5.86232e+06,
5.93389e+06,
6.00756e+06,
6.08027e+06,
6.15095e+06,
6.21933e+06,
6.2864e+06,
6.35321e+06,
6.4199e+06,
6.48643e+06,
6.55517e+06,
6.62242e+06,
6.68868e+06,
6.75874e+06,
6.82841e+06,
6.89868e+06,
6.96846e+06,
7.03689e+06,
7.10479e+06,
7.17311e+06,
7.2438e+06,
7.31403e+06,
7.38478e+06,
7.45486e+06,
7.52552e+06,
7.59837e+06,
7.6693e+06,
7.73825e+06,
7.80719e+06,
7.87839e+06,
7.95069e+06,
8.02285e+06,
8.09447e+06,
8.16547e+06,
8.2371e+06,
8.30853e+06,
8.38299e+06,
8.45703e+06,
8.53025e+06,
8.60337e+06,
8.67579e+06,
8.74793e+06,
8.82013e+06,
8.89168e+06,
8.96317e+06,
9.03531e+06,
9.10658e+06,
9.18008e+06,
9.25693e+06,
9.33206e+06,
9.4058e+06,
9.47916e+06,
9.55241e+06,
9.625e+06,
9.69735e+06,
9.76964e+06,
9.84168e+06,
9.91565e+06,
9.99182e+06,
1.00694e+07,
1.01452e+07,
1.02196e+07,
1.02929e+07,
1.03654e+07,
1.04384e+07,
1.05123e+07,
1.05855e+07,
1.06603e+07,
1.07352e+07,
1.08102e+07,
1.0888e+07,
1.09652e+07,
1.10417e+07,
1.11173e+07,
1.11915e+07,
1.12654e+07,
1.13409e+07,
1.14172e+07,
1.14931e+07,
1.15686e+07,
1.16446e+07,
1.17226e+07,
1.18012e+07,
1.1878e+07,
1.19538e+07,
1.2029e+07,
1.21049e+07,
1.21806e+07,
1.22567e+07,
1.23331e+07,
1.24098e+07,
1.24868e+07,
1.25647e+07,
1.26438e+07,
1.2722e+07,
1.28002e+07,
1.28774e+07,
1.29564e+07,
1.3035e+07,
1.31135e+07,
1.31925e+07,
1.32712e+07,
1.33494e+07,
1.34278e+07,
1.35082e+07,
1.35899e+07,
1.36708e+07,
1.37505e+07,
1.38299e+07,
1.3909e+07,
1.39877e+07,
1.40669e+07,
1.41455e+07,
1.4224e+07,
375246,
375077,
374976,
374854,
374812,
374738,
374702,
374723,
374735,
374711,
374703,
374705,
374689,
374713,
374729,
374769,
374846,
374876,
374906,
374917,
374930,
375007,
375132,
375323,
375447,
375594,
375606,
375711,
375862,
376017,
376183,
376342,
376466,
376640,
376820,
376933,
377009,
377167,
377313,
377401,
377447,
377578,
377752,
377979,
378188,
378376,
378624,
378825,
378988,
379091,
379295,
379461,
379613,
379839,
380067,
380266,
380517,
380731,
380975,
381208,
381385,
381584,
381822,
382089,
382326,
382553,
382753,
382932,
383200,
383454,
383738,
383923,
384110,
384357,
384556,
384755,
385000,
385233,
385476,
385758,
386088,
386363,
386669,
386998,
387269,
387571,
387798,
388017,
388324,
388629,
388924,
389242,
389576,
389868,
390118,
390435,
390731,
390958,
391205,
391489,
391757,
392099,
392431,
392783,
393041,
393286,
393620,
393861,
394154,
394358,
394661,
394988,
395388,
395734,
396125,
396434,
396785,
397072,
397275,
397639,
397947,
398224,
398594,
398957,
399336,
399699,
400113,
400431,
400746,
401087,
401384,
401717,
402098,
402499,
402930,
403312,
403756,
404207,
404682,
405163,
405667,
406219,
406693,
407231,
407762,
408330,
408864,
409391,
409843,
410375,
410889,
411372,
411876,
412390,
412838,
413398,
414075,
414602,
415181,
415733,
416318,
416958,
417484,
418090,
418670,
419311,
419900,
420477,
421077,
421697,
422338,
422982,
423696,
424458,
425130,
425804,
426457,
427124,
427769,
428474,
429184,
429879,
430628,
431367,
432050,
432822,
433574,
434301,
435038,
435845,
436656,
437453,
438378,
439182,
439964,
440743,
441423,
442082,
442782,
443596,
444494,
445308,
446193,
447070,
447958,
448796,
449607,
450401,
451175,
452045,
452886,
453711,
454628,
455508,
456443,
457373,
458289,
459050,
459852,
460794,
461729,
462640,
463611,
464516,
465549,
466501,
467479,
468506,
469329,
470283,
471271,
472286,
473266,
474240,
475242,
476237,
477115,
478111,
479033,
480007,
481080,
482178,
483197,
484239,
485279,
486297,
487340,
488437,
489510,
490518,
491606,
492692,
493874,
494913,
496032,
497160,
498216,
499296,
500288,
501367,
502412,
503472,
504591,
505742,
506903,
508053,
509237,
510421,
511548,
512787,
514046,
515229,
516353,
517552,
518707,
519838,
520987,
522179,
523367,
524581,
525705,
526867,
528134,
529334,
530485,
531702,
532835,
534037,
535186,
536438,
537666,
538926,
540076,
541305,
542596,
543883,
545074,
546432,
547745,
549026,
550241,
551411,
552608,
553809,
555142,
556287,
557568,
558773,
560013,
561249,
562548,
563788,
565064,
566340,
567609,
568828,
570499,
572597,
574723,
576774,
579046,
581245,
583489,
585565,
587971,
590416,
592837,
594984,
597144,
599476,
601696,
604016,
606304,
608712,
611008,
613277,
615517,
617864,
620325,
622584,
624798,
627228,
629566,
631917,
634283,
636757,
639099,
641385,
643653,
645973,
648239,
650481,
653067,
655715,
658540,
661101,
663821,
666534,
669101,
671630,
674379,
677063,
679852,
682536,
685455,
688209,
691155,
694139,
697142,
699982,
702828,
705608,
708530,
711517,
714480,
717474,
720348,
723177,
725675,
728540,
731570,
734590,
737586,
740514,
743667,
746757,
749998,
753122,
756392,
759680,
762811,
765969,
769269,
772479,
775816,
779156,
782559,
785872,
789064,
792440,
795933,
799322,
802827,
806302,
809697,
813256,
816835,
820278,
823730,
827221,
830908,
834356,
837941,
841451,
844981,
848639,
852168,
855712,
859312,
862947,
866623,
870526,
874469,
878338,
882354,
886305,
890290,
894215,
898053,
901947,
906080,
910285,
914495,
918807,
923032,
927171,
931050,
935175,
939301,
943504,
947704,
951963,
956323,
960831,
965372,
969673,
973995,
978527,
983087,
987435,
991868,
996538,
1.00108e+06,
1.00555e+06,
1.0101e+06,
1.01454e+06,
1.01951e+06,
1.02426e+06,
1.02906e+06,
1.03392e+06,
1.03883e+06,
1.04382e+06,
1.04879e+06,
1.05378e+06,
1.05868e+06,
1.06388e+06,
1.06909e+06,
1.07426e+06,
1.07942e+06,
1.08474e+06,
1.09006e+06,
1.09537e+06,
1.10064e+06,
1.10596e+06,
1.11122e+06,
1.11674e+06,
1.12232e+06,
1.12787e+06,
1.13333e+06,
1.13899e+06,
1.14459e+06,
1.15021e+06,
1.15593e+06,
1.16158e+06,
1.1672e+06,
1.17289e+06,
1.17854e+06,
1.18413e+06,
1.18999e+06,
1.19618e+06,
1.20236e+06,
1.20862e+06,
1.2148e+06,
1.22107e+06,
1.22746e+06,
1.23378e+06,
1.24015e+06,
1.2465e+06,
1.25272e+06,
1.25922e+06,
1.26579e+06,
1.27263e+06,
1.27932e+06,
1.28609e+06,
1.29294e+06,
1.29954e+06,
1.30621e+06,
1.313e+06,
1.31966e+06,
1.32673e+06,
1.33369e+06,
1.3408e+06,
1.34779e+06,
1.35494e+06,
1.36225e+06,
1.36953e+06,
1.37676e+06,
1.3836e+06,
1.39084e+06,
1.39847e+06,
1.40598e+06,
1.41412e+06,
1.42213e+06,
1.43021e+06,
1.43841e+06,
1.44619e+06,
1.45424e+06,
1.46213e+06,
1.47011e+06,
1.47816e+06,
1.48665e+06,
1.4954e+06,
1.50406e+06,
1.51254e+06,
1.52117e+06,
1.52987e+06,
1.53846e+06,
1.5469e+06,
1.55535e+06,
1.56419e+06,
1.57345e+06,
1.58283e+06,
1.59183e+06,
1.60118e+06,
1.61056e+06,
1.62011e+06,
1.62937e+06,
1.63841e+06,
1.64745e+06,
1.6574e+06,
1.66749e+06,
1.67785e+06,
1.68822e+06,
1.69864e+06,
1.70914e+06,
1.71971e+06,
1.73009e+06,
1.74073e+06,
1.75149e+06,
1.76257e+06,
1.7737e+06,
1.78497e+06,
1.79629e+06,
1.80729e+06,
1.81843e+06,
1.82978e+06,
1.84121e+06,
1.85284e+06,
1.86413e+06,
1.87613e+06,
1.88811e+06,
1.90015e+06,
1.91235e+06,
1.92484e+06,
1.93714e+06,
1.94977e+06,
1.9624e+06,
1.97497e+06,
1.98746e+06,
2.00076e+06,
2.01379e+06,
2.02733e+06,
2.0411e+06,
2.05503e+06,
2.06918e+06,
2.08311e+06,
2.09723e+06,
2.11146e+06,
2.12544e+06,
2.13988e+06,
2.15433e+06,
2.16933e+06,
2.18454e+06,
2.20002e+06,
2.21534e+06,
2.23031e+06,
2.24578e+06,
2.26085e+06,
2.2761e+06,
2.29222e+06,
2.30869e+06,
2.32522e+06,
2.34149e+06,
2.35779e+06,
2.37419e+06,
2.39048e+06,
2.4072e+06,
2.42446e+06,
2.4418e+06,
2.45964e+06,
2.47763e+06,
2.49591e+06,
2.51383e+06,
2.53209e+06,
2.55031e+06,
2.56931e+06,
2.58888e+06,
2.60763e+06,
2.62634e+06,
2.64557e+06,
2.66525e+06,
2.6851e+06,
2.70549e+06,
2.72583e+06,
2.7463e+06,
2.76662e+06,
2.78751e+06,
2.80819e+06,
2.82904e+06,
2.851e+06,
2.87294e+06,
2.89464e+06,
2.91652e+06,
2.93836e+06,
2.96067e+06,
2.98403e+06,
3.00784e+06,
3.03123e+06,
3.05406e+06,
3.07789e+06,
3.10175e+06,
3.12605e+06,
3.15118e+06,
3.17612e+06,
3.20129e+06,
3.22648e+06,
3.25191e+06,
3.27691e+06,
3.30299e+06,
3.32908e+06,
3.35566e+06,
3.38195e+06,
3.40863e+06,
3.43547e+06,
3.46304e+06,
3.491e+06,
3.51926e+06,
3.54742e+06,
3.5752e+06,
3.60354e+06,
3.63246e+06,
3.66235e+06,
3.69249e+06,
3.72323e+06,
3.76165e+06,
3.81144e+06,
3.86192e+06,
3.91258e+06,
3.96383e+06,
4.01546e+06,
4.06741e+06,
4.11957e+06,
4.17236e+06,
4.22585e+06,
4.28237e+06,
4.34133e+06,
4.40102e+06,
4.4604e+06,
4.52059e+06,
4.58164e+06,
4.64455e+06,
4.70874e+06,
4.77482e+06,
4.84218e+06,
4.91485e+06,
4.99127e+06,
5.07376e+06,
5.16852e+06,
5.25225e+06,
5.3297e+06,
5.40197e+06,
5.47255e+06,
5.5429e+06,
5.61249e+06,
5.68214e+06,
5.75082e+06,
5.81861e+06,
5.88372e+06,
5.95046e+06,
6.01834e+06,
6.08367e+06,
6.14963e+06,
6.21516e+06,
6.28231e+06,
6.35006e+06,
6.41812e+06,
6.48561e+06,
6.55403e+06,
6.62166e+06,
6.69045e+06,
6.76078e+06,
6.8296e+06,
6.89694e+06,
6.96561e+06,
7.03394e+06,
7.10233e+06,
7.1711e+06,
7.23791e+06,
7.30496e+06,
7.37232e+06,
7.4403e+06,
7.50978e+06,
7.58043e+06,
7.65072e+06,
7.72e+06,
7.78877e+06,
7.85751e+06,
7.92644e+06,
7.99494e+06,
8.06316e+06,
8.1319e+06,
8.20165e+06,
8.27515e+06,
8.34953e+06,
8.42115e+06,
8.49251e+06,
8.5623e+06,
8.63154e+06,
8.70086e+06,
8.77021e+06,
8.83903e+06,
8.91015e+06,
8.98157e+06,
9.05472e+06,
9.12892e+06,
9.20263e+06,
9.27387e+06,
9.34513e+06,
9.41462e+06,
9.48402e+06,
9.55554e+06,
9.62785e+06,
9.70023e+06,
9.77175e+06,
9.84364e+06,
9.9175e+06,
9.99222e+06,
1.00652e+07,
1.01376e+07,
1.02089e+07,
1.0281e+07,
1.03532e+07,
1.04257e+07,
1.04982e+07,
1.05707e+07,
1.06427e+07,
1.07157e+07,
1.07902e+07,
1.08651e+07,
1.09389e+07,
1.10135e+07,
1.10871e+07,
1.11609e+07,
1.12352e+07,
1.13084e+07,
1.13816e+07,
1.14549e+07,
1.1528e+07,
1.16023e+07,
1.16794e+07,
1.17559e+07,
1.1831e+07,
1.19059e+07,
1.19798e+07,
1.20531e+07,
1.21263e+07,
1.22004e+07,
1.22749e+07,
1.23508e+07,
1.24286e+07,
1.25085e+07,
1.25882e+07,
1.26666e+07,
1.2744e+07,
1.28206e+07,
1.28967e+07,
1.2973e+07,
1.30493e+07,
1.3126e+07,
1.32042e+07,
375246,
375073,
374951,
374841,
374762,
374688,
374680,
374684,
374688,
374674,
374613,
374614,
374617,
374655,
374640,
374686,
374782,
374783,
374813,
374769,
374775,
374871,
375003,
375197,
375323,
375436,
375468,
375569,
375688,
375843,
375994,
376123,
376304,
376519,
376677,
376771,
376858,
376997,
377144,
377198,
377261,
377383,
377578,
377769,
378018,
378200,
378439,
378618,
378782,
378916,
379054,
379230,
379471,
379656,
379951,
380155,
380368,
380562,
380739,
380925,
381093,
381334,
381575,
381807,
382111,
382275,
382542,
382759,
383011,
383224,
383437,
383585,
383808,
384013,
384261,
384467,
384707,
384996,
385249,
385565,
385814,
386086,
386387,
386690,
386949,
387216,
387469,
387718,
387978,
388248,
388557,
388847,
389135,
389433,
389698,
389986,
390281,
390497,
390762,
390990,
391319,
391601,
391921,
392222,
392580,
392847,
393120,
393325,
393551,
393862,
394197,
394554,
394846,
395193,
395503,
395809,
396144,
396391,
396609,
396881,
397288,
397727,
398092,
398468,
398824,
399215,
399523,
399821,
400058,
400358,
400691,
401097,
401450,
401885,
402334,
402710,
403108,
403416,
403712,
404076,
404471,
404849,
405273,
405707,
406180,
406747,
407333,
407752,
408215,
408662,
409208,
409660,
410180,
410728,
411301,
411908,
412442,
412932,
413443,
414059,
414678,
415281,
415879,
416507,
417144,
417704,
418376,
418922,
419462,
420094,
420771,
421439,
422082,
422792,
423435,
424112,
424796,
425397,
426004,
426708,
427383,
428076,
428767,
429512,
430235,
431050,
431761,
432485,
433240,
434065,
434802,
435682,
436411,
437195,
437905,
438688,
439415,
440197,
440949,
441801,
442610,
443405,
444219,
445001,
445792,
446575,
447362,
448129,
448942,
449749,
450617,
451480,
452330,
453207,
454000,
454747,
455561,
456389,
457183,
458052,
458985,
459873,
460798,
461744,
462716,
463615,
464523,
465407,
466250,
467183,
468165,
469078,
470076,
471079,
471996,
472954,
473952,
474891,
475904,
476894,
477885,
478898,
479866,
480853,
481824,
482883,
483908,
484957,
486037,
487184,
488180,
489185,
490231,
491224,
492239,
493214,
494230,
495218,
496224,
497241,
498288,
499492,
500643,
501676,
502773,
503957,
505098,
506244,
507417,
508534,
509656,
510796,
511884,
512999,
514078,
515261,
516446,
517600,
518773,
519943,
521061,
522222,
523351,
524546,
525616,
526783,
527980,
529267,
530445,
531608,
532766,
533994,
535163,
536398,
537545,
538689,
539833,
541035,
542247,
543410,
544611,
545818,
546921,
548150,
549362,
550566,
551724,
552896,
554063,
555288,
556458,
557723,
558942,
560163,
561355,
562510,
563642,
564754,
565920,
567161,
568343,
569612,
570854,
571953,
573240,
574469,
575642,
576695,
577841,
579035,
580313,
581940,
584011,
586122,
588310,
590470,
592614,
594659,
596820,
599141,
601314,
603543,
605820,
608162,
610552,
612837,
615115,
617207,
619259,
621693,
623945,
626374,
628706,
631042,
633423,
635779,
637919,
640066,
642576,
645144,
647554,
649972,
652308,
654774,
657245,
659756,
662197,
664893,
667703,
670465,
673193,
676009,
678708,
681340,
684075,
686898,
689655,
692433,
695148,
697975,
700656,
703491,
706291,
709127,
712010,
714979,
717766,
720641,
723546,
726493,
729428,
732380,
735099,
738015,
740806,
743672,
746671,
749582,
752501,
755387,
758424,
761368,
764353,
767415,
770651,
773957,
777227,
780557,
783909,
787242,
790528,
793715,
797083,
800347,
803630,
807146,
810676,
813946,
817227,
820711,
824267,
827764,
831153,
834654,
838145,
841735,
845359,
848951,
852384,
856150,
859784,
863539,
867274,
870995,
874604,
878304,
882014,
885661,
889243,
893087,
896978,
901052,
905056,
909149,
913461,
917568,
921638,
925695,
929658,
933986,
938205,
942384,
946624,
950931,
955458,
959903,
964194,
968583,
972710,
976913,
981460,
985807,
990104,
994515,
999226,
1.00389e+06,
1.00858e+06,
1.0132e+06,
1.01792e+06,
1.0224e+06,
1.02693e+06,
1.0316e+06,
1.03623e+06,
1.0412e+06,
1.04623e+06,
1.05141e+06,
1.05669e+06,
1.06184e+06,
1.0671e+06,
1.07234e+06,
1.07762e+06,
1.0827e+06,
1.08798e+06,
1.09326e+06,
1.09833e+06,
1.10357e+06,
1.10888e+06,
1.11425e+06,
1.11961e+06,
1.12518e+06,
1.13088e+06,
1.1364e+06,
1.14197e+06,
1.14763e+06,
1.1532e+06,
1.15871e+06,
1.16436e+06,
1.17e+06,
1.17559e+06,
1.18162e+06,
1.18754e+06,
1.19364e+06,
1.19944e+06,
1.20537e+06,
1.21139e+06,
1.21735e+06,
1.22374e+06,
1.23006e+06,
1.2363e+06,
1.24259e+06,
1.24921e+06,
1.25612e+06,
1.26267e+06,
1.26919e+06,
1.27591e+06,
1.28267e+06,
1.28923e+06,
1.29586e+06,
1.30254e+06,
1.30943e+06,
1.3165e+06,
1.32382e+06,
1.33108e+06,
1.33823e+06,
1.34536e+06,
1.35273e+06,
1.35979e+06,
1.36682e+06,
1.37389e+06,
1.38135e+06,
1.38914e+06,
1.39691e+06,
1.40458e+06,
1.41226e+06,
1.41991e+06,
1.42754e+06,
1.43518e+06,
1.44272e+06,
1.45045e+06,
1.45884e+06,
1.46749e+06,
1.47614e+06,
1.48465e+06,
1.49318e+06,
1.50195e+06,
1.51041e+06,
1.51907e+06,
1.52734e+06,
1.5362e+06,
1.54527e+06,
1.55455e+06,
1.56397e+06,
1.57322e+06,
1.58263e+06,
1.59198e+06,
1.60128e+06,
1.61058e+06,
1.62019e+06,
1.62956e+06,
1.63954e+06,
1.64957e+06,
1.65939e+06,
1.66941e+06,
1.67959e+06,
1.68959e+06,
1.69959e+06,
1.7096e+06,
1.71973e+06,
1.73075e+06,
1.74168e+06,
1.75281e+06,
1.76396e+06,
1.77495e+06,
1.78641e+06,
1.79747e+06,
1.80826e+06,
1.81987e+06,
1.83171e+06,
1.84339e+06,
1.8554e+06,
1.86744e+06,
1.8795e+06,
1.89189e+06,
1.90399e+06,
1.9163e+06,
1.92912e+06,
1.94208e+06,
1.95483e+06,
1.9676e+06,
1.9805e+06,
1.99355e+06,
2.0065e+06,
2.01963e+06,
2.03363e+06,
2.04702e+06,
2.06094e+06,
2.07486e+06,
2.08864e+06,
2.10255e+06,
2.11684e+06,
2.1312e+06,
2.1465e+06,
2.16155e+06,
2.17646e+06,
2.19141e+06,
2.20646e+06,
2.22198e+06,
2.23724e+06,
2.25277e+06,
2.26891e+06,
2.28503e+06,
2.30114e+06,
2.31739e+06,
2.33324e+06,
2.35001e+06,
2.36656e+06,
2.38341e+06,
2.40035e+06,
2.41734e+06,
2.43474e+06,
2.45203e+06,
2.46942e+06,
2.48697e+06,
2.50469e+06,
2.52354e+06,
2.5423e+06,
2.56111e+06,
2.57939e+06,
2.59783e+06,
2.61673e+06,
2.63641e+06,
2.65665e+06,
2.67625e+06,
2.69642e+06,
2.71684e+06,
2.73739e+06,
2.75746e+06,
2.77815e+06,
2.79952e+06,
2.82091e+06,
2.84229e+06,
2.8636e+06,
2.88493e+06,
2.90686e+06,
2.92951e+06,
2.9523e+06,
2.97492e+06,
2.99721e+06,
3.01957e+06,
3.04241e+06,
3.06571e+06,
3.08962e+06,
3.11399e+06,
3.13899e+06,
3.16353e+06,
3.18822e+06,
3.21305e+06,
3.23779e+06,
3.26329e+06,
3.2891e+06,
3.31474e+06,
3.34048e+06,
3.36667e+06,
3.39305e+06,
3.42022e+06,
3.44793e+06,
3.47543e+06,
3.50261e+06,
3.52995e+06,
3.55762e+06,
3.5859e+06,
3.61677e+06,
3.66256e+06,
3.70979e+06,
3.75678e+06,
3.80381e+06,
3.8511e+06,
3.8988e+06,
3.94711e+06,
3.99628e+06,
4.04479e+06,
4.09559e+06,
4.14857e+06,
4.2027e+06,
4.25783e+06,
4.31269e+06,
4.36895e+06,
4.42485e+06,
4.48137e+06,
4.53915e+06,
4.59771e+06,
4.66014e+06,
4.72559e+06,
4.79168e+06,
4.859e+06,
4.9293e+06,
5.00157e+06,
5.08302e+06,
5.16539e+06,
5.23992e+06,
5.31067e+06,
5.38165e+06,
5.45194e+06,
5.52226e+06,
5.59106e+06,
5.65785e+06,
5.72438e+06,
5.79073e+06,
5.85695e+06,
5.92494e+06,
5.99305e+06,
6.06138e+06,
6.12787e+06,
6.19331e+06,
6.25894e+06,
6.32487e+06,
6.38919e+06,
6.45366e+06,
6.51841e+06,
6.58345e+06,
6.65199e+06,
6.72183e+06,
6.78989e+06,
6.85715e+06,
6.92379e+06,
6.98935e+06,
7.05483e+06,
7.12e+06,
7.18485e+06,
7.24965e+06,
7.31693e+06,
7.38365e+06,
7.45314e+06,
7.5225e+06,
7.59043e+06,
7.65716e+06,
7.7234e+06,
7.78894e+06,
7.85462e+06,
7.92228e+06,
7.99063e+06,
8.05892e+06,
8.12771e+06,
8.19761e+06,
8.26913e+06,
8.33889e+06,
8.40794e+06,
8.47513e+06,
8.5422e+06,
8.6112e+06,
8.67984e+06,
8.74894e+06,
8.81859e+06,
8.88742e+06,
8.95715e+06,
9.02842e+06,
9.10004e+06,
9.16942e+06,
9.23842e+06,
9.30794e+06,
9.37747e+06,
9.44743e+06,
9.51787e+06,
9.58746e+06,
9.65731e+06,
9.72687e+06,
9.79681e+06,
9.86868e+06,
9.94186e+06,
1.00142e+07,
1.00853e+07,
1.01559e+07,
1.02261e+07,
1.02958e+07,
1.03656e+07,
1.04357e+07,
1.05058e+07,
1.05759e+07,
1.06482e+07,
1.07226e+07,
1.07963e+07,
1.08684e+07,
1.09406e+07,
1.1012e+07,
1.10831e+07,
1.11544e+07,
1.12255e+07,
1.12973e+07,
1.137e+07,
1.14427e+07,
1.15164e+07,
1.15909e+07,
1.16653e+07,
1.17385e+07,
1.18129e+07,
1.18866e+07,
1.19601e+07,
1.2034e+07,
1.21083e+07,
1.21843e+07,
375246,
375061,
374943,
374825,
374733,
374655,
374634,
374641,
374638,
374625,
374574,
374537,
374532,
374526,
374562,
374588,
374659,
374681,
374697,
374671,
374658,
374767,
374943,
375049,
375178,
375244,
375332,
375444,
375545,
375712,
375803,
375956,
376119,
376322,
376484,
376624,
376722,
376906,
376960,
377048,
377175,
377238,
377457,
377593,
377807,
377994,
378193,
378356,
378549,
378729,
378879,
379067,
379304,
379508,
379736,
379911,
380127,
380302,
380508,
380684,
380859,
381084,
381271,
381523,
381767,
382021,
382230,
382487,
382739,
382872,
383071,
383313,
383512,
383722,
383917,
384181,
384402,
384631,
384957,
385229,
385477,
385762,
385940,
386217,
386532,
386829,
387088,
387343,
387596,
387876,
388151,
388431,
388700,
388989,
389302,
389548,
389834,
390094,
390289,
390584,
390895,
391132,
391456,
391737,
392023,
392324,
392583,
392844,
393083,
393339,
393695,
394039,
394387,
394673,
394972,
395261,
395599,
395777,
396027,
396355,
396735,
397062,
397428,
397839,
398138,
398509,
398874,
399121,
399334,
399712,
400150,
400485,
400896,
401305,
401685,
402034,
402399,
402715,
403012,
403364,
403777,
404167,
404622,
405048,
405474,
405904,
406376,
406746,
407031,
407377,
407754,
408196,
408635,
409092,
409588,
410165,
410668,
411186,
411684,
412285,
412824,
413509,
414152,
414815,
415465,
416064,
416635,
417176,
417620,
418307,
418916,
419656,
420383,
421057,
421778,
422489,
423168,
423776,
424373,
425069,
425794,
426371,
427021,
427742,
428458,
429148,
429892,
430594,
431275,
432079,
432830,
433563,
434257,
435030,
435757,
436505,
437267,
437991,
438662,
439467,
440281,
441052,
441891,
442730,
443553,
444378,
445228,
445996,
446736,
447508,
448223,
449099,
449826,
450689,
451578,
452420,
453234,
454071,
454848,
455677,
456567,
457433,
458283,
459062,
459960,
460770,
461638,
462506,
463351,
464282,
465185,
466108,
467012,
467895,
468819,
469706,
470583,
471498,
472427,
473382,
474403,
475308,
476324,
477359,
478445,
479423,
480495,
481485,
482529,
483552,
484505,
485486,
486455,
487450,
488448,
489454,
490482,
491474,
492440,
493472,
494537,
495620,
496753,
497836,
498896,
499939,
500988,
502066,
503226,
504333,
505461,
506511,
507562,
508610,
509644,
510803,
511951,
513067,
514165,
515210,
516310,
517397,
518516,
519611,
520798,
521967,
523112,
524291,
525439,
526656,
527811,
528934,
530162,
531305,
532473,
533558,
534636,
535746,
536885,
538043,
539148,
540297,
541494,
542666,
543793,
544928,
546013,
547126,
548187,
549333,
550469,
551618,
552663,
553828,
554916,
556008,
557127,
558260,
559380,
560543,
561648,
562770,
563905,
565127,
566233,
567370,
568569,
569639,
570795,
571980,
573151,
574304,
575466,
576603,
577700,
578839,
579971,
581121,
582166,
583405,
584582,
585791,
587054,
588186,
589267,
590455,
591702,
592971,
594925,
596994,
599303,
601469,
603510,
605671,
607868,
610055,
612397,
614500,
616730,
619037,
621448,
623817,
625961,
628153,
630483,
632953,
635406,
638016,
640644,
643116,
645652,
648099,
650598,
652927,
655372,
657663,
660202,
662507,
664794,
667122,
669751,
672516,
675132,
677749,
680207,
682622,
685351,
687952,
690649,
693299,
696041,
698730,
701492,
704112,
706962,
709896,
712686,
715367,
718092,
721032,
724091,
726934,
729760,
732557,
735341,
738314,
741131,
743886,
746527,
749401,
752454,
755463,
758452,
761364,
764255,
767279,
770339,
773199,
775979,
778945,
781902,
784959,
788057,
791392,
794705,
797906,
801341,
804694,
807844,
811223,
814655,
818068,
821519,
825172,
828695,
832091,
835705,
839162,
842657,
846035,
849593,
852931,
856544,
860389,
864139,
867796,
871347,
874877,
878526,
882209,
885882,
889688,
893610,
897502,
901433,
905399,
909280,
913037,
916879,
920874,
924992,
929077,
933351,
937507,
941746,
946181,
950446,
954769,
958900,
963050,
967333,
971708,
976117,
980695,
985091,
989768,
994537,
998998,
1.00369e+06,
1.00838e+06,
1.01302e+06,
1.01771e+06,
1.02227e+06,
1.02688e+06,
1.03157e+06,
1.03624e+06,
1.04092e+06,
1.0457e+06,
1.05042e+06,
1.05535e+06,
1.06045e+06,
1.06563e+06,
1.07061e+06,
1.07588e+06,
1.08104e+06,
1.08617e+06,
1.09135e+06,
1.09642e+06,
1.10153e+06,
1.10702e+06,
1.11267e+06,
1.11825e+06,
1.12397e+06,
1.12963e+06,
1.13508e+06,
1.14057e+06,
1.14629e+06,
1.15169e+06,
1.15697e+06,
1.16281e+06,
1.16877e+06,
1.17466e+06,
1.18054e+06,
1.18662e+06,
1.19244e+06,
1.1982e+06,
1.20424e+06,
1.20999e+06,
1.21594e+06,
1.22221e+06,
1.22852e+06,
1.2347e+06,
1.24107e+06,
1.2478e+06,
1.25442e+06,
1.26082e+06,
1.26754e+06,
1.27413e+06,
1.28057e+06,
1.28739e+06,
1.29457e+06,
1.30174e+06,
1.30897e+06,
1.31613e+06,
1.32338e+06,
1.33051e+06,
1.33757e+06,
1.34456e+06,
1.35155e+06,
1.35902e+06,
1.36667e+06,
1.37438e+06,
1.38198e+06,
1.38986e+06,
1.39764e+06,
1.40524e+06,
1.41274e+06,
1.42063e+06,
1.42826e+06,
1.43625e+06,
1.44453e+06,
1.45295e+06,
1.46121e+06,
1.46959e+06,
1.47797e+06,
1.48632e+06,
1.49512e+06,
1.50367e+06,
1.5123e+06,
1.52126e+06,
1.53055e+06,
1.53988e+06,
1.54917e+06,
1.55846e+06,
1.56772e+06,
1.57677e+06,
1.58633e+06,
1.59551e+06,
1.60484e+06,
1.61451e+06,
1.62465e+06,
1.63486e+06,
1.64501e+06,
1.65475e+06,
1.66457e+06,
1.67487e+06,
1.68482e+06,
1.6949e+06,
1.70534e+06,
1.71617e+06,
1.72702e+06,
1.73783e+06,
1.74855e+06,
1.75934e+06,
1.76996e+06,
1.78104e+06,
1.79283e+06,
1.80475e+06,
1.81632e+06,
1.82827e+06,
1.84023e+06,
1.85228e+06,
1.86414e+06,
1.87586e+06,
1.88829e+06,
1.90119e+06,
1.91397e+06,
1.92692e+06,
1.93932e+06,
1.95206e+06,
1.96486e+06,
1.97809e+06,
1.99101e+06,
2.00454e+06,
2.01822e+06,
2.03194e+06,
2.04555e+06,
2.05901e+06,
2.07226e+06,
2.08625e+06,
2.10026e+06,
2.115e+06,
2.12941e+06,
2.14401e+06,
2.15905e+06,
2.1743e+06,
2.18937e+06,
2.20429e+06,
2.21975e+06,
2.23549e+06,
2.25163e+06,
2.26752e+06,
2.28339e+06,
2.29934e+06,
2.31555e+06,
2.33194e+06,
2.3491e+06,
2.36595e+06,
2.38253e+06,
2.39934e+06,
2.41643e+06,
2.43366e+06,
2.4512e+06,
2.46929e+06,
2.48779e+06,
2.50602e+06,
2.52407e+06,
2.5418e+06,
2.5599e+06,
2.5783e+06,
2.59688e+06,
2.61652e+06,
2.63638e+06,
2.65654e+06,
2.67651e+06,
2.69619e+06,
2.71622e+06,
2.73665e+06,
2.75708e+06,
2.77798e+06,
2.79881e+06,
2.8196e+06,
2.84069e+06,
2.8624e+06,
2.88432e+06,
2.90679e+06,
2.92917e+06,
2.95092e+06,
2.97277e+06,
2.99509e+06,
3.01723e+06,
3.04009e+06,
3.06376e+06,
3.08728e+06,
3.111e+06,
3.13447e+06,
3.15824e+06,
3.18214e+06,
3.20679e+06,
3.23197e+06,
3.25676e+06,
3.2827e+06,
3.30809e+06,
3.33395e+06,
3.36029e+06,
3.38694e+06,
3.41349e+06,
3.43993e+06,
3.46599e+06,
3.49749e+06,
3.53939e+06,
3.58334e+06,
3.62818e+06,
3.67226e+06,
3.71627e+06,
3.76037e+06,
3.80457e+06,
3.84885e+06,
3.89376e+06,
3.94089e+06,
3.98992e+06,
4.03959e+06,
4.09005e+06,
4.14056e+06,
4.19164e+06,
4.24315e+06,
4.2948e+06,
4.3442e+06,
4.39422e+06,
4.4469e+06,
4.50501e+06,
4.56473e+06,
4.62663e+06,
4.68953e+06,
4.75313e+06,
4.8184e+06,
4.88602e+06,
4.95508e+06,
5.03327e+06,
5.11987e+06,
5.19749e+06,
5.27046e+06,
5.33938e+06,
5.40603e+06,
5.47288e+06,
5.53895e+06,
5.60449e+06,
5.6679e+06,
5.7322e+06,
5.79832e+06,
5.8665e+06,
5.93432e+06,
6.00032e+06,
6.06515e+06,
6.12896e+06,
6.19103e+06,
6.2536e+06,
6.31631e+06,
6.38005e+06,
6.44454e+06,
6.50948e+06,
6.57565e+06,
6.64267e+06,
6.70883e+06,
6.77326e+06,
6.83666e+06,
6.89993e+06,
6.9636e+06,
7.02877e+06,
7.09314e+06,
7.1582e+06,
7.22247e+06,
7.28691e+06,
7.35262e+06,
7.41936e+06,
7.48575e+06,
7.55089e+06,
7.61531e+06,
7.68097e+06,
7.74687e+06,
7.81251e+06,
7.87852e+06,
7.94461e+06,
8.01049e+06,
8.07639e+06,
8.14287e+06,
8.21125e+06,
8.28014e+06,
8.34882e+06,
8.41639e+06,
8.48352e+06,
8.55051e+06,
8.61713e+06,
8.68441e+06,
8.7511e+06,
8.81761e+06,
8.88417e+06,
8.95384e+06,
9.02534e+06,
9.09592e+06,
9.16451e+06,
9.23283e+06,
9.29987e+06,
9.36697e+06,
9.43466e+06,
9.50116e+06,
9.56933e+06,
9.63844e+06,
9.70742e+06,
9.77768e+06,
9.84926e+06,
9.91964e+06,
9.98849e+06,
1.00572e+07,
1.01254e+07,
1.01933e+07,
1.02617e+07,
1.03317e+07,
1.04016e+07,
1.04707e+07,
1.05395e+07,
1.061e+07,
1.06818e+07,
1.07522e+07,
1.08212e+07,
1.0891e+07,
1.09613e+07,
1.1032e+07,
1.11021e+07,
1.11738e+07,
375246,
375059,
374929,
374794,
374711,
374637,
374603,
374603,
374582,
374561,
374502,
374467,
374442,
374453,
374466,
374515,
374559,
374597,
374562,
374565,
374534,
374658,
374832,
374931,
375050,
375120,
375218,
375354,
375467,
375568,
375592,
375758,
375965,
376123,
376256,
376474,
376619,
376770,
376792,
376875,
377018,
377171,
377367,
377490,
377651,
377832,
378013,
378170,
378358,
378506,
378721,
378889,
379106,
379323,
379532,
379740,
379949,
380117,
380230,
380393,
380635,
380829,
381046,
381312,
381524,
381757,
381976,
382199,
382413,
382630,
382804,
383007,
383202,
383422,
383631,
383833,
384126,
384441,
384666,
384910,
385123,
385394,
385671,
385962,
386204,
386455,
386740,
387017,
387255,
387540,
387833,
388065,
388346,
388609,
388838,
389135,
389398,
389620,
389913,
390147,
390402,
390658,
390959,
391180,
391452,
391690,
391950,
392232,
392434,
392731,
393084,
393451,
393782,
394072,
394390,
394690,
394982,
395220,
395461,
395782,
396109,
396510,
396858,
397206,
397557,
397872,
398198,
398456,
398756,
399141,
399464,
399893,
400286,
400574,
400987,
401314,
401675,
401887,
402167,
402508,
402975,
403438,
403855,
404260,
404728,
405081,
405472,
405804,
406147,
406606,
407088,
407531,
407994,
408464,
408901,
409383,
409819,
410146,
410508,
410973,
411513,
412115,
412694,
413200,
413755,
414330,
414918,
415391,
415899,
416510,
417183,
417915,
418656,
419374,
420048,
420734,
421385,
422053,
422601,
423199,
423886,
424527,
425248,
426005,
426696,
427415,
428120,
428802,
429488,
430114,
430876,
431662,
432423,
433195,
433972,
434720,
435387,
436043,
436722,
437458,
438211,
438991,
439830,
440596,
441346,
442056,
442836,
443574,
444314,
445088,
445793,
446613,
447460,
448293,
449079,
449912,
450704,
451485,
452176,
453056,
453817,
454687,
455513,
456359,
457209,
458092,
458974,
459761,
460606,
461472,
462274,
463165,
464025,
464967,
465808,
466745,
467626,
468414,
469266,
470183,
471080,
471962,
472943,
473938,
474860,
475877,
476853,
477774,
478749,
479679,
480641,
481600,
482636,
483654,
484698,
485719,
486742,
487695,
488620,
489596,
490600,
491655,
492700,
493728,
494791,
495810,
496814,
497909,
499022,
500095,
501200,
502179,
503179,
504262,
505379,
506432,
507534,
508608,
509685,
510860,
511946,
513027,
514126,
515230,
516358,
517483,
518598,
519696,
520797,
521815,
522880,
523928,
525013,
526113,
527222,
528269,
529350,
530468,
531664,
532802,
533860,
535002,
536137,
537175,
538240,
539279,
540382,
541408,
542437,
543490,
544591,
545681,
546769,
547916,
548997,
550096,
551168,
552208,
553241,
554328,
555500,
556516,
557537,
558592,
559696,
560728,
561857,
562821,
563870,
564987,
566013,
567093,
568182,
569274,
570435,
571607,
572768,
573792,
574778,
575958,
577129,
578185,
579309,
580438,
581570,
582754,
583951,
584996,
586056,
587212,
588354,
589467,
590724,
591877,
593085,
594288,
595469,
596549,
597624,
598805,
600051,
601196,
602478,
603757,
605092,
606627,
608873,
611210,
613637,
615902,
618165,
620279,
622527,
624749,
627143,
629602,
631996,
634161,
636283,
638581,
641053,
643705,
646098,
648520,
650898,
653156,
655481,
657760,
659983,
662261,
664597,
667133,
669618,
672051,
674426,
676899,
679395,
681693,
684124,
686575,
689091,
691661,
694126,
696682,
699374,
702084,
705033,
707708,
710238,
712809,
715492,
718377,
721096,
723949,
726873,
729819,
732600,
735227,
737999,
740592,
743314,
746052,
749158,
752106,
755055,
758140,
761052,
763758,
766372,
769197,
772116,
774998,
777910,
780862,
784004,
787194,
790456,
793519,
796426,
799442,
802569,
805828,
809103,
812466,
815933,
819438,
822878,
826167,
829307,
832746,
836242,
839719,
843270,
846909,
850387,
854163,
857689,
861105,
864456,
868018,
871738,
875485,
879344,
883128,
886750,
890426,
894088,
897796,
901416,
905285,
909311,
913278,
917464,
921433,
925285,
929292,
933377,
937198,
941437,
945840,
950208,
954628,
959027,
963547,
967878,
972177,
976488,
980620,
984987,
989610,
994391,
999061,
1.00355e+06,
1.00821e+06,
1.01289e+06,
1.01746e+06,
1.02192e+06,
1.02645e+06,
1.03085e+06,
1.03564e+06,
1.04054e+06,
1.04541e+06,
1.05049e+06,
1.05557e+06,
1.06049e+06,
1.06552e+06,
1.07024e+06,
1.07521e+06,
1.08024e+06,
1.08532e+06,
1.09036e+06,
1.09583e+06,
1.10145e+06,
1.10696e+06,
1.11251e+06,
1.11789e+06,
1.12336e+06,
1.12897e+06,
1.13456e+06,
1.14002e+06,
1.14568e+06,
1.15129e+06,
1.15723e+06,
1.16326e+06,
1.16919e+06,
1.17513e+06,
1.18084e+06,
1.18677e+06,
1.19272e+06,
1.19865e+06,
1.20477e+06,
1.21105e+06,
1.21753e+06,
1.22397e+06,
1.23037e+06,
1.23671e+06,
1.24309e+06,
1.24942e+06,
1.2556e+06,
1.26193e+06,
1.26842e+06,
1.27513e+06,
1.28205e+06,
1.28915e+06,
1.29606e+06,
1.30342e+06,
1.31063e+06,
1.31774e+06,
1.32479e+06,
1.33202e+06,
1.33935e+06,
1.34687e+06,
1.35473e+06,
1.36231e+06,
1.37002e+06,
1.37786e+06,
1.38565e+06,
1.39345e+06,
1.40129e+06,
1.40925e+06,
1.41721e+06,
1.4255e+06,
1.4338e+06,
1.44215e+06,
1.4505e+06,
1.45899e+06,
1.46764e+06,
1.47572e+06,
1.48404e+06,
1.49245e+06,
1.50096e+06,
1.50998e+06,
1.51908e+06,
1.52799e+06,
1.53753e+06,
1.54666e+06,
1.55591e+06,
1.56487e+06,
1.57393e+06,
1.58333e+06,
1.59341e+06,
1.60361e+06,
1.61365e+06,
1.62334e+06,
1.63347e+06,
1.64352e+06,
1.65353e+06,
1.66336e+06,
1.6737e+06,
1.6845e+06,
1.69551e+06,
1.70627e+06,
1.71686e+06,
1.72733e+06,
1.73819e+06,
1.74936e+06,
1.76052e+06,
1.77144e+06,
1.78278e+06,
1.79439e+06,
1.80582e+06,
1.81733e+06,
1.82888e+06,
1.8408e+06,
1.85306e+06,
1.86543e+06,
1.87809e+06,
1.89024e+06,
1.90275e+06,
1.91547e+06,
1.92831e+06,
1.94089e+06,
1.95359e+06,
1.9669e+06,
1.98062e+06,
1.99417e+06,
2.00793e+06,
2.02136e+06,
2.03472e+06,
2.04845e+06,
2.06228e+06,
2.07608e+06,
2.09079e+06,
2.10574e+06,
2.12047e+06,
2.13487e+06,
2.14977e+06,
2.16393e+06,
2.17862e+06,
2.19401e+06,
2.20941e+06,
2.22462e+06,
2.24026e+06,
2.2562e+06,
2.27247e+06,
2.2888e+06,
2.30546e+06,
2.32203e+06,
2.3385e+06,
2.3554e+06,
2.37208e+06,
2.38875e+06,
2.40595e+06,
2.42349e+06,
2.44136e+06,
2.45945e+06,
2.47718e+06,
2.49472e+06,
2.51206e+06,
2.52986e+06,
2.54799e+06,
2.56708e+06,
2.58654e+06,
2.60603e+06,
2.62484e+06,
2.64389e+06,
2.6635e+06,
2.68243e+06,
2.70201e+06,
2.7222e+06,
2.7426e+06,
2.76343e+06,
2.7841e+06,
2.80535e+06,
2.82635e+06,
2.84798e+06,
2.86964e+06,
2.8909e+06,
2.91184e+06,
2.93381e+06,
2.95547e+06,
2.97746e+06,
3.0003e+06,
3.02325e+06,
3.04623e+06,
3.06905e+06,
3.09167e+06,
3.11412e+06,
3.1368e+06,
3.16024e+06,
3.18452e+06,
3.20899e+06,
3.23332e+06,
3.25797e+06,
3.28296e+06,
3.30818e+06,
3.33371e+06,
3.35972e+06,
3.39786e+06,
3.43779e+06,
3.47839e+06,
3.51952e+06,
3.56064e+06,
3.60187e+06,
3.64338e+06,
3.6847e+06,
3.7255e+06,
3.76457e+06,
3.80537e+06,
3.84794e+06,
3.89493e+06,
3.94292e+06,
3.99105e+06,
4.03905e+06,
4.08765e+06,
4.13659e+06,
4.18665e+06,
4.23769e+06,
4.29166e+06,
4.34674e+06,
4.40137e+06,
4.45748e+06,
4.51427e+06,
4.57133e+06,
4.63052e+06,
4.69063e+06,
4.75105e+06,
4.81503e+06,
4.88122e+06,
4.94912e+06,
5.0254e+06,
5.1072e+06,
5.18195e+06,
5.25188e+06,
5.31819e+06,
5.38262e+06,
5.44594e+06,
5.51028e+06,
5.57578e+06,
5.63999e+06,
5.70306e+06,
5.76638e+06,
5.83162e+06,
5.89671e+06,
5.9602e+06,
6.02265e+06,
6.08463e+06,
6.14744e+06,
6.21004e+06,
6.27273e+06,
6.33501e+06,
6.3975e+06,
6.46021e+06,
6.5227e+06,
6.58658e+06,
6.65037e+06,
6.71387e+06,
6.77701e+06,
6.84007e+06,
6.90235e+06,
6.96444e+06,
7.02678e+06,
7.08958e+06,
7.15202e+06,
7.21436e+06,
7.2767e+06,
7.34122e+06,
7.40827e+06,
7.47386e+06,
7.53871e+06,
7.6021e+06,
7.66537e+06,
7.72864e+06,
7.79195e+06,
7.85577e+06,
7.91943e+06,
7.98437e+06,
8.04974e+06,
8.11622e+06,
8.18424e+06,
8.2507e+06,
8.3168e+06,
8.38203e+06,
8.44745e+06,
8.51212e+06,
8.577e+06,
8.64289e+06,
8.70955e+06,
8.77597e+06,
8.84239e+06,
8.91025e+06,
8.97915e+06,
9.04737e+06,
9.11397e+06,
9.17976e+06,
9.24556e+06,
9.31169e+06,
9.37862e+06,
9.44478e+06,
9.5117e+06,
9.57848e+06,
9.64489e+06,
9.71255e+06,
9.78168e+06,
9.85063e+06,
9.91774e+06,
9.98592e+06,
1.00535e+07,
1.01208e+07,
1.01881e+07,
375246,
375056,
374911,
374789,
374678,
374617,
374573,
374550,
374544,
374502,
374426,
374416,
374370,
374384,
374414,
374429,
374484,
374478,
374459,
374436,
374408,
374502,
374680,
374799,
374875,
375006,
375072,
375160,
375268,
375334,
375449,
375594,
375776,
375924,
376073,
376223,
376440,
376534,
376651,
376702,
376791,
377079,
377211,
377350,
377558,
377674,
377838,
378001,
378151,
378308,
378495,
378664,
378855,
379061,
379288,
379482,
379696,
379878,
380019,
380174,
380412,
380639,
380839,
381115,
381324,
381496,
381743,
381931,
382132,
382349,
382554,
382738,
382947,
383202,
383415,
383618,
383828,
384108,
384344,
384593,
384801,
385062,
385377,
385637,
385855,
386143,
386370,
386609,
386885,
387131,
387381,
387671,
387940,
388169,
388417,
388738,
388938,
389220,
389436,
389711,
389940,
390210,
390481,
390738,
390989,
391252,
391480,
391724,
391931,
392235,
392523,
392859,
393148,
393440,
393637,
393946,
394274,
394565,
394783,
395098,
395465,
395784,
396121,
396462,
396734,
397042,
397395,
397721,
398029,
398411,
398814,
399186,
399588,
399927,
400262,
400547,
400871,
401181,
401512,
401888,
402341,
402758,
403166,
403552,
403967,
404322,
404678,
404978,
405341,
405859,
406394,
406893,
407311,
407767,
408172,
408626,
408961,
409364,
409751,
410276,
410821,
411338,
411836,
412381,
412964,
413522,
414025,
414477,
414945,
415469,
416042,
416597,
417132,
417731,
418240,
418782,
419365,
419933,
420503,
421194,
421888,
422584,
423209,
423944,
424613,
425351,
426109,
426777,
427416,
428157,
428973,
429703,
430411,
431202,
431929,
432625,
433337,
433963,
434552,
435314,
436023,
436833,
437632,
438382,
439065,
439742,
440512,
441185,
441882,
442632,
443386,
444184,
444944,
445780,
446568,
447408,
448132,
448837,
449502,
450361,
451185,
452010,
452830,
453654,
454461,
455296,
456181,
456932,
457661,
458503,
459353,
460164,
461065,
461940,
462810,
463671,
464542,
465355,
466089,
466921,
467803,
468727,
469642,
470550,
471429,
472397,
473315,
474275,
475148,
476122,
477136,
478092,
479019,
480000,
480990,
481919,
482857,
483744,
484637,
485583,
486562,
487534,
488562,
489566,
490599,
491592,
492618,
493627,
494717,
495680,
496679,
497778,
498792,
499809,
500861,
501916,
502950,
504073,
505134,
506274,
507433,
508449,
509427,
510554,
511602,
512686,
513748,
514880,
515995,
517040,
518127,
519122,
520172,
521263,
522296,
523319,
524297,
525456,
526537,
527567,
528586,
529566,
530573,
531644,
532709,
533740,
534814,
535782,
536738,
537826,
538879,
539956,
540989,
542065,
543082,
544165,
545234,
546158,
547132,
548137,
549223,
550238,
551239,
552310,
553405,
554465,
555479,
556447,
557413,
558316,
559442,
560506,
561574,
562689,
563758,
564847,
565914,
566904,
567782,
568734,
569771,
570876,
571992,
573124,
574188,
575205,
576239,
577149,
578068,
579142,
580251,
581439,
582610,
583717,
584818,
585992,
587105,
588109,
589138,
590301,
591493,
592745,
593892,
595119,
596312,
597626,
598885,
600332,
601629,
602943,
604303,
605614,
606948,
608199,
609610,
610911,
612179,
613383,
614617,
615879,
617208,
618470,
619803,
621133,
622360,
623937,
626107,
628192,
630137,
632301,
634708,
636985,
639225,
641455,
643666,
646003,
648253,
650427,
652782,
655272,
657454,
659674,
661895,
664299,
666767,
669367,
671751,
674112,
676186,
678447,
680734,
683064,
685615,
688033,
690474,
692963,
695407,
697564,
699808,
702294,
704808,
707427,
709963,
712437,
715010,
717587,
720348,
722924,
725559,
728403,
731293,
734012,
736869,
739627,
742500,
745339,
748106,
750711,
753503,
756444,
759487,
762529,
765500,
768321,
771199,
774099,
777003,
779998,
782899,
786106,
789171,
792273,
795448,
798479,
801574,
804678,
807493,
810348,
813308,
816539,
819779,
823206,
826567,
830145,
833614,
836969,
840184,
843485,
846986,
850556,
854163,
857973,
861798,
865518,
869145,
872805,
876340,
879964,
883550,
887344,
891113,
894960,
898920,
902875,
906800,
910612,
914584,
918409,
922206,
926319,
930339,
934394,
938441,
942533,
946701,
950669,
954794,
958903,
963011,
967398,
971888,
976301,
980745,
985348,
989904,
994407,
999166,
1.00378e+06,
1.00823e+06,
1.01289e+06,
1.01756e+06,
1.02231e+06,
1.02701e+06,
1.03208e+06,
1.03699e+06,
1.0421e+06,
1.04725e+06,
1.0522e+06,
1.05693e+06,
1.06212e+06,
1.0671e+06,
1.07225e+06,
1.0771e+06,
1.08233e+06,
1.08742e+06,
1.09279e+06,
1.09814e+06,
1.10337e+06,
1.10837e+06,
1.11349e+06,
1.11891e+06,
1.12454e+06,
1.13016e+06,
1.13569e+06,
1.14141e+06,
1.1475e+06,
1.15337e+06,
1.1594e+06,
1.16499e+06,
1.17094e+06,
1.17685e+06,
1.18297e+06,
1.18911e+06,
1.1949e+06,
1.20151e+06,
1.20775e+06,
1.2145e+06,
1.221e+06,
1.22732e+06,
1.23377e+06,
1.24044e+06,
1.24717e+06,
1.25374e+06,
1.26033e+06,
1.26708e+06,
1.27416e+06,
1.28105e+06,
1.28812e+06,
1.29491e+06,
1.30188e+06,
1.30899e+06,
1.31608e+06,
1.32301e+06,
1.33032e+06,
1.33828e+06,
1.34616e+06,
1.35405e+06,
1.36184e+06,
1.36934e+06,
1.37719e+06,
1.38509e+06,
1.39311e+06,
1.40098e+06,
1.40942e+06,
1.41799e+06,
1.42671e+06,
1.43513e+06,
1.44335e+06,
1.45111e+06,
1.45953e+06,
1.46789e+06,
1.47649e+06,
1.48526e+06,
1.49445e+06,
1.50358e+06,
1.5128e+06,
1.52197e+06,
1.53069e+06,
1.53924e+06,
1.54827e+06,
1.55756e+06,
1.56672e+06,
1.57638e+06,
1.58623e+06,
1.59648e+06,
1.60656e+06,
1.61663e+06,
1.62665e+06,
1.63648e+06,
1.64659e+06,
1.65724e+06,
1.6675e+06,
1.67839e+06,
1.68929e+06,
1.70017e+06,
1.71108e+06,
1.72192e+06,
1.73255e+06,
1.74341e+06,
1.75476e+06,
1.76615e+06,
1.77755e+06,
1.78944e+06,
1.80097e+06,
1.8129e+06,
1.82446e+06,
1.83653e+06,
1.8486e+06,
1.86059e+06,
1.87277e+06,
1.88504e+06,
1.89709e+06,
1.90952e+06,
1.92265e+06,
1.93606e+06,
1.94974e+06,
1.96344e+06,
1.97662e+06,
1.98976e+06,
2.00325e+06,
2.01669e+06,
2.03085e+06,
2.04534e+06,
2.05998e+06,
2.07443e+06,
2.0891e+06,
2.10348e+06,
2.11772e+06,
2.13195e+06,
2.1466e+06,
2.16123e+06,
2.1767e+06,
2.19236e+06,
2.20771e+06,
2.22341e+06,
2.23876e+06,
2.25442e+06,
2.26949e+06,
2.28528e+06,
2.30136e+06,
2.31767e+06,
2.33424e+06,
2.35119e+06,
2.36839e+06,
2.38544e+06,
2.40294e+06,
2.42045e+06,
2.43773e+06,
2.45491e+06,
2.47227e+06,
2.48959e+06,
2.50795e+06,
2.52673e+06,
2.5456e+06,
2.56456e+06,
2.583e+06,
2.60219e+06,
2.62067e+06,
2.63902e+06,
2.65788e+06,
2.67758e+06,
2.69748e+06,
2.71749e+06,
2.73752e+06,
2.75711e+06,
2.7771e+06,
2.79707e+06,
2.81749e+06,
2.83796e+06,
2.85864e+06,
2.8798e+06,
2.90112e+06,
2.92248e+06,
2.94477e+06,
2.967e+06,
2.98953e+06,
3.01165e+06,
3.03284e+06,
3.05457e+06,
3.07631e+06,
3.09904e+06,
3.12266e+06,
3.14638e+06,
3.16949e+06,
3.19239e+06,
3.21518e+06,
3.24039e+06,
3.27294e+06,
3.30608e+06,
3.34183e+06,
3.38029e+06,
3.4194e+06,
3.45858e+06,
3.49778e+06,
3.53822e+06,
3.57875e+06,
3.61982e+06,
3.66379e+06,
3.70722e+06,
3.75087e+06,
3.79536e+06,
3.83997e+06,
3.88553e+06,
3.93135e+06,
3.9773e+06,
4.0234e+06,
4.07058e+06,
4.12002e+06,
4.17051e+06,
4.22051e+06,
4.27193e+06,
4.32365e+06,
4.37572e+06,
4.42856e+06,
4.48202e+06,
4.53623e+06,
4.59267e+06,
4.65131e+06,
4.71027e+06,
4.77119e+06,
4.83363e+06,
4.89747e+06,
4.96334e+06,
5.0381e+06,
5.11523e+06,
5.18537e+06,
5.25315e+06,
5.31893e+06,
5.38326e+06,
5.44628e+06,
5.50865e+06,
5.57154e+06,
5.63339e+06,
5.69408e+06,
5.75382e+06,
5.81583e+06,
5.87989e+06,
5.94319e+06,
6.00524e+06,
6.067e+06,
6.12865e+06,
6.18916e+06,
6.24893e+06,
6.30861e+06,
6.36849e+06,
6.42893e+06,
6.49046e+06,
6.55361e+06,
6.61743e+06,
6.68045e+06,
6.74153e+06,
6.80173e+06,
6.86217e+06,
6.92228e+06,
6.98237e+06,
7.04258e+06,
7.10413e+06,
7.16548e+06,
7.22813e+06,
7.29115e+06,
7.35553e+06,
7.41903e+06,
7.48153e+06,
7.54329e+06,
7.60517e+06,
7.66727e+06,
7.72994e+06,
7.79333e+06,
7.85659e+06,
7.91963e+06,
7.98262e+06,
8.0466e+06,
8.11187e+06,
8.17799e+06,
8.24207e+06,
8.30532e+06,
8.3695e+06,
8.43356e+06,
8.49846e+06,
8.56322e+06,
8.62811e+06,
8.69271e+06,
8.75641e+06,
8.82013e+06,
8.88622e+06,
8.95277e+06,
9.02001e+06,
9.0863e+06,
9.15185e+06,
9.21672e+06,
375246,
375044,
374901,
374775,
374647,
374586,
374537,
374513,
374475,
374442,
374356,
374345,
374303,
374349,
374355,
374363,
374398,
374352,
374339,
374300,
374318,
374361,
374562,
374640,
374753,
374846,
374903,
375012,
375095,
375184,
375294,
375446,
375623,
375772,
375886,
376018,
376212,
376347,
376415,
376540,
376664,
376860,
377095,
377230,
377360,
377517,
377674,
377799,
377979,
378140,
378271,
378468,
378629,
378859,
378997,
379220,
379382,
379622,
379780,
379960,
380173,
380361,
380627,
380857,
381051,
381274,
381489,
381685,
381886,
382089,
382273,
382440,
382632,
382858,
383142,
383366,
383565,
383813,
384017,
384205,
384456,
384727,
384996,
385215,
385488,
385707,
386021,
386282,
386512,
386740,
387022,
387240,
387495,
387726,
387999,
388230,
388466,
388691,
388907,
389169,
389455,
389715,
389955,
390237,
390541,
390766,
391068,
391289,
391469,
391737,
392053,
392325,
392562,
392759,
393017,
393377,
393678,
393972,
394214,
394556,
394854,
395185,
395488,
395741,
395977,
396345,
396682,
396947,
397237,
397633,
397963,
398296,
398640,
399007,
399306,
399718,
400077,
400434,
400727,
401115,
401494,
401884,
402240,
402655,
403013,
403445,
403866,
404274,
404604,
405018,
405509,
405984,
406437,
406820,
407178,
407677,
408126,
408584,
409045,
409626,
410063,
410561,
411077,
411629,
412143,
412630,
413178,
413715,
414197,
414735,
415288,
415839,
416317,
416767,
417335,
417822,
418415,
419003,
419541,
420128,
420755,
421299,
421930,
422582,
423168,
423818,
424441,
425020,
425572,
426252,
426883,
427473,
428104,
428744,
429502,
430169,
430849,
431462,
432059,
432848,
433614,
434353,
435088,
435785,
436559,
437271,
437953,
438762,
439425,
440120,
440881,
441649,
442409,
443128,
443931,
444735,
445483,
446249,
446949,
447796,
448642,
449459,
450244,
450959,
451770,
452593,
453374,
454112,
454840,
455647,
456484,
457274,
458076,
458916,
459716,
460489,
461309,
462151,
462984,
463875,
464763,
465609,
466474,
467358,
468263,
469091,
470035,
470918,
471849,
472762,
473723,
474650,
475600,
476446,
477336,
478298,
479246,
480111,
480960,
481848,
482755,
483719,
484670,
485613,
486509,
487429,
488325,
489263,
490333,
491381,
492414,
493470,
494562,
495570,
496588,
497647,
498678,
499684,
500655,
501642,
502578,
503647,
504728,
505707,
506738,
507789,
508826,
509884,
510970,
511976,
512922,
513943,
514887,
515871,
516918,
517970,
519072,
520214,
521248,
522233,
523245,
524272,
525268,
526279,
527355,
528331,
529394,
530344,
531257,
532262,
533241,
534282,
535269,
536142,
537117,
538122,
539073,
539984,
540898,
541908,
542940,
543869,
544959,
545928,
546936,
547940,
548866,
549780,
550712,
551689,
552699,
553761,
554808,
555840,
556788,
557785,
558753,
559610,
560484,
561556,
562544,
563613,
564653,
565691,
566659,
567646,
568608,
569545,
570489,
571486,
572640,
573787,
574891,
575989,
577092,
578116,
579136,
580123,
581078,
582277,
583391,
584571,
585695,
586809,
588021,
589162,
590326,
591556,
592942,
594206,
595484,
596725,
598008,
599178,
600418,
601662,
602910,
604005,
604925,
606077,
607243,
608450,
609671,
610857,
612096,
613258,
614350,
615659,
616882,
618146,
619489,
620777,
622077,
623289,
624567,
625848,
627038,
628238,
629449,
630663,
631995,
633242,
634561,
635905,
637275,
638529,
639797,
641563,
643537,
645732,
647885,
650118,
652388,
654529,
656886,
659007,
661179,
663299,
665343,
667759,
670034,
672250,
674628,
677032,
679482,
681593,
683904,
686189,
688299,
690589,
692968,
695610,
698083,
700533,
702764,
704937,
707457,
709819,
712191,
714764,
717229,
719932,
722512,
725085,
727478,
729779,
732459,
735174,
737975,
740910,
743722,
746590,
749444,
752139,
754786,
757527,
760401,
763215,
766087,
769073,
771976,
774999,
777918,
781031,
783772,
786820,
789893,
793057,
796199,
799386,
802425,
805506,
808573,
811643,
814741,
818016,
821496,
824759,
828056,
831446,
834816,
838166,
841369,
844606,
848209,
851926,
855608,
859172,
862639,
866371,
869998,
873647,
877382,
881005,
884619,
888417,
892343,
896236,
899903,
903824,
907819,
911706,
915763,
919476,
923516,
927537,
931700,
935712,
939742,
943855,
948126,
952332,
956453,
960642,
964978,
969395,
973772,
978136,
982544,
987076,
991848,
996608,
1.00137e+06,
1.00608e+06,
1.01092e+06,
1.01563e+06,
1.02046e+06,
1.02509e+06,
1.02976e+06,
1.03477e+06,
1.03989e+06,
1.04486e+06,
1.04974e+06,
1.05481e+06,
1.05981e+06,
1.06485e+06,
1.07e+06,
1.07497e+06,
1.08016e+06,
1.08549e+06,
1.09085e+06,
1.09627e+06,
1.10138e+06,
1.10683e+06,
1.11244e+06,
1.11801e+06,
1.12361e+06,
1.12929e+06,
1.13507e+06,
1.141e+06,
1.14681e+06,
1.15271e+06,
1.15865e+06,
1.16495e+06,
1.17116e+06,
1.17734e+06,
1.18362e+06,
1.18981e+06,
1.19622e+06,
1.20281e+06,
1.20948e+06,
1.21613e+06,
1.2225e+06,
1.22926e+06,
1.23588e+06,
1.24267e+06,
1.24946e+06,
1.25615e+06,
1.26286e+06,
1.26984e+06,
1.27685e+06,
1.28395e+06,
1.29123e+06,
1.29864e+06,
1.30595e+06,
1.31332e+06,
1.32085e+06,
1.32822e+06,
1.33535e+06,
1.34289e+06,
1.35031e+06,
1.35765e+06,
1.3655e+06,
1.37346e+06,
1.38134e+06,
1.38938e+06,
1.39767e+06,
1.40598e+06,
1.41424e+06,
1.42274e+06,
1.43098e+06,
1.43945e+06,
1.44811e+06,
1.45673e+06,
1.46537e+06,
1.47453e+06,
1.48365e+06,
1.49218e+06,
1.50086e+06,
1.51e+06,
1.51912e+06,
1.5282e+06,
1.53757e+06,
1.54712e+06,
1.55704e+06,
1.56687e+06,
1.57652e+06,
1.58609e+06,
1.59561e+06,
1.60524e+06,
1.61466e+06,
1.6248e+06,
1.63513e+06,
1.64588e+06,
1.65659e+06,
1.66731e+06,
1.67807e+06,
1.68859e+06,
1.69904e+06,
1.70999e+06,
1.72081e+06,
1.73249e+06,
1.74428e+06,
1.75621e+06,
1.76786e+06,
1.77944e+06,
1.79106e+06,
1.80268e+06,
1.8139e+06,
1.8261e+06,
1.83823e+06,
1.85095e+06,
1.8637e+06,
1.87626e+06,
1.88883e+06,
1.90156e+06,
1.91418e+06,
1.92708e+06,
1.93982e+06,
1.95283e+06,
1.96574e+06,
1.97921e+06,
1.99287e+06,
2.00632e+06,
2.02044e+06,
2.0348e+06,
2.04924e+06,
2.06325e+06,
2.07713e+06,
2.09096e+06,
2.1055e+06,
2.12027e+06,
2.13565e+06,
2.15104e+06,
2.1665e+06,
2.18164e+06,
2.19691e+06,
2.21156e+06,
2.22605e+06,
2.24126e+06,
2.2576e+06,
2.27383e+06,
2.29021e+06,
2.30695e+06,
2.32298e+06,
2.33948e+06,
2.35587e+06,
2.37234e+06,
2.38873e+06,
2.40551e+06,
2.4227e+06,
2.44032e+06,
2.45831e+06,
2.47613e+06,
2.49407e+06,
2.51226e+06,
2.53059e+06,
2.54854e+06,
2.56604e+06,
2.58423e+06,
2.60279e+06,
2.62177e+06,
2.64122e+06,
2.66048e+06,
2.68009e+06,
2.69938e+06,
2.71812e+06,
2.7366e+06,
2.75514e+06,
2.77457e+06,
2.79472e+06,
2.81531e+06,
2.83562e+06,
2.85556e+06,
2.87512e+06,
2.89517e+06,
2.91491e+06,
2.9323e+06,
2.94846e+06,
2.96862e+06,
2.99116e+06,
3.0136e+06,
3.03618e+06,
3.05952e+06,
3.08308e+06,
3.10679e+06,
3.13966e+06,
3.17566e+06,
3.21161e+06,
3.24781e+06,
3.28489e+06,
3.32221e+06,
3.35896e+06,
3.39606e+06,
3.43339e+06,
3.47045e+06,
3.51024e+06,
3.55076e+06,
3.59176e+06,
3.63296e+06,
3.67443e+06,
3.71628e+06,
3.75877e+06,
3.80096e+06,
3.84455e+06,
3.88833e+06,
3.93382e+06,
3.98011e+06,
4.02649e+06,
4.07379e+06,
4.1212e+06,
4.16872e+06,
4.21712e+06,
4.26655e+06,
4.31544e+06,
4.36541e+06,
4.41756e+06,
4.46999e+06,
4.523e+06,
4.57706e+06,
4.63237e+06,
4.68826e+06,
4.74512e+06,
4.80435e+06,
4.86487e+06,
4.92621e+06,
4.99394e+06,
5.06962e+06,
5.14467e+06,
5.21224e+06,
5.27731e+06,
5.34042e+06,
5.40148e+06,
5.46217e+06,
5.52189e+06,
5.582e+06,
5.64329e+06,
5.70369e+06,
5.76328e+06,
5.82513e+06,
5.88704e+06,
5.94719e+06,
6.00635e+06,
6.06544e+06,
6.12383e+06,
6.18239e+06,
6.24142e+06,
6.30107e+06,
6.36075e+06,
6.42004e+06,
6.47988e+06,
6.54027e+06,
6.60197e+06,
6.66252e+06,
6.72184e+06,
6.78048e+06,
6.84087e+06,
6.90088e+06,
6.96167e+06,
7.022e+06,
7.08125e+06,
7.14087e+06,
7.20037e+06,
7.25959e+06,
7.3211e+06,
7.38241e+06,
7.44501e+06,
7.50718e+06,
7.56897e+06,
7.63038e+06,
7.69124e+06,
7.75262e+06,
7.81342e+06,
7.87487e+06,
7.93655e+06,
7.99816e+06,
8.06218e+06,
8.12729e+06,
8.19176e+06,
8.25525e+06,
375246,
375036,
374882,
374762,
374605,
374563,
374498,
374478,
374417,
374362,
374319,
374282,
374244,
374250,
374267,
374266,
374289,
374232,
374248,
374188,
374218,
374250,
374429,
374520,
374588,
374676,
374754,
374860,
374968,
375046,
375143,
375302,
375434,
375542,
375679,
375813,
375984,
376106,
376255,
376350,
376531,
376739,
376914,
377056,
377230,
377354,
377504,
377654,
377771,
377918,
378067,
378272,
378486,
378645,
378773,
378900,
379077,
379301,
379487,
379726,
379920,
380201,
380417,
380605,
380759,
380984,
381204,
381420,
381586,
381751,
381974,
382178,
382319,
382562,
382768,
383018,
383271,
383518,
383685,
383854,
384115,
384336,
384543,
384806,
385050,
385293,
385527,
385796,
386069,
386325,
386561,
386856,
387114,
387338,
387585,
387752,
387981,
388158,
388422,
388694,
388927,
389140,
389447,
389742,
389966,
390233,
390528,
390771,
390995,
391241,
391477,
391772,
391978,
392232,
392530,
392785,
393097,
393329,
393584,
393891,
394242,
394563,
394884,
395156,
395499,
395803,
396107,
396394,
396664,
396961,
397289,
397522,
397810,
398215,
398568,
398989,
399342,
399705,
399997,
400371,
400824,
401121,
401532,
401808,
402225,
402660,
403051,
403396,
403781,
404177,
404632,
405052,
405522,
405951,
406354,
406857,
407412,
407839,
408243,
408784,
409256,
409690,
410197,
410592,
411186,
411746,
412268,
412823,
413263,
413813,
414389,
414934,
415458,
415856,
416362,
416962,
417528,
418092,
418563,
419146,
419724,
420247,
420863,
421451,
422076,
422730,
423407,
424008,
424553,
425192,
425787,
426394,
427040,
427573,
428125,
428751,
429369,
429929,
430467,
431138,
431723,
432341,
432936,
433632,
434245,
434916,
435573,
436173,
436772,
437429,
438139,
438862,
439615,
440411,
441046,
441878,
442639,
443369,
444131,
444919,
445691,
446468,
447222,
448030,
448722,
449557,
450355,
451114,
451816,
452637,
453460,
454363,
455167,
455955,
456714,
457531,
458371,
459187,
459956,
460801,
461627,
462516,
463350,
464179,
465048,
465887,
466807,
467691,
468617,
469527,
470406,
471252,
472116,
472983,
473884,
474776,
475699,
476587,
477345,
478145,
479036,
479925,
480769,
481653,
482467,
483361,
484307,
485315,
486414,
487395,
488346,
489296,
490257,
491220,
492207,
493202,
494152,
495151,
496179,
497135,
498050,
498997,
500036,
501010,
502023,
503039,
504072,
505047,
506025,
506942,
507920,
508904,
509863,
510801,
511805,
512777,
513801,
514731,
515787,
516745,
517738,
518712,
519687,
520601,
521605,
522585,
523515,
524410,
525324,
526273,
527246,
528225,
529198,
530199,
531152,
532029,
533017,
533923,
534760,
535694,
536738,
537765,
538704,
539770,
540630,
541503,
542514,
543426,
544262,
545201,
546113,
547090,
548124,
549118,
550005,
550794,
551741,
552672,
553479,
554452,
555426,
556397,
557332,
558301,
559234,
560155,
561199,
562124,
563035,
564059,
565089,
566134,
567180,
568224,
569181,
570192,
571239,
572231,
573126,
574121,
575188,
576208,
577285,
578319,
579382,
580473,
581668,
582995,
584426,
585655,
586852,
588059,
589275,
590494,
591719,
592871,
594022,
595014,
595875,
596979,
598073,
599124,
600104,
601100,
602034,
603190,
604382,
605477,
606630,
607851,
609091,
610308,
611461,
612639,
613755,
614952,
616256,
617505,
618710,
619897,
621136,
622416,
623634,
624884,
626020,
627267,
628524,
629675,
630875,
632073,
633326,
634569,
635800,
636974,
638158,
639340,
640655,
641840,
642984,
644273,
645544,
646788,
647997,
649238,
650412,
651698,
652942,
654174,
655221,
656413,
657906,
660015,
662170,
664274,
666466,
668910,
671011,
673063,
675149,
677413,
679635,
681920,
684249,
686448,
688715,
691218,
693596,
695785,
697986,
700370,
702701,
705217,
707735,
710071,
712496,
714856,
717205,
719493,
721879,
724501,
727019,
729494,
731999,
734343,
737058,
739658,
742474,
745158,
747712,
750460,
753315,
756082,
759064,
761747,
764770,
767747,
770767,
773702,
776718,
779777,
782749,
785603,
788418,
791636,
794873,
797940,
801163,
804223,
807174,
810481,
813662,
816918,
819949,
823312,
826671,
829996,
833320,
836520,
839520,
842962,
846248,
849421,
852664,
856222,
859864,
863331,
866951,
870558,
874217,
878053,
881877,
885575,
889399,
893508,
897764,
901738,
905803,
909731,
913407,
917464,
921484,
925605,
929761,
934120,
938480,
942761,
947163,
951213,
955380,
959562,
963895,
968140,
972641,
977445,
982053,
986755,
991409,
995770,
999922,
1.00478e+06,
1.0096e+06,
1.01399e+06,
1.01875e+06,
1.0241e+06,
1.0294e+06,
1.03466e+06,
1.0399e+06,
1.04516e+06,
1.0502e+06,
1.05549e+06,
1.06074e+06,
1.0659e+06,
1.07155e+06,
1.07713e+06,
1.08284e+06,
1.08856e+06,
1.09424e+06,
1.09972e+06,
1.10525e+06,
1.1108e+06,
1.11636e+06,
1.12216e+06,
1.12814e+06,
1.13427e+06,
1.14049e+06,
1.14654e+06,
1.15252e+06,
1.15828e+06,
1.16404e+06,
1.17002e+06,
1.17585e+06,
1.18217e+06,
1.18872e+06,
1.19524e+06,
1.20187e+06,
1.20842e+06,
1.21502e+06,
1.22169e+06,
1.22804e+06,
1.23485e+06,
1.24143e+06,
1.24858e+06,
1.25571e+06,
1.26327e+06,
1.27069e+06,
1.27774e+06,
1.28515e+06,
1.29225e+06,
1.29912e+06,
1.30643e+06,
1.31394e+06,
1.32163e+06,
1.32937e+06,
1.33729e+06,
1.34524e+06,
1.35309e+06,
1.36095e+06,
1.36833e+06,
1.3762e+06,
1.38393e+06,
1.3918e+06,
1.40011e+06,
1.40853e+06,
1.41711e+06,
1.42538e+06,
1.43374e+06,
1.44228e+06,
1.45039e+06,
1.45889e+06,
1.46757e+06,
1.47629e+06,
1.48594e+06,
1.49548e+06,
1.50486e+06,
1.51441e+06,
1.52396e+06,
1.5335e+06,
1.54265e+06,
1.55196e+06,
1.56132e+06,
1.57115e+06,
1.58134e+06,
1.59141e+06,
1.60148e+06,
1.61185e+06,
1.62222e+06,
1.63275e+06,
1.64304e+06,
1.65327e+06,
1.66338e+06,
1.67418e+06,
1.68514e+06,
1.69635e+06,
1.70758e+06,
1.71871e+06,
1.72999e+06,
1.74116e+06,
1.75223e+06,
1.76323e+06,
1.77435e+06,
1.78638e+06,
1.79862e+06,
1.81142e+06,
1.82396e+06,
1.83638e+06,
1.84874e+06,
1.86116e+06,
1.87329e+06,
1.88516e+06,
1.89739e+06,
1.91053e+06,
1.92414e+06,
1.93763e+06,
1.95108e+06,
1.96454e+06,
1.9777e+06,
1.99122e+06,
2.00408e+06,
2.01689e+06,
2.03044e+06,
2.0446e+06,
2.05897e+06,
2.07328e+06,
2.08766e+06,
2.10184e+06,
2.11662e+06,
2.13187e+06,
2.14657e+06,
2.16092e+06,
2.17591e+06,
2.19129e+06,
2.20681e+06,
2.22228e+06,
2.23816e+06,
2.25454e+06,
2.27083e+06,
2.28655e+06,
2.30181e+06,
2.31686e+06,
2.33277e+06,
2.34975e+06,
2.36659e+06,
2.38339e+06,
2.40028e+06,
2.41703e+06,
2.43363e+06,
2.45051e+06,
2.46689e+06,
2.48315e+06,
2.50026e+06,
2.51778e+06,
2.53549e+06,
2.55359e+06,
2.57112e+06,
2.58893e+06,
2.60687e+06,
2.62466e+06,
2.63911e+06,
2.65054e+06,
2.66898e+06,
2.68866e+06,
2.70864e+06,
2.729e+06,
2.74964e+06,
2.77031e+06,
2.79098e+06,
2.8113e+06,
2.83192e+06,
2.85287e+06,
2.87384e+06,
2.89531e+06,
2.91679e+06,
2.93836e+06,
2.95985e+06,
2.98138e+06,
3.00331e+06,
3.03532e+06,
3.06897e+06,
3.10356e+06,
3.13808e+06,
3.17237e+06,
3.20702e+06,
3.24123e+06,
3.27623e+06,
3.3118e+06,
3.3473e+06,
3.38457e+06,
3.42285e+06,
3.46086e+06,
3.49904e+06,
3.53797e+06,
3.57742e+06,
3.61719e+06,
3.6569e+06,
3.69668e+06,
3.73677e+06,
3.77871e+06,
3.8211e+06,
3.86416e+06,
3.90781e+06,
3.95198e+06,
3.99653e+06,
4.04169e+06,
4.08687e+06,
4.13201e+06,
4.17852e+06,
4.22597e+06,
4.27439e+06,
4.32375e+06,
4.37339e+06,
4.42321e+06,
4.47348e+06,
4.52463e+06,
4.57648e+06,
4.62966e+06,
4.68307e+06,
4.73903e+06,
4.79706e+06,
4.85607e+06,
4.91584e+06,
4.9784e+06,
5.04826e+06,
5.12023e+06,
5.1876e+06,
5.25135e+06,
5.313e+06,
5.37388e+06,
5.43444e+06,
5.49424e+06,
5.55332e+06,
5.61326e+06,
5.67179e+06,
5.72979e+06,
5.78783e+06,
5.84711e+06,
5.90644e+06,
5.96482e+06,
6.0238e+06,
6.08228e+06,
6.13974e+06,
6.19687e+06,
6.25364e+06,
6.30987e+06,
6.3669e+06,
6.42437e+06,
6.48185e+06,
6.5408e+06,
6.60207e+06,
6.66288e+06,
6.72248e+06,
6.78171e+06,
6.84003e+06,
6.89806e+06,
6.9561e+06,
7.01451e+06,
7.07223e+06,
7.13031e+06,
7.18944e+06,
7.24937e+06,
7.31e+06,
375246,
375025,
374862,
374737,
374574,
374522,
374442,
374413,
374365,
374315,
374256,
374205,
374198,
374145,
374169,
374192,
374165,
374118,
374119,
374078,
374126,
374200,
374327,
374379,
374457,
374542,
374614,
374708,
374823,
374894,
375002,
375087,
375248,
375402,
375494,
375634,
375786,
375915,
376063,
376173,
376363,
376601,
376738,
376834,
377032,
377183,
377334,
377478,
377632,
377748,
377897,
378059,
378246,
378395,
378545,
378709,
378845,
379034,
379245,
379469,
379660,
379920,
380116,
380349,
380512,
380682,
380913,
381093,
381284,
381463,
381656,
381862,
382105,
382250,
382405,
382612,
382822,
383097,
383301,
383497,
383720,
383947,
384217,
384440,
384675,
384904,
385093,
385394,
385629,
385889,
386100,
386363,
386577,
386819,
387110,
387311,
387544,
387707,
387891,
388101,
388222,
388511,
388827,
389159,
389514,
389805,
390042,
390261,
390421,
390700,
390935,
391220,
391490,
391783,
392075,
392357,
392590,
392781,
393030,
393296,
393561,
393866,
394159,
394535,
394876,
395234,
395550,
395846,
396094,
396426,
396698,
396886,
397235,
397560,
397899,
398271,
398638,
399010,
399304,
399703,
400073,
400384,
400772,
401190,
401514,
401971,
402338,
402677,
403016,
403399,
403866,
404207,
404688,
405168,
405696,
406148,
406594,
407021,
407448,
407835,
408280,
408725,
409148,
409641,
410237,
410836,
411374,
411856,
412293,
412849,
413395,
413916,
414339,
414816,
415366,
415936,
416566,
417134,
417570,
418137,
418663,
419185,
419681,
420333,
420913,
421599,
422296,
422904,
423430,
424032,
424666,
425241,
425772,
426389,
426939,
427553,
428203,
428779,
429271,
429845,
430439,
431070,
431652,
432217,
432890,
433588,
434239,
434829,
435428,
436015,
436683,
437370,
438034,
438685,
439361,
439993,
440715,
441372,
441988,
442740,
443417,
444116,
444798,
445475,
446137,
446898,
447635,
448286,
448957,
449665,
450396,
451140,
451937,
452681,
453443,
454313,
455124,
455847,
456633,
457453,
458409,
459257,
460078,
460899,
461793,
462684,
463540,
464422,
465397,
466276,
467140,
467963,
468801,
469695,
470507,
471371,
472259,
472965,
473754,
474603,
475400,
476241,
477066,
477871,
478789,
479784,
480690,
481600,
482590,
483536,
484478,
485441,
486377,
487344,
488239,
489170,
490151,
491030,
491967,
492851,
493758,
494651,
495600,
496551,
497469,
498357,
499296,
500238,
501235,
502100,
502964,
503903,
504815,
505839,
506784,
507678,
508664,
509708,
510667,
511635,
512606,
513516,
514451,
515401,
516289,
517250,
518154,
519060,
519889,
520855,
521768,
522672,
523526,
524385,
525350,
526261,
527085,
527970,
528785,
529752,
530638,
531558,
532471,
533309,
534227,
535181,
536110,
537002,
537855,
538784,
539713,
540575,
541522,
542383,
543273,
544251,
545184,
546026,
546836,
547778,
548651,
549611,
550523,
551407,
552341,
553327,
554269,
555067,
555901,
556837,
557851,
558867,
559749,
560646,
561656,
562650,
563636,
564562,
565379,
566451,
567533,
568538,
569512,
570490,
571581,
572759,
573911,
575172,
576519,
577660,
578855,
580029,
581171,
582374,
583389,
584465,
585484,
586356,
587094,
588052,
589041,
590072,
590959,
591848,
593025,
594096,
595202,
596199,
597163,
598223,
599344,
600546,
601652,
602763,
603889,
605065,
606201,
607278,
608350,
609429,
610555,
611733,
612754,
614006,
615197,
616463,
617672,
618755,
619831,
621035,
622273,
623500,
624636,
625809,
627113,
628359,
629507,
630618,
631671,
632830,
633994,
635118,
636250,
637516,
638721,
639960,
641127,
642235,
643247,
644445,
645535,
646757,
647886,
649117,
650308,
651614,
652845,
654073,
655117,
656314,
657547,
658846,
659965,
661231,
662524,
663808,
665106,
666231,
667386,
668640,
669922,
671231,
672327,
673733,
675071,
676413,
678124,
680135,
682065,
684362,
686573,
688680,
690911,
693252,
695658,
698134,
700573,
702922,
705228,
707496,
710076,
712464,
714930,
717541,
720067,
722467,
724929,
727387,
729824,
732420,
735106,
737654,
740545,
743151,
745855,
748429,
751041,
753718,
756251,
758938,
761541,
764136,
766879,
769802,
772741,
775627,
778702,
781581,
784246,
787125,
790062,
792985,
796178,
799556,
802929,
806302,
809592,
812737,
815819,
818960,
822173,
825327,
828906,
832618,
836267,
839714,
843232,
846572,
849833,
853140,
856724,
860255,
863905,
867636,
871492,
875322,
879077,
882604,
885922,
889538,
892938,
896934,
901018,
905255,
909580,
913835,
918118,
921906,
925787,
929874,
933966,
938462,
943056,
947752,
952497,
957049,
961626,
966019,
970416,
975128,
979665,
984811,
989896,
994954,
999992,
1.00497e+06,
1.01012e+06,
1.01496e+06,
1.01955e+06,
1.02439e+06,
1.0293e+06,
1.03474e+06,
1.04003e+06,
1.04542e+06,
1.05074e+06,
1.05614e+06,
1.06147e+06,
1.06666e+06,
1.07196e+06,
1.0774e+06,
1.08295e+06,
1.08883e+06,
1.09481e+06,
1.10085e+06,
1.10678e+06,
1.11299e+06,
1.11895e+06,
1.1246e+06,
1.13006e+06,
1.13602e+06,
1.14209e+06,
1.14839e+06,
1.15493e+06,
1.1614e+06,
1.16793e+06,
1.17426e+06,
1.18041e+06,
1.18641e+06,
1.19252e+06,
1.19876e+06,
1.20552e+06,
1.21254e+06,
1.21942e+06,
1.22657e+06,
1.23341e+06,
1.2403e+06,
1.24733e+06,
1.25389e+06,
1.26061e+06,
1.26746e+06,
1.27469e+06,
1.28239e+06,
1.29013e+06,
1.29769e+06,
1.30543e+06,
1.31317e+06,
1.32078e+06,
1.32839e+06,
1.33587e+06,
1.34335e+06,
1.3516e+06,
1.35979e+06,
1.36816e+06,
1.37628e+06,
1.38458e+06,
1.39314e+06,
1.4016e+06,
1.4094e+06,
1.4171e+06,
1.4252e+06,
1.43403e+06,
1.44283e+06,
1.45176e+06,
1.46096e+06,
1.47029e+06,
1.47935e+06,
1.48855e+06,
1.49694e+06,
1.50556e+06,
1.51427e+06,
1.52394e+06,
1.53385e+06,
1.54386e+06,
1.55408e+06,
1.5642e+06,
1.57435e+06,
1.58437e+06,
1.59414e+06,
1.60392e+06,
1.61399e+06,
1.62465e+06,
1.6354e+06,
1.6464e+06,
1.6573e+06,
1.66841e+06,
1.67951e+06,
1.69018e+06,
1.70052e+06,
1.71073e+06,
1.72169e+06,
1.73321e+06,
1.74503e+06,
1.75665e+06,
1.76836e+06,
1.77999e+06,
1.79155e+06,
1.80348e+06,
1.81488e+06,
1.82604e+06,
1.83817e+06,
1.85056e+06,
1.86314e+06,
1.87579e+06,
1.88888e+06,
1.90209e+06,
1.91535e+06,
1.92867e+06,
1.94136e+06,
1.95377e+06,
1.96686e+06,
1.98047e+06,
1.99408e+06,
2.00805e+06,
2.02212e+06,
2.0364e+06,
2.04996e+06,
2.06352e+06,
2.07702e+06,
2.08978e+06,
2.10399e+06,
2.1186e+06,
2.13355e+06,
2.14838e+06,
2.16322e+06,
2.17782e+06,
2.19254e+06,
2.20722e+06,
2.22172e+06,
2.23587e+06,
2.25143e+06,
2.26714e+06,
2.28288e+06,
2.29885e+06,
2.31436e+06,
2.33014e+06,
2.34562e+06,
2.36062e+06,
2.37246e+06,
2.38137e+06,
2.39808e+06,
2.41519e+06,
2.43278e+06,
2.45066e+06,
2.46879e+06,
2.48661e+06,
2.50464e+06,
2.52245e+06,
2.54019e+06,
2.55837e+06,
2.57746e+06,
2.59592e+06,
2.61471e+06,
2.63343e+06,
2.6523e+06,
2.67173e+06,
2.691e+06,
2.71117e+06,
2.73147e+06,
2.75168e+06,
2.77178e+06,
2.79221e+06,
2.81255e+06,
2.833e+06,
2.8538e+06,
2.87512e+06,
2.89622e+06,
2.92227e+06,
2.9532e+06,
2.98441e+06,
3.01612e+06,
3.04824e+06,
3.08081e+06,
3.11314e+06,
3.14548e+06,
3.17804e+06,
3.21038e+06,
3.2433e+06,
3.27854e+06,
3.31432e+06,
3.35113e+06,
3.38744e+06,
3.42449e+06,
3.46102e+06,
3.49752e+06,
3.53524e+06,
3.57257e+06,
3.611e+06,
3.6514e+06,
3.69201e+06,
3.733e+06,
3.77341e+06,
3.81388e+06,
3.85535e+06,
3.89721e+06,
3.9388e+06,
3.98123e+06,
4.02364e+06,
4.06791e+06,
4.11218e+06,
4.15747e+06,
4.20299e+06,
4.24897e+06,
4.2955e+06,
4.343e+06,
4.39127e+06,
4.43918e+06,
4.48753e+06,
4.53858e+06,
4.59091e+06,
4.64344e+06,
4.69644e+06,
4.75082e+06,
4.8068e+06,
4.863e+06,
4.91993e+06,
4.979e+06,
5.04457e+06,
5.1136e+06,
5.18217e+06,
5.24588e+06,
5.30646e+06,
5.36622e+06,
5.42401e+06,
5.48135e+06,
5.53902e+06,
5.59634e+06,
5.65289e+06,
5.70995e+06,
5.76783e+06,
5.8257e+06,
5.88381e+06,
5.94183e+06,
5.99909e+06,
6.05573e+06,
6.11129e+06,
6.16684e+06,
6.22169e+06,
6.27658e+06,
6.33315e+06,
6.39026e+06,
375246,
375023,
374847,
374708,
374551,
374480,
374435,
374361,
374321,
374254,
374186,
374136,
374111,
374057,
374065,
374088,
374072,
373971,
373964,
373940,
374015,
374095,
374202,
374276,
374336,
374403,
374488,
374578,
374661,
374734,
374844,
374963,
375089,
375208,
375316,
375433,
375529,
375634,
375733,
375943,
376144,
376339,
376521,
376652,
376813,
377012,
377140,
377357,
377466,
377589,
377759,
377918,
378042,
378151,
378226,
378396,
378545,
378721,
378945,
379126,
379337,
379603,
379804,
379972,
380160,
380344,
380537,
380731,
380907,
381108,
381291,
381513,
381712,
381891,
382080,
382283,
382473,
382650,
382889,
383060,
383340,
383586,
383864,
384061,
384353,
384558,
384772,
384996,
385202,
385420,
385621,
385880,
386156,
386333,
386560,
386789,
386953,
387167,
387280,
387460,
387663,
387960,
388241,
388571,
388860,
389125,
389420,
389630,
389837,
390065,
390287,
390597,
390915,
391194,
391482,
391771,
392042,
392281,
392426,
392657,
392802,
393207,
393522,
393881,
394224,
394559,
394922,
395195,
395410,
395695,
395978,
396320,
396650,
396960,
397387,
397664,
397992,
398248,
398480,
398800,
399121,
399604,
400035,
400469,
400890,
401298,
401690,
402023,
402309,
402681,
402945,
403384,
403820,
404285,
404814,
405224,
405722,
406125,
406533,
406955,
407419,
407877,
408377,
408931,
409493,
409978,
410500,
410988,
411392,
411916,
412404,
412929,
413476,
414015,
414553,
415092,
415647,
416093,
416544,
417055,
417567,
418082,
418724,
419280,
419906,
420554,
421233,
421817,
422288,
422856,
423442,
423959,
424620,
425152,
425720,
426334,
426964,
427487,
427989,
428575,
429118,
429676,
430381,
430998,
431610,
432316,
432952,
433573,
434089,
434652,
435334,
435922,
436558,
437226,
437882,
438577,
439234,
439880,
440478,
441135,
441783,
442426,
443117,
443834,
444517,
445240,
445920,
446592,
447181,
447932,
448614,
449270,
449985,
450731,
451468,
452226,
452918,
453648,
454302,
454982,
455721,
456445,
457233,
458052,
458848,
459636,
460485,
461264,
462104,
462911,
463719,
464527,
465260,
466023,
466750,
467525,
468369,
469182,
469852,
470746,
471526,
472335,
473144,
474055,
474960,
475845,
476785,
477733,
478710,
479670,
480619,
481587,
482544,
483494,
484354,
485234,
486143,
486996,
487879,
488820,
489720,
490641,
491604,
492552,
493484,
494359,
495236,
496141,
497090,
497999,
498869,
499777,
500717,
501560,
502377,
503299,
504203,
505070,
505946,
506885,
507794,
508697,
509555,
510458,
511323,
512218,
513065,
513918,
514779,
515601,
516460,
517324,
518214,
519141,
520002,
520848,
521774,
522591,
523309,
524140,
525003,
525803,
526660,
527575,
528521,
529439,
530342,
531157,
531961,
532812,
533664,
534498,
535374,
536268,
537148,
538139,
539000,
539782,
540557,
541408,
542239,
543078,
543936,
544824,
545737,
546648,
547553,
548346,
549108,
549986,
550957,
551822,
552686,
553647,
554604,
555609,
556531,
557388,
558205,
559059,
559938,
560798,
561780,
562807,
563911,
565030,
566107,
567349,
568685,
569800,
570897,
572057,
573075,
574108,
575143,
576064,
576933,
577745,
578484,
579418,
580374,
581174,
582173,
583291,
584321,
585382,
586425,
587338,
588279,
589340,
590392,
591437,
592475,
593591,
594651,
595708,
596768,
597810,
598763,
599791,
600820,
601784,
602889,
604013,
605085,
606163,
607274,
608219,
609125,
610102,
611164,
612211,
613400,
614574,
615753,
616740,
617903,
618857,
619766,
620900,
622021,
623119,
624404,
625585,
626934,
628124,
629397,
630459,
631490,
632630,
633751,
634842,
636115,
637393,
638590,
639873,
641020,
642096,
643063,
644225,
645374,
646561,
647778,
649017,
650288,
651565,
652764,
653792,
654818,
655944,
657137,
658297,
659553,
660878,
662078,
663320,
664491,
665520,
666449,
667620,
668646,
669909,
671308,
672732,
674123,
675443,
676816,
677998,
679133,
680449,
681713,
683077,
684512,
685907,
687315,
688692,
690174,
691414,
692626,
693956,
695326,
696738,
698183,
699767,
701894,
704276,
706513,
708804,
710977,
713296,
715615,
718275,
720875,
723380,
725920,
728473,
731157,
733494,
735644,
738066,
740448,
743234,
746087,
748983,
751880,
754795,
757486,
760108,
762567,
765283,
767995,
771046,
774165,
777235,
780182,
783289,
786346,
789091,
791916,
794843,
797708,
800949,
804071,
807559,
810978,
814516,
817808,
820900,
823924,
827256,
830649,
834448,
838072,
841758,
845547,
849346,
853021,
856362,
859420,
862846,
866505,
870583,
874808,
878932,
883160,
887142,
891124,
895053,
898748,
902797,
907114,
911297,
915552,
920052,
924401,
928748,
933049,
937308,
941216,
945606,
950519,
955356,
960209,
964965,
969715,
974836,
979746,
984316,
988887,
993680,
999005,
1.0043e+06,
1.00967e+06,
1.01485e+06,
1.02025e+06,
1.02538e+06,
1.03059e+06,
1.03556e+06,
1.04062e+06,
1.04583e+06,
1.0515e+06,
1.0571e+06,
1.06276e+06,
1.06837e+06,
1.07393e+06,
1.07962e+06,
1.0854e+06,
1.09084e+06,
1.09629e+06,
1.10211e+06,
1.1083e+06,
1.1143e+06,
1.12042e+06,
1.12651e+06,
1.13257e+06,
1.13908e+06,
1.14575e+06,
1.15188e+06,
1.15781e+06,
1.16396e+06,
1.17057e+06,
1.17714e+06,
1.184e+06,
1.19076e+06,
1.19773e+06,
1.20466e+06,
1.21147e+06,
1.21791e+06,
1.224e+06,
1.23067e+06,
1.23774e+06,
1.24509e+06,
1.25248e+06,
1.2598e+06,
1.26744e+06,
1.27472e+06,
1.28197e+06,
1.28895e+06,
1.29551e+06,
1.30265e+06,
1.31053e+06,
1.31826e+06,
1.3263e+06,
1.33426e+06,
1.34216e+06,
1.35005e+06,
1.358e+06,
1.36584e+06,
1.37312e+06,
1.38143e+06,
1.39006e+06,
1.39871e+06,
1.40748e+06,
1.41639e+06,
1.42528e+06,
1.43411e+06,
1.44291e+06,
1.45115e+06,
1.45911e+06,
1.46833e+06,
1.47771e+06,
1.48718e+06,
1.49664e+06,
1.5062e+06,
1.51572e+06,
1.52521e+06,
1.53453e+06,
1.5435e+06,
1.55215e+06,
1.56186e+06,
1.57198e+06,
1.58229e+06,
1.59224e+06,
1.60235e+06,
1.6126e+06,
1.62276e+06,
1.63343e+06,
1.64362e+06,
1.6533e+06,
1.66435e+06,
1.67556e+06,
1.68654e+06,
1.69782e+06,
1.70952e+06,
1.72095e+06,
1.73257e+06,
1.74402e+06,
1.75511e+06,
1.76549e+06,
1.77706e+06,
1.78893e+06,
1.80115e+06,
1.81351e+06,
1.82573e+06,
1.83781e+06,
1.85012e+06,
1.86181e+06,
1.87333e+06,
1.8842e+06,
1.89691e+06,
1.90993e+06,
1.92265e+06,
1.9353e+06,
1.94794e+06,
1.96071e+06,
1.97401e+06,
1.98738e+06,
2.00035e+06,
2.01243e+06,
2.02603e+06,
2.03997e+06,
2.05389e+06,
2.06766e+06,
2.08132e+06,
2.0951e+06,
2.10832e+06,
2.1209e+06,
2.13059e+06,
2.1376e+06,
2.15222e+06,
2.1679e+06,
2.18332e+06,
2.19879e+06,
2.21465e+06,
2.23025e+06,
2.24608e+06,
2.26188e+06,
2.27761e+06,
2.29355e+06,
2.30973e+06,
2.32627e+06,
2.34284e+06,
2.35966e+06,
2.3764e+06,
2.3934e+06,
2.41083e+06,
2.42797e+06,
2.44578e+06,
2.46363e+06,
2.4814e+06,
2.49921e+06,
2.51695e+06,
2.53469e+06,
2.55283e+06,
2.57099e+06,
2.58929e+06,
2.6079e+06,
2.62648e+06,
2.64492e+06,
2.6634e+06,
2.68223e+06,
2.70137e+06,
2.72086e+06,
2.73999e+06,
2.7594e+06,
2.77874e+06,
2.79832e+06,
2.82309e+06,
2.85256e+06,
2.88292e+06,
2.91347e+06,
2.94412e+06,
2.97449e+06,
3.00487e+06,
3.03555e+06,
3.06628e+06,
3.09727e+06,
3.1292e+06,
3.16245e+06,
3.19602e+06,
3.22916e+06,
3.26264e+06,
3.29624e+06,
3.33005e+06,
3.36489e+06,
3.39938e+06,
3.43456e+06,
3.46983e+06,
3.50614e+06,
3.5432e+06,
3.58094e+06,
3.61914e+06,
3.65798e+06,
3.69691e+06,
3.73606e+06,
3.77521e+06,
3.81462e+06,
3.85372e+06,
3.89471e+06,
3.93638e+06,
3.97938e+06,
4.02156e+06,
4.06362e+06,
4.1065e+06,
4.14987e+06,
4.19367e+06,
4.23715e+06,
4.28153e+06,
4.32709e+06,
4.37384e+06,
4.42133e+06,
4.46869e+06,
4.51694e+06,
4.56657e+06,
4.61662e+06,
4.66705e+06,
4.7186e+06,
4.7712e+06,
4.82506e+06,
4.88049e+06,
4.93691e+06,
4.99547e+06,
5.05972e+06,
5.12676e+06,
5.19291e+06,
5.25455e+06,
5.31302e+06,
5.37096e+06,
5.42686e+06,
5.48345e+06,
375246,
375019,
374831,
374687,
374518,
374433,
374391,
374299,
374270,
374175,
374129,
374050,
374030,
373981,
373973,
373965,
373969,
373857,
373819,
373833,
373890,
374025,
374093,
374135,
374185,
374261,
374337,
374413,
374473,
374569,
374634,
374772,
374870,
374969,
375097,
375218,
375300,
375364,
375539,
375690,
375921,
376094,
376224,
376422,
376622,
376781,
376946,
377145,
377282,
377403,
377555,
377716,
377788,
377905,
378057,
378160,
378305,
378397,
378577,
378799,
379025,
379266,
379480,
379679,
379850,
380041,
380242,
380429,
380671,
380833,
380992,
381166,
381402,
381589,
381785,
381944,
382153,
382326,
382477,
382687,
382935,
383157,
383425,
383650,
383862,
384080,
384347,
384574,
384766,
384966,
385234,
385459,
385678,
385912,
386101,
386264,
386523,
386643,
386729,
386951,
387243,
387532,
387788,
388018,
388295,
388514,
388725,
388946,
389051,
389230,
389579,
389889,
390164,
390477,
390791,
391118,
391352,
391603,
391716,
391925,
392263,
392625,
392885,
393220,
393499,
393841,
394095,
394322,
394520,
394777,
395174,
395520,
395927,
396314,
396676,
397055,
397368,
397641,
397787,
398015,
398413,
398851,
399268,
399697,
400118,
400573,
400972,
401283,
401596,
401924,
402261,
402735,
403141,
403615,
404065,
404481,
404908,
405259,
405593,
405940,
406367,
406905,
407435,
407933,
408537,
409108,
409611,
410005,
410439,
410893,
411345,
411891,
412463,
413034,
413569,
414130,
414644,
415120,
415441,
415905,
416345,
416952,
417584,
418166,
418722,
419297,
419885,
420535,
420970,
421494,
421985,
422601,
423231,
423839,
424488,
425107,
425686,
426150,
426590,
427115,
427628,
428262,
428852,
429514,
430150,
430798,
431513,
432099,
432595,
433212,
433765,
434436,
435108,
435735,
436399,
437056,
437714,
438316,
438959,
439545,
440174,
440848,
441567,
442283,
442932,
443661,
444322,
444914,
445519,
446217,
446857,
447590,
448301,
449011,
449750,
450474,
451190,
451800,
452497,
453211,
453850,
454616,
455393,
456233,
457009,
457830,
458573,
459442,
460228,
461053,
461831,
462599,
463378,
464114,
464861,
465610,
466328,
467010,
467630,
468349,
468992,
469823,
470640,
471435,
472197,
473004,
473891,
474832,
475762,
476539,
477419,
478297,
479130,
479973,
480735,
481571,
482423,
483294,
484173,
485000,
485878,
486711,
487517,
488298,
489113,
490003,
490873,
491839,
492736,
493622,
494535,
495450,
496328,
497182,
498028,
498877,
499764,
500686,
501536,
502443,
503385,
504207,
505034,
505881,
506731,
507575,
508415,
509177,
509995,
510824,
511515,
512273,
513131,
513999,
514833,
515700,
516523,
517218,
517921,
518699,
519422,
520203,
521158,
522065,
522915,
523681,
524564,
525291,
526037,
526869,
527650,
528522,
529378,
530311,
531163,
531944,
532762,
533425,
534077,
534870,
535651,
536538,
537495,
538393,
539276,
540122,
540972,
541705,
542357,
543106,
543927,
544873,
545856,
546863,
547766,
548677,
549566,
550351,
551045,
551936,
552717,
553674,
554668,
555684,
556730,
557794,
558859,
560087,
561372,
562445,
563614,
564586,
565614,
566560,
567557,
568408,
569252,
570002,
570665,
571429,
572156,
573154,
574171,
575181,
576123,
577095,
577995,
578895,
579705,
580647,
581512,
582606,
583626,
584645,
585740,
586769,
587668,
588597,
589498,
590495,
591462,
592545,
593607,
594641,
595682,
596697,
597693,
598521,
599331,
600255,
601145,
602260,
603355,
604423,
605525,
606541,
607608,
608504,
609387,
610325,
611306,
612483,
613624,
614878,
616020,
617127,
618216,
619164,
619988,
620950,
621959,
623144,
624261,
625434,
626639,
627777,
628962,
629959,
631031,
632171,
633291,
634521,
635814,
636963,
638142,
639393,
640593,
641696,
642595,
643645,
644838,
646128,
647352,
648550,
649772,
650883,
652023,
652908,
653685,
654654,
655784,
657053,
658387,
659741,
661081,
662272,
663518,
664651,
665811,
667048,
668325,
669776,
671126,
672485,
673892,
675236,
676572,
677771,
678858,
680114,
681392,
682812,
684354,
685784,
687212,
688620,
689930,
691038,
692108,
693310,
694680,
696183,
697716,
699226,
700686,
702115,
703525,
704579,
705567,
706721,
708221,
709901,
711483,
713175,
714835,
716412,
717928,
719343,
720629,
721935,
723744,
725446,
727128,
728979,
731546,
734135,
736697,
739317,
741823,
744376,
747178,
750113,
753280,
756263,
759157,
762065,
764886,
767498,
770085,
772708,
775888,
778998,
782260,
785542,
789008,
792301,
795330,
798025,
800600,
803557,
807074,
810693,
814301,
817894,
821162,
824869,
828351,
831754,
834930,
838281,
842040,
845692,
849522,
853633,
857689,
861793,
865920,
869737,
873341,
877289,
881593,
885824,
890052,
894260,
898555,
902967,
907294,
911223,
914918,
919269,
923947,
928661,
933228,
937855,
942443,
947047,
951672,
956048,
960067,
964609,
969721,
974742,
979906,
984865,
989912,
995077,
999947,
1.00474e+06,
1.00913e+06,
1.01463e+06,
1.02031e+06,
1.02596e+06,
1.03164e+06,
1.03742e+06,
1.04303e+06,
1.04875e+06,
1.05435e+06,
1.05966e+06,
1.06463e+06,
1.07043e+06,
1.07664e+06,
1.08255e+06,
1.08868e+06,
1.09495e+06,
1.10096e+06,
1.10689e+06,
1.11308e+06,
1.11876e+06,
1.12397e+06,
1.13014e+06,
1.13668e+06,
1.14332e+06,
1.14979e+06,
1.15625e+06,
1.16285e+06,
1.1695e+06,
1.17611e+06,
1.18237e+06,
1.18757e+06,
1.19439e+06,
1.20123e+06,
1.20815e+06,
1.21537e+06,
1.22257e+06,
1.22981e+06,
1.23712e+06,
1.2442e+06,
1.25088e+06,
1.2569e+06,
1.26453e+06,
1.27223e+06,
1.28007e+06,
1.28817e+06,
1.29592e+06,
1.30372e+06,
1.31145e+06,
1.3191e+06,
1.32626e+06,
1.33294e+06,
1.34112e+06,
1.34934e+06,
1.3576e+06,
1.36569e+06,
1.37396e+06,
1.38221e+06,
1.3904e+06,
1.39825e+06,
1.40581e+06,
1.41275e+06,
1.42142e+06,
1.43025e+06,
1.43892e+06,
1.44768e+06,
1.45647e+06,
1.46553e+06,
1.47472e+06,
1.48398e+06,
1.49265e+06,
1.50095e+06,
1.51085e+06,
1.52056e+06,
1.53039e+06,
1.54022e+06,
1.55008e+06,
1.56026e+06,
1.57035e+06,
1.5805e+06,
1.59002e+06,
1.59885e+06,
1.60901e+06,
1.61953e+06,
1.63006e+06,
1.64083e+06,
1.65167e+06,
1.6619e+06,
1.67235e+06,
1.6827e+06,
1.69267e+06,
1.70192e+06,
1.7129e+06,
1.72409e+06,
1.7352e+06,
1.74658e+06,
1.7579e+06,
1.76946e+06,
1.78117e+06,
1.79265e+06,
1.80394e+06,
1.81425e+06,
1.82635e+06,
1.83853e+06,
1.85037e+06,
1.86211e+06,
1.87409e+06,
1.88595e+06,
1.89752e+06,
1.90824e+06,
1.91565e+06,
1.92091e+06,
1.93423e+06,
1.94764e+06,
1.961e+06,
1.97459e+06,
1.98839e+06,
2.00248e+06,
2.0161e+06,
2.03012e+06,
2.04371e+06,
2.0577e+06,
2.07193e+06,
2.0867e+06,
2.10173e+06,
2.1163e+06,
2.13114e+06,
2.1461e+06,
2.16106e+06,
2.17617e+06,
2.19163e+06,
2.20726e+06,
2.22309e+06,
2.23827e+06,
2.25376e+06,
2.26943e+06,
2.28495e+06,
2.30093e+06,
2.31706e+06,
2.33324e+06,
2.34923e+06,
2.3654e+06,
2.38181e+06,
2.39802e+06,
2.41466e+06,
2.43135e+06,
2.44831e+06,
2.46519e+06,
2.4823e+06,
2.49971e+06,
2.51705e+06,
2.53453e+06,
2.55246e+06,
2.57076e+06,
2.58897e+06,
2.60699e+06,
2.625e+06,
2.64313e+06,
2.66158e+06,
2.68e+06,
2.69914e+06,
2.71862e+06,
2.74559e+06,
2.77345e+06,
2.80161e+06,
2.82956e+06,
2.85764e+06,
2.88605e+06,
2.91492e+06,
2.9437e+06,
2.97253e+06,
3.00139e+06,
3.0313e+06,
3.06224e+06,
3.09368e+06,
3.12527e+06,
3.15754e+06,
3.1895e+06,
3.22204e+06,
3.25451e+06,
3.28739e+06,
3.32009e+06,
3.35296e+06,
3.38815e+06,
3.42362e+06,
3.45931e+06,
3.49459e+06,
3.53047e+06,
3.56618e+06,
3.60239e+06,
3.63886e+06,
3.67544e+06,
3.71216e+06,
3.75023e+06,
3.78864e+06,
3.82739e+06,
3.86573e+06,
3.90566e+06,
3.94615e+06,
3.98693e+06,
4.02785e+06,
4.06911e+06,
4.11089e+06,
4.1527e+06,
4.1958e+06,
4.23948e+06,
4.28371e+06,
4.32912e+06,
4.37379e+06,
4.41912e+06,
4.46488e+06,
4.51158e+06,
4.55836e+06,
375246,
375015,
374824,
374668,
374496,
374391,
374347,
374275,
374200,
374132,
374056,
373983,
373915,
373896,
373840,
373836,
373810,
373772,
373725,
373706,
373764,
373893,
373972,
374063,
374055,
374136,
374200,
374237,
374298,
374363,
374442,
374628,
374675,
374743,
374857,
375015,
375077,
375177,
375265,
375438,
375653,
375828,
375977,
376186,
376405,
376576,
376697,
376893,
377090,
377160,
377355,
377471,
377570,
377686,
377814,
377940,
378089,
378186,
378343,
378522,
378690,
378881,
379119,
379320,
379522,
379696,
379861,
380071,
380231,
380411,
380659,
380844,
381005,
381205,
381356,
381511,
381712,
381929,
382095,
382290,
382480,
382754,
382966,
383158,
383388,
383628,
383871,
384086,
384297,
384523,
384793,
385001,
385196,
385395,
385642,
385832,
386011,
386117,
386207,
386419,
386771,
387006,
387219,
387449,
387706,
387928,
388182,
388336,
388382,
388580,
388937,
389224,
389520,
389834,
390085,
390323,
390613,
390845,
390922,
391173,
391521,
391881,
392255,
392603,
392858,
393122,
393463,
393650,
393735,
393971,
394340,
394743,
395123,
395478,
395817,
396207,
396553,
396825,
396889,
397151,
397540,
398045,
398466,
398835,
399245,
399658,
400120,
400400,
400546,
400810,
401344,
401798,
402282,
402797,
403229,
403645,
404057,
404423,
404679,
405045,
405577,
406082,
406615,
407128,
407676,
408154,
408670,
409073,
409384,
409718,
410256,
410834,
411392,
411966,
412537,
413051,
413546,
413997,
414317,
414735,
415299,
415899,
416463,
417036,
417658,
418207,
418778,
419323,
419702,
420123,
420774,
421376,
421956,
422562,
423181,
423740,
424267,
424765,
425132,
425634,
426234,
426895,
427506,
428153,
428780,
429376,
430018,
430518,
430994,
431493,
432154,
432791,
433405,
434092,
434787,
435465,
436115,
436729,
437276,
437781,
438497,
439187,
439938,
440614,
441313,
441962,
442669,
443323,
443871,
444448,
445141,
445840,
446595,
447361,
448045,
448705,
449415,
450064,
450605,
451269,
452021,
452739,
453467,
454251,
455079,
455829,
456606,
457387,
458263,
459108,
459880,
460599,
461322,
462108,
462850,
463559,
464313,
464942,
465497,
466108,
466916,
467713,
468472,
469256,
470107,
470886,
471749,
472647,
473564,
474431,
475278,
476089,
476875,
477634,
478476,
479323,
480149,
480943,
481777,
482644,
483496,
484377,
485102,
485947,
486811,
487629,
488456,
489312,
490189,
490971,
491722,
492514,
493340,
494140,
494904,
495688,
496464,
497257,
498043,
498823,
499573,
500399,
501191,
501959,
502755,
503440,
504233,
504962,
505632,
506274,
507032,
507743,
508460,
509152,
509920,
510662,
511374,
512024,
512648,
513318,
514077,
514943,
515818,
516568,
517336,
518124,
518995,
519693,
520325,
521039,
521869,
522696,
523507,
524288,
525111,
525927,
526708,
527360,
527971,
528700,
529545,
530455,
531337,
532226,
533065,
533902,
534709,
535438,
536039,
536691,
537534,
538449,
539371,
540206,
541142,
541978,
542805,
543532,
544149,
544875,
545791,
546747,
547733,
548706,
549714,
550728,
551721,
552918,
554239,
555420,
556282,
557131,
558041,
558916,
559773,
560571,
561351,
562053,
562578,
563225,
564228,
565189,
566169,
567121,
568089,
568964,
569891,
570733,
571449,
572307,
573332,
574352,
575372,
576332,
577265,
578187,
579108,
580083,
580922,
581786,
582779,
583824,
584874,
585888,
586848,
587799,
588692,
589514,
590204,
591027,
592077,
593175,
594267,
595272,
596213,
597167,
598113,
598889,
599567,
600406,
601458,
602538,
603628,
604682,
605728,
606759,
607782,
608594,
609357,
610223,
611309,
612428,
613529,
614591,
615625,
616739,
617740,
618681,
619520,
620403,
621558,
622721,
623967,
625216,
626370,
627523,
628594,
629601,
630466,
631451,
632669,
633943,
635177,
636388,
637568,
638777,
639843,
640791,
641653,
642666,
644012,
645255,
646549,
647912,
649121,
650291,
651493,
652600,
653486,
654609,
655928,
657275,
658499,
659907,
661293,
662596,
663868,
665068,
666052,
667194,
668614,
670011,
671397,
672803,
674123,
675425,
676743,
677842,
678775,
680015,
681499,
682920,
684508,
685924,
687296,
688695,
690014,
691154,
692064,
693267,
694771,
696301,
697950,
699486,
701006,
702509,
703918,
705221,
706224,
707618,
709282,
710972,
712612,
714411,
716134,
717811,
719352,
720844,
722043,
723519,
725338,
727103,
728851,
730629,
732477,
734295,
736074,
737515,
738701,
740403,
742298,
744233,
746206,
748238,
750178,
752072,
753951,
755529,
756577,
758424,
760645,
762753,
764878,
767148,
769456,
771860,
774850,
777827,
780497,
783751,
787246,
790827,
794562,
798163,
801671,
805109,
808385,
811644,
814494,
818165,
822090,
825886,
829660,
833504,
837175,
840989,
844529,
847972,
850948,
854803,
858810,
862897,
866942,
871134,
875255,
879301,
883310,
886917,
890181,
894579,
899141,
903488,
907971,
912456,
917025,
921628,
926211,
930279,
934167,
939141,
943976,
948988,
954053,
959172,
964471,
969583,
974546,
979160,
983226,
988390,
993687,
998986,
1.00429e+06,
1.00978e+06,
1.01524e+06,
1.02061e+06,
1.02583e+06,
1.03041e+06,
1.0347e+06,
1.0405e+06,
1.0465e+06,
1.05228e+06,
1.05831e+06,
1.06412e+06,
1.06982e+06,
1.07535e+06,
1.08101e+06,
1.08611e+06,
1.09086e+06,
1.09752e+06,
1.10402e+06,
1.11048e+06,
1.11693e+06,
1.12332e+06,
1.12942e+06,
1.13586e+06,
1.14245e+06,
1.1484e+06,
1.15381e+06,
1.16045e+06,
1.16718e+06,
1.17396e+06,
1.18074e+06,
1.18776e+06,
1.19494e+06,
1.20208e+06,
1.20898e+06,
1.21506e+06,
1.22082e+06,
1.22787e+06,
1.23507e+06,
1.24243e+06,
1.24987e+06,
1.25734e+06,
1.2644e+06,
1.2716e+06,
1.27864e+06,
1.28509e+06,
1.29111e+06,
1.29874e+06,
1.30679e+06,
1.31482e+06,
1.32288e+06,
1.33095e+06,
1.33893e+06,
1.3471e+06,
1.35505e+06,
1.36239e+06,
1.3694e+06,
1.37812e+06,
1.38677e+06,
1.39515e+06,
1.40371e+06,
1.41218e+06,
1.4206e+06,
1.42918e+06,
1.43782e+06,
1.44601e+06,
1.45363e+06,
1.46274e+06,
1.47168e+06,
1.48068e+06,
1.48959e+06,
1.49872e+06,
1.50767e+06,
1.51655e+06,
1.52541e+06,
1.53376e+06,
1.54155e+06,
1.55107e+06,
1.56062e+06,
1.57065e+06,
1.58071e+06,
1.59088e+06,
1.60095e+06,
1.61097e+06,
1.62092e+06,
1.63045e+06,
1.63946e+06,
1.65007e+06,
1.6606e+06,
1.67104e+06,
1.68128e+06,
1.69146e+06,
1.70146e+06,
1.71097e+06,
1.72007e+06,
1.72576e+06,
1.72938e+06,
1.74115e+06,
1.75281e+06,
1.76427e+06,
1.77597e+06,
1.78761e+06,
1.79972e+06,
1.81211e+06,
1.82436e+06,
1.8367e+06,
1.84903e+06,
1.86136e+06,
1.87434e+06,
1.88719e+06,
1.90032e+06,
1.91359e+06,
1.9266e+06,
1.93998e+06,
1.95306e+06,
1.9663e+06,
1.97985e+06,
1.99374e+06,
2.00762e+06,
2.02152e+06,
2.03524e+06,
2.04909e+06,
2.06277e+06,
2.07674e+06,
2.09075e+06,
2.10499e+06,
2.1193e+06,
2.1336e+06,
2.14801e+06,
2.16206e+06,
2.17623e+06,
2.1905e+06,
2.20525e+06,
2.22003e+06,
2.2353e+06,
2.25052e+06,
2.26586e+06,
2.28116e+06,
2.29669e+06,
2.31266e+06,
2.32887e+06,
2.34503e+06,
2.36104e+06,
2.37695e+06,
2.39289e+06,
2.40902e+06,
2.42545e+06,
2.44218e+06,
2.45868e+06,
2.47542e+06,
2.49181e+06,
2.50858e+06,
2.52517e+06,
2.54202e+06,
2.55916e+06,
2.57647e+06,
2.59385e+06,
2.61126e+06,
2.62943e+06,
2.65433e+06,
2.68013e+06,
2.70697e+06,
2.7334e+06,
2.7606e+06,
2.78781e+06,
2.81498e+06,
2.84185e+06,
2.86937e+06,
2.89674e+06,
2.92506e+06,
2.95444e+06,
2.98388e+06,
3.01384e+06,
3.04351e+06,
3.07336e+06,
3.10335e+06,
3.13287e+06,
3.16377e+06,
3.19412e+06,
3.22508e+06,
3.25725e+06,
3.28989e+06,
3.32209e+06,
3.35487e+06,
3.38862e+06,
3.42249e+06,
3.45686e+06,
3.49192e+06,
3.52615e+06,
3.56103e+06,
3.59633e+06,
3.63167e+06,
3.6679e+06,
3.70504e+06,
3.74251e+06,
3.7801e+06,
3.81714e+06,
3.85468e+06,
375246,
375014,
374824,
374643,
374466,
374366,
374300,
374218,
374174,
374083,
373991,
373915,
373831,
373775,
373740,
373695,
373669,
373677,
373627,
373588,
373651,
373763,
373877,
373897,
373936,
373995,
374042,
374094,
374156,
374174,
374323,
374442,
374497,
374571,
374682,
374786,
374867,
374935,
375084,
375180,
375409,
375580,
375740,
375955,
376133,
376274,
376447,
376579,
376735,
376878,
377042,
377149,
377292,
377420,
377543,
377688,
377797,
377944,
378097,
378257,
378464,
378577,
378762,
378936,
379137,
379299,
379469,
379708,
379886,
380040,
380265,
380439,
380660,
380792,
380892,
381081,
381296,
381506,
381702,
381894,
382115,
382331,
382542,
382729,
382922,
383153,
383350,
383526,
383765,
383940,
384162,
384338,
384580,
384790,
384954,
385194,
385387,
385453,
385508,
385814,
386138,
386408,
386730,
386979,
387214,
387401,
387554,
387759,
387760,
388037,
388333,
388562,
388897,
389173,
389400,
389637,
389857,
390033,
390103,
390444,
390777,
391089,
391451,
391768,
392082,
392379,
392694,
392897,
392880,
393192,
393581,
393915,
394341,
394683,
394973,
395327,
395678,
395914,
395981,
396344,
396798,
397262,
397685,
398113,
398487,
398813,
399192,
399461,
399542,
399958,
400415,
400900,
401355,
401841,
402266,
402677,
403072,
403370,
403465,
403946,
404468,
404985,
405464,
406045,
406534,
407018,
407539,
407925,
408174,
408696,
409230,
409742,
410278,
410826,
411352,
411855,
412366,
412749,
413006,
413497,
414039,
414643,
415234,
415834,
416357,
416859,
417379,
417883,
418253,
418832,
419406,
420016,
420589,
421166,
421739,
422293,
422894,
423361,
423673,
424223,
424820,
425419,
426027,
426641,
427310,
427983,
428559,
429081,
429455,
430094,
430775,
431376,
432051,
432660,
433286,
433916,
434486,
435051,
435507,
436173,
436874,
437558,
438265,
438944,
439631,
440265,
440869,
441447,
441917,
442555,
443326,
444050,
444754,
445465,
446190,
446947,
447587,
448197,
448682,
449282,
450090,
450827,
451577,
452332,
453100,
453861,
454580,
455373,
456197,
457000,
457716,
458427,
459168,
459884,
460621,
461302,
462021,
462629,
463107,
463835,
464596,
465389,
466218,
466930,
467769,
468605,
469427,
470315,
471263,
472111,
472891,
473680,
474498,
475307,
476103,
476946,
477757,
478646,
479527,
480359,
481085,
481860,
482696,
483509,
484258,
485034,
485853,
486655,
487503,
488271,
489118,
489900,
490737,
491490,
492200,
493002,
493792,
494569,
495350,
496126,
496835,
497619,
498460,
499251,
499973,
500728,
501426,
502114,
502710,
503429,
504167,
504991,
505687,
506479,
507169,
507913,
508533,
509117,
509571,
510282,
511078,
511862,
512593,
513359,
514061,
514822,
515527,
516089,
516595,
517328,
518036,
518799,
519491,
520231,
520981,
521705,
522352,
522887,
523329,
523976,
524781,
525605,
526389,
527168,
527927,
528631,
529379,
529926,
530263,
530852,
531681,
532464,
533235,
534019,
534784,
535532,
536209,
536761,
537100,
537921,
538898,
539816,
540795,
541743,
542793,
543770,
544886,
546032,
547385,
548352,
549238,
550088,
550928,
551750,
552565,
553429,
554223,
554809,
555142,
555829,
556757,
557677,
558588,
559433,
560364,
561253,
562070,
562878,
563557,
564412,
565402,
566319,
567254,
568205,
569076,
570037,
570942,
571785,
572344,
573233,
574233,
575118,
576086,
577116,
577955,
578831,
579727,
580479,
581009,
581897,
582859,
583858,
584860,
585828,
586813,
587697,
588612,
589372,
589940,
590865,
591886,
592891,
593874,
594888,
595891,
596831,
597835,
598669,
599231,
600210,
601340,
602438,
603563,
604682,
605734,
606761,
607756,
608587,
609125,
610232,
611385,
612472,
613561,
614622,
615612,
616666,
617709,
618593,
619171,
620326,
621515,
622676,
623869,
625045,
626172,
627193,
628215,
628943,
629412,
630486,
631684,
633034,
634379,
635621,
636851,
638015,
639184,
640177,
641035,
642288,
643572,
644871,
646217,
647496,
648757,
650074,
651366,
652481,
653425,
654803,
656189,
657610,
658882,
660247,
661596,
662881,
664043,
665079,
665812,
667259,
668667,
670039,
671515,
672909,
674378,
675798,
677120,
678167,
678751,
680341,
681918,
683495,
684968,
686594,
688131,
689638,
691051,
692218,
693112,
694836,
696477,
698096,
699761,
701281,
702924,
704544,
706069,
707440,
708557,
710337,
712196,
714032,
715801,
717649,
719414,
721216,
722780,
724196,
725032,
726993,
729017,
731049,
733073,
734967,
736897,
738798,
740636,
741954,
742828,
744922,
747161,
749316,
751462,
753687,
755889,
758002,
760127,
762064,
763592,
765865,
768163,
770582,
772888,
775141,
777353,
779578,
781752,
783754,
785316,
787828,
790456,
792919,
795430,
797937,
800374,
802830,
805189,
807179,
808572,
811086,
813878,
816565,
819157,
821773,
824333,
826854,
829357,
831483,
833192,
836885,
840762,
844882,
848928,
852832,
857155,
861276,
865265,
868806,
872079,
876341,
880739,
885302,
889595,
893938,
898367,
902640,
906823,
910631,
914289,
919046,
923787,
928275,
933057,
937786,
942549,
947253,
951810,
955667,
959226,
964365,
969442,
974488,
979616,
984458,
989489,
994370,
999469,
1.00429e+06,
1.00841e+06,
1.01399e+06,
1.01959e+06,
1.02534e+06,
1.03092e+06,
1.03661e+06,
1.04238e+06,
1.04803e+06,
1.05357e+06,
1.05868e+06,
1.06318e+06,
1.06915e+06,
1.07492e+06,
1.08094e+06,
1.08698e+06,
1.09312e+06,
1.09923e+06,
1.10505e+06,
1.11102e+06,
1.11652e+06,
1.12164e+06,
1.12798e+06,
1.13453e+06,
1.14123e+06,
1.14748e+06,
1.15393e+06,
1.1603e+06,
1.1666e+06,
1.1729e+06,
1.17862e+06,
1.18381e+06,
1.19085e+06,
1.1978e+06,
1.20493e+06,
1.21194e+06,
1.21912e+06,
1.22632e+06,
1.23353e+06,
1.2406e+06,
1.24701e+06,
1.25289e+06,
1.26037e+06,
1.26796e+06,
1.27562e+06,
1.28334e+06,
1.29106e+06,
1.29889e+06,
1.30631e+06,
1.31361e+06,
1.32067e+06,
1.32733e+06,
1.33534e+06,
1.34337e+06,
1.35156e+06,
1.35945e+06,
1.36749e+06,
1.37516e+06,
1.38309e+06,
1.39085e+06,
1.39791e+06,
1.40477e+06,
1.41311e+06,
1.42148e+06,
1.43026e+06,
1.43871e+06,
1.44736e+06,
1.45606e+06,
1.4648e+06,
1.47335e+06,
1.48138e+06,
1.48876e+06,
1.49787e+06,
1.50677e+06,
1.51543e+06,
1.52438e+06,
1.53355e+06,
1.54197e+06,
1.55015e+06,
1.55735e+06,
1.56132e+06,
1.56333e+06,
1.57331e+06,
1.58362e+06,
1.59419e+06,
1.60429e+06,
1.61462e+06,
1.62478e+06,
1.63526e+06,
1.64587e+06,
1.65677e+06,
1.66747e+06,
1.67833e+06,
1.68947e+06,
1.70077e+06,
1.71208e+06,
1.72327e+06,
1.73481e+06,
1.74637e+06,
1.75822e+06,
1.77027e+06,
1.78193e+06,
1.79375e+06,
1.80567e+06,
1.81757e+06,
1.82969e+06,
1.84189e+06,
1.85408e+06,
1.86619e+06,
1.87835e+06,
1.89052e+06,
1.90285e+06,
1.91523e+06,
1.92779e+06,
1.94061e+06,
1.95344e+06,
1.96596e+06,
1.97871e+06,
1.99158e+06,
2.00451e+06,
2.01773e+06,
2.0313e+06,
2.04516e+06,
2.05879e+06,
2.07257e+06,
2.08609e+06,
2.09976e+06,
2.11379e+06,
2.12814e+06,
2.14228e+06,
2.15633e+06,
2.17026e+06,
2.18444e+06,
2.19883e+06,
2.21332e+06,
2.22792e+06,
2.24252e+06,
2.25723e+06,
2.27217e+06,
2.28693e+06,
2.30186e+06,
2.31675e+06,
2.33175e+06,
2.34718e+06,
2.36245e+06,
2.37795e+06,
2.39323e+06,
2.40869e+06,
2.42445e+06,
2.44065e+06,
2.45686e+06,
2.47336e+06,
2.4899e+06,
2.50639e+06,
2.52288e+06,
2.53946e+06,
2.55933e+06,
2.58291e+06,
2.60817e+06,
2.63313e+06,
2.65783e+06,
2.68291e+06,
2.70792e+06,
2.73303e+06,
2.75804e+06,
2.78356e+06,
2.80929e+06,
2.83624e+06,
2.86354e+06,
2.89108e+06,
2.91837e+06,
2.94629e+06,
2.97401e+06,
3.00287e+06,
3.03193e+06,
3.06095e+06,
3.09004e+06,
3.11961e+06,
3.14975e+06,
3.18113e+06,
3.21417e+06,
3.2469e+06,
3.27984e+06,
375246,
375007,
374801,
374645,
374450,
374333,
374253,
374184,
374108,
373988,
373930,
373874,
373757,
373683,
373638,
373622,
373619,
373549,
373503,
373492,
373502,
373623,
373720,
373760,
373793,
373835,
373849,
373907,
373982,
374013,
374120,
374205,
374300,
374386,
374510,
374608,
374700,
374778,
374838,
374952,
375176,
375319,
375489,
375665,
375859,
376047,
376184,
376343,
376513,
376588,
376679,
376825,
376949,
377082,
377263,
377370,
377561,
377704,
377811,
378021,
378173,
378306,
378461,
378612,
378731,
378904,
379134,
379294,
379468,
379688,
379898,
380039,
380248,
380420,
380553,
380705,
380894,
381042,
381243,
381459,
381677,
381847,
382042,
382259,
382439,
382649,
382902,
383058,
383234,
383429,
383642,
383840,
384042,
384266,
384447,
384584,
384802,
384873,
384916,
385136,
385447,
385708,
385982,
386269,
386497,
386657,
386909,
387065,
387113,
387369,
387617,
387875,
388105,
388434,
388665,
388881,
389111,
389242,
389246,
389618,
389998,
390281,
390624,
390964,
391255,
391495,
391738,
391929,
391937,
392314,
392653,
393004,
393366,
393735,
394088,
394462,
394803,
395074,
395146,
395500,
395991,
396401,
396840,
397208,
397634,
397961,
398263,
398459,
398504,
398911,
399375,
399835,
400313,
400702,
401148,
401594,
401909,
402219,
402377,
402878,
403443,
403963,
404466,
404918,
405382,
405902,
406313,
406654,
406878,
407438,
408023,
408563,
409106,
409614,
410081,
410597,
411076,
411451,
411659,
412213,
412750,
413389,
413940,
414537,
415053,
415573,
416081,
416457,
416716,
417343,
418000,
418647,
419267,
419856,
420429,
421003,
421555,
421935,
422151,
422776,
423361,
424003,
424603,
425190,
425813,
426363,
426948,
427445,
427825,
428458,
429163,
429785,
430468,
431109,
431707,
432400,
433056,
433545,
433910,
434591,
435242,
436003,
436602,
437241,
437929,
438534,
439095,
439645,
440049,
440742,
441431,
442162,
442817,
443485,
444178,
444863,
445544,
446081,
446461,
447164,
447937,
448718,
449428,
450168,
450916,
451637,
452409,
453200,
454020,
454735,
455452,
456193,
456968,
457680,
458357,
459053,
459765,
460327,
460735,
461500,
462308,
463134,
463904,
464763,
465527,
466366,
467220,
468091,
469104,
469871,
470623,
471371,
472178,
472904,
473647,
474448,
475257,
476131,
477026,
477754,
478528,
479369,
480163,
480879,
481630,
482416,
483193,
483940,
484800,
485572,
486325,
487147,
487883,
488665,
489423,
490218,
490928,
491717,
492489,
493217,
494021,
494767,
495464,
496256,
496992,
497825,
498491,
499126,
499693,
500486,
501212,
501888,
502655,
503437,
504185,
504906,
505606,
506163,
506589,
507326,
508078,
508864,
509619,
510315,
511059,
511735,
512476,
512994,
513447,
514230,
514980,
515774,
516495,
517192,
517902,
518554,
519170,
519686,
520046,
520896,
521664,
522436,
523176,
523885,
524639,
525394,
526035,
526487,
526789,
527544,
528353,
529177,
529951,
530704,
531362,
532077,
532718,
533194,
533386,
534201,
535036,
535920,
536785,
537717,
538641,
539526,
540419,
541436,
542800,
543527,
544286,
545002,
545747,
546474,
547198,
547895,
548585,
548937,
548933,
549794,
550577,
551381,
552168,
553010,
553821,
554638,
555391,
555955,
556382,
557258,
558137,
558994,
559931,
560780,
561607,
562419,
563269,
563880,
564392,
565234,
566121,
566953,
567816,
568658,
569493,
570298,
571134,
571856,
572273,
573197,
574163,
575143,
576106,
577078,
578003,
578879,
579743,
580385,
580768,
581741,
582750,
583730,
584704,
585646,
586598,
587571,
588464,
589125,
589577,
590575,
591619,
592612,
593604,
594631,
595594,
596563,
597490,
598215,
598663,
599705,
600787,
601907,
602948,
604043,
605067,
606152,
607197,
607917,
608423,
609560,
610696,
611713,
612862,
614029,
615103,
616079,
617118,
617808,
618182,
619275,
620483,
621667,
622921,
624163,
625365,
626518,
627716,
628738,
629523,
630830,
632127,
633425,
634627,
635920,
637226,
638498,
639739,
640845,
641642,
642958,
644302,
645594,
646957,
648387,
649730,
650904,
652112,
653118,
653820,
655339,
656838,
658195,
659582,
660952,
662356,
663722,
665011,
665927,
666525,
668034,
669555,
671051,
672620,
674167,
675639,
677125,
678550,
679683,
680637,
682269,
683868,
685492,
687116,
688719,
690407,
692142,
693687,
695015,
696123,
697984,
699873,
701602,
703399,
705120,
706907,
708603,
710263,
711518,
712427,
714476,
716504,
718391,
720307,
722293,
724260,
726176,
727951,
729373,
730334,
732636,
734857,
736971,
739095,
741318,
743386,
745512,
747638,
749549,
751122,
753495,
755909,
758208,
760595,
762909,
765224,
767397,
769714,
771646,
773350,
775829,
778380,
780856,
783341,
785800,
788287,
790618,
792888,
794791,
796267,
798934,
801603,
804233,
806910,
809712,
812336,
814821,
817328,
819324,
821051,
823911,
826654,
829458,
832319,
835049,
837852,
840514,
843238,
845466,
847265,
850210,
853215,
856150,
859158,
862083,
865076,
867883,
870654,
873059,
874874,
877916,
881063,
884321,
887340,
890474,
893650,
896576,
899607,
902032,
903830,
907204,
910585,
913890,
917203,
920553,
924777,
929345,
933676,
937443,
940980,
945917,
950794,
955790,
960872,
965647,
970656,
975398,
980113,
984539,
988352,
993635,
998858,
1.00415e+06,
1.00959e+06,
1.01482e+06,
1.0201e+06,
1.02539e+06,
1.03039e+06,
1.03493e+06,
1.03926e+06,
1.04485e+06,
1.05026e+06,
1.05587e+06,
1.06156e+06,
1.06714e+06,
1.0728e+06,
1.07835e+06,
1.08391e+06,
1.08869e+06,
1.09308e+06,
1.09929e+06,
1.10548e+06,
1.11183e+06,
1.11792e+06,
1.12412e+06,
1.13029e+06,
1.13664e+06,
1.14286e+06,
1.14827e+06,
1.15339e+06,
1.16003e+06,
1.16681e+06,
1.17341e+06,
1.17988e+06,
1.1865e+06,
1.19317e+06,
1.19978e+06,
1.20648e+06,
1.21241e+06,
1.21809e+06,
1.22513e+06,
1.23218e+06,
1.23913e+06,
1.24627e+06,
1.2534e+06,
1.26051e+06,
1.26736e+06,
1.27412e+06,
1.28027e+06,
1.28582e+06,
1.29323e+06,
1.30047e+06,
1.30795e+06,
1.31564e+06,
1.32328e+06,
1.33094e+06,
1.33872e+06,
1.34622e+06,
1.35304e+06,
1.35956e+06,
1.36744e+06,
1.37541e+06,
1.38329e+06,
1.39115e+06,
1.39894e+06,
1.40655e+06,
1.4135e+06,
1.41957e+06,
1.42203e+06,
1.42314e+06,
1.43201e+06,
1.44106e+06,
1.45008e+06,
1.4592e+06,
1.46798e+06,
1.47716e+06,
1.48626e+06,
1.49539e+06,
1.50475e+06,
1.51399e+06,
1.5233e+06,
1.53283e+06,
1.54208e+06,
1.55189e+06,
1.56191e+06,
1.57185e+06,
1.58185e+06,
1.5918e+06,
1.60201e+06,
1.61206e+06,
1.6226e+06,
1.6329e+06,
1.64312e+06,
1.65356e+06,
1.66414e+06,
1.67465e+06,
1.6851e+06,
1.69568e+06,
1.70645e+06,
1.71732e+06,
1.72852e+06,
1.73927e+06,
1.75009e+06,
1.76099e+06,
1.7721e+06,
1.78341e+06,
1.79448e+06,
1.80579e+06,
1.81718e+06,
1.8285e+06,
1.84017e+06,
1.85174e+06,
1.86382e+06,
1.87585e+06,
1.88827e+06,
1.90044e+06,
1.91265e+06,
1.92498e+06,
1.93735e+06,
1.94969e+06,
1.96226e+06,
1.97478e+06,
1.98745e+06,
2.00019e+06,
2.01281e+06,
2.02575e+06,
2.03844e+06,
2.05143e+06,
2.06428e+06,
2.07783e+06,
2.09228e+06,
2.10716e+06,
2.12172e+06,
2.13631e+06,
2.15144e+06,
2.16669e+06,
2.18201e+06,
2.19732e+06,
2.21318e+06,
2.22891e+06,
2.24465e+06,
2.26064e+06,
2.27692e+06,
2.29335e+06,
2.30979e+06,
2.3265e+06,
2.34296e+06,
2.35929e+06,
2.37616e+06,
2.39272e+06,
2.40962e+06,
2.42681e+06,
2.44381e+06,
2.46101e+06,
2.47811e+06,
2.49551e+06,
2.51284e+06,
2.53289e+06,
2.55719e+06,
2.58248e+06,
2.60779e+06,
2.63318e+06,
2.65868e+06,
2.68432e+06,
2.71075e+06,
2.73729e+06,
2.76427e+06,
2.79122e+06,
2.81933e+06,
2.84783e+06,
2.87633e+06,
375246,
375003,
374787,
374621,
374428,
374320,
374213,
374135,
374070,
373962,
373865,
373792,
373668,
373614,
373554,
373542,
373503,
373438,
373425,
373382,
373401,
373540,
373584,
373601,
373665,
373637,
373687,
373721,
373770,
373811,
373876,
374004,
374119,
374220,
374359,
374400,
374490,
374585,
374696,
374788,
374962,
375069,
375237,
375389,
375565,
375738,
375889,
376035,
376169,
376271,
376374,
376491,
376669,
376781,
376911,
377054,
377186,
377371,
377523,
377643,
377802,
377997,
378215,
378351,
378443,
378604,
378802,
378957,
379123,
379320,
379468,
379627,
379821,
379945,
380113,
380275,
380472,
380674,
380846,
381043,
381238,
381396,
381584,
381807,
381976,
382193,
382383,
382591,
382747,
382915,
383117,
383342,
383508,
383729,
383955,
384087,
384220,
384267,
384289,
384502,
384745,
385004,
385302,
385580,
385788,
385966,
386172,
386280,
386319,
386583,
386886,
387143,
387395,
387633,
387856,
388092,
388293,
388427,
388472,
388844,
389258,
389562,
389882,
390206,
390466,
390791,
391048,
391200,
391239,
391562,
391899,
392263,
392597,
392950,
393326,
393599,
393903,
394070,
394127,
394497,
394906,
395296,
395689,
396070,
396487,
396856,
397186,
397392,
397466,
397877,
398367,
398789,
399248,
399669,
400103,
400519,
400896,
401134,
401304,
401772,
402258,
402777,
403295,
403804,
404269,
404749,
405171,
405520,
405749,
406264,
406813,
407288,
407784,
408304,
408786,
409231,
409669,
410027,
410285,
410820,
411389,
411879,
412468,
413045,
413632,
414114,
414582,
414920,
415143,
415738,
416393,
417069,
417639,
418231,
418779,
419325,
419818,
420185,
420474,
421117,
421750,
422389,
422989,
423574,
424175,
424756,
425285,
425804,
426123,
426784,
427384,
428068,
428690,
429341,
429948,
430555,
431119,
431693,
432119,
432750,
433383,
434082,
434750,
435452,
436083,
436688,
437295,
437786,
438218,
438853,
439543,
440233,
440927,
441599,
442246,
442918,
443508,
444020,
444484,
445226,
445938,
446695,
447454,
448150,
448866,
449597,
450320,
451130,
451961,
452704,
453365,
454116,
454829,
455542,
456209,
456871,
457497,
458017,
458499,
459270,
460028,
460780,
461559,
462321,
463071,
463860,
464671,
465509,
466522,
467248,
468017,
468793,
469519,
470299,
471078,
471825,
472645,
473454,
474319,
475067,
475837,
476595,
477339,
478087,
478860,
479619,
480312,
481125,
481932,
482658,
483453,
484194,
484976,
485721,
486508,
487267,
488052,
488813,
489591,
490346,
491042,
491790,
492521,
493267,
493986,
494736,
495424,
496057,
496634,
497372,
498072,
498822,
499591,
500252,
500977,
501695,
502393,
502881,
503329,
504100,
504861,
505574,
506296,
507016,
507699,
508455,
509125,
509634,
510044,
510827,
511629,
512335,
513009,
513788,
514454,
515165,
515774,
516196,
516554,
517312,
518044,
518782,
519575,
520341,
521066,
521774,
522448,
522864,
523126,
523919,
524696,
525482,
526232,
526942,
527632,
528311,
528961,
529370,
529608,
530420,
531294,
532105,
532986,
533811,
534697,
535580,
536486,
537649,
538892,
539674,
540394,
541128,
541784,
542589,
543228,
543902,
544456,
544710,
544823,
545608,
546382,
547134,
547941,
548773,
549511,
550285,
551022,
551645,
552043,
552876,
553654,
554468,
555218,
556040,
556779,
557593,
558283,
558862,
559364,
560242,
561066,
561884,
562663,
563543,
564297,
565013,
565719,
566256,
566666,
567553,
568382,
569210,
570049,
570817,
571641,
572412,
573106,
573657,
574045,
574953,
575869,
576789,
577557,
578434,
579255,
580078,
580849,
581381,
581815,
582758,
583754,
584755,
585658,
586524,
587378,
588308,
589136,
589718,
590148,
591189,
592191,
593130,
594064,
594997,
595904,
596950,
597825,
598453,
598977,
600024,
601019,
601976,
603031,
603972,
604948,
605902,
606795,
607343,
607586,
608797,
610012,
611240,
612403,
613543,
614701,
615792,
616857,
617727,
618516,
619816,
621182,
622509,
623842,
625063,
626270,
627459,
628618,
629555,
630425,
631717,
633092,
634375,
635692,
637078,
638303,
639537,
640687,
641717,
642309,
643764,
645281,
646696,
648016,
649408,
650831,
652172,
653408,
654250,
654849,
656390,
657934,
659465,
660980,
662466,
664003,
665452,
666907,
667978,
668862,
670553,
672144,
673802,
675553,
677303,
678897,
680477,
681992,
683367,
684444,
686230,
688021,
689943,
691795,
693654,
695474,
697167,
698841,
700111,
701119,
703150,
705121,
707070,
709074,
710993,
712863,
714832,
716583,
717788,
718846,
721097,
723306,
725552,
727747,
729881,
732047,
734157,
736200,
737949,
739484,
741772,
744151,
746446,
748890,
751207,
753458,
755784,
758169,
760033,
761718,
764219,
766710,
769261,
771712,
774088,
776571,
778964,
781265,
783179,
784786,
787434,
789985,
792524,
795264,
797981,
800610,
803152,
805751,
807726,
809391,
812227,
814955,
817749,
820552,
823352,
826105,
828813,
831527,
833607,
835427,
838299,
841362,
844307,
847102,
849918,
852802,
855742,
858425,
860683,
862555,
865726,
868896,
872030,
875186,
878263,
881260,
884238,
887089,
889453,
891307,
894658,
897991,
901255,
904627,
907920,
910929,
914026,
917036,
919422,
921388,
924949,
928488,
932029,
935444,
938881,
942263,
945598,
948909,
951525,
953854,
957405,
961054,
964758,
968353,
971965,
975299,
978764,
982054,
984897,
987293,
991048,
994954,
998791,
1.00258e+06,
1.00627e+06,
1.00992e+06,
1.0135e+06,
1.01698e+06,
1.01977e+06,
1.02208e+06,
1.02612e+06,
1.03111e+06,
1.0364e+06,
1.04182e+06,
1.04706e+06,
1.05244e+06,
1.0579e+06,
1.06311e+06,
1.06767e+06,
1.07197e+06,
1.07753e+06,
1.08339e+06,
1.08935e+06,
1.09522e+06,
1.1009e+06,
1.10663e+06,
1.1124e+06,
1.11803e+06,
1.123e+06,
1.128e+06,
1.13399e+06,
1.14006e+06,
1.1463e+06,
1.15244e+06,
1.15844e+06,
1.1644e+06,
1.17048e+06,
1.17659e+06,
1.18183e+06,
1.18675e+06,
1.19311e+06,
1.19933e+06,
1.20563e+06,
1.21218e+06,
1.21882e+06,
1.22541e+06,
1.23215e+06,
1.2386e+06,
1.24442e+06,
1.25005e+06,
1.25717e+06,
1.26393e+06,
1.27063e+06,
1.27729e+06,
1.28394e+06,
1.29058e+06,
1.29669e+06,
1.30189e+06,
1.30342e+06,
1.30307e+06,
1.31086e+06,
1.31858e+06,
1.32662e+06,
1.33454e+06,
1.34263e+06,
1.35071e+06,
1.35895e+06,
1.36706e+06,
1.3754e+06,
1.38376e+06,
1.39197e+06,
1.40013e+06,
1.40828e+06,
1.41652e+06,
1.42489e+06,
1.43338e+06,
1.4422e+06,
1.45108e+06,
1.45978e+06,
1.46869e+06,
1.47767e+06,
1.48689e+06,
1.49704e+06,
1.50762e+06,
1.51841e+06,
1.52867e+06,
1.53945e+06,
1.55027e+06,
1.56121e+06,
1.5722e+06,
1.5833e+06,
1.59438e+06,
1.60565e+06,
1.61689e+06,
1.62801e+06,
1.63923e+06,
1.65069e+06,
1.66236e+06,
1.67364e+06,
1.68522e+06,
1.69711e+06,
1.70888e+06,
1.72058e+06,
1.73247e+06,
1.74459e+06,
1.75687e+06,
1.76934e+06,
1.78195e+06,
1.79414e+06,
1.80677e+06,
1.81957e+06,
1.83228e+06,
1.84537e+06,
1.85866e+06,
1.87192e+06,
1.88525e+06,
1.89863e+06,
1.91218e+06,
1.92603e+06,
1.93955e+06,
1.95309e+06,
1.96677e+06,
1.98048e+06,
1.99455e+06,
2.00864e+06,
2.02293e+06,
2.03711e+06,
2.0513e+06,
2.0656e+06,
2.07992e+06,
2.09443e+06,
2.10903e+06,
2.12396e+06,
2.13923e+06,
2.15438e+06,
2.16984e+06,
2.18535e+06,
2.20078e+06,
2.21621e+06,
2.23208e+06,
2.24749e+06,
2.26354e+06,
2.28006e+06,
2.29593e+06,
2.31212e+06,
2.3286e+06,
2.34497e+06,
2.36211e+06,
2.37858e+06,
2.3954e+06,
2.41222e+06,
2.42902e+06,
2.44599e+06,
2.46297e+06,
2.4804e+06,
2.49765e+06,
2.51486e+06,
2.53218e+06,
2.54993e+06,
2.56798e+06,
2.58623e+06,
375246,
375005,
374790,
374598,
374402,
374285,
374185,
374097,
373997,
373922,
373814,
373747,
373659,
373546,
373496,
373455,
373430,
373380,
373316,
373255,
373315,
373399,
373456,
373509,
373553,
373546,
373572,
373530,
373570,
373648,
373713,
373830,
373932,
374024,
374142,
374219,
374333,
374408,
374515,
374600,
374727,
374856,
375059,
375186,
375297,
375436,
375549,
375697,
375843,
375907,
376074,
376162,
376278,
376375,
376540,
376681,
376836,
376999,
377109,
377241,
377373,
377560,
377784,
377987,
378141,
378258,
378401,
378543,
378714,
378861,
379021,
379194,
379376,
379532,
379703,
379890,
380022,
380231,
380372,
380526,
380706,
380801,
381021,
381229,
381435,
381601,
381768,
381972,
382160,
382313,
382535,
382704,
382943,
383146,
383342,
383476,
383602,
383642,
383599,
383808,
384018,
384284,
384472,
384717,
385034,
385203,
385406,
385489,
385509,
385760,
386124,
386363,
386655,
386900,
387144,
387416,
387601,
387683,
387756,
388069,
388357,
388671,
389045,
389312,
389619,
389954,
390194,
390355,
390374,
390662,
391011,
391330,
391695,
392050,
392337,
392670,
392944,
393075,
393123,
393536,
393917,
394291,
394687,
395075,
395423,
395808,
396051,
396241,
396281,
396700,
397157,
397574,
398036,
398464,
398870,
399292,
399653,
399871,
400023,
400435,
400976,
401450,
401913,
402415,
402937,
403422,
403843,
404119,
404389,
404872,
405332,
405818,
406301,
406839,
407369,
407892,
408329,
408656,
408894,
409416,
409881,
410402,
410901,
411491,
412019,
412515,
412998,
413328,
413594,
414136,
414665,
415294,
415973,
416604,
417147,
417677,
418193,
418556,
418876,
419465,
420034,
420630,
421219,
421840,
422384,
422959,
423529,
423850,
424246,
424901,
425527,
426172,
426770,
427439,
428055,
428635,
429219,
429671,
430075,
430716,
431354,
432014,
432686,
433366,
433969,
434591,
435169,
435643,
436018,
436758,
437407,
438019,
438663,
439381,
440083,
440688,
441312,
441865,
442268,
442942,
443660,
444329,
445057,
445823,
446572,
447239,
447922,
448726,
449571,
450253,
451003,
451678,
452361,
453061,
453737,
454408,
455053,
455606,
456035,
456788,
457501,
458253,
459001,
459733,
460532,
461362,
462115,
463008,
463959,
464735,
465390,
466160,
466968,
467672,
468367,
469151,
469860,
470708,
471581,
472298,
473107,
473869,
474600,
475368,
476072,
476833,
477619,
478397,
479168,
479923,
480650,
481386,
482122,
482882,
483602,
484330,
485078,
485861,
486659,
487402,
488120,
488798,
489490,
490224,
490949,
491664,
492353,
492951,
493504,
494201,
494914,
495598,
496290,
496972,
497715,
498400,
499111,
499625,
500001,
500727,
501499,
502196,
502877,
503566,
504296,
504990,
505627,
506162,
506614,
507302,
508043,
508749,
509514,
510201,
510878,
511592,
512209,
512628,
512904,
513669,
514455,
515218,
515925,
516656,
517403,
518073,
518624,
518987,
519257,
520026,
520767,
521510,
522264,
522979,
523678,
524384,
525066,
525474,
525681,
526501,
527291,
528161,
528981,
529847,
530664,
531538,
532406,
533527,
534776,
535458,
536191,
536934,
537647,
538296,
538995,
539635,
540235,
540462,
540556,
541280,
542094,
542861,
543648,
544453,
545224,
545940,
546640,
547189,
547655,
548435,
549251,
550034,
550795,
551547,
552294,
553053,
553737,
554246,
554694,
555585,
556330,
557162,
557922,
558686,
559517,
560268,
560949,
561431,
561765,
562545,
563339,
564167,
564943,
565733,
566562,
567313,
567990,
568482,
568815,
569634,
570453,
571323,
572140,
572973,
573802,
574604,
575356,
575817,
576198,
577122,
578022,
578884,
579716,
580651,
581563,
582438,
583232,
583785,
584262,
585250,
586224,
587127,
588026,
588928,
589869,
590800,
591736,
592369,
592874,
593817,
594795,
595736,
596725,
597666,
598687,
599646,
600492,
600976,
601234,
602330,
603422,
604538,
605622,
606745,
607873,
608872,
609920,
610736,
611455,
612646,
613744,
614869,
615985,
617158,
618359,
619451,
620600,
621484,
622311,
623554,
624785,
626059,
627399,
628630,
629872,
631028,
632145,
633005,
633676,
635004,
636304,
637607,
638876,
640149,
641418,
642675,
643818,
644542,
645093,
646615,
648041,
649504,
651036,
652557,
653998,
655355,
656721,
657659,
658516,
660180,
661748,
663326,
664924,
666500,
668016,
669520,
671078,
672298,
673344,
675122,
676934,
678773,
680687,
682387,
684191,
686030,
687643,
688827,
689780,
691738,
693624,
695631,
697649,
699538,
701466,
703402,
705224,
706322,
707355,
709568,
711832,
714039,
716177,
718290,
720393,
722599,
724749,
726478,
728116,
730481,
732807,
735201,
737657,
740079,
742345,
744654,
746973,
748882,
750560,
753054,
755532,
758043,
760678,
763203,
765742,
768123,
770500,
772318,
773863,
776517,
779059,
781697,
784337,
786896,
789668,
792251,
794651,
796615,
798336,
801303,
803979,
806722,
809454,
812296,
815061,
817839,
820574,
822672,
824458,
827370,
830304,
833207,
836191,
839129,
842082,
844786,
847649,
849900,
851722,
854746,
857838,
861005,
864010,
867152,
870244,
873237,
876082,
878386,
880285,
883639,
886988,
890189,
893467,
896780,
899936,
903097,
906087,
908292,
910196,
913580,
917085,
920559,
924085,
927512,
930848,
934239,
937410,
940058,
942231,
945737,
949326,
952986,
956478,
959934,
963458,
966987,
970355,
972991,
975216,
978936,
982618,
986200,
990063,
993643,
997285,
1.0006e+06,
1.00407e+06,
1.00675e+06,
1.00908e+06,
1.01302e+06,
1.01682e+06,
1.02054e+06,
1.02433e+06,
1.02801e+06,
1.03175e+06,
1.03551e+06,
1.03913e+06,
1.04191e+06,
1.04422e+06,
1.04821e+06,
1.05232e+06,
1.05608e+06,
1.06002e+06,
1.06397e+06,
1.0678e+06,
1.07171e+06,
1.07552e+06,
1.07881e+06,
1.08164e+06,
1.08555e+06,
1.08961e+06,
1.09358e+06,
1.09763e+06,
1.10166e+06,
1.10567e+06,
1.10963e+06,
1.11358e+06,
1.11662e+06,
1.11922e+06,
1.1234e+06,
1.12773e+06,
1.13184e+06,
1.13596e+06,
1.14041e+06,
1.14541e+06,
1.15061e+06,
1.15602e+06,
1.16162e+06,
1.16685e+06,
1.17425e+06,
1.18165e+06,
1.18876e+06,
1.19621e+06,
1.20337e+06,
1.21012e+06,
1.21662e+06,
1.22268e+06,
1.22517e+06,
1.22507e+06,
1.23342e+06,
1.24189e+06,
1.25029e+06,
1.25879e+06,
1.26729e+06,
1.27588e+06,
1.28452e+06,
1.29315e+06,
1.30204e+06,
1.31069e+06,
1.31974e+06,
1.32882e+06,
1.33783e+06,
1.34664e+06,
1.35576e+06,
1.36497e+06,
1.37429e+06,
1.38374e+06,
1.39322e+06,
1.4026e+06,
1.41268e+06,
1.42274e+06,
1.43277e+06,
1.44275e+06,
1.45288e+06,
1.46321e+06,
1.47338e+06,
1.48394e+06,
1.49429e+06,
1.50493e+06,
1.51535e+06,
1.52594e+06,
1.53646e+06,
1.54697e+06,
1.55762e+06,
1.56854e+06,
1.57922e+06,
1.59013e+06,
1.60097e+06,
1.61183e+06,
1.62297e+06,
1.63411e+06,
1.64544e+06,
1.65641e+06,
1.66767e+06,
1.6791e+06,
1.69056e+06,
1.70228e+06,
1.71404e+06,
1.72595e+06,
1.73811e+06,
1.75051e+06,
1.76316e+06,
1.77584e+06,
1.7887e+06,
1.80153e+06,
1.81429e+06,
1.82719e+06,
1.84008e+06,
1.85337e+06,
1.86654e+06,
1.87981e+06,
1.89299e+06,
1.90614e+06,
1.91959e+06,
1.93301e+06,
1.94659e+06,
1.96024e+06,
1.97385e+06,
1.98754e+06,
2.00116e+06,
2.01486e+06,
2.02882e+06,
2.04289e+06,
2.05705e+06,
2.07135e+06,
2.08569e+06,
2.10061e+06,
2.11554e+06,
2.13068e+06,
2.14621e+06,
2.16141e+06,
2.1771e+06,
2.19261e+06,
2.20828e+06,
2.22427e+06,
2.24011e+06,
2.25603e+06,
2.27212e+06,
2.28853e+06,
2.30494e+06,
2.32121e+06,
2.3377e+06,
2.35458e+06,
2.37129e+06,
2.38821e+06,
2.40529e+06,
2.42211e+06,
2.43918e+06,
2.4564e+06,
2.47351e+06,
375246,
375002,
374797,
374594,
374383,
374246,
374144,
374025,
373969,
373880,
373771,
373696,
373562,
373498,
373377,
373374,
373337,
373252,
373220,
373149,
373176,
373268,
373332,
373342,
373414,
373407,
373417,
373449,
373436,
373472,
373549,
373655,
373788,
373855,
373955,
374047,
374158,
374224,
374287,
374356,
374481,
374664,
374822,
374951,
375063,
375153,
375272,
375418,
375516,
375623,
375743,
375889,
375954,
376063,
376162,
376318,
376505,
376612,
376743,
376880,
377048,
377168,
377319,
377526,
377722,
377860,
377999,
378186,
378288,
378428,
378633,
378811,
378982,
379137,
379339,
379516,
379637,
379748,
379890,
380068,
380191,
380386,
380529,
380703,
380849,
381029,
381217,
381479,
381641,
381789,
381907,
382087,
382300,
382532,
382689,
382853,
382967,
383059,
382981,
383172,
383387,
383648,
383879,
384108,
384311,
384553,
384718,
384822,
384763,
384987,
385304,
385582,
385901,
386181,
386415,
386643,
386897,
387043,
387019,
387278,
387605,
387888,
388225,
388525,
388761,
388985,
389202,
389314,
389351,
389728,
390066,
390406,
390768,
391134,
391465,
391815,
392086,
392215,
392234,
392561,
392945,
393297,
393679,
394046,
394398,
394712,
394985,
395156,
395191,
395585,
395939,
396361,
396769,
397236,
397594,
398001,
398355,
398613,
398674,
399145,
399595,
400048,
400549,
401056,
401507,
401951,
402372,
402690,
402841,
403326,
403823,
404277,
404763,
405232,
405704,
406160,
406651,
406971,
407215,
407804,
408335,
408869,
409421,
409996,
410500,
410981,
411443,
411842,
411996,
412562,
413051,
413598,
414162,
414724,
415346,
415911,
416390,
416833,
417010,
417612,
418221,
418797,
419420,
419927,
420536,
421104,
421666,
422100,
422387,
422923,
423596,
424244,
424839,
425445,
426018,
426618,
427215,
427701,
428026,
428647,
429270,
429892,
430470,
431104,
431756,
432327,
432967,
433439,
433747,
434387,
435066,
435726,
436341,
436986,
437638,
438247,
438903,
439404,
439739,
440456,
441168,
441838,
442535,
443187,
443969,
444664,
445389,
446210,
447102,
447809,
448441,
449121,
449780,
450468,
451124,
451761,
452391,
452983,
453305,
454042,
454769,
455526,
456260,
456968,
457712,
458458,
459234,
460115,
461146,
461906,
462647,
463381,
464108,
464822,
465571,
466361,
467084,
467892,
468806,
469515,
470204,
470889,
471608,
472336,
473098,
473818,
474578,
475336,
476120,
476898,
477620,
478327,
479011,
479709,
480482,
481227,
481961,
482680,
483480,
484207,
484920,
485631,
486310,
487037,
487724,
488427,
489102,
489695,
490259,
490955,
491641,
492377,
493086,
493770,
494478,
495175,
495825,
496355,
496659,
497406,
498129,
498882,
499548,
500242,
500946,
501603,
502219,
502741,
503069,
503799,
504581,
505259,
505970,
506689,
507473,
508138,
508738,
509174,
509293,
510022,
510740,
511476,
512211,
512960,
513669,
514363,
515031,
515526,
515606,
516333,
517112,
517795,
518490,
519219,
519949,
520615,
521250,
521639,
521719,
522493,
523296,
524110,
524845,
525701,
526571,
527388,
528279,
529258,
530653,
531378,
532151,
532819,
533550,
534304,
535030,
535666,
536243,
536576,
536476,
537168,
537908,
538631,
539336,
540067,
540733,
541532,
542215,
542760,
543142,
543920,
544715,
545466,
546225,
546971,
547731,
548481,
549240,
549821,
550196,
550929,
551692,
552469,
553281,
554047,
554849,
555579,
556301,
556865,
557090,
557928,
558683,
559488,
560280,
561068,
561871,
562580,
563266,
563797,
563982,
564808,
565637,
566463,
567366,
568176,
568992,
569804,
570531,
571060,
571300,
572159,
573110,
574010,
574878,
575749,
576622,
577455,
578274,
578836,
579122,
580057,
581065,
581966,
582893,
583833,
584793,
585648,
586522,
587040,
587354,
588343,
589394,
590466,
591422,
592354,
593342,
594319,
595156,
595671,
595732,
596769,
597813,
598913,
600021,
601122,
602157,
603175,
604142,
604956,
605458,
606600,
607769,
608895,
609984,
611157,
612308,
613472,
614495,
615448,
616063,
617216,
618432,
619690,
620836,
622059,
623324,
624519,
625691,
626658,
627124,
628370,
629648,
630917,
632280,
633582,
634909,
636108,
637301,
638182,
638605,
640011,
641588,
643089,
644540,
645993,
647459,
648986,
650365,
651480,
652087,
653662,
655227,
656913,
658520,
660134,
661724,
663397,
664923,
666206,
667085,
668836,
670621,
672339,
674170,
675927,
677724,
679484,
681142,
682340,
682874,
684789,
686743,
688658,
690558,
692395,
694235,
696031,
697825,
699158,
699850,
701938,
704082,
706205,
708343,
710463,
712521,
714782,
716752,
718564,
719981,
722222,
724561,
726825,
729147,
731434,
733671,
735974,
738217,
740125,
741539,
744005,
746395,
748753,
751251,
753613,
756044,
758397,
760604,
762516,
763823,
766483,
769020,
771517,
774020,
776597,
779073,
781573,
784012,
786112,
787617,
790363,
793112,
795878,
798684,
801381,
804061,
806659,
809268,
811414,
813114,
816166,
819090,
822013,
824930,
827788,
830692,
833510,
836270,
838619,
840383,
843634,
846833,
849930,
852890,
856005,
859014,
861952,
864808,
867181,
868973,
872460,
875724,
879045,
882300,
885475,
888619,
891820,
894885,
897304,
898994,
902525,
905878,
909302,
912753,
916068,
919465,
922720,
925934,
928576,
930465,
934038,
937623,
941228,
944833,
948380,
951930,
955469,
958677,
961463,
963608,
967220,
971054,
974765,
978388,
981906,
985545,
989097,
992604,
996137,
999147,
1.00399e+06,
1.00899e+06,
1.01382e+06,
1.01884e+06,
1.02381e+06,
1.0288e+06,
1.03367e+06,
1.03831e+06,
1.04251e+06,
1.04595e+06,
1.05108e+06,
1.05627e+06,
1.06155e+06,
1.06695e+06,
1.07215e+06,
1.07724e+06,
1.08233e+06,
1.08745e+06,
1.0922e+06,
1.0961e+06,
1.10157e+06,
1.1071e+06,
1.11245e+06,
1.11803e+06,
1.12327e+06,
1.12849e+06,
1.13393e+06,
1.13905e+06,
1.14375e+06,
1.14775e+06,
1.15338e+06,
1.15914e+06,
1.16501e+06,
1.17092e+06,
1.17659e+06,
1.18269e+06,
1.18845e+06,
1.19416e+06,
1.1991e+06,
1.2033e+06,
1.20943e+06,
1.21552e+06,
1.2215e+06,
1.22708e+06,
1.23266e+06,
1.23812e+06,
1.2431e+06,
1.24756e+06,
1.24873e+06,
1.24625e+06,
1.25317e+06,
1.26012e+06,
1.26696e+06,
1.27395e+06,
1.28096e+06,
1.28788e+06,
1.29494e+06,
1.30193e+06,
1.30899e+06,
1.31603e+06,
1.32323e+06,
1.3304e+06,
1.33757e+06,
1.34509e+06,
1.35271e+06,
1.36032e+06,
1.36798e+06,
1.37545e+06,
1.38301e+06,
1.39079e+06,
1.39858e+06,
1.40636e+06,
1.41415e+06,
1.42198e+06,
1.42982e+06,
1.43855e+06,
1.44862e+06,
1.45858e+06,
1.46869e+06,
1.47871e+06,
1.48896e+06,
1.49936e+06,
1.50999e+06,
1.52038e+06,
1.53102e+06,
1.54141e+06,
1.55217e+06,
1.56288e+06,
1.5735e+06,
1.58446e+06,
1.59521e+06,
1.6061e+06,
1.61722e+06,
1.62838e+06,
1.63984e+06,
1.65111e+06,
1.66246e+06,
1.67383e+06,
1.68541e+06,
1.69716e+06,
1.70893e+06,
1.72055e+06,
1.73235e+06,
1.74416e+06,
1.75616e+06,
1.76815e+06,
1.78088e+06,
1.79336e+06,
1.80572e+06,
1.81838e+06,
1.83142e+06,
1.8442e+06,
1.85706e+06,
1.86969e+06,
1.88264e+06,
1.89571e+06,
1.90879e+06,
1.92196e+06,
1.93512e+06,
1.94856e+06,
1.9622e+06,
1.97615e+06,
1.99017e+06,
2.00442e+06,
2.01835e+06,
2.03276e+06,
2.04726e+06,
2.06198e+06,
2.0767e+06,
2.0915e+06,
2.1063e+06,
2.12116e+06,
2.13602e+06,
2.15116e+06,
2.16646e+06,
2.18227e+06,
2.19769e+06,
2.21341e+06,
2.22936e+06,
2.24553e+06,
2.26168e+06,
2.27808e+06,
2.29441e+06,
2.31066e+06,
2.32757e+06,
2.3445e+06,
2.36173e+06,
2.37931e+06,
2.39697e+06,
2.41494e+06,
2.44303e+06,
375246,
374998,
374770,
374563,
374369,
374213,
374117,
373993,
373920,
373798,
373696,
373599,
373510,
373451,
373327,
373249,
373219,
373188,
373124,
373052,
373073,
373133,
373243,
373260,
373291,
373261,
373275,
373320,
373301,
373308,
373409,
373454,
373606,
373698,
373773,
373799,
373929,
374009,
374041,
374121,
374212,
374380,
374516,
374661,
374776,
374908,
375041,
375143,
375239,
375358,
375440,
375608,
375686,
375821,
375917,
376084,
376179,
376278,
376414,
376509,
376650,
376807,
376932,
377129,
377346,
377492,
377642,
377814,
377955,
378058,
378235,
378358,
378488,
378666,
378825,
378992,
379205,
379339,
379412,
379575,
379745,
379863,
380031,
380209,
380435,
380585,
380757,
380944,
381110,
381260,
381420,
381616,
381715,
381875,
382077,
382207,
382325,
382428,
382393,
382593,
382797,
383025,
383306,
383520,
383704,
383921,
384071,
384179,
384106,
384293,
384526,
384775,
385050,
385368,
385541,
385815,
386038,
386214,
386119,
386401,
386687,
386965,
387291,
387584,
387895,
388203,
388417,
388505,
388472,
388869,
389189,
389556,
389850,
390230,
390565,
390925,
391218,
391374,
391260,
391614,
391982,
392348,
392700,
393060,
393343,
393651,
393918,
394131,
394037,
394399,
394779,
395188,
395567,
395977,
396453,
396803,
397137,
397420,
397382,
397805,
398306,
398801,
399202,
399687,
400160,
400611,
401031,
401378,
401437,
401910,
402374,
402819,
403302,
403740,
404220,
404673,
405135,
405515,
405602,
406119,
406627,
407171,
407724,
408236,
408779,
409280,
409745,
410115,
410229,
410782,
411299,
411867,
412371,
412922,
413450,
414026,
414538,
415089,
415184,
415732,
416308,
416916,
417486,
418072,
418616,
419113,
419661,
420121,
420354,
420951,
421509,
422102,
422739,
423362,
423952,
424458,
425030,
425553,
425766,
426424,
426997,
427645,
428240,
428862,
429469,
430017,
430558,
431079,
431335,
431998,
432676,
433343,
433963,
434646,
435283,
435911,
436466,
436968,
437253,
437897,
438626,
439276,
440016,
440679,
441386,
442041,
442789,
443585,
444440,
445125,
445851,
446534,
447263,
447903,
448558,
449197,
449828,
450402,
450655,
451368,
452071,
452762,
453476,
454229,
454977,
455705,
456474,
457277,
458307,
459007,
459747,
460468,
461231,
461978,
462698,
463407,
464153,
464856,
465799,
466493,
467183,
467919,
468660,
469369,
470057,
470733,
471475,
472202,
472979,
473739,
474467,
475174,
475850,
476562,
477334,
478069,
478796,
479536,
480321,
481079,
481751,
482464,
483127,
483851,
484544,
485233,
485873,
486508,
486962,
487702,
488396,
489095,
489801,
490418,
491126,
491795,
492431,
492995,
493225,
493990,
494692,
495390,
496050,
496716,
497360,
498063,
498689,
499316,
499599,
500278,
501000,
501677,
502347,
503006,
503622,
504301,
504945,
505472,
505537,
506272,
507030,
507779,
508504,
509191,
509936,
510561,
511179,
511712,
511755,
512483,
513207,
513952,
514663,
515360,
516049,
516686,
517342,
517869,
517855,
518653,
519432,
520219,
521088,
521907,
522703,
523507,
524329,
525289,
526783,
527515,
528223,
528886,
529629,
530308,
530957,
531533,
532089,
532480,
532299,
533072,
533814,
534583,
535341,
536187,
536905,
537597,
538245,
538858,
539119,
539881,
540640,
541459,
542182,
542933,
543636,
544271,
544942,
545568,
545835,
546628,
547449,
548260,
549063,
549827,
550577,
551303,
551978,
552581,
552643,
553507,
554275,
555146,
555953,
556786,
557522,
558303,
558950,
559479,
559541,
560405,
561190,
562011,
562849,
563701,
564475,
565298,
565999,
566547,
566706,
567513,
568431,
569303,
570239,
571043,
571871,
572713,
573477,
574193,
574347,
575303,
576216,
577110,
578103,
578960,
579919,
580874,
581768,
582524,
582748,
583670,
584669,
585671,
586709,
587611,
588556,
589433,
590294,
590981,
590810,
591906,
592990,
594189,
595227,
596304,
597320,
598390,
599394,
600276,
600725,
601795,
603014,
604240,
605350,
606448,
607488,
608653,
609794,
610732,
611290,
612481,
613625,
614871,
616139,
617321,
618487,
619615,
620729,
621682,
622039,
623271,
624565,
625884,
627145,
628437,
629712,
631060,
632271,
633283,
633534,
634978,
636500,
637975,
639463,
640873,
642346,
643822,
645129,
646369,
646905,
648537,
650219,
651748,
653418,
655072,
656726,
658341,
659896,
661330,
662114,
663878,
665701,
667433,
669188,
670976,
672670,
674322,
675937,
677273,
677795,
679697,
681519,
683380,
685239,
687240,
688991,
690741,
692534,
693881,
694411,
696629,
698912,
701075,
703200,
705247,
707474,
709620,
711573,
713377,
714638,
716910,
719212,
721396,
723698,
726021,
728279,
730547,
732702,
734673,
736113,
738496,
740893,
743321,
745678,
748093,
750513,
752756,
755025,
756921,
758000,
760803,
763395,
765973,
768616,
771049,
773615,
776027,
778451,
780499,
781752,
784430,
787158,
789793,
792528,
795270,
797940,
800561,
803158,
805427,
806988,
809722,
812612,
815429,
818318,
821059,
823818,
826636,
829287,
831636,
833057,
836156,
839137,
842168,
845178,
848213,
851198,
854105,
856827,
859160,
860575,
863817,
867210,
871151,
875214,
879341,
883393,
887581,
891446,
894987,
897473,
901977,
906325,
910647,
915023,
919426,
923810,
928001,
932203,
936006,
938921,
943558,
948284,
952901,
957504,
962183,
966727,
971532,
976294,
980303,
983390,
988200,
993022,
998065,
1.00308e+06,
1.00793e+06,
1.01285e+06,
1.01769e+06,
1.02258e+06,
1.02695e+06,
1.03043e+06,
1.036e+06,
1.0414e+06,
1.04679e+06,
1.05243e+06,
1.0577e+06,
1.06339e+06,
1.06897e+06,
1.07422e+06,
1.07887e+06,
1.08243e+06,
1.08818e+06,
1.09384e+06,
1.09956e+06,
1.10523e+06,
1.11096e+06,
1.11662e+06,
1.12227e+06,
1.1279e+06,
1.13335e+06,
1.13761e+06,
1.14377e+06,
1.14971e+06,
1.15575e+06,
1.16179e+06,
1.1676e+06,
1.17338e+06,
1.1793e+06,
1.18514e+06,
1.19045e+06,
1.19443e+06,
1.20092e+06,
1.20729e+06,
1.21394e+06,
1.22045e+06,
1.22694e+06,
1.2334e+06,
1.23987e+06,
1.24604e+06,
1.25168e+06,
1.2564e+06,
1.26318e+06,
1.27007e+06,
1.27685e+06,
1.28335e+06,
1.2894e+06,
1.29553e+06,
1.30128e+06,
1.30642e+06,
1.30877e+06,
1.30622e+06,
1.31367e+06,
1.32114e+06,
1.32881e+06,
1.33644e+06,
1.34387e+06,
1.35168e+06,
1.35949e+06,
1.36729e+06,
1.37518e+06,
1.38313e+06,
1.39104e+06,
1.39923e+06,
1.40735e+06,
1.41552e+06,
1.42391e+06,
1.43197e+06,
1.44042e+06,
1.44843e+06,
1.45687e+06,
1.46531e+06,
1.47374e+06,
1.48205e+06,
1.49047e+06,
1.49887e+06,
1.50761e+06,
1.51624e+06,
1.52485e+06,
1.53364e+06,
1.54245e+06,
1.55105e+06,
1.55995e+06,
1.56907e+06,
1.57807e+06,
1.58696e+06,
1.59601e+06,
1.60504e+06,
1.61429e+06,
1.62325e+06,
1.63252e+06,
1.64196e+06,
1.65125e+06,
1.66098e+06,
1.67071e+06,
1.68028e+06,
1.69004e+06,
1.6998e+06,
1.70969e+06,
1.7195e+06,
1.7293e+06,
1.73935e+06,
1.74922e+06,
1.75917e+06,
1.76943e+06,
1.77963e+06,
1.78965e+06,
1.79974e+06,
1.81019e+06,
1.82074e+06,
1.83138e+06,
1.84195e+06,
1.85262e+06,
1.86346e+06,
1.87419e+06,
1.88655e+06,
1.90005e+06,
1.91341e+06,
1.92722e+06,
1.94125e+06,
1.95522e+06,
1.96948e+06,
1.98374e+06,
1.99818e+06,
2.01285e+06,
2.02737e+06,
2.042e+06,
2.05687e+06,
2.07192e+06,
2.08699e+06,
2.10199e+06,
2.11732e+06,
2.13251e+06,
2.14748e+06,
2.16292e+06,
2.17882e+06,
2.19445e+06,
2.21002e+06,
2.23176e+06,
2.25952e+06,
2.28776e+06,
2.31654e+06,
2.34554e+06,
2.37434e+06,
2.40431e+06,
2.43382e+06,
2.46379e+06,
2.49338e+06,
2.52346e+06,
2.55507e+06,
2.58781e+06,
2.62054e+06,
2.6529e+06,
375246,
374994,
374766,
374561,
374347,
374188,
374096,
373979,
373885,
373744,
373626,
373549,
373480,
373403,
373297,
373169,
373123,
373078,
373025,
372924,
372977,
373041,
373122,
373122,
373177,
373134,
373110,
373164,
373115,
373165,
373224,
373295,
373406,
373508,
373550,
373592,
373709,
373787,
373801,
373914,
374032,
374182,
374309,
374421,
374517,
374654,
374763,
374876,
374979,
375065,
375171,
375226,
375358,
375480,
375624,
375732,
375865,
375973,
376119,
376217,
376284,
376436,
376657,
376806,
376994,
377215,
377304,
377413,
377461,
377578,
377733,
377909,
378037,
378181,
378328,
378482,
378666,
378793,
378944,
379119,
379309,
379420,
379606,
379819,
379998,
380132,
380302,
380436,
380603,
380748,
380936,
381093,
381239,
381434,
381527,
381674,
381831,
381895,
381791,
381923,
382104,
382354,
382536,
382834,
382999,
383210,
383390,
383476,
383349,
383589,
383788,
384054,
384320,
384515,
384783,
384982,
385169,
385334,
385200,
385461,
385790,
386090,
386387,
386725,
387011,
387326,
387559,
387778,
387659,
388005,
388327,
388654,
388968,
389283,
389574,
389876,
390141,
390325,
390229,
390578,
390926,
391272,
391635,
391956,
392330,
392673,
392904,
393137,
392973,
393292,
393682,
394098,
394462,
394899,
395243,
395626,
395948,
396222,
396209,
396567,
397018,
397476,
397900,
398333,
398716,
399169,
399617,
399970,
400071,
400471,
400891,
401361,
401744,
402202,
402687,
403107,
403545,
403871,
403992,
404409,
404926,
405459,
405965,
406510,
406974,
407511,
407978,
408385,
408448,
408885,
409422,
409917,
410460,
410997,
411508,
412046,
412502,
412944,
413087,
413649,
414204,
414750,
415315,
415927,
416429,
417014,
417508,
418021,
418235,
418771,
419343,
419943,
420504,
421066,
421677,
422233,
422780,
423242,
423538,
424063,
424692,
425272,
425905,
426524,
427099,
427653,
428232,
428726,
429033,
429625,
430250,
430866,
431466,
432165,
432827,
433457,
434046,
434587,
434869,
435425,
436054,
436702,
437377,
438074,
438770,
439442,
440164,
440831,
441684,
442411,
443054,
443747,
444449,
445104,
445739,
446394,
447042,
447598,
447890,
448422,
449083,
449849,
450606,
451314,
452037,
452788,
453588,
454333,
455224,
456021,
456772,
457453,
458139,
458872,
459567,
460329,
461102,
461866,
462685,
463437,
464108,
464795,
465470,
466164,
466798,
467522,
468285,
469030,
469802,
470513,
471201,
471935,
472667,
473416,
474152,
474814,
475497,
476262,
477028,
477714,
478341,
479073,
479726,
480390,
481045,
481764,
482444,
483059,
483594,
484182,
484874,
485548,
486270,
486968,
487627,
488240,
488943,
489527,
489839,
490332,
490993,
491727,
492454,
493167,
493805,
494468,
495115,
495650,
496002,
496548,
497228,
497900,
498617,
499342,
500012,
500662,
501300,
501813,
501956,
502520,
503236,
503997,
504679,
505432,
506160,
506799,
507434,
508006,
508118,
508693,
509405,
510151,
510879,
511562,
512238,
512960,
513616,
514137,
514240,
514826,
515588,
516410,
517206,
517971,
518803,
519576,
520429,
521337,
522754,
523725,
524425,
525080,
525776,
526489,
527141,
527783,
528320,
528827,
528690,
529202,
529907,
530635,
531378,
532124,
532848,
533557,
534253,
534901,
535212,
535812,
536527,
537267,
537969,
538646,
539374,
540119,
540791,
541388,
541677,
542360,
543238,
544044,
544805,
545560,
546278,
546982,
547751,
548408,
548524,
549198,
549962,
550754,
551541,
552299,
553060,
553856,
554613,
555236,
555355,
556070,
556956,
557766,
558567,
559467,
560269,
561046,
561889,
562563,
562685,
563394,
564239,
565098,
565920,
566793,
567626,
568431,
569244,
570013,
570255,
571075,
571973,
572974,
573840,
574825,
575690,
576577,
577391,
578211,
578398,
579250,
580247,
581218,
582100,
583128,
584103,
585040,
585850,
586620,
586528,
587425,
588486,
589558,
590605,
591740,
592820,
593839,
594897,
595860,
596253,
597355,
598555,
599742,
600915,
602058,
603171,
604204,
605248,
606299,
606785,
607939,
609184,
610277,
611507,
612739,
614025,
615220,
616335,
617360,
617630,
618862,
620244,
621602,
622850,
624109,
625422,
626697,
627867,
628913,
629052,
630371,
631895,
633302,
634717,
636197,
637660,
639083,
640486,
641891,
642321,
643863,
645461,
647103,
648769,
650422,
652028,
653612,
655250,
656740,
657458,
659214,
660984,
662745,
664382,
666129,
667856,
669626,
671311,
672711,
673098,
674924,
676823,
678645,
680506,
682290,
684194,
686127,
687924,
689558,
689777,
691804,
693872,
696043,
698095,
700174,
702273,
704381,
706443,
708377,
709460,
711753,
714106,
716396,
718587,
720740,
723087,
725289,
727445,
729410,
730520,
732948,
735373,
737841,
740306,
742666,
745067,
747526,
749793,
751798,
752764,
755204,
757745,
760301,
762894,
765529,
767985,
770525,
773553,
776513,
778501,
781889,
785505,
789383,
793067,
796641,
800260,
803992,
807677,
810663,
812890,
816782,
820632,
824561,
828382,
832287,
836175,
840077,
844004,
847481,
849955,
854044,
858077,
862040,
866192,
870254,
874350,
878523,
882481,
886235,
888678,
893134,
897513,
902041,
906450,
910933,
915475,
919874,
924353,
928504,
931218,
935966,
940993,
945828,
950678,
955557,
960330,
965297,
969985,
974345,
977456,
982459,
987590,
992620,
997851,
1.00295e+06,
1.00814e+06,
1.0133e+06,
1.01801e+06,
1.02268e+06,
1.02593e+06,
1.03128e+06,
1.03676e+06,
1.04216e+06,
1.04768e+06,
1.05305e+06,
1.05821e+06,
1.06352e+06,
1.06871e+06,
1.07378e+06,
1.07738e+06,
1.08324e+06,
1.08932e+06,
1.09503e+06,
1.10081e+06,
1.10696e+06,
1.11279e+06,
1.11859e+06,
1.1243e+06,
1.12969e+06,
1.13379e+06,
1.13994e+06,
1.14609e+06,
1.15252e+06,
1.15893e+06,
1.16507e+06,
1.17128e+06,
1.17774e+06,
1.18383e+06,
1.18961e+06,
1.19443e+06,
1.20095e+06,
1.20747e+06,
1.21408e+06,
1.22067e+06,
1.22736e+06,
1.23369e+06,
1.24012e+06,
1.24647e+06,
1.25245e+06,
1.25723e+06,
1.26424e+06,
1.27138e+06,
1.27825e+06,
1.28543e+06,
1.29233e+06,
1.29931e+06,
1.30639e+06,
1.31322e+06,
1.31957e+06,
1.32467e+06,
1.33207e+06,
1.33945e+06,
1.3468e+06,
1.35403e+06,
1.36116e+06,
1.36771e+06,
1.37418e+06,
1.38014e+06,
1.38349e+06,
1.38053e+06,
1.38865e+06,
1.3969e+06,
1.40507e+06,
1.4135e+06,
1.42184e+06,
1.43014e+06,
1.43865e+06,
1.44712e+06,
1.45591e+06,
1.46456e+06,
1.47349e+06,
1.48237e+06,
1.49143e+06,
1.50063e+06,
1.50982e+06,
1.51906e+06,
1.52837e+06,
1.5377e+06,
1.54703e+06,
1.55639e+06,
1.5657e+06,
1.57514e+06,
1.58449e+06,
1.59403e+06,
1.60371e+06,
1.61329e+06,
1.62291e+06,
1.63266e+06,
1.64228e+06,
1.65202e+06,
1.66213e+06,
1.672e+06,
1.68159e+06,
1.69153e+06,
1.70171e+06,
1.71198e+06,
1.72207e+06,
1.73242e+06,
1.74283e+06,
1.75328e+06,
1.76384e+06,
1.77464e+06,
1.78532e+06,
1.79628e+06,
1.80738e+06,
1.81843e+06,
1.82978e+06,
1.84145e+06,
1.85269e+06,
1.86413e+06,
1.87553e+06,
1.88719e+06,
1.89877e+06,
1.91066e+06,
1.92238e+06,
1.93431e+06,
1.94624e+06,
1.95817e+06,
1.97006e+06,
1.9821e+06,
1.99429e+06,
2.00671e+06,
2.01913e+06,
2.03181e+06,
2.04458e+06,
2.05742e+06,
2.07046e+06,
2.08366e+06,
2.09721e+06,
2.11058e+06,
2.12398e+06,
2.13727e+06,
2.15107e+06,
2.17123e+06,
2.19754e+06,
2.22477e+06,
2.25256e+06,
2.27944e+06,
2.30707e+06,
2.3349e+06,
2.36201e+06,
2.38983e+06,
2.41667e+06,
2.44481e+06,
2.47434e+06,
2.50467e+06,
2.53512e+06,
2.56547e+06,
2.59672e+06,
2.62737e+06,
2.65827e+06,
2.68979e+06,
2.72022e+06,
2.75158e+06,
2.78368e+06,
2.81718e+06,
2.85144e+06,
2.88526e+06,
2.91911e+06,
2.95346e+06,
2.98833e+06,
375246,
374992,
374767,
374558,
374339,
374167,
374058,
373975,
373831,
373706,
373563,
373491,
373413,
373365,
373258,
373119,
373040,
372979,
372887,
372805,
372841,
372850,
372956,
372994,
373039,
373001,
372994,
372991,
373006,
372966,
373034,
373138,
373218,
373276,
373341,
373370,
373441,
373570,
373661,
373711,
373784,
373886,
374127,
374234,
374298,
374373,
374468,
374575,
374674,
374754,
374857,
374918,
375026,
375164,
375249,
375392,
375489,
375631,
375731,
375874,
375998,
376124,
376301,
376449,
376568,
376700,
376860,
376967,
377082,
377208,
377277,
377362,
377551,
377715,
377831,
377965,
378137,
378305,
378420,
378570,
378747,
378898,
379053,
379257,
379456,
379699,
379851,
379937,
380104,
380232,
380343,
380498,
380625,
380791,
380991,
381144,
381219,
381317,
381239,
381331,
381487,
381663,
381844,
382086,
382243,
382418,
382630,
382803,
382744,
382821,
383051,
383259,
383488,
383730,
383942,
384188,
384360,
384585,
384518,
384598,
384846,
385134,
385434,
385716,
386028,
386339,
386620,
386843,
386826,
386998,
387316,
387603,
387913,
388222,
388500,
388774,
389011,
389258,
389258,
389407,
389764,
390149,
390486,
390818,
391162,
391468,
391777,
392091,
392076,
392177,
392515,
392859,
393303,
393642,
394000,
394336,
394659,
395009,
395051,
395251,
395618,
396000,
396473,
396921,
397378,
397759,
398114,
398485,
398663,
398966,
399400,
399884,
400329,
400746,
401164,
401625,
402004,
402348,
402534,
402788,
403228,
403684,
404147,
404649,
405163,
405655,
406065,
406521,
406781,
407054,
407571,
408067,
408547,
409050,
409605,
410095,
410562,
411009,
411223,
411473,
412014,
412537,
413214,
413790,
414354,
414916,
415426,
415903,
416206,
416496,
417103,
417611,
418163,
418721,
419303,
419861,
420454,
420980,
421354,
421735,
422311,
422894,
423497,
424063,
424655,
425222,
425842,
426348,
426676,
427078,
427649,
428262,
428916,
429551,
430142,
430737,
431359,
431947,
432307,
432671,
433312,
433959,
434609,
435285,
435898,
436586,
437274,
438028,
438788,
439528,
440177,
440832,
441541,
442163,
442786,
443507,
444076,
444701,
445090,
445497,
446041,
446749,
447462,
448179,
448861,
449582,
450283,
451038,
451925,
452755,
453480,
454203,
454975,
455655,
456383,
457047,
457817,
458579,
459371,
460200,
460907,
461653,
462371,
463052,
463762,
464484,
465147,
465822,
466616,
467370,
468076,
468724,
469401,
470093,
470781,
471470,
472128,
472852,
473554,
474305,
474974,
475740,
476438,
477076,
477785,
478435,
479091,
479718,
480213,
480778,
481402,
482067,
482727,
483375,
484027,
484696,
485297,
485942,
486361,
486787,
487409,
488168,
488828,
489522,
490192,
490822,
491450,
492054,
492488,
492912,
493542,
494242,
494935,
495587,
496236,
496904,
497494,
498056,
498345,
498747,
499415,
500104,
500907,
501660,
502371,
503080,
503719,
504354,
504650,
504933,
505568,
506315,
507077,
507767,
508510,
509170,
509744,
510348,
510656,
510981,
511704,
512488,
513292,
514112,
514909,
515767,
516615,
517482,
518695,
519889,
520698,
521352,
521997,
522658,
523297,
523921,
524517,
525049,
525201,
525303,
526003,
526786,
527475,
528185,
528869,
529565,
530268,
530890,
531351,
531862,
532590,
533315,
534057,
534792,
535466,
536180,
536923,
537568,
537993,
538413,
539193,
539920,
540679,
541415,
542096,
542827,
543543,
544155,
544507,
544878,
545697,
546448,
547234,
547984,
548681,
549445,
550201,
550890,
551212,
551580,
552407,
553263,
554125,
554867,
555677,
556473,
557303,
558034,
558361,
558749,
559565,
560483,
561367,
562218,
563080,
563981,
564752,
565482,
565906,
566402,
567357,
568326,
569285,
570269,
571133,
572077,
572993,
573822,
574324,
574877,
575782,
576782,
577717,
578673,
579621,
580515,
581444,
582263,
582430,
582918,
583949,
584997,
586057,
587094,
588121,
589203,
590295,
591293,
591904,
592685,
593848,
595064,
596251,
597320,
598478,
599649,
600768,
601792,
602487,
603369,
604579,
605747,
606984,
608139,
609318,
610448,
611670,
612743,
613265,
614109,
615465,
616747,
618048,
619349,
620691,
621920,
623196,
624379,
624771,
625697,
627188,
628689,
630090,
631540,
632943,
634396,
635890,
637150,
637821,
638943,
640596,
642199,
643929,
645634,
647368,
649013,
650599,
652015,
652910,
654304,
656113,
657781,
659571,
661320,
662937,
664639,
666384,
667915,
668552,
669965,
672025,
673908,
675791,
677747,
679721,
681594,
683341,
684969,
685503,
687216,
689280,
691407,
693756,
696619,
699568,
702335,
705098,
707781,
709895,
712692,
715838,
718989,
722252,
725444,
728515,
731532,
734520,
737581,
739616,
742533,
745860,
749354,
752834,
756221,
759633,
762844,
766174,
769160,
771083,
774473,
778080,
781536,
785209,
788884,
792349,
795973,
799372,
802756,
805075,
808615,
812491,
816572,
820592,
824691,
828702,
832828,
836931,
840646,
843175,
847313,
851529,
855835,
860251,
864529,
868959,
873349,
877455,
881567,
884281,
888769,
893322,
897759,
902347,
906801,
911380,
915897,
920342,
924513,
927331,
932050,
936770,
941624,
946442,
951194,
955999,
960824,
965879,
970452,
973637,
978795,
984176,
989379,
994784,
1.00028e+06,
1.00559e+06,
1.01112e+06,
1.01641e+06,
1.02133e+06,
1.02466e+06,
1.03013e+06,
1.03568e+06,
1.04152e+06,
1.04723e+06,
1.05282e+06,
1.05854e+06,
1.06428e+06,
1.06983e+06,
1.07505e+06,
1.07884e+06,
1.08471e+06,
1.09057e+06,
1.09665e+06,
1.10274e+06,
1.10861e+06,
1.1146e+06,
1.12053e+06,
1.12636e+06,
1.13178e+06,
1.13582e+06,
1.14216e+06,
1.14884e+06,
1.1553e+06,
1.16179e+06,
1.16816e+06,
1.17467e+06,
1.18109e+06,
1.18779e+06,
1.19389e+06,
1.19831e+06,
1.20521e+06,
1.21202e+06,
1.21878e+06,
1.22579e+06,
1.23288e+06,
1.23965e+06,
1.2468e+06,
1.25367e+06,
1.26018e+06,
1.26549e+06,
1.27261e+06,
1.27985e+06,
1.2872e+06,
1.29453e+06,
1.30185e+06,
1.30907e+06,
1.31614e+06,
1.32327e+06,
1.33014e+06,
1.33535e+06,
1.34322e+06,
1.35097e+06,
1.35891e+06,
1.36676e+06,
1.37485e+06,
1.38272e+06,
1.39047e+06,
1.39816e+06,
1.40575e+06,
1.41163e+06,
1.41977e+06,
1.42806e+06,
1.43624e+06,
1.44421e+06,
1.45234e+06,
1.45989e+06,
1.46707e+06,
1.47411e+06,
1.47868e+06,
1.47589e+06,
1.48496e+06,
1.49396e+06,
1.50315e+06,
1.51242e+06,
1.52172e+06,
1.53116e+06,
1.54037e+06,
1.54969e+06,
1.55942e+06,
1.56921e+06,
1.57887e+06,
1.58885e+06,
1.59887e+06,
1.6091e+06,
1.61928e+06,
1.62947e+06,
1.63962e+06,
1.6498e+06,
1.66012e+06,
1.67014e+06,
1.68045e+06,
1.69092e+06,
1.70128e+06,
1.71191e+06,
1.72237e+06,
1.73313e+06,
1.74365e+06,
1.75436e+06,
1.76518e+06,
1.77608e+06,
1.78739e+06,
1.79855e+06,
1.80986e+06,
1.82125e+06,
1.8327e+06,
1.84472e+06,
1.85663e+06,
1.86871e+06,
1.88079e+06,
1.89311e+06,
1.90524e+06,
1.91764e+06,
1.92996e+06,
1.94256e+06,
1.95521e+06,
1.96768e+06,
1.9807e+06,
1.9935e+06,
2.00628e+06,
2.01937e+06,
2.03279e+06,
2.04606e+06,
2.05937e+06,
2.07279e+06,
2.08632e+06,
2.09998e+06,
2.11357e+06,
2.12732e+06,
2.14139e+06,
2.15528e+06,
2.17044e+06,
2.19803e+06,
2.22663e+06,
2.25594e+06,
2.28517e+06,
2.31483e+06,
2.34382e+06,
2.37337e+06,
2.40265e+06,
2.43217e+06,
2.4614e+06,
2.49229e+06,
2.52364e+06,
2.55642e+06,
2.58869e+06,
2.62078e+06,
2.6535e+06,
2.68587e+06,
2.71841e+06,
2.75135e+06,
2.78334e+06,
2.81709e+06,
2.85231e+06,
2.88755e+06,
2.92356e+06,
2.96007e+06,
2.9963e+06,
3.03222e+06,
3.06903e+06,
3.10581e+06,
3.14193e+06,
3.17808e+06,
3.21658e+06,
3.25547e+06,
3.29423e+06,
3.33271e+06,
3.37277e+06,
3.41176e+06,
3.45088e+06,
3.49031e+06,
3.53028e+06,
375246,
374991,
374760,
374551,
374334,
374147,
374034,
373937,
373813,
373651,
373502,
373442,
373362,
373274,
373192,
373071,
372971,
372879,
372799,
372729,
372737,
372708,
372822,
372857,
372885,
372865,
372832,
372814,
372841,
372820,
372861,
372923,
373001,
373093,
373160,
373189,
373241,
373367,
373413,
373454,
373560,
373699,
373845,
373956,
374067,
374181,
374239,
374307,
374344,
374455,
374529,
374611,
374718,
374819,
374944,
374993,
375101,
375211,
375348,
375463,
375522,
375669,
375811,
375960,
376071,
376207,
376347,
376511,
376627,
376663,
376825,
376974,
377129,
377269,
377423,
377521,
377630,
377754,
377889,
378021,
378222,
378403,
378580,
378713,
378895,
379041,
379164,
379330,
379456,
379622,
379799,
379945,
380113,
380280,
380438,
380575,
380698,
380770,
380727,
380748,
380917,
381065,
381254,
381430,
381626,
381774,
381940,
382084,
382049,
382082,
382267,
382421,
382700,
382948,
383202,
383428,
383618,
383748,
383751,
383813,
384082,
384298,
384594,
384831,
385119,
385338,
385556,
385711,
385773,
385866,
386129,
386462,
386746,
387095,
387427,
387677,
387934,
388128,
388151,
388290,
388523,
388920,
389243,
389577,
389925,
390252,
390557,
390863,
390997,
391142,
391345,
391650,
391945,
392261,
392582,
392964,
393319,
393617,
393723,
393919,
394169,
394640,
395073,
395503,
395923,
396335,
396755,
397086,
397336,
397541,
397803,
398210,
398635,
399079,
399504,
399993,
400373,
400735,
400924,
401245,
401503,
401945,
402331,
402801,
403267,
403753,
404230,
404609,
404845,
405198,
405554,
406048,
406475,
406960,
407518,
408025,
408506,
408935,
409222,
409556,
409840,
410414,
410969,
411484,
412017,
412602,
413112,
413586,
413962,
414341,
414745,
415281,
415834,
416354,
416891,
417433,
417990,
418481,
418870,
419341,
419771,
420358,
420922,
421520,
422096,
422609,
423124,
423645,
424040,
424512,
424937,
425539,
426108,
426649,
427249,
427843,
428476,
429021,
429426,
429928,
430362,
431011,
431637,
432296,
432981,
433612,
434219,
434938,
435664,
436405,
437121,
437757,
438366,
439010,
439652,
440291,
440922,
441461,
441953,
442432,
442931,
443570,
444214,
444899,
445636,
446308,
447025,
447720,
448577,
449339,
450149,
450840,
451540,
452276,
452978,
453616,
454326,
455067,
455812,
456572,
457393,
458068,
458762,
459481,
460243,
460959,
461604,
462393,
463093,
463857,
464533,
465236,
465924,
466637,
467294,
467994,
468665,
469335,
470013,
470772,
471500,
472159,
472800,
473459,
474115,
474752,
475373,
475985,
476560,
477215,
477764,
478457,
479112,
479816,
480390,
481059,
481695,
482303,
482777,
483319,
483786,
484482,
485105,
485790,
486464,
487201,
487861,
488461,
488942,
489527,
490006,
490627,
491348,
491977,
492651,
493388,
494028,
494671,
495001,
495519,
495952,
496616,
497281,
498032,
498747,
499394,
500072,
500668,
501018,
501505,
501913,
502623,
503319,
504001,
504742,
505464,
506130,
506680,
506994,
507528,
507899,
508568,
509383,
510218,
511046,
511933,
512844,
513654,
514797,
515754,
516867,
517656,
518274,
518981,
519664,
520307,
520884,
521380,
521536,
521946,
522190,
522850,
523583,
524264,
524967,
525673,
526406,
527046,
527612,
528178,
528669,
529401,
530169,
530881,
531553,
532246,
532953,
533610,
534131,
534724,
535173,
535944,
536666,
537437,
538094,
538807,
539500,
540142,
540590,
541190,
541674,
542469,
543259,
544085,
544820,
545519,
546224,
546837,
547258,
547801,
548199,
548996,
549771,
550637,
551438,
552254,
553101,
553788,
554197,
554704,
555199,
556134,
557039,
557934,
558860,
559693,
560503,
561288,
561784,
562349,
562912,
563840,
564769,
565747,
566599,
567509,
568394,
569165,
569727,
570342,
571021,
571971,
572988,
573966,
574871,
575812,
576634,
577541,
577839,
578417,
579063,
580149,
581221,
582297,
583395,
584451,
585514,
586494,
587241,
588029,
588924,
590072,
591133,
592354,
593485,
594622,
595708,
596759,
597516,
598337,
599375,
600639,
601835,
603164,
604397,
605490,
606558,
607724,
608490,
609225,
610347,
611684,
613045,
614419,
615713,
617102,
618342,
619507,
620164,
620850,
622128,
623518,
625037,
626503,
627986,
629566,
630968,
632328,
633220,
634232,
635795,
637851,
640252,
642620,
644868,
647211,
649714,
651980,
654025,
655906,
658530,
661098,
663660,
666351,
668894,
671481,
674091,
676488,
678276,
680266,
683032,
685804,
688636,
691600,
694341,
697130,
699809,
702399,
704203,
706463,
709557,
712633,
715749,
718799,
721904,
724895,
727948,
730950,
733421,
736198,
739654,
743183,
746630,
750145,
753609,
757242,
760641,
764097,
766917,
769857,
773701,
777538,
781294,
785057,
788611,
792401,
796018,
799675,
802309,
805379,
809276,
813314,
817313,
821317,
825437,
829444,
833364,
837110,
839975,
843411,
847786,
852104,
856452,
860815,
865057,
869378,
873811,
878018,
881384,
885495,
890103,
894897,
899847,
904650,
909328,
913856,
918577,
923300,
926723,
931134,
936197,
941248,
946153,
951307,
956129,
961220,
966147,
970779,
974258,
979246,
984535,
989865,
995076,
1.00036e+06,
1.00571e+06,
1.01105e+06,
1.01637e+06,
1.02152e+06,
1.02512e+06,
1.0304e+06,
1.03634e+06,
1.04226e+06,
1.04805e+06,
1.05383e+06,
1.05957e+06,
1.0653e+06,
1.07098e+06,
1.07672e+06,
1.08084e+06,
1.08673e+06,
1.09308e+06,
1.09936e+06,
1.10563e+06,
1.11179e+06,
1.11788e+06,
1.12416e+06,
1.13047e+06,
1.13624e+06,
1.14053e+06,
1.14697e+06,
1.15363e+06,
1.1602e+06,
1.16671e+06,
1.17353e+06,
1.18e+06,
1.18643e+06,
1.19287e+06,
1.19933e+06,
1.20388e+06,
1.21069e+06,
1.21773e+06,
1.2249e+06,
1.23236e+06,
1.23961e+06,
1.24687e+06,
1.25402e+06,
1.2612e+06,
1.26801e+06,
1.27314e+06,
1.28059e+06,
1.28825e+06,
1.29607e+06,
1.30382e+06,
1.31145e+06,
1.31919e+06,
1.32674e+06,
1.3344e+06,
1.34189e+06,
1.34816e+06,
1.35598e+06,
1.36428e+06,
1.3724e+06,
1.38065e+06,
1.38883e+06,
1.39713e+06,
1.40525e+06,
1.41322e+06,
1.42064e+06,
1.42668e+06,
1.43518e+06,
1.44399e+06,
1.45278e+06,
1.4618e+06,
1.47087e+06,
1.47992e+06,
1.4886e+06,
1.49721e+06,
1.50561e+06,
1.51257e+06,
1.52168e+06,
1.53083e+06,
1.5401e+06,
1.54916e+06,
1.55833e+06,
1.56692e+06,
1.57526e+06,
1.58322e+06,
1.58932e+06,
1.58714e+06,
1.59697e+06,
1.60707e+06,
1.61724e+06,
1.62769e+06,
1.63815e+06,
1.6486e+06,
1.65911e+06,
1.66982e+06,
1.68045e+06,
1.69097e+06,
1.70213e+06,
1.71323e+06,
1.72433e+06,
1.73555e+06,
1.74691e+06,
1.75846e+06,
1.77006e+06,
1.78173e+06,
1.79361e+06,
1.80555e+06,
1.81746e+06,
1.82939e+06,
1.84178e+06,
1.85393e+06,
1.86636e+06,
1.87845e+06,
1.89124e+06,
1.90383e+06,
1.9164e+06,
1.92965e+06,
1.94248e+06,
1.9554e+06,
1.96845e+06,
1.98152e+06,
1.99496e+06,
2.00868e+06,
2.02241e+06,
2.03647e+06,
2.05055e+06,
2.06472e+06,
2.07878e+06,
2.09328e+06,
2.10778e+06,
2.1224e+06,
2.1371e+06,
2.15178e+06,
2.16652e+06,
2.18152e+06,
2.19745e+06,
2.22631e+06,
2.25578e+06,
2.28685e+06,
2.31798e+06,
2.34893e+06,
2.3792e+06,
2.41027e+06,
2.44105e+06,
2.47211e+06,
2.50298e+06,
2.53595e+06,
2.56978e+06,
2.60436e+06,
2.63847e+06,
2.67307e+06,
2.70771e+06,
2.74255e+06,
2.77718e+06,
2.81241e+06,
2.84727e+06,
2.88284e+06,
2.92091e+06,
2.95899e+06,
2.99703e+06,
3.03525e+06,
3.07376e+06,
3.11186e+06,
3.14992e+06,
3.18891e+06,
3.22669e+06,
3.26525e+06,
3.30587e+06,
3.34753e+06,
3.38819e+06,
3.42971e+06,
3.47198e+06,
3.51437e+06,
3.55602e+06,
3.59832e+06,
3.64049e+06,
3.68447e+06,
3.72847e+06,
3.77456e+06,
3.81997e+06,
3.86698e+06,
3.91492e+06,
3.96191e+06,
4.00894e+06,
4.05622e+06,
4.10443e+06,
4.15436e+06,
4.20304e+06,
375246,
374986,
374753,
374541,
374300,
374118,
373988,
373902,
373766,
373604,
373491,
373398,
373321,
373203,
373105,
372991,
372908,
372819,
372713,
372643,
372577,
372586,
372677,
372721,
372699,
372696,
372697,
372691,
372681,
372634,
372643,
372719,
372811,
372867,
372926,
373001,
373049,
373112,
373160,
373213,
373282,
373413,
373559,
373738,
373778,
373924,
374017,
374081,
374134,
374163,
374224,
374329,
374356,
374495,
374640,
374688,
374781,
374833,
374918,
375026,
375130,
375240,
375342,
375519,
375656,
375748,
375862,
376005,
376156,
376277,
376419,
376517,
376648,
376801,
376952,
377073,
377230,
377255,
377407,
377533,
377651,
377774,
377915,
378098,
378289,
378458,
378618,
378794,
378980,
379067,
379196,
379367,
379524,
379708,
379843,
379966,
380087,
380145,
380196,
380261,
380349,
380484,
380614,
380755,
380941,
381150,
381339,
381518,
381496,
381543,
381556,
381730,
381911,
382087,
382298,
382574,
382800,
382964,
383009,
383134,
383165,
383440,
383685,
383897,
384183,
384448,
384705,
384883,
384921,
385074,
385173,
385526,
385841,
386114,
386383,
386570,
386830,
387061,
387125,
387309,
387388,
387709,
388049,
388332,
388629,
388951,
389240,
389481,
389594,
389807,
389936,
390215,
390566,
390834,
391160,
391551,
391883,
392171,
392351,
392544,
392706,
392964,
393386,
393768,
394131,
394560,
395052,
395440,
395704,
395980,
396249,
396480,
396930,
397278,
397673,
398113,
398493,
398878,
399130,
399451,
399787,
400101,
400510,
400951,
401384,
401796,
402214,
402603,
402862,
403261,
403595,
403859,
404347,
404841,
405346,
405770,
406227,
406641,
406894,
407364,
407749,
408063,
408551,
409041,
409572,
410050,
410568,
411020,
411348,
411907,
412345,
412721,
413237,
413786,
414281,
414839,
415387,
415855,
416238,
416635,
417103,
417577,
418111,
418741,
419299,
419856,
420389,
420934,
421359,
421792,
422327,
422750,
423323,
423831,
424445,
425071,
425646,
426196,
426611,
427136,
427650,
428131,
428744,
429396,
430013,
430590,
431209,
431886,
432593,
433301,
433973,
434657,
435297,
435954,
436575,
437136,
437690,
438272,
438744,
439320,
439854,
440326,
440857,
441571,
442275,
442944,
443675,
444374,
445185,
445949,
446686,
447483,
448233,
448896,
449545,
450316,
450973,
451665,
452417,
453160,
453918,
454641,
455388,
456087,
456778,
457448,
458151,
458778,
459489,
460222,
460941,
461660,
462376,
463040,
463771,
464454,
465165,
465840,
466543,
467230,
467898,
468593,
469322,
469926,
470596,
471272,
471939,
472601,
473173,
473848,
474458,
475100,
475784,
476493,
477138,
477776,
478345,
478977,
479521,
480087,
480630,
481189,
481744,
482424,
483092,
483756,
484419,
484961,
485443,
486059,
486618,
487174,
487790,
488463,
489128,
489853,
490453,
491085,
491439,
492059,
492599,
493006,
493565,
494282,
494967,
495579,
496214,
496880,
497281,
497888,
498469,
498989,
499574,
500280,
500970,
501613,
502260,
502893,
503293,
503899,
504491,
504938,
505672,
506421,
507211,
507970,
508808,
509627,
510685,
511633,
512482,
513517,
514296,
514950,
515619,
516296,
516889,
517509,
517761,
518201,
518687,
519007,
519666,
520403,
521099,
521834,
522466,
523094,
523571,
524192,
524714,
525241,
525901,
526603,
527372,
528152,
528894,
529545,
530046,
530634,
531195,
531757,
532399,
533144,
533862,
534572,
535281,
535964,
536351,
536919,
537483,
538027,
538765,
539559,
540290,
540990,
541740,
542432,
542837,
543468,
544039,
544459,
545250,
546115,
546909,
547699,
548469,
549179,
549687,
550374,
551020,
551525,
552420,
553298,
554122,
554967,
555782,
556553,
557057,
557742,
558354,
558918,
559854,
560757,
561599,
562493,
563415,
564269,
564883,
565635,
566356,
567070,
567982,
568947,
569950,
570905,
571809,
572606,
573078,
573799,
574471,
575228,
576320,
577342,
578460,
579568,
580587,
581600,
582377,
583231,
584105,
585167,
586285,
587400,
588568,
589747,
590722,
591763,
592611,
593610,
594603,
596121,
598053,
599957,
601842,
603829,
605722,
607573,
609151,
610944,
612571,
614417,
616580,
618755,
620883,
623025,
625109,
627059,
628537,
630341,
632072,
634310,
636615,
639013,
641440,
643624,
645795,
648147,
650034,
652061,
654111,
656534,
659111,
661697,
664265,
666790,
669283,
671804,
673902,
676134,
678412,
681419,
684425,
687425,
690357,
693276,
696283,
699156,
701455,
704065,
706581,
709705,
712815,
716029,
719241,
722374,
725513,
728592,
730952,
733591,
736352,
739879,
743430,
746864,
750311,
753780,
757193,
760509,
763415,
766380,
769829,
773578,
777168,
781034,
784644,
788421,
792116,
795823,
799155,
802547,
806400,
810574,
814618,
818964,
823015,
827191,
831337,
835338,
838699,
842161,
846369,
850675,
855166,
859455,
863964,
868485,
872871,
877169,
880803,
884559,
888988,
893637,
898303,
903208,
908060,
912834,
917584,
922256,
926234,
930250,
935077,
940024,
945215,
950593,
955875,
961065,
966196,
971271,
975392,
979938,
985348,
990917,
996458,
1.00192e+06,
1.00723e+06,
1.01281e+06,
1.01822e+06,
1.02351e+06,
1.02791e+06,
1.03277e+06,
1.03882e+06,
1.04468e+06,
1.05043e+06,
1.05616e+06,
1.06195e+06,
1.06775e+06,
1.07364e+06,
1.07928e+06,
1.08382e+06,
1.08906e+06,
1.09524e+06,
1.10159e+06,
1.10795e+06,
1.11428e+06,
1.12084e+06,
1.12743e+06,
1.134e+06,
1.14031e+06,
1.14557e+06,
1.15138e+06,
1.15823e+06,
1.16527e+06,
1.17214e+06,
1.17903e+06,
1.18593e+06,
1.19297e+06,
1.19976e+06,
1.20647e+06,
1.21191e+06,
1.21864e+06,
1.22584e+06,
1.23314e+06,
1.24047e+06,
1.248e+06,
1.25531e+06,
1.26281e+06,
1.27015e+06,
1.27742e+06,
1.28297e+06,
1.29027e+06,
1.29802e+06,
1.30603e+06,
1.31399e+06,
1.32176e+06,
1.3298e+06,
1.33783e+06,
1.34578e+06,
1.35367e+06,
1.35994e+06,
1.36792e+06,
1.37643e+06,
1.38502e+06,
1.39351e+06,
1.40214e+06,
1.41091e+06,
1.41923e+06,
1.4279e+06,
1.43643e+06,
1.44375e+06,
1.45267e+06,
1.46173e+06,
1.47069e+06,
1.47983e+06,
1.48894e+06,
1.49806e+06,
1.50751e+06,
1.51657e+06,
1.52549e+06,
1.53256e+06,
1.54184e+06,
1.5515e+06,
1.56092e+06,
1.57077e+06,
1.58072e+06,
1.59087e+06,
1.60041e+06,
1.61029e+06,
1.61986e+06,
1.62792e+06,
1.63807e+06,
1.64831e+06,
1.65833e+06,
1.66865e+06,
1.67872e+06,
1.68887e+06,
1.69886e+06,
1.70813e+06,
1.71573e+06,
1.7151e+06,
1.72532e+06,
1.73653e+06,
1.74812e+06,
1.75988e+06,
1.77161e+06,
1.78373e+06,
1.79603e+06,
1.80805e+06,
1.82048e+06,
1.83276e+06,
1.84583e+06,
1.85868e+06,
1.87149e+06,
1.88478e+06,
1.89813e+06,
1.91148e+06,
1.92471e+06,
1.93825e+06,
1.952e+06,
1.96573e+06,
1.97981e+06,
1.99402e+06,
2.00808e+06,
2.02206e+06,
2.0361e+06,
2.05084e+06,
2.06501e+06,
2.07995e+06,
2.09493e+06,
2.10967e+06,
2.12452e+06,
2.13952e+06,
2.15487e+06,
2.17036e+06,
2.18568e+06,
2.20128e+06,
2.21721e+06,
2.2405e+06,
2.27201e+06,
2.30476e+06,
2.33811e+06,
2.37156e+06,
2.40478e+06,
2.43757e+06,
2.47073e+06,
2.504e+06,
2.53663e+06,
2.5707e+06,
2.60643e+06,
2.64327e+06,
2.67972e+06,
2.71587e+06,
2.75298e+06,
2.78881e+06,
2.82609e+06,
2.86283e+06,
2.89908e+06,
2.93659e+06,
2.97597e+06,
3.01647e+06,
3.05739e+06,
3.09807e+06,
3.13899e+06,
3.18019e+06,
3.22137e+06,
3.26223e+06,
3.30344e+06,
3.34508e+06,
3.38803e+06,
3.43127e+06,
3.4758e+06,
3.52068e+06,
3.56534e+06,
3.60926e+06,
3.65504e+06,
3.70023e+06,
3.74573e+06,
3.79144e+06,
3.83948e+06,
3.88893e+06,
3.93817e+06,
3.98833e+06,
4.03968e+06,
4.09186e+06,
4.14304e+06,
4.19408e+06,
4.24703e+06,
4.30161e+06,
4.3566e+06,
4.41347e+06,
4.47205e+06,
4.53153e+06,
4.5942e+06,
4.66173e+06,
4.72843e+06,
4.79528e+06,
4.86119e+06,
4.92331e+06,
4.98243e+06,
5.04183e+06,
5.10154e+06,
375246,
374987,
374753,
374532,
374277,
374082,
373959,
373864,
373740,
373597,
373466,
373363,
373264,
373135,
373019,
372922,
372817,
372762,
372641,
372526,
372466,
372464,
372563,
372605,
372559,
372583,
372562,
372562,
372521,
372451,
372491,
372527,
372551,
372662,
372665,
372707,
372791,
372860,
372918,
372950,
373028,
373142,
373272,
373444,
373516,
373610,
373702,
373764,
373830,
373866,
373932,
373979,
374056,
374159,
374264,
374306,
374397,
374494,
374570,
374644,
374733,
374820,
374881,
375001,
375116,
375262,
375368,
375541,
375684,
375800,
375943,
376103,
376242,
376374,
376532,
376650,
376777,
376918,
376971,
377038,
377123,
377253,
377373,
377540,
377729,
377880,
378047,
378198,
378371,
378468,
378644,
378751,
378852,
378999,
379164,
379308,
379462,
379555,
379605,
379660,
379687,
379844,
379976,
380126,
380269,
380455,
380650,
380777,
380820,
380899,
380971,
381093,
381258,
381403,
381569,
381749,
381961,
382103,
382193,
382314,
382431,
382561,
382815,
383051,
383257,
383483,
383742,
383947,
384006,
384183,
384363,
384409,
384684,
384929,
385155,
385405,
385740,
385962,
385997,
386150,
386371,
386461,
386757,
387069,
387305,
387586,
387871,
388124,
388201,
388430,
388663,
388830,
389110,
389424,
389711,
390031,
390365,
390651,
390859,
391122,
391374,
391603,
391832,
392194,
392587,
392940,
393296,
393666,
393933,
394284,
394614,
394909,
395178,
395551,
395966,
396302,
396684,
397057,
397304,
397596,
397937,
398277,
398536,
398934,
399275,
399684,
400106,
400458,
400694,
401053,
401439,
401856,
402130,
402550,
403021,
403494,
403922,
404391,
404688,
405151,
405556,
405975,
406242,
406656,
407114,
407563,
408097,
408589,
408928,
409370,
409823,
410270,
410667,
411228,
411723,
412242,
412763,
413272,
413673,
414100,
414608,
415036,
415503,
415913,
416451,
416997,
417582,
418096,
418525,
419018,
419511,
420049,
420519,
420983,
421528,
422079,
422646,
423184,
423619,
424176,
424727,
425229,
425786,
426319,
426906,
427516,
428219,
428870,
429541,
430096,
430787,
431474,
432131,
432745,
433374,
433863,
434503,
435090,
435556,
436048,
436634,
437258,
437840,
438311,
439020,
439701,
440391,
441097,
441953,
442635,
443327,
444052,
444802,
445593,
446301,
446967,
447647,
448309,
449034,
449775,
450451,
451165,
451889,
452630,
453351,
454057,
454721,
455390,
456083,
456791,
457487,
458227,
458861,
459585,
460276,
461016,
461729,
462472,
463185,
463856,
464545,
465216,
465940,
466647,
467313,
467994,
468669,
469300,
469919,
470549,
471171,
471776,
472402,
472964,
473600,
474273,
474962,
475558,
476049,
476672,
477234,
477850,
478465,
478958,
479646,
480326,
480912,
481558,
482018,
482598,
483260,
483893,
484468,
484963,
485614,
486297,
486923,
487573,
487973,
488471,
489054,
489651,
490222,
490653,
491318,
491991,
492676,
493262,
493659,
494232,
494816,
495371,
495925,
496353,
497019,
497737,
498418,
498981,
499422,
499963,
500576,
501207,
501788,
502237,
502996,
503816,
504652,
505477,
506462,
507339,
508229,
509068,
509912,
510894,
511539,
512171,
512791,
513365,
513679,
514249,
514762,
515263,
515670,
516087,
516749,
517476,
518141,
518779,
519257,
519897,
520487,
521103,
521659,
522235,
522970,
523610,
524325,
524997,
525534,
526148,
526741,
527315,
527827,
528506,
529227,
529878,
530645,
531371,
531855,
532493,
533132,
533763,
534170,
534883,
535617,
536306,
537070,
537794,
538262,
538864,
539448,
540122,
540600,
541359,
542122,
542942,
543714,
544461,
544972,
545729,
546430,
547069,
547554,
548442,
549286,
550169,
551004,
551774,
552272,
552985,
553762,
554461,
555003,
555822,
556760,
557675,
558564,
559405,
560055,
560868,
561635,
562441,
563094,
564122,
565701,
567222,
568893,
570430,
571595,
573040,
574568,
575972,
577325,
579201,
581066,
582946,
584755,
586486,
587987,
589726,
591411,
593091,
594917,
596874,
598838,
600704,
602660,
604498,
606296,
608181,
610022,
611783,
613815,
616022,
618103,
620113,
622220,
624276,
625980,
627871,
629839,
631617,
633814,
636148,
638505,
640870,
643289,
645734,
647499,
649618,
651818,
653793,
656402,
659158,
661753,
664503,
667176,
669804,
672029,
674579,
676935,
679394,
682246,
685096,
687874,
690842,
693644,
696636,
699152,
701857,
704737,
707519,
710564,
713762,
716797,
719886,
723003,
726018,
728574,
731509,
734390,
737463,
741169,
744558,
747991,
751398,
754928,
758274,
761107,
764287,
767324,
770866,
774812,
778683,
782438,
786337,
790220,
794047,
797398,
801093,
804705,
808809,
812840,
816966,
821023,
825150,
829169,
833176,
836780,
840592,
844347,
848775,
853058,
857413,
861874,
866452,
870906,
875350,
879219,
883367,
887527,
892289,
897081,
902084,
907070,
911900,
916650,
921533,
925810,
930137,
934710,
940050,
945207,
950409,
955542,
960709,
965934,
971197,
975663,
980594,
985663,
991151,
996606,
1.00223e+06,
1.00765e+06,
1.01306e+06,
1.01844e+06,
1.02401e+06,
1.02899e+06,
1.03416e+06,
1.03981e+06,
1.04596e+06,
1.05205e+06,
1.05817e+06,
1.06416e+06,
1.07034e+06,
1.07668e+06,
1.08251e+06,
1.08782e+06,
1.09316e+06,
1.09953e+06,
1.10611e+06,
1.11267e+06,
1.11926e+06,
1.12579e+06,
1.1324e+06,
1.13886e+06,
1.14514e+06,
1.15051e+06,
1.15642e+06,
1.16321e+06,
1.17019e+06,
1.17719e+06,
1.18409e+06,
1.19139e+06,
1.19815e+06,
1.20522e+06,
1.2121e+06,
1.21816e+06,
1.22451e+06,
1.23211e+06,
1.23964e+06,
1.24757e+06,
1.25522e+06,
1.26299e+06,
1.27094e+06,
1.27887e+06,
1.28645e+06,
1.29303e+06,
1.29991e+06,
1.30798e+06,
1.31628e+06,
1.32445e+06,
1.33283e+06,
1.34094e+06,
1.34935e+06,
1.35771e+06,
1.36568e+06,
1.37282e+06,
1.38027e+06,
1.38882e+06,
1.39756e+06,
1.40655e+06,
1.41545e+06,
1.42452e+06,
1.43321e+06,
1.44219e+06,
1.45087e+06,
1.45836e+06,
1.46673e+06,
1.47617e+06,
1.48565e+06,
1.49532e+06,
1.5048e+06,
1.51471e+06,
1.52428e+06,
1.53387e+06,
1.54343e+06,
1.55192e+06,
1.56129e+06,
1.5715e+06,
1.58171e+06,
1.59208e+06,
1.60204e+06,
1.61243e+06,
1.62276e+06,
1.63316e+06,
1.64307e+06,
1.65164e+06,
1.66153e+06,
1.67232e+06,
1.68317e+06,
1.69386e+06,
1.70497e+06,
1.71599e+06,
1.72662e+06,
1.73764e+06,
1.74864e+06,
1.75802e+06,
1.7691e+06,
1.78098e+06,
1.7926e+06,
1.80433e+06,
1.8162e+06,
1.8283e+06,
1.84016e+06,
1.85117e+06,
1.86101e+06,
1.86286e+06,
1.87402e+06,
1.88762e+06,
1.90134e+06,
1.91514e+06,
1.92883e+06,
1.94285e+06,
1.95682e+06,
1.97125e+06,
1.98536e+06,
1.99958e+06,
2.01428e+06,
2.02874e+06,
2.04365e+06,
2.05889e+06,
2.07431e+06,
2.08968e+06,
2.10507e+06,
2.1206e+06,
2.13691e+06,
2.15261e+06,
2.16911e+06,
2.18549e+06,
2.20184e+06,
2.21826e+06,
2.23517e+06,
2.252e+06,
2.27509e+06,
2.30848e+06,
2.34348e+06,
2.37895e+06,
2.41407e+06,
2.44888e+06,
2.48407e+06,
2.51888e+06,
2.55413e+06,
2.58926e+06,
2.62454e+06,
2.66336e+06,
2.7019e+06,
2.74089e+06,
2.7802e+06,
2.81957e+06,
2.85822e+06,
2.89783e+06,
2.93785e+06,
2.97647e+06,
3.01697e+06,
3.05903e+06,
3.10219e+06,
3.14618e+06,
3.18951e+06,
3.23247e+06,
3.2763e+06,
3.31999e+06,
3.36307e+06,
3.40713e+06,
3.45219e+06,
3.49836e+06,
3.5446e+06,
3.59281e+06,
3.64126e+06,
3.68938e+06,
3.73688e+06,
3.78661e+06,
3.8364e+06,
3.88612e+06,
3.93582e+06,
3.98889e+06,
4.04275e+06,
4.09724e+06,
4.15206e+06,
4.20739e+06,
4.26506e+06,
4.32214e+06,
4.38065e+06,
4.43958e+06,
4.50147e+06,
4.57095e+06,
4.64061e+06,
4.71072e+06,
4.78051e+06,
4.84316e+06,
4.904e+06,
4.96447e+06,
5.02493e+06,
5.08453e+06,
5.14371e+06,
5.20335e+06,
5.2666e+06,
5.32834e+06,
5.38933e+06,
5.45001e+06,
5.51114e+06,
5.57145e+06,
5.63019e+06,
5.68897e+06,
5.74812e+06,
5.80741e+06,
5.86721e+06,
5.92725e+06,
5.98743e+06,
375246,
374979,
374746,
374548,
374257,
374054,
373935,
373821,
373683,
373557,
373432,
373292,
373194,
373123,
372979,
372829,
372783,
372683,
372583,
372412,
372330,
372345,
372393,
372404,
372457,
372438,
372416,
372409,
372321,
372290,
372314,
372314,
372358,
372402,
372416,
372455,
372526,
372577,
372638,
372713,
372808,
372892,
372988,
373093,
373222,
373269,
373385,
373441,
373509,
373540,
373595,
373667,
373732,
373803,
373870,
373983,
374037,
374112,
374209,
374258,
374315,
374410,
374501,
374590,
374727,
374785,
374956,
375063,
375188,
375311,
375441,
375539,
375646,
375836,
375936,
376092,
376190,
376341,
376424,
376497,
376624,
376723,
376865,
377007,
377180,
377309,
377484,
377622,
377739,
377885,
378018,
378185,
378278,
378383,
378483,
378677,
378825,
378934,
378938,
378979,
379055,
379066,
379276,
379397,
379521,
379765,
379897,
380038,
380057,
380161,
380237,
380309,
380404,
380584,
380756,
380940,
381097,
381290,
381323,
381446,
381571,
381683,
381805,
382064,
382261,
382449,
382692,
382864,
382951,
383102,
383270,
383458,
383520,
383783,
384028,
384281,
384507,
384697,
384821,
385043,
385161,
385313,
385446,
385741,
386024,
386256,
386511,
386731,
386870,
387113,
387385,
387631,
387817,
388021,
388322,
388607,
388859,
389094,
389248,
389497,
389772,
389992,
390215,
390378,
390766,
391202,
391557,
391900,
392191,
392511,
392822,
393172,
393488,
393750,
394097,
394395,
394710,
395060,
395288,
395570,
395888,
396240,
396549,
396869,
397222,
397612,
398008,
398351,
398591,
398930,
399323,
399672,
400021,
400337,
400700,
401124,
401589,
402054,
402370,
402737,
403134,
403565,
403983,
404381,
404713,
405152,
405579,
406028,
406426,
406840,
407282,
407712,
408165,
408629,
408964,
409478,
409978,
410544,
410996,
411433,
411943,
412410,
412869,
413329,
413737,
414167,
414702,
415178,
415547,
416011,
416526,
417040,
417571,
418123,
418565,
419069,
419629,
420130,
420554,
421086,
421620,
422169,
422782,
423299,
423813,
424325,
424978,
425583,
426207,
426827,
427464,
428082,
428778,
429396,
430066,
430739,
431385,
431935,
432406,
432943,
433501,
434044,
434651,
435215,
435694,
436243,
436965,
437686,
438477,
439192,
439923,
440586,
441345,
442054,
442791,
443573,
444201,
444982,
445670,
446425,
447134,
447846,
448579,
449262,
449917,
450629,
451351,
452067,
452812,
453506,
454216,
454935,
455573,
456213,
456872,
457533,
458215,
458895,
459588,
460267,
460920,
461641,
462329,
463035,
463765,
464450,
465187,
465867,
466512,
467089,
467695,
468410,
469041,
469679,
470333,
470931,
471589,
472235,
472743,
473360,
473935,
474490,
475175,
475723,
476286,
476825,
477510,
478134,
478594,
479140,
479769,
480370,
480985,
481537,
482121,
482636,
483286,
483872,
484374,
484963,
485507,
486067,
486635,
487180,
487659,
488168,
488829,
489444,
489877,
490488,
491065,
491657,
492239,
492794,
493234,
493760,
494369,
494974,
495417,
496063,
496668,
497349,
498032,
498635,
499156,
499716,
500496,
501254,
502280,
503076,
503881,
504682,
505471,
506352,
507290,
508046,
508692,
509270,
509651,
510215,
510728,
511253,
511790,
512320,
512597,
513202,
513861,
514457,
515031,
515735,
516369,
516962,
517612,
518275,
518764,
519424,
520119,
520733,
521268,
521888,
522536,
523165,
523789,
524379,
524940,
525655,
526422,
527083,
527551,
528197,
528854,
529461,
530086,
530638,
531205,
531924,
532731,
533389,
533908,
534583,
535235,
535867,
536505,
537052,
537639,
538443,
539230,
540004,
540867,
542174,
543537,
544843,
546198,
547484,
548908,
550312,
551894,
553388,
554652,
556075,
557480,
558956,
560419,
561752,
563380,
565001,
566695,
568174,
569574,
571212,
572830,
574371,
575934,
577294,
579079,
580839,
582530,
584320,
585655,
587236,
589056,
590707,
592357,
593799,
595766,
597665,
599655,
601708,
603530,
605516,
607428,
609365,
611386,
613340,
615442,
617762,
619999,
622202,
624108,
626210,
628427,
630650,
632782,
634940,
637289,
639635,
642091,
644425,
646491,
648745,
651010,
653281,
655533,
658000,
660659,
663261,
665759,
668253,
670517,
672884,
675374,
677732,
679940,
682687,
685604,
688565,
691516,
694463,
697216,
699999,
702882,
705699,
708406,
711806,
714947,
718238,
721407,
724582,
727649,
730774,
733991,
737109,
740322,
743846,
747235,
750868,
754246,
757840,
760760,
763938,
767100,
770159,
773639,
777335,
781053,
784936,
788539,
792241,
795320,
798884,
802399,
805679,
809790,
813966,
818047,
822290,
826485,
830639,
834550,
838736,
842980,
847010,
851272,
855744,
860353,
864976,
869376,
873717,
877896,
882277,
886549,
890909,
895818,
900670,
905569,
910341,
915136,
919812,
924220,
928940,
933375,
938016,
943238,
948350,
953660,
959152,
964564,
970065,
974831,
980117,
985007,
990632,
996154,
1.00202e+06,
1.00778e+06,
1.01369e+06,
1.01947e+06,
1.02519e+06,
1.03034e+06,
1.03583e+06,
1.04116e+06,
1.04734e+06,
1.05353e+06,
1.0598e+06,
1.06615e+06,
1.07228e+06,
1.07843e+06,
1.08472e+06,
1.09011e+06,
1.09596e+06,
1.10151e+06,
1.10814e+06,
1.11461e+06,
1.12119e+06,
1.12801e+06,
1.13474e+06,
1.14168e+06,
1.14848e+06,
1.15436e+06,
1.16078e+06,
1.16708e+06,
1.17419e+06,
1.18147e+06,
1.18877e+06,
1.19607e+06,
1.20359e+06,
1.21096e+06,
1.21812e+06,
1.2246e+06,
1.23138e+06,
1.23814e+06,
1.24577e+06,
1.25374e+06,
1.26157e+06,
1.26946e+06,
1.27743e+06,
1.2853e+06,
1.29307e+06,
1.30006e+06,
1.30725e+06,
1.31501e+06,
1.32325e+06,
1.33161e+06,
1.33987e+06,
1.34824e+06,
1.3571e+06,
1.3657e+06,
1.37429e+06,
1.38227e+06,
1.3902e+06,
1.39907e+06,
1.40811e+06,
1.41725e+06,
1.42661e+06,
1.43544e+06,
1.44506e+06,
1.45421e+06,
1.46346e+06,
1.47168e+06,
1.47979e+06,
1.48958e+06,
1.49934e+06,
1.50919e+06,
1.51894e+06,
1.52896e+06,
1.53908e+06,
1.54877e+06,
1.55857e+06,
1.56758e+06,
1.5766e+06,
1.58688e+06,
1.59727e+06,
1.60761e+06,
1.61847e+06,
1.6293e+06,
1.64007e+06,
1.651e+06,
1.66156e+06,
1.67142e+06,
1.6819e+06,
1.69317e+06,
1.70467e+06,
1.71604e+06,
1.72761e+06,
1.73919e+06,
1.75082e+06,
1.76259e+06,
1.77388e+06,
1.78422e+06,
1.79525e+06,
1.80759e+06,
1.8202e+06,
1.8326e+06,
1.8452e+06,
1.85824e+06,
1.87131e+06,
1.88408e+06,
1.89684e+06,
1.90851e+06,
1.92089e+06,
1.93463e+06,
1.94845e+06,
1.96233e+06,
1.97611e+06,
1.98982e+06,
2.00415e+06,
2.01742e+06,
2.02956e+06,
2.03468e+06,
2.04649e+06,
2.06215e+06,
2.07777e+06,
2.09365e+06,
2.10985e+06,
2.12634e+06,
2.14281e+06,
2.15952e+06,
2.17593e+06,
2.19231e+06,
2.20927e+06,
2.22669e+06,
2.24375e+06,
2.2611e+06,
2.27849e+06,
2.29598e+06,
2.32779e+06,
2.36416e+06,
2.40237e+06,
2.44009e+06,
2.47793e+06,
2.51586e+06,
2.55343e+06,
2.59039e+06,
2.62794e+06,
2.6653e+06,
2.70569e+06,
2.7467e+06,
2.78797e+06,
2.82992e+06,
2.87155e+06,
2.91337e+06,
2.95483e+06,
2.99662e+06,
3.03893e+06,
3.08114e+06,
3.1251e+06,
3.1706e+06,
3.21661e+06,
3.26323e+06,
3.30947e+06,
3.35623e+06,
3.40361e+06,
3.45076e+06,
3.49785e+06,
3.54611e+06,
3.59562e+06,
3.646e+06,
3.69687e+06,
3.74973e+06,
3.80137e+06,
3.8534e+06,
3.90611e+06,
3.96055e+06,
4.01394e+06,
4.06821e+06,
4.12379e+06,
4.18418e+06,
4.24461e+06,
4.30574e+06,
4.36724e+06,
4.43356e+06,
4.506e+06,
4.57711e+06,
4.64604e+06,
4.71438e+06,
4.77757e+06,
4.8417e+06,
4.90425e+06,
4.96727e+06,
5.02917e+06,
5.09076e+06,
5.15273e+06,
5.21558e+06,
5.27659e+06,
5.33736e+06,
5.39846e+06,
5.46144e+06,
5.52426e+06,
5.58559e+06,
5.6466e+06,
5.70797e+06,
5.76807e+06,
5.82753e+06,
5.88777e+06,
5.94749e+06,
6.008e+06,
6.07212e+06,
6.13689e+06,
6.20193e+06,
6.26558e+06,
6.32742e+06,
6.38834e+06,
6.4498e+06,
6.51104e+06,
6.57136e+06,
6.6329e+06,
6.6973e+06,
6.76135e+06,
6.82503e+06,
6.88864e+06,
375246,
374965,
374725,
374537,
374246,
374041,
373929,
373800,
373650,
373516,
373401,
373261,
373144,
373037,
372918,
372812,
372719,
372594,
372499,
372358,
372303,
372241,
372250,
372306,
372294,
372293,
372245,
372206,
372177,
372101,
372076,
372139,
372175,
372184,
372212,
372248,
372290,
372355,
372373,
372439,
372524,
372618,
372754,
372813,
372897,
373031,
373053,
373120,
373104,
373189,
373243,
373304,
373352,
373432,
373543,
373623,
373659,
373728,
373804,
373897,
373998,
374049,
374140,
374221,
374282,
374375,
374489,
374630,
374747,
374838,
374934,
375007,
375156,
375243,
375381,
375466,
375613,
375766,
375880,
376030,
376153,
376273,
376387,
376512,
376630,
376778,
376906,
377080,
377190,
377291,
377461,
377604,
377727,
377805,
377924,
378012,
378111,
378245,
378277,
378355,
378434,
378495,
378538,
378642,
378753,
378943,
379118,
379239,
379264,
379374,
379529,
379627,
379710,
379793,
379963,
380134,
380271,
380376,
380479,
380598,
380691,
380861,
381016,
381104,
381334,
381489,
381649,
381787,
381885,
382064,
382304,
382448,
382565,
382620,
382792,
383016,
383254,
383496,
383544,
383765,
384021,
384232,
384406,
384542,
384644,
384903,
385162,
385390,
385505,
385703,
385950,
386196,
386498,
386693,
386785,
387024,
387334,
387588,
387741,
387964,
388248,
388533,
388747,
389055,
389292,
389539,
389833,
390144,
390335,
390644,
390926,
391261,
391598,
391853,
392201,
392487,
392868,
393213,
393394,
393679,
394040,
394400,
394680,
394988,
395295,
395502,
395809,
396141,
396401,
396770,
397129,
397559,
397928,
398295,
398679,
399028,
399454,
399855,
400114,
400474,
400830,
401206,
401654,
402076,
402528,
402885,
403215,
403600,
403898,
404343,
404712,
405140,
405588,
406008,
406465,
406917,
407297,
407710,
408072,
408465,
408887,
409371,
409868,
410394,
410876,
411386,
411810,
412280,
412708,
413190,
413703,
414192,
414652,
415136,
415624,
416144,
416593,
417085,
417508,
418068,
418619,
419149,
419680,
420238,
420794,
421314,
421798,
422411,
423083,
423748,
424404,
425017,
425649,
426241,
426817,
427473,
428078,
428673,
429092,
429624,
430183,
430745,
431376,
431971,
432546,
433123,
433693,
434255,
435004,
435737,
436448,
437147,
437868,
438594,
439223,
439934,
440714,
441468,
442281,
442991,
443661,
444364,
445055,
445722,
446423,
447161,
447846,
448564,
449284,
449980,
450703,
451399,
452131,
452848,
453505,
454178,
454873,
455654,
456345,
457055,
457740,
458402,
459044,
459700,
460381,
461050,
461726,
462393,
462959,
463602,
464183,
464820,
465459,
466063,
466651,
467254,
467823,
468423,
468977,
469558,
470147,
470856,
471488,
472095,
472736,
473362,
473878,
474377,
474901,
475545,
476177,
476755,
477305,
477901,
478485,
479134,
479673,
480159,
480636,
481177,
481723,
482302,
482902,
483523,
484107,
484680,
485197,
485649,
486132,
486676,
487295,
487898,
488493,
489100,
489711,
490245,
490679,
491136,
491568,
492218,
492857,
493516,
494173,
494820,
495483,
496118,
496627,
497315,
498194,
499032,
499831,
500562,
501328,
502119,
502906,
503691,
504597,
505268,
505590,
506130,
506701,
507272,
507853,
508439,
508959,
509397,
509756,
510363,
510858,
511505,
512180,
512800,
513430,
514100,
514732,
515236,
515769,
516437,
516976,
517611,
518254,
518922,
519594,
520295,
520991,
522152,
523343,
524620,
525712,
527022,
528329,
529690,
531007,
532370,
533674,
534849,
536265,
537623,
538832,
540189,
541584,
542941,
544332,
545839,
547184,
548308,
549748,
551345,
552646,
554161,
555737,
557203,
558688,
560137,
561561,
562840,
564442,
566064,
567469,
569017,
570538,
572122,
573726,
575360,
577002,
578769,
580577,
582481,
583995,
585760,
587745,
589690,
591515,
593447,
595155,
596882,
599134,
601157,
602854,
604795,
606697,
608682,
610632,
612585,
614264,
616323,
618424,
620591,
622673,
624935,
627114,
629286,
631414,
633496,
635653,
637907,
640267,
642621,
644808,
647114,
649500,
652035,
654506,
656978,
659356,
662030,
664652,
667424,
669853,
672461,
675135,
677707,
680406,
682845,
685598,
688471,
691280,
694209,
696826,
699509,
702247,
705124,
707929,
710623,
713637,
716840,
719922,
723035,
725982,
728921,
732146,
735089,
738193,
741256,
744603,
748193,
751639,
755213,
758454,
762006,
765558,
769069,
772551,
776128,
779993,
783855,
787682,
791423,
794715,
798486,
802320,
806161,
809590,
813452,
817520,
821697,
825768,
829776,
833454,
837222,
841396,
845399,
849066,
853520,
857994,
862340,
866802,
871357,
875339,
879644,
884209,
888720,
893440,
898323,
903350,
908386,
913416,
918316,
922960,
927730,
932843,
937695,
942606,
947909,
953404,
958972,
964415,
969688,
974731,
980019,
985326,
990238,
995774,
1.00156e+06,
1.00736e+06,
1.01332e+06,
1.01913e+06,
1.02487e+06,
1.03023e+06,
1.03572e+06,
1.04124e+06,
1.04694e+06,
1.05291e+06,
1.0594e+06,
1.06583e+06,
1.07214e+06,
1.07852e+06,
1.0849e+06,
1.09094e+06,
1.09714e+06,
1.1035e+06,
1.10973e+06,
1.11656e+06,
1.12327e+06,
1.1301e+06,
1.13731e+06,
1.14425e+06,
1.15115e+06,
1.15749e+06,
1.16444e+06,
1.17093e+06,
1.17751e+06,
1.18468e+06,
1.19222e+06,
1.19954e+06,
1.207e+06,
1.21434e+06,
1.22157e+06,
1.22834e+06,
1.23533e+06,
1.24214e+06,
1.2496e+06,
1.25736e+06,
1.26569e+06,
1.27366e+06,
1.28173e+06,
1.28998e+06,
1.29799e+06,
1.30564e+06,
1.31345e+06,
1.32077e+06,
1.32918e+06,
1.33796e+06,
1.34657e+06,
1.35542e+06,
1.36416e+06,
1.37311e+06,
1.38177e+06,
1.38974e+06,
1.39817e+06,
1.40646e+06,
1.41556e+06,
1.42486e+06,
1.43395e+06,
1.44342e+06,
1.45283e+06,
1.46222e+06,
1.47159e+06,
1.48022e+06,
1.4891e+06,
1.4983e+06,
1.50823e+06,
1.5186e+06,
1.52871e+06,
1.539e+06,
1.54963e+06,
1.56012e+06,
1.57031e+06,
1.57982e+06,
1.5896e+06,
1.60002e+06,
1.61093e+06,
1.62195e+06,
1.63323e+06,
1.64417e+06,
1.65538e+06,
1.66665e+06,
1.67793e+06,
1.68786e+06,
1.698e+06,
1.70951e+06,
1.7211e+06,
1.73267e+06,
1.74457e+06,
1.75632e+06,
1.76831e+06,
1.78025e+06,
1.79201e+06,
1.80345e+06,
1.81534e+06,
1.82822e+06,
1.84152e+06,
1.85493e+06,
1.86826e+06,
1.88204e+06,
1.89608e+06,
1.90981e+06,
1.92351e+06,
1.93636e+06,
1.94959e+06,
1.9637e+06,
1.97828e+06,
1.99309e+06,
2.00774e+06,
2.0225e+06,
2.03789e+06,
2.05304e+06,
2.06793e+06,
2.08175e+06,
2.09644e+06,
2.11201e+06,
2.12791e+06,
2.1441e+06,
2.16013e+06,
2.17632e+06,
2.19223e+06,
2.20846e+06,
2.22338e+06,
2.2321e+06,
2.2444e+06,
2.26208e+06,
2.28031e+06,
2.29854e+06,
2.31706e+06,
2.33617e+06,
2.3668e+06,
2.40584e+06,
2.44602e+06,
2.48629e+06,
2.52667e+06,
2.56671e+06,
2.60685e+06,
2.64696e+06,
2.6873e+06,
2.72657e+06,
2.7694e+06,
2.81231e+06,
2.85682e+06,
2.9011e+06,
2.94643e+06,
2.99049e+06,
3.03596e+06,
3.08057e+06,
3.12607e+06,
3.17112e+06,
3.21824e+06,
3.26823e+06,
3.31801e+06,
3.36788e+06,
3.41816e+06,
3.46874e+06,
3.51896e+06,
3.57031e+06,
3.6213e+06,
3.67203e+06,
3.72572e+06,
3.78061e+06,
3.83607e+06,
3.89271e+06,
3.94888e+06,
4.00629e+06,
4.06424e+06,
4.12415e+06,
4.18445e+06,
4.24517e+06,
4.3097e+06,
4.38329e+06,
4.45849e+06,
4.53261e+06,
4.60491e+06,
4.67377e+06,
4.73794e+06,
4.80046e+06,
4.86266e+06,
4.92436e+06,
4.98787e+06,
5.053e+06,
5.11831e+06,
5.18152e+06,
5.24572e+06,
5.30947e+06,
5.3724e+06,
5.43449e+06,
5.49552e+06,
5.55693e+06,
5.62104e+06,
5.68364e+06,
5.74651e+06,
5.80858e+06,
5.87107e+06,
5.93408e+06,
5.99827e+06,
6.06177e+06,
6.12584e+06,
6.18836e+06,
6.25191e+06,
6.31551e+06,
6.37957e+06,
6.44305e+06,
6.50648e+06,
6.5698e+06,
6.63365e+06,
6.69607e+06,
6.75962e+06,
6.82317e+06,
6.88906e+06,
6.95508e+06,
7.02131e+06,
7.08623e+06,
7.15271e+06,
7.21717e+06,
7.2825e+06,
7.34701e+06,
7.41114e+06,
7.47549e+06,
7.54177e+06,
7.61031e+06,
7.67927e+06,
7.7482e+06,
7.81634e+06,
375246,
374958,
374740,
374521,
374258,
374048,
373896,
373749,
373615,
373497,
373361,
373198,
373117,
372971,
372831,
372749,
372648,
372527,
372444,
372333,
372232,
372150,
372099,
372122,
372177,
372160,
372144,
372089,
372053,
371998,
371929,
371926,
371963,
371998,
372018,
372071,
372063,
372154,
372206,
372265,
372331,
372392,
372474,
372597,
372628,
372694,
372789,
372842,
372866,
372927,
372981,
373025,
373105,
373139,
373172,
373251,
373320,
373401,
373474,
373516,
373557,
373638,
373743,
373812,
373870,
373995,
374067,
374153,
374278,
374399,
374464,
374568,
374650,
374852,
374936,
375020,
375170,
375244,
375369,
375518,
375603,
375705,
375828,
375966,
376039,
376146,
376288,
376461,
376601,
376683,
376817,
376930,
377080,
377192,
377296,
377384,
377477,
377576,
377610,
377689,
377788,
377912,
377941,
377960,
378077,
378203,
378255,
378374,
378407,
378581,
378698,
378808,
378884,
378964,
379038,
379154,
379339,
379422,
379460,
379585,
379804,
379973,
380106,
380231,
380296,
380447,
380677,
380822,
380888,
380995,
381148,
381343,
381530,
381662,
381769,
381815,
382028,
382205,
382279,
382465,
382656,
382865,
383076,
383319,
383482,
383567,
383711,
383892,
384030,
384216,
384424,
384618,
384827,
385011,
385189,
385448,
385552,
385770,
385900,
386185,
386446,
386724,
387033,
387324,
387573,
387833,
388034,
388319,
388609,
388841,
389120,
389485,
389788,
390097,
390411,
390716,
390962,
391144,
391415,
391714,
392007,
392350,
392688,
393019,
393337,
393627,
393930,
394177,
394380,
394644,
394984,
395304,
395752,
396185,
396526,
396913,
397276,
397572,
397833,
398210,
398557,
398924,
399311,
399673,
400096,
400487,
400902,
401263,
401485,
401878,
402292,
402706,
403109,
403515,
403946,
404363,
404783,
405183,
405458,
405901,
406388,
406814,
407220,
407669,
408117,
408549,
409011,
409449,
409799,
410348,
410819,
411318,
411843,
412321,
412775,
413241,
413670,
414198,
414504,
415063,
415596,
416178,
416727,
417284,
417873,
418415,
418960,
419509,
420078,
420565,
421135,
421722,
422321,
422971,
423524,
424168,
424755,
425290,
425807,
426448,
426987,
427620,
428281,
428923,
429522,
430131,
430739,
431379,
431997,
432528,
433245,
433971,
434623,
435326,
436040,
436768,
437426,
438173,
438964,
439757,
440496,
441211,
441928,
442662,
443334,
443982,
444631,
445353,
446113,
446870,
447511,
448175,
448873,
449496,
450178,
450788,
451440,
452105,
452826,
453533,
454194,
454877,
455572,
456237,
456917,
457545,
458234,
458826,
459458,
460097,
460776,
461421,
462074,
462694,
463290,
463865,
464495,
465100,
465578,
466110,
466724,
467280,
467854,
468485,
469032,
469675,
470267,
470817,
471213,
471734,
472390,
473027,
473636,
474245,
474877,
475486,
476054,
476596,
476927,
477406,
477976,
478572,
479214,
479822,
480409,
481050,
481618,
482110,
482383,
482825,
483457,
484051,
484659,
485283,
485887,
486441,
487097,
487577,
487881,
488291,
488950,
489578,
490182,
490864,
491522,
492157,
492833,
493433,
494126,
494781,
495556,
496340,
497145,
497885,
498626,
499359,
500089,
500828,
501392,
501980,
502603,
503238,
503805,
504621,
505880,
507042,
508212,
509369,
510245,
511383,
512698,
513867,
515215,
516484,
517783,
519146,
520424,
521665,
522786,
524066,
525550,
526996,
528389,
529743,
531103,
532438,
533822,
535061,
536295,
537685,
539223,
540539,
542087,
543560,
545082,
546523,
547814,
549073,
550355,
551737,
553206,
554829,
556502,
558101,
559737,
561454,
563015,
564558,
566058,
567809,
569580,
571413,
573160,
574851,
576602,
578321,
580062,
581744,
583302,
585149,
587097,
588868,
590722,
592567,
594521,
596292,
598152,
599977,
601652,
603599,
605482,
607633,
609685,
611670,
613772,
615781,
617655,
619640,
621312,
623357,
625695,
627984,
630315,
632696,
634928,
637166,
639379,
641789,
643993,
646316,
648700,
651167,
653691,
656265,
658791,
661339,
663691,
666437,
668804,
671443,
674066,
676732,
679412,
682219,
684822,
687336,
690125,
692995,
695702,
698499,
701313,
704024,
706907,
709692,
712544,
715409,
718370,
721494,
724414,
727581,
730694,
733964,
737244,
740384,
743561,
746755,
750188,
753597,
756908,
760417,
763875,
767454,
771158,
774639,
778125,
781900,
785652,
789301,
792818,
796509,
800570,
804425,
808224,
812095,
815795,
819810,
824063,
828129,
831860,
835974,
840237,
844505,
848726,
852806,
856967,
861583,
866382,
870890,
874971,
879379,
883906,
888489,
893179,
897276,
901834,
906835,
911962,
916804,
921526,
926455,
931473,
936593,
941744,
946566,
951980,
957393,
962808,
968039,
973157,
978707,
984271,
989679,
995124,
1.00055e+06,
1.0067e+06,
1.01267e+06,
1.01853e+06,
1.02451e+06,
1.02998e+06,
1.03581e+06,
1.04195e+06,
1.04811e+06,
1.05372e+06,
1.05986e+06,
1.0662e+06,
1.07261e+06,
1.07906e+06,
1.08536e+06,
1.09134e+06,
1.09776e+06,
1.10429e+06,
1.11069e+06,
1.11688e+06,
1.12357e+06,
1.13047e+06,
1.13739e+06,
1.14428e+06,
1.15114e+06,
1.15765e+06,
1.16448e+06,
1.17127e+06,
1.17801e+06,
1.18492e+06,
1.19253e+06,
1.20002e+06,
1.20774e+06,
1.21537e+06,
1.22315e+06,
1.23023e+06,
1.23779e+06,
1.24536e+06,
1.25277e+06,
1.26081e+06,
1.26906e+06,
1.27727e+06,
1.28543e+06,
1.29354e+06,
1.30186e+06,
1.30941e+06,
1.3176e+06,
1.32568e+06,
1.33346e+06,
1.34199e+06,
1.35078e+06,
1.35956e+06,
1.36817e+06,
1.3769e+06,
1.3858e+06,
1.39421e+06,
1.40275e+06,
1.41137e+06,
1.42017e+06,
1.42958e+06,
1.43899e+06,
1.44869e+06,
1.45863e+06,
1.4685e+06,
1.47837e+06,
1.48755e+06,
1.49702e+06,
1.50676e+06,
1.51669e+06,
1.52712e+06,
1.53759e+06,
1.54797e+06,
1.55848e+06,
1.56914e+06,
1.57964e+06,
1.58956e+06,
1.59967e+06,
1.60983e+06,
1.62062e+06,
1.63184e+06,
1.64307e+06,
1.65437e+06,
1.66584e+06,
1.67705e+06,
1.6881e+06,
1.69881e+06,
1.70987e+06,
1.72093e+06,
1.73297e+06,
1.74558e+06,
1.7579e+06,
1.77047e+06,
1.78314e+06,
1.79568e+06,
1.8082e+06,
1.82039e+06,
1.83282e+06,
1.8453e+06,
1.85857e+06,
1.8726e+06,
1.88644e+06,
1.9006e+06,
1.91508e+06,
1.9293e+06,
1.9435e+06,
1.95702e+06,
1.9708e+06,
1.98541e+06,
2.00067e+06,
2.01575e+06,
2.03134e+06,
2.04703e+06,
2.06305e+06,
2.07915e+06,
2.09548e+06,
2.11066e+06,
2.12614e+06,
2.14263e+06,
2.15973e+06,
2.17684e+06,
2.19415e+06,
2.21116e+06,
2.22885e+06,
2.24675e+06,
2.26435e+06,
2.28064e+06,
2.29775e+06,
2.31543e+06,
2.334e+06,
2.35267e+06,
2.37106e+06,
2.38958e+06,
2.40835e+06,
2.44571e+06,
2.48525e+06,
2.52019e+06,
2.55657e+06,
2.59868e+06,
2.64222e+06,
2.68475e+06,
2.72713e+06,
2.77029e+06,
2.81316e+06,
2.86006e+06,
2.90742e+06,
2.95536e+06,
3.00272e+06,
3.05049e+06,
3.09812e+06,
3.14741e+06,
3.1953e+06,
3.24438e+06,
3.29313e+06,
3.34574e+06,
3.39955e+06,
3.45211e+06,
3.50634e+06,
3.56089e+06,
3.61442e+06,
3.66913e+06,
3.7249e+06,
3.78008e+06,
3.83693e+06,
3.89695e+06,
3.95843e+06,
4.01992e+06,
4.08402e+06,
4.14845e+06,
4.21344e+06,
4.28211e+06,
4.35785e+06,
4.43295e+06,
4.50626e+06,
4.58007e+06,
4.64813e+06,
4.71397e+06,
4.78001e+06,
4.84472e+06,
4.90851e+06,
4.9723e+06,
5.03719e+06,
5.0996e+06,
5.16507e+06,
5.23188e+06,
5.29811e+06,
5.36382e+06,
5.42878e+06,
5.49315e+06,
5.55724e+06,
5.61911e+06,
5.68163e+06,
5.74355e+06,
5.80785e+06,
5.87246e+06,
5.93959e+06,
6.00673e+06,
6.07401e+06,
6.13875e+06,
6.20171e+06,
6.26476e+06,
6.32724e+06,
6.38974e+06,
6.45514e+06,
6.52149e+06,
6.58808e+06,
6.65302e+06,
6.71979e+06,
6.78608e+06,
6.85245e+06,
6.91832e+06,
6.98299e+06,
7.0482e+06,
7.11546e+06,
7.18197e+06,
7.2492e+06,
7.31631e+06,
7.3826e+06,
7.44896e+06,
7.51686e+06,
7.58523e+06,
7.65468e+06,
7.72226e+06,
7.79187e+06,
7.86079e+06,
7.92945e+06,
7.99747e+06,
8.06616e+06,
8.13517e+06,
8.20428e+06,
8.272e+06,
8.34028e+06,
8.40968e+06,
8.48076e+06,
8.55235e+06,
8.62415e+06,
8.69386e+06,
8.76364e+06,
375246,
374954,
374737,
374519,
374270,
374029,
373882,
373704,
373565,
373467,
373304,
373133,
373072,
372909,
372761,
372687,
372581,
372477,
372376,
372280,
372142,
372015,
372027,
371982,
372020,
371980,
372024,
372018,
371944,
371894,
371803,
371773,
371782,
371782,
371807,
371833,
371905,
371943,
371985,
371981,
372073,
372139,
372261,
372291,
372327,
372381,
372484,
372581,
372620,
372629,
372710,
372735,
372826,
372854,
372919,
372963,
372988,
373034,
373106,
373160,
373254,
373298,
373321,
373370,
373428,
373531,
373645,
373759,
373802,
373900,
374005,
374097,
374234,
374360,
374434,
374512,
374577,
374688,
374772,
374871,
374982,
375145,
375238,
375394,
375485,
375635,
375704,
375788,
375857,
375968,
376148,
376238,
376345,
376493,
376607,
376730,
376816,
376846,
376882,
376944,
377036,
377147,
377192,
377241,
377291,
377377,
377516,
377573,
377610,
377640,
377804,
377922,
378056,
378182,
378294,
378258,
378395,
378538,
378506,
378629,
378742,
378854,
379049,
379242,
379376,
379494,
379567,
379706,
379806,
379959,
380092,
380257,
380407,
380556,
380669,
380820,
380930,
381033,
381072,
381193,
381340,
381507,
381704,
381880,
382057,
382222,
382397,
382467,
382571,
382709,
382884,
383086,
383356,
383531,
383749,
383985,
384170,
384327,
384407,
384639,
384882,
385172,
385447,
385754,
386046,
386339,
386544,
386743,
386821,
387070,
387383,
387699,
388064,
388336,
388666,
388976,
389250,
389510,
389673,
389878,
390175,
390498,
390829,
391122,
391429,
391712,
392006,
392329,
392532,
392687,
393021,
393319,
393635,
394019,
394405,
394835,
395245,
395560,
395801,
396060,
396363,
396794,
397186,
397561,
397930,
398342,
398726,
399060,
399305,
399628,
399938,
400336,
400761,
401208,
401598,
402010,
402432,
402847,
403197,
403597,
403939,
404377,
404825,
405298,
405759,
406184,
406607,
407083,
407381,
407777,
408168,
408573,
409054,
409568,
410166,
410665,
411154,
411600,
411974,
412452,
412893,
413400,
413917,
414428,
414999,
415602,
416156,
416635,
417161,
417719,
418260,
418791,
419365,
419955,
420704,
421344,
421950,
422579,
423091,
423648,
424215,
424845,
425472,
426076,
426752,
427408,
428004,
428614,
429257,
429909,
430584,
431128,
431754,
432435,
433113,
433774,
434457,
435155,
435885,
436597,
437290,
438036,
438751,
439490,
440107,
440777,
441428,
442090,
442767,
443471,
444130,
444821,
445495,
446198,
446844,
447583,
448189,
448901,
449502,
450155,
450861,
451574,
452241,
452899,
453555,
454164,
454793,
455383,
455948,
456576,
457245,
457936,
458566,
459206,
459867,
460520,
461085,
461627,
462090,
462620,
463164,
463707,
464329,
464966,
465539,
466155,
466776,
467330,
467831,
468360,
468844,
469262,
469894,
470504,
471078,
471689,
472275,
472830,
473271,
473812,
474320,
474823,
475377,
475970,
476598,
477189,
477779,
478311,
478705,
479186,
479636,
480019,
480572,
481171,
481808,
482426,
483080,
483683,
484079,
484585,
485078,
485532,
486078,
486741,
487926,
489216,
490591,
491977,
493427,
494728,
495984,
497237,
498547,
500034,
501356,
502772,
504125,
505607,
506815,
508109,
509563,
511114,
512360,
513672,
514994,
516371,
517651,
518949,
520084,
521301,
522398,
523613,
525053,
526514,
527900,
529368,
530828,
532336,
533518,
534858,
536200,
537667,
539287,
540865,
542443,
544050,
545696,
547275,
548737,
550316,
551761,
553514,
555157,
556925,
558619,
560315,
562105,
563761,
565197,
566781,
568441,
570135,
571803,
573555,
575491,
577215,
579024,
580732,
582241,
583733,
585543,
587408,
589264,
591156,
593013,
594945,
596842,
598675,
600253,
602148,
604299,
606499,
608759,
611045,
613159,
615346,
617480,
619505,
621249,
623416,
625542,
627891,
630280,
632521,
634756,
637051,
639405,
641671,
643533,
645735,
648114,
650579,
652983,
655490,
657917,
660255,
662790,
665171,
667166,
669772,
672398,
675016,
677795,
680553,
683328,
686172,
689082,
691694,
694457,
697325,
700184,
702987,
705990,
709096,
712136,
715240,
718256,
721145,
724018,
727073,
730219,
733463,
736646,
739853,
743125,
746401,
749504,
752664,
755956,
759226,
762586,
766086,
769558,
773075,
776411,
779916,
783172,
786659,
790234,
794223,
798158,
802097,
806121,
810337,
814278,
818114,
822127,
826346,
830341,
834589,
838900,
843175,
847470,
851823,
855959,
860163,
864596,
869160,
873141,
877675,
882184,
886846,
891470,
896215,
900839,
905218,
910089,
914969,
919359,
924227,
929164,
934205,
939461,
944650,
949574,
954963,
960549,
966189,
971548,
977058,
982804,
988379,
993983,
999746,
1.00507e+06,
1.01091e+06,
1.01698e+06,
1.02304e+06,
1.02865e+06,
1.0347e+06,
1.04064e+06,
1.04654e+06,
1.05277e+06,
1.05881e+06,
1.06467e+06,
1.07094e+06,
1.07733e+06,
1.08378e+06,
1.08979e+06,
1.09588e+06,
1.10239e+06,
1.10901e+06,
1.1157e+06,
1.12201e+06,
1.12882e+06,
1.13586e+06,
1.14301e+06,
1.15001e+06,
1.15691e+06,
1.16398e+06,
1.17104e+06,
1.17829e+06,
1.18529e+06,
1.1925e+06,
1.20004e+06,
1.20768e+06,
1.21533e+06,
1.22282e+06,
1.23002e+06,
1.2376e+06,
1.24525e+06,
1.25312e+06,
1.26065e+06,
1.2684e+06,
1.27666e+06,
1.28482e+06,
1.29296e+06,
1.3012e+06,
1.30899e+06,
1.31712e+06,
1.32535e+06,
1.33364e+06,
1.34189e+06,
1.35068e+06,
1.35968e+06,
1.36888e+06,
1.37798e+06,
1.38718e+06,
1.39607e+06,
1.4051e+06,
1.41417e+06,
1.42335e+06,
1.43237e+06,
1.44208e+06,
1.45193e+06,
1.46145e+06,
1.47145e+06,
1.48141e+06,
1.49086e+06,
1.5006e+06,
1.51015e+06,
1.51958e+06,
1.52971e+06,
1.54035e+06,
1.55093e+06,
1.56164e+06,
1.57224e+06,
1.58282e+06,
1.5929e+06,
1.6035e+06,
1.61433e+06,
1.62514e+06,
1.63655e+06,
1.6484e+06,
1.66018e+06,
1.67187e+06,
1.68339e+06,
1.69539e+06,
1.70672e+06,
1.71837e+06,
1.73009e+06,
1.74197e+06,
1.75416e+06,
1.76646e+06,
1.77931e+06,
1.79224e+06,
1.8049e+06,
1.81741e+06,
1.82994e+06,
1.84254e+06,
1.85538e+06,
1.86903e+06,
1.8832e+06,
1.89741e+06,
1.91194e+06,
1.92661e+06,
1.9414e+06,
1.9559e+06,
1.97018e+06,
1.98517e+06,
1.99977e+06,
2.01546e+06,
2.03165e+06,
2.04785e+06,
2.06442e+06,
2.08101e+06,
2.09792e+06,
2.11477e+06,
2.13124e+06,
2.14808e+06,
2.16518e+06,
2.1823e+06,
2.20012e+06,
2.21811e+06,
2.23629e+06,
2.25495e+06,
2.27336e+06,
2.29139e+06,
2.30857e+06,
2.32654e+06,
2.3451e+06,
2.36429e+06,
2.38385e+06,
2.40391e+06,
2.42356e+06,
2.44323e+06,
2.46365e+06,
2.50039e+06,
2.54378e+06,
2.58813e+06,
2.63363e+06,
2.67905e+06,
2.72393e+06,
2.7698e+06,
2.81454e+06,
2.85963e+06,
2.90446e+06,
2.95216e+06,
2.99514e+06,
3.03924e+06,
3.08801e+06,
3.13993e+06,
3.19112e+06,
3.24351e+06,
3.29479e+06,
3.34682e+06,
3.39875e+06,
3.45546e+06,
3.51369e+06,
3.57111e+06,
3.62971e+06,
3.68889e+06,
3.74744e+06,
3.80797e+06,
3.8693e+06,
3.93011e+06,
3.99334e+06,
4.06184e+06,
4.13015e+06,
4.19994e+06,
4.28057e+06,
4.3598e+06,
4.43602e+06,
4.51036e+06,
4.57824e+06,
4.64305e+06,
4.70938e+06,
4.77656e+06,
4.84442e+06,
4.91212e+06,
4.98056e+06,
5.04591e+06,
5.11275e+06,
5.17927e+06,
5.24489e+06,
5.30924e+06,
5.37488e+06,
5.44262e+06,
5.50951e+06,
5.57497e+06,
5.63974e+06,
5.7046e+06,
5.77006e+06,
5.8348e+06,
5.90143e+06,
5.96866e+06,
6.0359e+06,
6.10327e+06,
6.17058e+06,
6.23605e+06,
6.30144e+06,
6.36661e+06,
6.43222e+06,
6.49891e+06,
6.56365e+06,
6.62854e+06,
6.69775e+06,
6.76738e+06,
6.83598e+06,
6.90506e+06,
6.97335e+06,
7.04028e+06,
7.10648e+06,
7.17198e+06,
7.23818e+06,
7.30551e+06,
7.37551e+06,
7.44524e+06,
7.51796e+06,
7.58861e+06,
7.65824e+06,
7.7283e+06,
7.79723e+06,
7.86539e+06,
7.9333e+06,
8.00268e+06,
8.07536e+06,
8.14697e+06,
8.21801e+06,
8.28774e+06,
8.36001e+06,
8.43203e+06,
8.5031e+06,
8.57425e+06,
8.64472e+06,
8.71671e+06,
8.78803e+06,
8.85893e+06,
8.93029e+06,
9.00085e+06,
9.0722e+06,
9.14282e+06,
9.21564e+06,
9.28919e+06,
9.36099e+06,
9.43486e+06,
9.50774e+06,
9.57993e+06,
9.6515e+06,
9.72315e+06,
375246,
374944,
374746,
374516,
374245,
374011,
373869,
373688,
373523,
373406,
373253,
373118,
372967,
372857,
372710,
372619,
372501,
372429,
372294,
372203,
372085,
371950,
371902,
371930,
371903,
371899,
371898,
371888,
371824,
371747,
371677,
371624,
371596,
371541,
371560,
371615,
371645,
371702,
371730,
371832,
371880,
371912,
371964,
371969,
371992,
372115,
372111,
372197,
372305,
372305,
372397,
372477,
372543,
372588,
372573,
372584,
372680,
372734,
372737,
372776,
372832,
372881,
372960,
373052,
373119,
373136,
373168,
373275,
373284,
373396,
373492,
373650,
373713,
373812,
373948,
374030,
374042,
374099,
374179,
374291,
374412,
374553,
374670,
374791,
374897,
375031,
375075,
375137,
375203,
375305,
375395,
375559,
375671,
375728,
375856,
375977,
376051,
376115,
376131,
376188,
376259,
376354,
376463,
376518,
376556,
376630,
376607,
376637,
376712,
376809,
376871,
376948,
377094,
377295,
377431,
377502,
377574,
377617,
377646,
377775,
377869,
377999,
378132,
378235,
378396,
378528,
378656,
378756,
378753,
378833,
379024,
379139,
379296,
379421,
379623,
379726,
379830,
379947,
379926,
380023,
380189,
380345,
380500,
380677,
380866,
381018,
381238,
381363,
381373,
381427,
381616,
381808,
382017,
382216,
382380,
382572,
382775,
382993,
383100,
383152,
383260,
383490,
383806,
384044,
384341,
384622,
384943,
385181,
385354,
385546,
385733,
386007,
386299,
386653,
386905,
387187,
387474,
387725,
387948,
388139,
388402,
388602,
388949,
389258,
389586,
389917,
390262,
390529,
390757,
390955,
391261,
391469,
391799,
392165,
392544,
392879,
393211,
393566,
393755,
394010,
394349,
394696,
394924,
395292,
395719,
396146,
396525,
396872,
397203,
397508,
397840,
398221,
398554,
398929,
399302,
399748,
400144,
400507,
400877,
401209,
401580,
401932,
402377,
402767,
403257,
403757,
404233,
404703,
405070,
405494,
405901,
406326,
406704,
407118,
407595,
408067,
408514,
409030,
409483,
409919,
410409,
410946,
411516,
411988,
412471,
413052,
413624,
414234,
414859,
415360,
415925,
416436,
416925,
417435,
417990,
418607,
419200,
419802,
420299,
420892,
421501,
422080,
422747,
423436,
424101,
424694,
425267,
425842,
426591,
427235,
427845,
428446,
428993,
429584,
430143,
430798,
431429,
432113,
432834,
433511,
434188,
434861,
435538,
436285,
437048,
437774,
438391,
439046,
439751,
440341,
440994,
441619,
442309,
442967,
443642,
444304,
444965,
445557,
446255,
446944,
447525,
448175,
448851,
449459,
450122,
450765,
451401,
451988,
452597,
453170,
453730,
454331,
454964,
455554,
456169,
456786,
457444,
458040,
458539,
459093,
459595,
460180,
460737,
461294,
461793,
462434,
463024,
463590,
464126,
464698,
465216,
465735,
466279,
466830,
467273,
467849,
468419,
469008,
469518,
469953,
470540,
471150,
471733,
472241,
472707,
473291,
474372,
475584,
476635,
477772,
478950,
480133,
481307,
482547,
483663,
484945,
486263,
487536,
488695,
489872,
491083,
492294,
493570,
494707,
496035,
497412,
498857,
500228,
501763,
503220,
504739,
506120,
507475,
508700,
510165,
511654,
513110,
514641,
515965,
517402,
518936,
520508,
522010,
523604,
525204,
526677,
528232,
529737,
531160,
532670,
534141,
535601,
537039,
538426,
540020,
541727,
543393,
544996,
546500,
548157,
549931,
551548,
553112,
554759,
556516,
558328,
560057,
561691,
563269,
564841,
566569,
568308,
569927,
571606,
573371,
575095,
576905,
578790,
580457,
582077,
583913,
585909,
587756,
589676,
591665,
593863,
595904,
598017,
599897,
601811,
603846,
605811,
607863,
609959,
612072,
614253,
616558,
618614,
620591,
622721,
624938,
627036,
629284,
631540,
633800,
636129,
638481,
640750,
642921,
645028,
647197,
649453,
651963,
654382,
656975,
659462,
662140,
664705,
667041,
669460,
671911,
674566,
677195,
679968,
682693,
685355,
688151,
690834,
693392,
695947,
698552,
701492,
704362,
707346,
710413,
713453,
716493,
719567,
722483,
725098,
728249,
731407,
734681,
737897,
741302,
744613,
747857,
751120,
754116,
757369,
760935,
764560,
768071,
771736,
775435,
779020,
782582,
786173,
789496,
793121,
796875,
800694,
804594,
808495,
812464,
816330,
820216,
824006,
827760,
831791,
836128,
840383,
844468,
848613,
852809,
857087,
861341,
865533,
869599,
873932,
878541,
883275,
887985,
892766,
897574,
902608,
907426,
912292,
917059,
921982,
927152,
932543,
937618,
942746,
948133,
953209,
958328,
963530,
968534,
973581,
978985,
984604,
990120,
995697,
1.00119e+06,
1.00671e+06,
1.01223e+06,
1.01802e+06,
1.02379e+06,
1.02947e+06,
1.03556e+06,
1.04179e+06,
1.0479e+06,
1.05418e+06,
1.06046e+06,
1.0667e+06,
1.07311e+06,
1.07977e+06,
1.08621e+06,
1.09279e+06,
1.09958e+06,
1.10599e+06,
1.11275e+06,
1.11953e+06,
1.1263e+06,
1.13301e+06,
1.14002e+06,
1.14696e+06,
1.15356e+06,
1.16062e+06,
1.16768e+06,
1.17484e+06,
1.18204e+06,
1.18916e+06,
1.19605e+06,
1.20355e+06,
1.21125e+06,
1.21899e+06,
1.22651e+06,
1.23399e+06,
1.2417e+06,
1.24932e+06,
1.25713e+06,
1.26489e+06,
1.27291e+06,
1.28114e+06,
1.28967e+06,
1.29824e+06,
1.30622e+06,
1.3144e+06,
1.32294e+06,
1.3315e+06,
1.34031e+06,
1.34865e+06,
1.35745e+06,
1.36646e+06,
1.37554e+06,
1.38459e+06,
1.39336e+06,
1.40245e+06,
1.4119e+06,
1.42112e+06,
1.43022e+06,
1.43939e+06,
1.4491e+06,
1.45902e+06,
1.46902e+06,
1.47904e+06,
1.48881e+06,
1.49844e+06,
1.50822e+06,
1.51836e+06,
1.52845e+06,
1.5393e+06,
1.5502e+06,
1.5612e+06,
1.57231e+06,
1.58321e+06,
1.59384e+06,
1.60455e+06,
1.61564e+06,
1.6268e+06,
1.63776e+06,
1.64908e+06,
1.66083e+06,
1.67245e+06,
1.68461e+06,
1.69676e+06,
1.70819e+06,
1.72023e+06,
1.73222e+06,
1.74431e+06,
1.75637e+06,
1.7689e+06,
1.78183e+06,
1.79479e+06,
1.80796e+06,
1.82097e+06,
1.83337e+06,
1.84636e+06,
1.85995e+06,
1.87351e+06,
1.88791e+06,
1.90259e+06,
1.91756e+06,
1.93263e+06,
1.94793e+06,
1.96323e+06,
1.97812e+06,
1.99322e+06,
2.0087e+06,
2.0243e+06,
2.04049e+06,
2.05709e+06,
2.07367e+06,
2.09113e+06,
2.10825e+06,
2.12568e+06,
2.14266e+06,
2.15982e+06,
2.17672e+06,
2.1942e+06,
2.21303e+06,
2.23141e+06,
2.25038e+06,
2.27012e+06,
2.28922e+06,
2.30808e+06,
2.32724e+06,
2.34652e+06,
2.36552e+06,
2.38507e+06,
2.4052e+06,
2.42584e+06,
2.44612e+06,
2.46722e+06,
2.4879e+06,
2.50892e+06,
2.53033e+06,
2.57528e+06,
2.62313e+06,
2.67188e+06,
2.72188e+06,
2.77091e+06,
2.81983e+06,
2.86912e+06,
2.9178e+06,
2.96618e+06,
3.01491e+06,
3.06816e+06,
3.12154e+06,
3.17652e+06,
3.23075e+06,
3.28561e+06,
3.33982e+06,
3.39518e+06,
3.4495e+06,
3.50435e+06,
3.55663e+06,
3.61218e+06,
3.67133e+06,
3.73388e+06,
3.79917e+06,
3.86385e+06,
3.92972e+06,
3.9982e+06,
4.06652e+06,
4.13673e+06,
4.22068e+06,
4.30401e+06,
4.38386e+06,
4.46201e+06,
4.53288e+06,
4.60131e+06,
4.6689e+06,
4.73621e+06,
4.80226e+06,
4.86867e+06,
4.93975e+06,
5.00928e+06,
5.07986e+06,
5.14909e+06,
5.21768e+06,
5.28493e+06,
5.35139e+06,
5.41773e+06,
5.48204e+06,
5.54694e+06,
5.61591e+06,
5.68453e+06,
5.75175e+06,
5.82109e+06,
5.89173e+06,
5.96059e+06,
6.02841e+06,
6.09397e+06,
6.15894e+06,
6.22724e+06,
6.29599e+06,
6.36454e+06,
6.43331e+06,
6.50122e+06,
6.56841e+06,
6.63672e+06,
6.70581e+06,
6.77408e+06,
6.84198e+06,
6.91335e+06,
6.98388e+06,
7.05258e+06,
7.12173e+06,
7.19044e+06,
7.25987e+06,
7.32885e+06,
7.39778e+06,
7.46952e+06,
7.54108e+06,
7.61461e+06,
7.68704e+06,
7.75924e+06,
7.83041e+06,
7.90144e+06,
7.97175e+06,
8.04266e+06,
8.11261e+06,
8.1826e+06,
8.25415e+06,
8.32901e+06,
8.40447e+06,
8.47903e+06,
8.5536e+06,
8.62701e+06,
8.69833e+06,
8.76929e+06,
8.84028e+06,
8.91085e+06,
8.98493e+06,
9.05868e+06,
9.13306e+06,
9.20937e+06,
9.28477e+06,
9.35895e+06,
9.43281e+06,
9.50551e+06,
9.57728e+06,
9.64958e+06,
9.72457e+06,
9.79927e+06,
9.87379e+06,
9.94811e+06,
1.00219e+07,
1.0097e+07,
1.01716e+07,
1.02467e+07,
1.03217e+07,
1.03971e+07,
1.04732e+07,
1.05486e+07,
1.06238e+07,
1.07006e+07,
375246,
374941,
374725,
374514,
374244,
374026,
373844,
373671,
373500,
373346,
373231,
373084,
372953,
372810,
372681,
372562,
372425,
372312,
372219,
372115,
372008,
371867,
371794,
371773,
371804,
371815,
371810,
371748,
371653,
371591,
371538,
371471,
371421,
371383,
371376,
371388,
371489,
371519,
371539,
371556,
371580,
371582,
371652,
371709,
371748,
371771,
371837,
371900,
371935,
372047,
372064,
372112,
372134,
372197,
372192,
372243,
372258,
372278,
372392,
372453,
372471,
372531,
372598,
372667,
372718,
372761,
372813,
372799,
372886,
373014,
373068,
373163,
373226,
373330,
373460,
373533,
373666,
373679,
373694,
373774,
373864,
373983,
374077,
374208,
374305,
374416,
374482,
374540,
374574,
374639,
374752,
374912,
375004,
375090,
375209,
375279,
375348,
375405,
375447,
375499,
375542,
375619,
375697,
375775,
375896,
375938,
375994,
375999,
375930,
376017,
376096,
376152,
376209,
376297,
376383,
376541,
376678,
376739,
376754,
376768,
376881,
377022,
377139,
377282,
377422,
377523,
377601,
377702,
377714,
377777,
377900,
378033,
378171,
378330,
378518,
378694,
378842,
378999,
379039,
379121,
379147,
379243,
379447,
379628,
379776,
379958,
380092,
380241,
380299,
380394,
380473,
380555,
380717,
380915,
381120,
381269,
381465,
381610,
381726,
381869,
382046,
382228,
382296,
382522,
382741,
382952,
383250,
383493,
383710,
383968,
384237,
384489,
384718,
384862,
385163,
385486,
385780,
386028,
386225,
386460,
386657,
386937,
387193,
387399,
387716,
388002,
388324,
388639,
388857,
389058,
389307,
389536,
389858,
390157,
390350,
390712,
391071,
391498,
391723,
392055,
392355,
392723,
393038,
393403,
393680,
393899,
394295,
394647,
394948,
395316,
395688,
396140,
396561,
396864,
397179,
397498,
397864,
398303,
398634,
399051,
399432,
399797,
400220,
400581,
400963,
401335,
401743,
402206,
402570,
402938,
403402,
403899,
404383,
404867,
405270,
405710,
406098,
406563,
407016,
407557,
408042,
408601,
409149,
409660,
410153,
410660,
411098,
411687,
412380,
413070,
413675,
414246,
414762,
415426,
415959,
416480,
416927,
417400,
417872,
418376,
418974,
419569,
420146,
420743,
421359,
421993,
422611,
423194,
423877,
424455,
425078,
425730,
426331,
426959,
427523,
428111,
428641,
429152,
429795,
430473,
431085,
431700,
432384,
433041,
433635,
434268,
434945,
435656,
436341,
437040,
437686,
438329,
438964,
439576,
440205,
440831,
441461,
442159,
442833,
443444,
444043,
444697,
445281,
445965,
446578,
447169,
447851,
448454,
448989,
449570,
450169,
450805,
451409,
452036,
452595,
453247,
453839,
454396,
454982,
455524,
456088,
456685,
457240,
457814,
458438,
459056,
459595,
460096,
460585,
461212,
462364,
463534,
464769,
466061,
467379,
468526,
469708,
470852,
472022,
473148,
474300,
475600,
476875,
478167,
479461,
480741,
481953,
483137,
484379,
485563,
486908,
488220,
489509,
490805,
492162,
493421,
494661,
495937,
497203,
498416,
499794,
501102,
502398,
503790,
505119,
506409,
507763,
509437,
511193,
512940,
514580,
516235,
517787,
519407,
520948,
522563,
524037,
525659,
527219,
528680,
530264,
531952,
533711,
535434,
537043,
538812,
540600,
542296,
543821,
545382,
546992,
548568,
550166,
551867,
553534,
554934,
556609,
558420,
560097,
561720,
563498,
565201,
566984,
568994,
570850,
572652,
574608,
576664,
578466,
580337,
582368,
584386,
586360,
588280,
590219,
592132,
594396,
596336,
598273,
600288,
602382,
604477,
606401,
608345,
610273,
612349,
614629,
616782,
618914,
620970,
623275,
625379,
627595,
629682,
631820,
634109,
636414,
638924,
641225,
643572,
645879,
648356,
650811,
653210,
655752,
658317,
660852,
663478,
665805,
668477,
671038,
673609,
676118,
678743,
681538,
684300,
686973,
689763,
692371,
695022,
697667,
700425,
703128,
705961,
708870,
711804,
714837,
717745,
720594,
723487,
726528,
729489,
732658,
735970,
739081,
742504,
745817,
749355,
752653,
755930,
759304,
762559,
766130,
769674,
773188,
776816,
780397,
783945,
787431,
790981,
794553,
798150,
801921,
805855,
809723,
813619,
817485,
821056,
824687,
828409,
832260,
836518,
840451,
844553,
848896,
853265,
857660,
862127,
866226,
870448,
875130,
879808,
884321,
889160,
893971,
898784,
903679,
908352,
912915,
917621,
922571,
927748,
932857,
938076,
943052,
948353,
953484,
958655,
963550,
968515,
973853,
979288,
984756,
990468,
996150,
1.00185e+06,
1.00757e+06,
1.01317e+06,
1.01842e+06,
1.02435e+06,
1.03051e+06,
1.03661e+06,
1.04273e+06,
1.04895e+06,
1.0551e+06,
1.06126e+06,
1.06744e+06,
1.0734e+06,
1.07949e+06,
1.08598e+06,
1.09258e+06,
1.09942e+06,
1.10624e+06,
1.11292e+06,
1.11967e+06,
1.12655e+06,
1.1334e+06,
1.1402e+06,
1.14694e+06,
1.1539e+06,
1.16115e+06,
1.16834e+06,
1.17571e+06,
1.18313e+06,
1.19058e+06,
1.19777e+06,
1.20495e+06,
1.21261e+06,
1.22017e+06,
1.22793e+06,
1.23581e+06,
1.24383e+06,
1.25177e+06,
1.25976e+06,
1.2679e+06,
1.27538e+06,
1.28365e+06,
1.2923e+06,
1.30041e+06,
1.30872e+06,
1.31719e+06,
1.32576e+06,
1.3342e+06,
1.34286e+06,
1.35151e+06,
1.36041e+06,
1.36937e+06,
1.37856e+06,
1.38744e+06,
1.39661e+06,
1.40567e+06,
1.41516e+06,
1.42468e+06,
1.43419e+06,
1.44329e+06,
1.45306e+06,
1.46344e+06,
1.47341e+06,
1.48359e+06,
1.49354e+06,
1.50362e+06,
1.51403e+06,
1.52451e+06,
1.53487e+06,
1.5452e+06,
1.55622e+06,
1.5673e+06,
1.57846e+06,
1.58894e+06,
1.59969e+06,
1.61085e+06,
1.62235e+06,
1.63375e+06,
1.6449e+06,
1.65675e+06,
1.66839e+06,
1.68039e+06,
1.69247e+06,
1.70431e+06,
1.71616e+06,
1.72841e+06,
1.74064e+06,
1.75267e+06,
1.76483e+06,
1.77791e+06,
1.79125e+06,
1.80458e+06,
1.8181e+06,
1.83109e+06,
1.84413e+06,
1.85763e+06,
1.87166e+06,
1.88557e+06,
1.90013e+06,
1.91514e+06,
1.93045e+06,
1.94578e+06,
1.96121e+06,
1.977e+06,
1.99237e+06,
2.00824e+06,
2.02437e+06,
2.04042e+06,
2.05694e+06,
2.07417e+06,
2.09158e+06,
2.10909e+06,
2.12693e+06,
2.14437e+06,
2.16204e+06,
2.18022e+06,
2.19875e+06,
2.21779e+06,
2.23714e+06,
2.25657e+06,
2.27626e+06,
2.29581e+06,
2.31523e+06,
2.33435e+06,
2.35395e+06,
2.37369e+06,
2.39366e+06,
2.41401e+06,
2.43453e+06,
2.45601e+06,
2.47741e+06,
2.49891e+06,
2.52063e+06,
2.54234e+06,
2.56385e+06,
2.58572e+06,
2.62888e+06,
2.68149e+06,
2.73435e+06,
2.78838e+06,
2.8418e+06,
2.895e+06,
2.94725e+06,
2.99978e+06,
3.05161e+06,
3.10397e+06,
3.1621e+06,
3.22051e+06,
3.27963e+06,
3.33862e+06,
3.39859e+06,
3.45782e+06,
3.51798e+06,
3.57758e+06,
3.63753e+06,
3.69922e+06,
3.7666e+06,
3.83533e+06,
3.90493e+06,
3.97746e+06,
4.04951e+06,
4.1245e+06,
4.20923e+06,
4.28797e+06,
4.36279e+06,
4.43462e+06,
4.50674e+06,
4.57952e+06,
4.651e+06,
4.72081e+06,
4.79086e+06,
4.86182e+06,
4.92958e+06,
4.99753e+06,
5.06655e+06,
5.1389e+06,
5.21107e+06,
5.28086e+06,
5.35141e+06,
5.41977e+06,
5.48668e+06,
5.5533e+06,
5.62019e+06,
5.68705e+06,
5.75553e+06,
5.83041e+06,
5.90279e+06,
5.97435e+06,
6.04486e+06,
6.11372e+06,
6.18145e+06,
6.2491e+06,
6.31811e+06,
6.38445e+06,
6.45464e+06,
6.52472e+06,
6.59623e+06,
6.66877e+06,
6.74045e+06,
6.81203e+06,
6.88177e+06,
6.9507e+06,
7.01946e+06,
7.08833e+06,
7.16017e+06,
7.23258e+06,
7.30587e+06,
7.3795e+06,
7.45308e+06,
7.52644e+06,
7.59932e+06,
7.67159e+06,
7.74202e+06,
7.81464e+06,
7.88903e+06,
7.96339e+06,
8.03645e+06,
8.10964e+06,
8.1823e+06,
8.25505e+06,
8.33005e+06,
8.40423e+06,
8.47882e+06,
8.55441e+06,
8.62976e+06,
8.70337e+06,
8.77796e+06,
8.85214e+06,
8.92639e+06,
9.00126e+06,
9.07519e+06,
9.1494e+06,
9.2255e+06,
9.30391e+06,
9.3815e+06,
9.45744e+06,
9.5327e+06,
9.60729e+06,
9.6823e+06,
9.75679e+06,
9.83095e+06,
9.90551e+06,
9.98108e+06,
1.00585e+07,
1.01372e+07,
1.02163e+07,
1.02946e+07,
1.03716e+07,
1.04473e+07,
1.0523e+07,
1.05973e+07,
1.06723e+07,
1.07505e+07,
1.08287e+07,
1.09066e+07,
1.09864e+07,
1.10658e+07,
1.11445e+07,
1.12237e+07,
1.13034e+07,
1.13823e+07,
1.14616e+07,
1.15421e+07,
1.16242e+07,
1.17062e+07,
375246,
374934,
374713,
374499,
374218,
374033,
373809,
373650,
373468,
373318,
373187,
373055,
372907,
372779,
372639,
372528,
372388,
372250,
372125,
372051,
371922,
371787,
371672,
371613,
371622,
371676,
371617,
371602,
371521,
371452,
371418,
371335,
371289,
371242,
371213,
371207,
371250,
371289,
371327,
371305,
371298,
371363,
371375,
371451,
371483,
371488,
371553,
371617,
371634,
371656,
371781,
371811,
371828,
371881,
371918,
371948,
371976,
372003,
372086,
372114,
372156,
372222,
372246,
372317,
372368,
372423,
372481,
372484,
372465,
372508,
372562,
372598,
372721,
372813,
372894,
372942,
373039,
373107,
373111,
373200,
373272,
373349,
373422,
373565,
373693,
373822,
373901,
373987,
373957,
374088,
374149,
374232,
374329,
374402,
374508,
374581,
374681,
374693,
374717,
374727,
374774,
374826,
374925,
374954,
375017,
375084,
375124,
375237,
375218,
375173,
375206,
375289,
375380,
375534,
375636,
375700,
375757,
375853,
375834,
375810,
375901,
375978,
376100,
376213,
376328,
376441,
376549,
376683,
376780,
376860,
376916,
376981,
377119,
377288,
377482,
377576,
377717,
377826,
377918,
378017,
378087,
378251,
378366,
378450,
378560,
378756,
378911,
379081,
379131,
379230,
379317,
379420,
379567,
379673,
379789,
379953,
380137,
380289,
380435,
380564,
380790,
380970,
381162,
381336,
381487,
381606,
381801,
381986,
382165,
382358,
382593,
382823,
383044,
383279,
383546,
383701,
384009,
384333,
384607,
384824,
385068,
385279,
385492,
385762,
386000,
386242,
386410,
386604,
386884,
387149,
387397,
387702,
387951,
388270,
388623,
388935,
389197,
389467,
389737,
390048,
390358,
390679,
390979,
391321,
391701,
392023,
392301,
392587,
392861,
393201,
393608,
393949,
394331,
394743,
395146,
395467,
395815,
396097,
396306,
396656,
397059,
397426,
397860,
398243,
398766,
399164,
399570,
399991,
400320,
400680,
401154,
401677,
402138,
402638,
403164,
403679,
404107,
404580,
404991,
405373,
405880,
406402,
406915,
407427,
407974,
408487,
408970,
409454,
409947,
410464,
410949,
411534,
412023,
412567,
413145,
413662,
414211,
414794,
415293,
415694,
416273,
416830,
417461,
417998,
418569,
419077,
419655,
420303,
420903,
421580,
422185,
422785,
423362,
423989,
424529,
425130,
425758,
426280,
426877,
427435,
427919,
428525,
429134,
429759,
430447,
431104,
431735,
432345,
432944,
433580,
434275,
434927,
435587,
436181,
436838,
437498,
438172,
438854,
439464,
440163,
440769,
441357,
441951,
442541,
443165,
443769,
444364,
444950,
445550,
446151,
446798,
447475,
448044,
448608,
449269,
450394,
451652,
452862,
454151,
455399,
456646,
457841,
459076,
460394,
461708,
463058,
464333,
465601,
466775,
467979,
469319,
470591,
471833,
473127,
474485,
475775,
477108,
478429,
479682,
480735,
481932,
483172,
484514,
485909,
487184,
488560,
489938,
491296,
492467,
493675,
494963,
496482,
497997,
499535,
501098,
502587,
504058,
505498,
506975,
508305,
509678,
511279,
512716,
514271,
515849,
517516,
519170,
520749,
522387,
524010,
525621,
527294,
528953,
530719,
532442,
534201,
535897,
537537,
538926,
540399,
542089,
543882,
545606,
547379,
549127,
550911,
552858,
554737,
556671,
558656,
560369,
562389,
564252,
566099,
567992,
569952,
571754,
573605,
575390,
577243,
579081,
581157,
583181,
585156,
587264,
589316,
591387,
593395,
595234,
597209,
599353,
601418,
603594,
605692,
607807,
609817,
611924,
614019,
615986,
618191,
620521,
622863,
625109,
627568,
629861,
632239,
634580,
636851,
639172,
641541,
644080,
646585,
649064,
651489,
653801,
656317,
658671,
661134,
663612,
666057,
668644,
671259,
673969,
676658,
679386,
682018,
684692,
687468,
689982,
692791,
695526,
698301,
701041,
703827,
706636,
709751,
712790,
715820,
718723,
721599,
724625,
727803,
731022,
734026,
737012,
740293,
743711,
746978,
750215,
753157,
756544,
760074,
763331,
766577,
769788,
773443,
777028,
780520,
784098,
787642,
791087,
794805,
798366,
801874,
805679,
809609,
813585,
817485,
821332,
825353,
829349,
833601,
837614,
841733,
846211,
850496,
854844,
859010,
863051,
867332,
871667,
875865,
880129,
884826,
889606,
894177,
898922,
903600,
908095,
912669,
917353,
921981,
926697,
931874,
936905,
942083,
947115,
952228,
957194,
962369,
967726,
973238,
978745,
984412,
990032,
995681,
1.00132e+06,
1.00709e+06,
1.01254e+06,
1.01799e+06,
1.02374e+06,
1.0297e+06,
1.03562e+06,
1.0417e+06,
1.04798e+06,
1.05397e+06,
1.06019e+06,
1.06638e+06,
1.07205e+06,
1.07765e+06,
1.08407e+06,
1.09057e+06,
1.09718e+06,
1.10395e+06,
1.11074e+06,
1.11733e+06,
1.12408e+06,
1.13071e+06,
1.13709e+06,
1.14385e+06,
1.15119e+06,
1.15832e+06,
1.16574e+06,
1.17333e+06,
1.18066e+06,
1.1882e+06,
1.19575e+06,
1.20328e+06,
1.21042e+06,
1.21809e+06,
1.22585e+06,
1.23364e+06,
1.24163e+06,
1.2498e+06,
1.25794e+06,
1.26597e+06,
1.2738e+06,
1.28168e+06,
1.28986e+06,
1.29805e+06,
1.30643e+06,
1.31504e+06,
1.32371e+06,
1.33244e+06,
1.34097e+06,
1.34965e+06,
1.35861e+06,
1.3674e+06,
1.37609e+06,
1.38527e+06,
1.39496e+06,
1.40433e+06,
1.41393e+06,
1.42356e+06,
1.43324e+06,
1.44311e+06,
1.45261e+06,
1.4626e+06,
1.47269e+06,
1.48265e+06,
1.49293e+06,
1.50351e+06,
1.51405e+06,
1.52452e+06,
1.53515e+06,
1.54578e+06,
1.55653e+06,
1.56745e+06,
1.57834e+06,
1.5893e+06,
1.60061e+06,
1.612e+06,
1.62329e+06,
1.63494e+06,
1.64645e+06,
1.65769e+06,
1.66946e+06,
1.68159e+06,
1.69377e+06,
1.70583e+06,
1.71824e+06,
1.7311e+06,
1.74366e+06,
1.7562e+06,
1.76862e+06,
1.7815e+06,
1.79497e+06,
1.80835e+06,
1.82168e+06,
1.8349e+06,
1.84858e+06,
1.86247e+06,
1.87639e+06,
1.89068e+06,
1.90517e+06,
1.92044e+06,
1.93559e+06,
1.95092e+06,
1.96613e+06,
1.98201e+06,
1.99802e+06,
2.01443e+06,
2.03058e+06,
2.04707e+06,
2.06428e+06,
2.08198e+06,
2.10025e+06,
2.11843e+06,
2.13662e+06,
2.15529e+06,
2.17428e+06,
2.19338e+06,
2.2125e+06,
2.2315e+06,
2.25121e+06,
2.27126e+06,
2.2913e+06,
2.31087e+06,
2.3307e+06,
2.35056e+06,
2.37087e+06,
2.39155e+06,
2.41208e+06,
2.43281e+06,
2.45427e+06,
2.47617e+06,
2.49817e+06,
2.5202e+06,
2.54226e+06,
2.56445e+06,
2.58714e+06,
2.61026e+06,
2.63387e+06,
2.6595e+06,
2.71414e+06,
2.77185e+06,
2.82924e+06,
2.88683e+06,
2.94459e+06,
3.0009e+06,
3.0577e+06,
3.11417e+06,
3.17121e+06,
3.22954e+06,
3.29374e+06,
3.35782e+06,
3.42177e+06,
3.48639e+06,
3.55077e+06,
3.61561e+06,
3.68047e+06,
3.74699e+06,
3.81373e+06,
3.88669e+06,
3.96476e+06,
4.04415e+06,
4.13231e+06,
4.22213e+06,
4.3071e+06,
4.38822e+06,
4.46116e+06,
4.53228e+06,
4.60259e+06,
4.67641e+06,
4.75006e+06,
4.82406e+06,
4.89452e+06,
4.96477e+06,
5.03259e+06,
5.09825e+06,
5.16282e+06,
5.22904e+06,
5.29986e+06,
5.37135e+06,
5.44279e+06,
5.51351e+06,
5.58417e+06,
5.65464e+06,
5.72529e+06,
5.79821e+06,
5.86856e+06,
5.93787e+06,
6.01194e+06,
6.08473e+06,
6.15661e+06,
6.22821e+06,
6.29975e+06,
6.36949e+06,
6.43991e+06,
6.50899e+06,
6.57849e+06,
6.65192e+06,
6.72736e+06,
6.80262e+06,
6.87564e+06,
6.94714e+06,
7.01898e+06,
7.09061e+06,
7.16182e+06,
7.23371e+06,
7.30555e+06,
7.38105e+06,
7.45926e+06,
7.53625e+06,
7.61246e+06,
7.68693e+06,
7.76069e+06,
7.8348e+06,
7.90728e+06,
7.97894e+06,
8.05322e+06,
8.12969e+06,
8.20606e+06,
8.28345e+06,
8.36177e+06,
8.43918e+06,
8.51559e+06,
8.58987e+06,
8.6631e+06,
8.73702e+06,
8.81368e+06,
8.89116e+06,
8.96938e+06,
9.0456e+06,
9.12206e+06,
9.20002e+06,
9.27838e+06,
9.35597e+06,
9.43226e+06,
9.50896e+06,
9.58744e+06,
9.66497e+06,
9.74196e+06,
9.81941e+06,
9.89672e+06,
9.97321e+06,
1.00511e+07,
1.01302e+07,
1.02093e+07,
1.02904e+07,
1.037e+07,
1.0449e+07,
1.05275e+07,
1.06053e+07,
1.06834e+07,
1.0762e+07,
1.08401e+07,
1.0918e+07,
1.0998e+07,
1.10804e+07,
1.11617e+07,
1.12422e+07,
1.13217e+07,
1.14012e+07,
1.14793e+07,
1.1559e+07,
1.16385e+07,
1.17172e+07,
1.17999e+07,
1.18837e+07,
1.19693e+07,
1.20537e+07,
1.21387e+07,
1.22222e+07,
1.23042e+07,
1.23857e+07,
1.24664e+07,
1.25483e+07,
1.26318e+07,
1.27153e+07,
375246,
374936,
374706,
374502,
374213,
374013,
373804,
373634,
373488,
373311,
373109,
373000,
372887,
372763,
372604,
372477,
372349,
372220,
372061,
371983,
371865,
371731,
371575,
371466,
371454,
371487,
371512,
371444,
371388,
371318,
371228,
371233,
371169,
371120,
371102,
371072,
371056,
371065,
371069,
371068,
371051,
371037,
371088,
371195,
371221,
371279,
371314,
371346,
371397,
371408,
371430,
371518,
371568,
371654,
371661,
371683,
371680,
371690,
371749,
371806,
371844,
371888,
371901,
371912,
371954,
371986,
372001,
371993,
372031,
372037,
372118,
372177,
372255,
372301,
372390,
372450,
372511,
372568,
372590,
372676,
372725,
372758,
372799,
372934,
373042,
373083,
373255,
373317,
373311,
373376,
373506,
373589,
373655,
373701,
373755,
373810,
373935,
373986,
373990,
373996,
374012,
374053,
374110,
374187,
374240,
374281,
374300,
374328,
374373,
374407,
374503,
374529,
374556,
374628,
374733,
374829,
374934,
375022,
375031,
375047,
375127,
375140,
375172,
375266,
375438,
375623,
375703,
375831,
375870,
375903,
376029,
376164,
376288,
376358,
376416,
376532,
376649,
376777,
376816,
376884,
377027,
377156,
377297,
377466,
377544,
377583,
377706,
377847,
377943,
378036,
378211,
378367,
378511,
378630,
378809,
378911,
378958,
379079,
379212,
379327,
379488,
379657,
379829,
380007,
380210,
380449,
380648,
380708,
380819,
380976,
381194,
381365,
381569,
381840,
382049,
382306,
382506,
382664,
382803,
383064,
383337,
383673,
383991,
384261,
384517,
384765,
385047,
385261,
385392,
385519,
385818,
386064,
386352,
386652,
386967,
387305,
387606,
387842,
388078,
388192,
388377,
388761,
389143,
389504,
389823,
390172,
390537,
390822,
391037,
391261,
391540,
391840,
392202,
392602,
393019,
393462,
393805,
394251,
394645,
394962,
395289,
395615,
395973,
396425,
396818,
397201,
397706,
398067,
398506,
398918,
399333,
399753,
400168,
400641,
401106,
401574,
402028,
402506,
402952,
403361,
403801,
404273,
404708,
405091,
405561,
406077,
406581,
407097,
407559,
408066,
408533,
409058,
409547,
409971,
410537,
411084,
411643,
412155,
412613,
413073,
413661,
414106,
414608,
415017,
415503,
416063,
416686,
417281,
418007,
418630,
419252,
419872,
420453,
421090,
421733,
422241,
422850,
423438,
424022,
424600,
425140,
425699,
426271,
426791,
427304,
427922,
428593,
429240,
429896,
430543,
431199,
431876,
432516,
433154,
433804,
434391,
435002,
435655,
436288,
436886,
437623,
438640,
439865,
441162,
442468,
443812,
444989,
446380,
447586,
448984,
450267,
451600,
452920,
454191,
455480,
456893,
458245,
459612,
460941,
462115,
463325,
464677,
466060,
467394,
468743,
470086,
471366,
472669,
473942,
475143,
476497,
477808,
479155,
480470,
481877,
483163,
484515,
486008,
487393,
488843,
490303,
491715,
493180,
494694,
496135,
497671,
499194,
500728,
502070,
503625,
505081,
506615,
508215,
509649,
511185,
512723,
514249,
515777,
517426,
518953,
520472,
521979,
523515,
525117,
526812,
528424,
530065,
531788,
533465,
535310,
537146,
539043,
540812,
542547,
544351,
546251,
548188,
550145,
551854,
553516,
555458,
557242,
559033,
560977,
563146,
565126,
567117,
569103,
571069,
573098,
575173,
577272,
579439,
581554,
583541,
585463,
587610,
589632,
591620,
593545,
595515,
597451,
599566,
601674,
603861,
606037,
608323,
610568,
612741,
614919,
617074,
619415,
621775,
624063,
626495,
628973,
631344,
633661,
635982,
638208,
640612,
642991,
645483,
647959,
650485,
652956,
655576,
658013,
660374,
662752,
665338,
667860,
670544,
673193,
675741,
678433,
680977,
683571,
686210,
688863,
691651,
694753,
697723,
700820,
703884,
707028,
709977,
712951,
715672,
718590,
721844,
724964,
728181,
731227,
734315,
737706,
740951,
744129,
747213,
750340,
753673,
756940,
760468,
763758,
767272,
770575,
773977,
777331,
780744,
784213,
787749,
791187,
795054,
798869,
802633,
806436,
809933,
813658,
817596,
821523,
825637,
829704,
833723,
837806,
841952,
845936,
850117,
854345,
858478,
862717,
867101,
871489,
876001,
880344,
884688,
889049,
893505,
898038,
902452,
906861,
911516,
916330,
920901,
925465,
930234,
935322,
940453,
945595,
950586,
955463,
960708,
966033,
971257,
976232,
981680,
987201,
992803,
998495,
1.00401e+06,
1.00936e+06,
1.0149e+06,
1.02082e+06,
1.02642e+06,
1.03238e+06,
1.0382e+06,
1.04426e+06,
1.05051e+06,
1.05645e+06,
1.06245e+06,
1.06818e+06,
1.07445e+06,
1.08067e+06,
1.08704e+06,
1.09337e+06,
1.1001e+06,
1.10658e+06,
1.11332e+06,
1.12015e+06,
1.12674e+06,
1.13315e+06,
1.13989e+06,
1.14673e+06,
1.15382e+06,
1.16123e+06,
1.16854e+06,
1.17579e+06,
1.18328e+06,
1.19044e+06,
1.1976e+06,
1.2049e+06,
1.21237e+06,
1.22009e+06,
1.22776e+06,
1.23571e+06,
1.24371e+06,
1.25171e+06,
1.25976e+06,
1.268e+06,
1.27591e+06,
1.28385e+06,
1.29203e+06,
1.30047e+06,
1.30895e+06,
1.31754e+06,
1.32647e+06,
1.33541e+06,
1.34438e+06,
1.35325e+06,
1.36215e+06,
1.37102e+06,
1.38028e+06,
1.38997e+06,
1.39961e+06,
1.409e+06,
1.41825e+06,
1.42812e+06,
1.43804e+06,
1.44794e+06,
1.45737e+06,
1.4675e+06,
1.47769e+06,
1.48787e+06,
1.4981e+06,
1.50882e+06,
1.51966e+06,
1.53029e+06,
1.54083e+06,
1.55131e+06,
1.56201e+06,
1.57272e+06,
1.58356e+06,
1.59507e+06,
1.60689e+06,
1.61833e+06,
1.63041e+06,
1.64217e+06,
1.65375e+06,
1.66566e+06,
1.67763e+06,
1.68991e+06,
1.70229e+06,
1.71488e+06,
1.72797e+06,
1.74066e+06,
1.7533e+06,
1.76607e+06,
1.77893e+06,
1.7924e+06,
1.80567e+06,
1.819e+06,
1.83272e+06,
1.84639e+06,
1.86009e+06,
1.87432e+06,
1.88859e+06,
1.90272e+06,
1.91759e+06,
1.93288e+06,
1.94826e+06,
1.96362e+06,
1.97984e+06,
1.99636e+06,
2.01303e+06,
2.02992e+06,
2.04661e+06,
2.06375e+06,
2.08163e+06,
2.10013e+06,
2.11857e+06,
2.13747e+06,
2.1574e+06,
2.17661e+06,
2.19554e+06,
2.21483e+06,
2.23433e+06,
2.25406e+06,
2.27437e+06,
2.29451e+06,
2.31433e+06,
2.33455e+06,
2.35556e+06,
2.37612e+06,
2.39739e+06,
2.41882e+06,
2.44041e+06,
2.46184e+06,
2.4847e+06,
2.50769e+06,
2.53048e+06,
2.55301e+06,
2.57632e+06,
2.59984e+06,
2.62363e+06,
2.64778e+06,
2.67272e+06,
2.69818e+06,
2.72387e+06,
2.77711e+06,
2.83854e+06,
2.90042e+06,
2.96172e+06,
3.02334e+06,
3.08466e+06,
3.14593e+06,
3.20802e+06,
3.27074e+06,
3.33338e+06,
3.40266e+06,
3.47276e+06,
3.54223e+06,
3.61314e+06,
3.68426e+06,
3.75639e+06,
3.82952e+06,
3.90563e+06,
3.9826e+06,
4.07033e+06,
4.16759e+06,
4.25929e+06,
4.34612e+06,
4.42498e+06,
4.50036e+06,
4.57447e+06,
4.64806e+06,
4.72024e+06,
4.7945e+06,
4.86949e+06,
4.94397e+06,
5.0197e+06,
5.09399e+06,
5.16672e+06,
5.23726e+06,
5.30805e+06,
5.37661e+06,
5.44447e+06,
5.51443e+06,
5.58821e+06,
5.6618e+06,
5.73322e+06,
5.8032e+06,
5.87172e+06,
5.94239e+06,
6.01261e+06,
6.08352e+06,
6.15252e+06,
6.22771e+06,
6.30193e+06,
6.3758e+06,
6.44999e+06,
6.52296e+06,
6.59688e+06,
6.67142e+06,
6.74514e+06,
6.81719e+06,
6.89136e+06,
6.96656e+06,
7.04259e+06,
7.1182e+06,
7.19396e+06,
7.26941e+06,
7.34334e+06,
7.41811e+06,
7.49454e+06,
7.57087e+06,
7.65028e+06,
7.72889e+06,
7.80612e+06,
7.88268e+06,
7.95796e+06,
8.03288e+06,
8.1086e+06,
8.18365e+06,
8.25839e+06,
8.33917e+06,
8.42029e+06,
8.50069e+06,
8.57965e+06,
8.65726e+06,
8.73376e+06,
8.80996e+06,
8.88731e+06,
8.96322e+06,
9.0395e+06,
9.11923e+06,
9.20088e+06,
9.28239e+06,
9.36334e+06,
9.44338e+06,
9.52098e+06,
9.5979e+06,
9.67501e+06,
9.75195e+06,
9.83215e+06,
9.91252e+06,
9.99324e+06,
1.00759e+07,
1.0158e+07,
1.02394e+07,
1.03209e+07,
1.04004e+07,
1.0479e+07,
1.05583e+07,
1.06397e+07,
1.07214e+07,
1.08034e+07,
1.08844e+07,
1.09652e+07,
1.10476e+07,
1.11293e+07,
1.12107e+07,
1.1291e+07,
1.13734e+07,
1.14554e+07,
1.15369e+07,
1.16184e+07,
1.17002e+07,
1.17814e+07,
1.18627e+07,
1.19454e+07,
1.20288e+07,
1.21134e+07,
1.21976e+07,
1.22812e+07,
1.23665e+07,
1.24502e+07,
1.25343e+07,
1.26188e+07,
1.27033e+07,
1.27873e+07,
1.28708e+07,
1.29577e+07,
1.30456e+07,
1.31331e+07,
1.32186e+07,
1.3304e+07,
1.33888e+07,
1.34738e+07,
1.35585e+07,
1.36427e+07,
1.37272e+07,
375246,
374935,
374713,
374484,
374206,
374012,
373788,
373607,
373473,
373283,
373084,
372987,
372849,
372724,
372581,
372467,
372307,
372178,
372028,
371884,
371784,
371665,
371499,
371343,
371303,
371313,
371288,
371329,
371270,
371184,
371153,
371092,
371024,
370995,
370977,
370916,
370878,
370846,
370832,
370830,
370816,
370797,
370840,
370852,
370934,
371030,
371047,
371056,
371126,
371177,
371182,
371166,
371236,
371360,
371341,
371372,
371398,
371381,
371345,
371368,
371396,
371459,
371476,
371491,
371482,
371494,
371572,
371609,
371638,
371646,
371634,
371662,
371736,
371780,
371855,
371916,
371993,
372025,
372083,
372124,
372165,
372245,
372237,
372327,
372390,
372505,
372617,
372643,
372765,
372743,
372792,
372906,
372936,
373016,
373068,
373092,
373102,
373149,
373218,
373257,
373319,
373378,
373421,
373446,
373444,
373503,
373544,
373569,
373552,
373597,
373664,
373674,
373726,
373738,
373782,
373902,
373992,
374029,
374031,
374109,
374167,
374307,
374444,
374553,
374586,
374648,
374761,
374868,
374942,
374991,
375062,
375188,
375360,
375532,
375618,
375712,
375764,
375774,
375857,
375892,
375950,
376098,
376201,
376357,
376498,
376618,
376749,
376832,
376814,
376855,
377023,
377152,
377277,
377469,
377662,
377824,
377928,
378057,
378084,
378105,
378299,
378485,
378672,
378828,
379006,
379138,
379284,
379429,
379524,
379638,
379748,
379939,
380207,
380430,
380662,
380888,
381106,
381372,
381558,
381730,
381880,
382028,
382263,
382543,
382837,
383171,
383464,
383736,
383896,
384107,
384313,
384587,
384812,
385037,
385352,
385685,
385982,
386277,
386514,
386725,
387014,
387283,
387529,
387784,
388109,
388431,
388810,
389166,
389480,
389762,
390145,
390473,
390815,
391117,
391359,
391700,
392067,
392420,
392823,
393110,
393508,
393960,
394420,
394841,
395257,
395548,
395998,
396430,
396780,
397137,
397577,
398061,
398414,
398821,
399229,
399594,
399978,
400431,
400847,
401276,
401700,
402171,
402645,
403044,
403493,
403949,
404354,
404830,
405391,
405944,
406468,
406917,
407435,
407904,
408420,
408879,
409364,
409779,
410255,
410710,
411202,
411708,
412292,
412850,
413395,
413849,
414299,
414738,
415318,
415981,
416606,
417235,
417818,
418405,
418951,
419560,
420182,
420806,
421489,
422068,
422613,
423228,
423839,
424457,
425095,
425681,
426271,
426791,
427322,
428519,
429595,
430942,
432272,
433508,
434966,
436278,
437663,
438925,
440329,
441649,
443006,
444338,
445664,
447016,
448389,
449732,
451097,
452587,
453889,
455226,
456546,
457842,
459177,
460634,
462067,
463449,
464768,
466073,
467411,
468604,
469966,
471264,
472633,
474120,
475557,
476931,
478567,
480074,
481564,
483051,
484584,
486111,
487706,
489238,
490679,
492183,
493603,
495056,
496448,
497986,
499638,
501240,
502849,
504467,
505989,
507439,
508953,
510354,
511770,
513325,
514932,
516570,
518183,
519779,
521396,
522910,
524529,
526188,
527971,
529626,
531391,
533207,
535026,
536955,
538800,
540440,
542349,
544097,
546211,
548409,
550400,
552329,
554287,
556270,
558229,
560156,
562188,
564077,
565979,
567946,
569879,
571892,
573945,
575958,
577964,
579838,
581803,
583853,
585944,
587901,
589985,
592234,
594467,
596708,
599130,
601418,
603775,
606058,
608296,
610524,
612794,
615046,
617352,
619589,
622020,
624244,
626629,
628972,
631254,
633632,
636118,
638456,
640926,
643308,
645743,
648137,
650707,
653332,
655939,
658359,
660861,
663350,
665976,
668503,
671220,
674072,
676826,
679744,
682348,
685191,
688028,
690965,
693790,
696659,
699526,
702523,
705504,
708472,
711429,
714297,
717280,
720356,
723436,
726576,
729632,
732842,
736036,
739418,
742620,
745729,
748781,
752003,
755362,
758715,
762076,
765470,
768832,
772447,
776046,
779513,
782913,
786534,
790235,
794056,
797595,
801450,
805218,
808830,
812431,
816298,
820235,
824187,
828149,
832213,
836438,
840477,
844523,
848618,
852456,
856443,
860731,
865123,
869487,
873945,
878264,
882645,
887078,
891539,
895870,
900168,
904666,
909463,
914287,
919070,
923990,
928961,
933755,
938567,
943389,
948145,
952919,
958096,
963285,
968415,
973679,
978974,
984175,
989449,
994619,
1.00002e+06,
1.00543e+06,
1.01104e+06,
1.0166e+06,
1.02224e+06,
1.02775e+06,
1.03315e+06,
1.03886e+06,
1.04466e+06,
1.05045e+06,
1.05628e+06,
1.06249e+06,
1.06854e+06,
1.07477e+06,
1.08124e+06,
1.08772e+06,
1.09416e+06,
1.10063e+06,
1.10726e+06,
1.11371e+06,
1.12006e+06,
1.12663e+06,
1.13348e+06,
1.1403e+06,
1.14729e+06,
1.15439e+06,
1.1614e+06,
1.16871e+06,
1.17588e+06,
1.18303e+06,
1.19027e+06,
1.19733e+06,
1.20464e+06,
1.21211e+06,
1.21948e+06,
1.22716e+06,
1.23493e+06,
1.24286e+06,
1.25087e+06,
1.25876e+06,
1.26647e+06,
1.27456e+06,
1.28283e+06,
1.29112e+06,
1.29956e+06,
1.3084e+06,
1.31716e+06,
1.32595e+06,
1.33478e+06,
1.34378e+06,
1.35291e+06,
1.36205e+06,
1.371e+06,
1.38028e+06,
1.39003e+06,
1.39966e+06,
1.40907e+06,
1.41896e+06,
1.42862e+06,
1.43851e+06,
1.44794e+06,
1.4577e+06,
1.46785e+06,
1.47792e+06,
1.48821e+06,
1.49877e+06,
1.5089e+06,
1.51934e+06,
1.53022e+06,
1.54118e+06,
1.55177e+06,
1.56286e+06,
1.57404e+06,
1.58544e+06,
1.59703e+06,
1.60906e+06,
1.62094e+06,
1.63295e+06,
1.64482e+06,
1.6565e+06,
1.66806e+06,
1.68019e+06,
1.69297e+06,
1.70572e+06,
1.71846e+06,
1.73133e+06,
1.74421e+06,
1.75695e+06,
1.76984e+06,
1.78289e+06,
1.79601e+06,
1.8095e+06,
1.82338e+06,
1.83733e+06,
1.85126e+06,
1.86523e+06,
1.87962e+06,
1.89414e+06,
1.90877e+06,
1.92404e+06,
1.93918e+06,
1.95508e+06,
1.97121e+06,
1.98749e+06,
2.00386e+06,
2.02087e+06,
2.03809e+06,
2.05509e+06,
2.07271e+06,
2.09069e+06,
2.10957e+06,
2.12934e+06,
2.14894e+06,
2.16841e+06,
2.18742e+06,
2.20681e+06,
2.22597e+06,
2.24578e+06,
2.26607e+06,
2.2863e+06,
2.30666e+06,
2.32685e+06,
2.34804e+06,
2.37007e+06,
2.39185e+06,
2.41359e+06,
2.43566e+06,
2.45787e+06,
2.48058e+06,
2.50355e+06,
2.52648e+06,
2.55028e+06,
2.57409e+06,
2.59807e+06,
2.62237e+06,
2.64719e+06,
2.6723e+06,
2.69846e+06,
2.7246e+06,
2.75085e+06,
2.77688e+06,
2.8106e+06,
2.87518e+06,
2.94169e+06,
3.00774e+06,
3.07495e+06,
3.14169e+06,
3.20947e+06,
3.27695e+06,
3.34364e+06,
3.41158e+06,
3.48347e+06,
3.55855e+06,
3.63612e+06,
3.71394e+06,
3.7929e+06,
3.87534e+06,
3.95814e+06,
4.05002e+06,
4.14568e+06,
4.2342e+06,
4.32396e+06,
4.40785e+06,
4.48788e+06,
4.56718e+06,
4.64485e+06,
4.72257e+06,
4.79943e+06,
4.87272e+06,
4.94708e+06,
5.02328e+06,
5.10116e+06,
5.17853e+06,
5.2546e+06,
5.32703e+06,
5.39959e+06,
5.47144e+06,
5.54253e+06,
5.61359e+06,
5.68562e+06,
5.76148e+06,
5.83998e+06,
5.91752e+06,
5.99307e+06,
6.06703e+06,
6.14002e+06,
6.21186e+06,
6.28209e+06,
6.35137e+06,
6.4218e+06,
6.49474e+06,
6.56888e+06,
6.64491e+06,
6.72011e+06,
6.79663e+06,
6.87172e+06,
6.94619e+06,
7.01894e+06,
7.09346e+06,
7.17342e+06,
7.25254e+06,
7.33099e+06,
7.40907e+06,
7.48998e+06,
7.56983e+06,
7.64931e+06,
7.72532e+06,
7.80017e+06,
7.87781e+06,
7.95781e+06,
8.03749e+06,
8.11678e+06,
8.19622e+06,
8.27497e+06,
8.35551e+06,
8.43502e+06,
8.51418e+06,
8.59292e+06,
8.67438e+06,
8.75615e+06,
8.83668e+06,
8.91589e+06,
8.99563e+06,
9.07447e+06,
9.1535e+06,
9.23362e+06,
9.31513e+06,
9.40009e+06,
9.48283e+06,
9.56335e+06,
9.64346e+06,
9.72403e+06,
9.80371e+06,
9.88377e+06,
9.96393e+06,
1.00437e+07,
1.01274e+07,
1.0214e+07,
1.02996e+07,
1.0384e+07,
1.04665e+07,
1.05484e+07,
1.06297e+07,
1.07105e+07,
1.07913e+07,
1.08735e+07,
1.09574e+07,
1.10421e+07,
1.11284e+07,
1.12147e+07,
1.12992e+07,
1.13813e+07,
1.14627e+07,
1.1544e+07,
1.16248e+07,
1.17098e+07,
1.17947e+07,
1.18798e+07,
1.19643e+07,
1.20516e+07,
1.21378e+07,
1.22233e+07,
1.23068e+07,
1.23888e+07,
1.24723e+07,
1.25577e+07,
1.26422e+07,
1.27274e+07,
1.28112e+07,
1.28978e+07,
1.29857e+07,
1.30737e+07,
1.31624e+07,
1.32494e+07,
1.33378e+07,
1.34253e+07,
1.35127e+07,
1.35997e+07,
1.36867e+07,
1.37737e+07,
1.38606e+07,
1.39486e+07,
1.40372e+07,
1.4127e+07,
1.42162e+07,
1.43036e+07,
1.43906e+07,
1.4477e+07,
1.4564e+07,
1.4652e+07,
1.474e+07,
375246,
374939,
374720,
374470,
374201,
373973,
373786,
373587,
373455,
373252,
373076,
372923,
372821,
372670,
372555,
372419,
372293,
372159,
372008,
371846,
371738,
371591,
371450,
371302,
371181,
371144,
371098,
371070,
371098,
371106,
371012,
370952,
370948,
370880,
370825,
370796,
370715,
370685,
370682,
370653,
370616,
370598,
370570,
370632,
370688,
370671,
370751,
370773,
370811,
370830,
370828,
370831,
370872,
370869,
370974,
370973,
371037,
371033,
371066,
371055,
371052,
371019,
371031,
370993,
371042,
371097,
371145,
371198,
371197,
371230,
371273,
371305,
371280,
371310,
371358,
371397,
371461,
371539,
371607,
371603,
371638,
371619,
371693,
371754,
371784,
371857,
371884,
371982,
372045,
372123,
372158,
372185,
372240,
372302,
372358,
372386,
372411,
372472,
372492,
372470,
372501,
372561,
372629,
372679,
372721,
372777,
372799,
372827,
372840,
372847,
372905,
372943,
372990,
373042,
373085,
373138,
373122,
373203,
373255,
373315,
373315,
373402,
373519,
373643,
373788,
373873,
373963,
373981,
373942,
373939,
374043,
374176,
374322,
374473,
374615,
374748,
374803,
374899,
374905,
374837,
374882,
375044,
375138,
375246,
375403,
375564,
375674,
375766,
375819,
375877,
375959,
376051,
376220,
376354,
376503,
376627,
376737,
376885,
376971,
377017,
377187,
377333,
377453,
377624,
377784,
378017,
378154,
378341,
378439,
378536,
378755,
378901,
379083,
379228,
379297,
379587,
379824,
380013,
380199,
380341,
380532,
380728,
380928,
381183,
381410,
381601,
381830,
382019,
382240,
382541,
382827,
383096,
383370,
383599,
383833,
384061,
384328,
384670,
384907,
385151,
385482,
385809,
386101,
386475,
386791,
387061,
387383,
387624,
387918,
388178,
388518,
388823,
389222,
389566,
389873,
390258,
390655,
391002,
391228,
391548,
391980,
392371,
392742,
393160,
393565,
393922,
394277,
394640,
394960,
395236,
395733,
396195,
396599,
397003,
397415,
397861,
398280,
398694,
399091,
399380,
399743,
400150,
400613,
401158,
401653,
402138,
402559,
403014,
403447,
403916,
404329,
404772,
405312,
405834,
406374,
406894,
407411,
407936,
408429,
408794,
409278,
409701,
410231,
410772,
411295,
411850,
412366,
412898,
413417,
413975,
414471,
414963,
415439,
415933,
416429,
417008,
417563,
418252,
419500,
420705,
422060,
423431,
424729,
425975,
427203,
428558,
429720,
431064,
432356,
433878,
435279,
436482,
437769,
439105,
440502,
441819,
443251,
444720,
446119,
447474,
448732,
450202,
451656,
452980,
454348,
455690,
457102,
458469,
459890,
461242,
462676,
464121,
465684,
467214,
468717,
470237,
471767,
473241,
474861,
476329,
477855,
479282,
480754,
482392,
483946,
485531,
487056,
488674,
490260,
491797,
493300,
494823,
496547,
498102,
499719,
501266,
502892,
504429,
505922,
507405,
509004,
510548,
512161,
513760,
515453,
517269,
519061,
520770,
522513,
524102,
525888,
527664,
529438,
531237,
533080,
535014,
536870,
538702,
540465,
542294,
544184,
546030,
547992,
549860,
551852,
553723,
555735,
557658,
559699,
561788,
563825,
565824,
567865,
569926,
571906,
573861,
576027,
578124,
580210,
582271,
584376,
586503,
588746,
591164,
593361,
595667,
597835,
599998,
602225,
604347,
606605,
609021,
611454,
613876,
616310,
618746,
621195,
623671,
626146,
628512,
630873,
633259,
635539,
637971,
640349,
642653,
644991,
647358,
649694,
652101,
654621,
657303,
660063,
662699,
665421,
668208,
670954,
673743,
676407,
679201,
682146,
685042,
687886,
690727,
693592,
696504,
699523,
702439,
705292,
708127,
711241,
714299,
717409,
720448,
723572,
726562,
729719,
732858,
735983,
739139,
742306,
745471,
748686,
752099,
755568,
759040,
762559,
766154,
769578,
773042,
776768,
780419,
784051,
787680,
791331,
794992,
798749,
802614,
806189,
809692,
813551,
817413,
821474,
825319,
829327,
833357,
837524,
841542,
845466,
849477,
853300,
857377,
861307,
865663,
870015,
874481,
878889,
883371,
887801,
892010,
896426,
900912,
905406,
910184,
915037,
919894,
924861,
929767,
934381,
939158,
944086,
949037,
954104,
959268,
964409,
969710,
974737,
979995,
984975,
989952,
995176,
1.00037e+06,
1.00566e+06,
1.01099e+06,
1.01643e+06,
1.02191e+06,
1.02765e+06,
1.03355e+06,
1.03904e+06,
1.04478e+06,
1.05054e+06,
1.05649e+06,
1.0625e+06,
1.06867e+06,
1.07483e+06,
1.08116e+06,
1.08752e+06,
1.0935e+06,
1.0996e+06,
1.10613e+06,
1.11251e+06,
1.1192e+06,
1.12608e+06,
1.13279e+06,
1.13933e+06,
1.146e+06,
1.15291e+06,
1.15961e+06,
1.16665e+06,
1.17365e+06,
1.18073e+06,
1.18774e+06,
1.19491e+06,
1.20201e+06,
1.20955e+06,
1.21704e+06,
1.22461e+06,
1.23248e+06,
1.24011e+06,
1.24785e+06,
1.25581e+06,
1.26377e+06,
1.27191e+06,
1.28015e+06,
1.28852e+06,
1.29689e+06,
1.30548e+06,
1.31431e+06,
1.32281e+06,
1.33143e+06,
1.34038e+06,
1.34905e+06,
1.35816e+06,
1.36706e+06,
1.37609e+06,
1.38558e+06,
1.39513e+06,
1.40476e+06,
1.41412e+06,
1.42343e+06,
1.43319e+06,
1.44335e+06,
1.45289e+06,
1.46256e+06,
1.47319e+06,
1.48387e+06,
1.4945e+06,
1.5049e+06,
1.51588e+06,
1.52664e+06,
1.53754e+06,
1.54828e+06,
1.55973e+06,
1.57123e+06,
1.58261e+06,
1.59414e+06,
1.60591e+06,
1.61778e+06,
1.62956e+06,
1.64128e+06,
1.65292e+06,
1.66501e+06,
1.67714e+06,
1.68985e+06,
1.70255e+06,
1.71529e+06,
1.72821e+06,
1.74148e+06,
1.75438e+06,
1.76688e+06,
1.7799e+06,
1.79351e+06,
1.80752e+06,
1.82157e+06,
1.83571e+06,
1.85014e+06,
1.86428e+06,
1.87869e+06,
1.89328e+06,
1.90774e+06,
1.92276e+06,
1.93866e+06,
1.95446e+06,
1.97037e+06,
1.98682e+06,
2.00397e+06,
2.02073e+06,
2.03783e+06,
2.05495e+06,
2.07275e+06,
2.0912e+06,
2.11103e+06,
2.13062e+06,
2.1501e+06,
2.17024e+06,
2.18994e+06,
2.209e+06,
2.22842e+06,
2.24863e+06,
2.2686e+06,
2.28938e+06,
2.31045e+06,
2.33155e+06,
2.35338e+06,
2.37505e+06,
2.3969e+06,
2.41887e+06,
2.44119e+06,
2.46384e+06,
2.48637e+06,
2.50995e+06,
2.53334e+06,
2.55738e+06,
2.58193e+06,
2.60661e+06,
2.63099e+06,
2.65638e+06,
2.68229e+06,
2.70862e+06,
2.73538e+06,
2.76249e+06,
2.78959e+06,
2.81793e+06,
2.84656e+06,
2.87962e+06,
2.94875e+06,
3.02057e+06,
3.0921e+06,
3.16491e+06,
3.23761e+06,
3.31087e+06,
3.38515e+06,
3.45842e+06,
3.53287e+06,
3.61191e+06,
3.69596e+06,
3.78221e+06,
3.87226e+06,
3.96214e+06,
4.06672e+06,
4.16507e+06,
4.25829e+06,
4.34086e+06,
4.4191e+06,
4.50181e+06,
4.58497e+06,
4.66814e+06,
4.75069e+06,
4.82974e+06,
4.90773e+06,
4.98756e+06,
5.06624e+06,
5.14227e+06,
5.21803e+06,
5.29636e+06,
5.37349e+06,
5.44949e+06,
5.52588e+06,
5.60068e+06,
5.67583e+06,
5.74949e+06,
5.8256e+06,
5.89905e+06,
5.97818e+06,
6.05766e+06,
6.13581e+06,
6.2117e+06,
6.28652e+06,
6.36045e+06,
6.43384e+06,
6.50748e+06,
6.58189e+06,
6.65953e+06,
6.7408e+06,
6.82166e+06,
6.90115e+06,
6.97863e+06,
7.05498e+06,
7.12868e+06,
7.20024e+06,
7.27372e+06,
7.3454e+06,
7.42585e+06,
7.51111e+06,
7.59643e+06,
7.67863e+06,
7.75818e+06,
7.83633e+06,
7.91423e+06,
7.99182e+06,
8.06951e+06,
8.15126e+06,
8.23472e+06,
8.31796e+06,
8.4032e+06,
8.48731e+06,
8.57007e+06,
8.65042e+06,
8.73011e+06,
8.80832e+06,
8.88829e+06,
8.9729e+06,
9.05683e+06,
9.14006e+06,
9.22395e+06,
9.30907e+06,
9.39233e+06,
9.47445e+06,
9.55418e+06,
9.63424e+06,
9.71882e+06,
9.80381e+06,
9.88843e+06,
9.97149e+06,
1.00547e+07,
1.01382e+07,
1.02232e+07,
1.03078e+07,
1.03916e+07,
1.04779e+07,
1.05637e+07,
1.06489e+07,
1.07342e+07,
1.08187e+07,
1.09032e+07,
1.0987e+07,
1.10707e+07,
1.11556e+07,
1.12441e+07,
1.13332e+07,
1.14196e+07,
1.15049e+07,
1.15898e+07,
1.16748e+07,
1.17602e+07,
1.18444e+07,
1.19282e+07,
1.20134e+07,
1.21032e+07,
1.21935e+07,
1.22828e+07,
1.237e+07,
1.24567e+07,
1.25428e+07,
1.26275e+07,
1.2712e+07,
1.27961e+07,
1.28828e+07,
1.29706e+07,
1.30593e+07,
1.31493e+07,
1.32375e+07,
1.3324e+07,
1.34099e+07,
1.3498e+07,
1.35857e+07,
1.36755e+07,
1.3767e+07,
1.3858e+07,
1.39478e+07,
1.40383e+07,
1.41298e+07,
1.42208e+07,
1.43101e+07,
1.43987e+07,
1.44877e+07,
1.45782e+07,
1.46692e+07,
1.47599e+07,
1.48496e+07,
1.49388e+07,
1.50297e+07,
1.51213e+07,
1.52135e+07,
1.5304e+07,
1.53965e+07,
1.54909e+07,
1.5584e+07,
1.56785e+07,
1.57741e+07,
375246,
374939,
374711,
374474,
374206,
373989,
373752,
373560,
373419,
373238,
373018,
372877,
372779,
372648,
372525,
372397,
372253,
372111,
371929,
371815,
371677,
371518,
371386,
371231,
371111,
371010,
370950,
370998,
370930,
370932,
370906,
370850,
370745,
370724,
370663,
370585,
370550,
370496,
370464,
370421,
370376,
370336,
370357,
370370,
370395,
370424,
370476,
370496,
370476,
370528,
370514,
370548,
370530,
370572,
370612,
370635,
370677,
370657,
370722,
370747,
370707,
370688,
370611,
370627,
370654,
370692,
370752,
370804,
370812,
370798,
370801,
370807,
370846,
370920,
370894,
370916,
370936,
370979,
371034,
371079,
371079,
371057,
371094,
371100,
371126,
371214,
371202,
371249,
371316,
371376,
371396,
371456,
371495,
371613,
371626,
371632,
371667,
371660,
371679,
371730,
371676,
371721,
371738,
371813,
371902,
371986,
372013,
372036,
372080,
372047,
372106,
372127,
372199,
372270,
372326,
372386,
372443,
372459,
372431,
372375,
372463,
372525,
372577,
372699,
372782,
372893,
372965,
373081,
373154,
373188,
373185,
373203,
373354,
373480,
373553,
373670,
373824,
373867,
373934,
373983,
374076,
374102,
374164,
374232,
374331,
374505,
374627,
374765,
374848,
374891,
375058,
375161,
375259,
375331,
375402,
375566,
375688,
375798,
375934,
376007,
376200,
376373,
376542,
376681,
376840,
376931,
377002,
377185,
377344,
377459,
377628,
377806,
377993,
378200,
378384,
378553,
378689,
378773,
378909,
379064,
379279,
379527,
379717,
379925,
380132,
380380,
380625,
380805,
380990,
381110,
381357,
381643,
381959,
382258,
382525,
382876,
383155,
383476,
383712,
383933,
384125,
384365,
384688,
384978,
385275,
385621,
385951,
386243,
386583,
386846,
387161,
387474,
387851,
388251,
388610,
388931,
389266,
389640,
389942,
390266,
390644,
390982,
391270,
391620,
391996,
392425,
392773,
393179,
393501,
393804,
394214,
394621,
394987,
395286,
395682,
396149,
396639,
397077,
397450,
397877,
398389,
398815,
399296,
399738,
400108,
400594,
401097,
401546,
402025,
402482,
402958,
403428,
403856,
404241,
404652,
405096,
405539,
406006,
406392,
406808,
407270,
407732,
408183,
408640,
409052,
409437,
409892,
410619,
411889,
413219,
414439,
415696,
416980,
418206,
419522,
420733,
421994,
423285,
424580,
425859,
427134,
428525,
429880,
431226,
432507,
433943,
435255,
436675,
437955,
439284,
440700,
442087,
443464,
444674,
446031,
447429,
448798,
450068,
451432,
452878,
454555,
456133,
457634,
459115,
460697,
462333,
463814,
465411,
466968,
468490,
470040,
471652,
473237,
474801,
476424,
478070,
479589,
481284,
482800,
484408,
486048,
487586,
489214,
490817,
492419,
494084,
495699,
497435,
499008,
500548,
502183,
503763,
505344,
507052,
508869,
510717,
512456,
514213,
515987,
517690,
519485,
521371,
523231,
525107,
527003,
528972,
530889,
532754,
534585,
536409,
538238,
540141,
542005,
543997,
546028,
547820,
549685,
551616,
553551,
555377,
557314,
559211,
561205,
563182,
565158,
567087,
569306,
571378,
573580,
575906,
578262,
580530,
582739,
584934,
587009,
589239,
591531,
593752,
595894,
598056,
600306,
602597,
604861,
607066,
609324,
611676,
614075,
616499,
618857,
621199,
623438,
625812,
628145,
630365,
632869,
635362,
637868,
640252,
642909,
645561,
648302,
650988,
653708,
656493,
659144,
661915,
664736,
667437,
670101,
672726,
675337,
678233,
680903,
683901,
686725,
689572,
692591,
695403,
698209,
701018,
704034,
706870,
709844,
712998,
716002,
719050,
722107,
725139,
728105,
731081,
734292,
737546,
740982,
744363,
747757,
751342,
754660,
758119,
761613,
764941,
768283,
771916,
775587,
779159,
782836,
786506,
790336,
794008,
797778,
801340,
805293,
809019,
812853,
816864,
820657,
824550,
828559,
832243,
836011,
839787,
843886,
847995,
852223,
856398,
860651,
864848,
869131,
873665,
878092,
882532,
886915,
891491,
896012,
900629,
905154,
909659,
914496,
919257,
923978,
928686,
933569,
938553,
943285,
948126,
952839,
957869,
962886,
968016,
973091,
978059,
983104,
988147,
993371,
998769,
1.00422e+06,
1.00969e+06,
1.01536e+06,
1.021e+06,
1.02662e+06,
1.03203e+06,
1.0377e+06,
1.04342e+06,
1.04922e+06,
1.05533e+06,
1.06141e+06,
1.06751e+06,
1.07358e+06,
1.07959e+06,
1.0857e+06,
1.09163e+06,
1.0977e+06,
1.104e+06,
1.11053e+06,
1.11699e+06,
1.12332e+06,
1.12966e+06,
1.13623e+06,
1.14265e+06,
1.14938e+06,
1.15579e+06,
1.16241e+06,
1.1693e+06,
1.17643e+06,
1.18359e+06,
1.19093e+06,
1.19823e+06,
1.20565e+06,
1.21311e+06,
1.22057e+06,
1.22803e+06,
1.23566e+06,
1.24338e+06,
1.25136e+06,
1.25947e+06,
1.26741e+06,
1.27567e+06,
1.28377e+06,
1.29209e+06,
1.30019e+06,
1.30819e+06,
1.31677e+06,
1.32526e+06,
1.33371e+06,
1.34254e+06,
1.35117e+06,
1.3599e+06,
1.369e+06,
1.37773e+06,
1.3869e+06,
1.39604e+06,
1.40559e+06,
1.41527e+06,
1.42509e+06,
1.43506e+06,
1.44523e+06,
1.45516e+06,
1.46533e+06,
1.47596e+06,
1.48638e+06,
1.49697e+06,
1.50746e+06,
1.51833e+06,
1.52918e+06,
1.53984e+06,
1.55095e+06,
1.56226e+06,
1.57336e+06,
1.58482e+06,
1.59647e+06,
1.60784e+06,
1.61959e+06,
1.6311e+06,
1.64311e+06,
1.65545e+06,
1.66757e+06,
1.68016e+06,
1.69275e+06,
1.70541e+06,
1.71829e+06,
1.73124e+06,
1.74465e+06,
1.75767e+06,
1.77113e+06,
1.78466e+06,
1.79829e+06,
1.81264e+06,
1.82701e+06,
1.84135e+06,
1.85554e+06,
1.86961e+06,
1.88413e+06,
1.89904e+06,
1.91426e+06,
1.92951e+06,
1.94518e+06,
1.9613e+06,
1.97736e+06,
1.99389e+06,
2.01107e+06,
2.02793e+06,
2.04526e+06,
2.06344e+06,
2.08191e+06,
2.10154e+06,
2.121e+06,
2.14052e+06,
2.16028e+06,
2.18035e+06,
2.2e+06,
2.21944e+06,
2.23996e+06,
2.26045e+06,
2.28125e+06,
2.30263e+06,
2.32442e+06,
2.34607e+06,
2.36793e+06,
2.39029e+06,
2.41215e+06,
2.4347e+06,
2.45776e+06,
2.48049e+06,
2.50389e+06,
2.52828e+06,
2.55245e+06,
2.57718e+06,
2.60233e+06,
2.6269e+06,
2.65217e+06,
2.67823e+06,
2.70501e+06,
2.73209e+06,
2.76023e+06,
2.78804e+06,
2.81628e+06,
2.84578e+06,
2.87516e+06,
2.90507e+06,
2.93565e+06,
2.99121e+06,
3.06712e+06,
3.14461e+06,
3.22255e+06,
3.302e+06,
3.38191e+06,
3.46191e+06,
3.54327e+06,
3.62577e+06,
3.71066e+06,
3.80451e+06,
3.90244e+06,
4.01281e+06,
4.11999e+06,
4.22142e+06,
4.30955e+06,
4.39389e+06,
4.47568e+06,
4.55595e+06,
4.63704e+06,
4.72439e+06,
4.80869e+06,
4.89243e+06,
4.97787e+06,
5.06096e+06,
5.14238e+06,
5.22075e+06,
5.29617e+06,
5.37115e+06,
5.44954e+06,
5.52989e+06,
5.61133e+06,
5.69045e+06,
5.76856e+06,
5.84895e+06,
5.92741e+06,
6.00354e+06,
6.07922e+06,
6.15342e+06,
6.23285e+06,
6.31238e+06,
6.39262e+06,
6.47103e+06,
6.55004e+06,
6.62761e+06,
6.70728e+06,
6.78485e+06,
6.86095e+06,
6.94286e+06,
7.02662e+06,
7.10663e+06,
7.18721e+06,
7.26767e+06,
7.34685e+06,
7.42625e+06,
7.50723e+06,
7.58842e+06,
7.67162e+06,
7.75608e+06,
7.83706e+06,
7.91537e+06,
7.99479e+06,
8.07297e+06,
8.15068e+06,
8.22944e+06,
8.3096e+06,
8.39327e+06,
8.48356e+06,
8.57333e+06,
8.65823e+06,
8.74207e+06,
8.82472e+06,
8.90596e+06,
8.98735e+06,
9.06865e+06,
9.14974e+06,
9.2374e+06,
9.32685e+06,
9.41595e+06,
9.50319e+06,
9.5881e+06,
9.67188e+06,
9.75485e+06,
9.83627e+06,
9.91878e+06,
1.00051e+07,
1.00937e+07,
1.01823e+07,
1.02725e+07,
1.03624e+07,
1.04494e+07,
1.05341e+07,
1.06183e+07,
1.07014e+07,
1.07874e+07,
1.08768e+07,
1.09644e+07,
1.10527e+07,
1.11401e+07,
1.12302e+07,
1.13197e+07,
1.14078e+07,
1.14926e+07,
1.15791e+07,
1.1668e+07,
1.17571e+07,
1.18464e+07,
1.19343e+07,
1.20216e+07,
1.21094e+07,
1.21993e+07,
1.22896e+07,
1.2378e+07,
1.24682e+07,
1.2557e+07,
1.26466e+07,
1.27353e+07,
1.28239e+07,
1.29125e+07,
1.30001e+07,
1.30868e+07,
1.31753e+07,
1.32677e+07,
1.33585e+07,
1.34486e+07,
1.3538e+07,
1.36266e+07,
1.3716e+07,
1.38036e+07,
1.38908e+07,
1.39787e+07,
1.40709e+07,
1.41667e+07,
1.42628e+07,
1.43569e+07,
1.44494e+07,
1.45404e+07,
1.4632e+07,
1.47224e+07,
1.48128e+07,
1.4904e+07,
1.49977e+07,
1.50915e+07,
1.51876e+07,
1.52826e+07,
1.53759e+07,
1.54679e+07,
1.5559e+07,
1.56506e+07,
1.57426e+07,
1.58386e+07,
1.59354e+07,
1.60323e+07,
1.61298e+07,
1.62295e+07,
1.63269e+07,
1.64224e+07,
1.65161e+07,
1.66084e+07,
1.67034e+07,
1.68e+07,
375246,
374930,
374710,
374468,
374197,
374005,
373779,
373556,
373376,
373195,
372988,
372863,
372748,
372661,
372523,
372362,
372225,
372086,
371906,
371742,
371616,
371463,
371311,
371168,
371050,
370918,
370844,
370800,
370808,
370755,
370747,
370696,
370652,
370578,
370521,
370483,
370403,
370360,
370291,
370231,
370168,
370146,
370159,
370154,
370138,
370143,
370131,
370184,
370187,
370160,
370162,
370194,
370217,
370220,
370253,
370270,
370283,
370312,
370345,
370348,
370379,
370372,
370327,
370335,
370276,
370276,
370276,
370356,
370409,
370389,
370406,
370420,
370391,
370386,
370346,
370371,
370409,
370444,
370460,
370510,
370542,
370558,
370566,
370578,
370587,
370620,
370625,
370649,
370681,
370684,
370763,
370770,
370760,
370765,
370814,
370873,
371000,
371048,
370956,
370927,
370945,
370993,
371054,
371100,
371161,
371231,
371280,
371338,
371351,
371325,
371358,
371429,
371460,
371529,
371559,
371576,
371629,
371688,
371706,
371697,
371696,
371736,
371728,
371778,
371874,
371987,
372051,
372166,
372193,
372233,
372311,
372405,
372505,
372561,
372606,
372657,
372770,
372857,
372917,
372939,
373058,
373162,
373272,
373416,
373512,
373586,
373610,
373730,
373848,
373868,
373989,
374152,
374244,
374354,
374522,
374664,
374817,
374884,
374960,
375024,
375201,
375412,
375576,
375731,
375871,
375975,
376157,
376246,
376354,
376434,
376530,
376723,
376899,
377105,
377299,
377415,
377636,
377824,
377953,
378040,
378224,
378403,
378649,
378862,
379127,
379390,
379574,
379833,
380048,
380207,
380423,
380657,
380882,
381024,
381321,
381549,
381824,
382116,
382343,
382536,
382804,
383157,
383468,
383751,
384016,
384349,
384742,
385088,
385429,
385668,
386040,
386390,
386763,
387115,
387428,
387780,
388069,
388411,
388706,
389029,
389341,
389684,
390059,
390431,
390773,
391137,
391477,
391797,
392256,
392647,
393111,
393626,
394028,
394362,
394729,
395126,
395485,
395741,
395987,
396351,
396701,
397100,
397515,
397921,
398302,
398743,
399215,
399590,
399940,
400361,
400803,
401281,
401762,
402245,
402720,
403131,
403584,
404056,
404915,
405903,
407079,
408294,
409519,
410685,
411930,
413234,
414510,
415733,
416933,
418190,
419409,
420641,
422053,
423401,
424736,
426022,
427333,
428604,
429960,
431308,
432642,
433844,
435288,
436707,
438111,
439364,
440708,
442069,
443483,
444884,
446352,
447900,
449364,
450900,
452451,
454015,
455564,
457047,
458539,
460034,
461568,
463144,
464856,
466415,
467996,
469604,
471206,
472813,
474310,
475890,
477506,
479273,
480879,
482604,
484226,
485925,
487517,
489184,
490757,
492412,
494186,
495876,
497654,
499511,
501316,
503146,
505070,
506961,
508751,
510694,
512518,
514409,
516363,
518321,
520164,
521973,
523817,
525773,
527670,
529544,
531381,
533257,
535273,
537180,
539099,
541014,
542903,
544794,
546694,
548560,
550461,
552378,
554328,
556281,
558337,
560457,
562570,
564595,
566701,
568670,
570809,
572959,
575173,
577317,
579535,
581783,
583947,
586308,
588672,
591048,
593302,
595550,
597907,
600190,
602544,
604965,
607155,
609526,
611668,
613706,
616113,
618462,
620783,
623111,
625410,
627818,
630369,
632997,
635379,
637927,
640519,
643135,
645770,
648418,
651154,
653830,
656484,
659154,
661806,
664585,
667482,
670436,
673215,
676201,
679090,
682044,
685006,
687885,
690544,
693168,
696087,
698988,
701797,
704598,
707620,
710491,
713556,
716597,
719658,
722806,
725966,
729245,
732687,
736032,
739501,
742856,
746154,
749611,
753011,
756299,
759867,
763392,
766823,
770222,
773768,
777411,
781182,
784840,
788389,
791683,
795582,
799311,
802945,
806690,
810447,
814183,
818033,
822126,
826036,
830063,
833971,
837934,
842048,
846171,
850497,
854686,
858990,
863243,
867612,
871759,
875957,
880227,
884632,
889277,
893840,
898411,
902985,
907510,
911969,
916418,
921174,
926040,
930733,
935559,
940446,
945171,
950103,
955096,
959824,
964582,
969725,
975101,
980475,
985524,
990945,
996328,
1.0016e+06,
1.00706e+06,
1.01241e+06,
1.0178e+06,
1.02351e+06,
1.02923e+06,
1.03509e+06,
1.04078e+06,
1.04642e+06,
1.05219e+06,
1.058e+06,
1.06402e+06,
1.06994e+06,
1.07566e+06,
1.08169e+06,
1.08777e+06,
1.09405e+06,
1.10014e+06,
1.1063e+06,
1.11251e+06,
1.11889e+06,
1.12547e+06,
1.13183e+06,
1.13804e+06,
1.14487e+06,
1.15145e+06,
1.15824e+06,
1.16525e+06,
1.17209e+06,
1.17939e+06,
1.18665e+06,
1.19384e+06,
1.20101e+06,
1.20796e+06,
1.21516e+06,
1.22258e+06,
1.23001e+06,
1.23746e+06,
1.24522e+06,
1.25306e+06,
1.26098e+06,
1.26892e+06,
1.27661e+06,
1.28435e+06,
1.29211e+06,
1.30026e+06,
1.30857e+06,
1.31696e+06,
1.32562e+06,
1.33409e+06,
1.34259e+06,
1.35126e+06,
1.35979e+06,
1.36844e+06,
1.3777e+06,
1.38699e+06,
1.39628e+06,
1.40579e+06,
1.41555e+06,
1.42519e+06,
1.43506e+06,
1.44486e+06,
1.45472e+06,
1.46444e+06,
1.47462e+06,
1.48501e+06,
1.4954e+06,
1.50597e+06,
1.51662e+06,
1.52711e+06,
1.53787e+06,
1.54861e+06,
1.55946e+06,
1.5709e+06,
1.58232e+06,
1.59371e+06,
1.60539e+06,
1.61687e+06,
1.62883e+06,
1.6408e+06,
1.65267e+06,
1.66501e+06,
1.67754e+06,
1.69016e+06,
1.7029e+06,
1.71608e+06,
1.72917e+06,
1.7423e+06,
1.75563e+06,
1.76895e+06,
1.78274e+06,
1.79643e+06,
1.81048e+06,
1.82455e+06,
1.83875e+06,
1.85331e+06,
1.86784e+06,
1.88249e+06,
1.89737e+06,
1.91268e+06,
1.92815e+06,
1.94394e+06,
1.96015e+06,
1.97593e+06,
1.99242e+06,
2.00933e+06,
2.02659e+06,
2.04441e+06,
2.06259e+06,
2.08187e+06,
2.10158e+06,
2.12103e+06,
2.14051e+06,
2.16025e+06,
2.1798e+06,
2.19973e+06,
2.22033e+06,
2.24083e+06,
2.26154e+06,
2.28284e+06,
2.30452e+06,
2.32646e+06,
2.34856e+06,
2.3698e+06,
2.39163e+06,
2.41475e+06,
2.43773e+06,
2.46151e+06,
2.48531e+06,
2.50927e+06,
2.53353e+06,
2.55885e+06,
2.58337e+06,
2.60819e+06,
2.63373e+06,
2.66043e+06,
2.68734e+06,
2.71535e+06,
2.74332e+06,
2.77185e+06,
2.80028e+06,
2.82931e+06,
2.85842e+06,
2.88808e+06,
2.91854e+06,
2.95035e+06,
2.98216e+06,
3.01505e+06,
3.08063e+06,
3.16284e+06,
3.24526e+06,
3.32931e+06,
3.41481e+06,
3.5024e+06,
3.59165e+06,
3.68293e+06,
3.77705e+06,
3.87465e+06,
3.99683e+06,
4.10925e+06,
4.21369e+06,
4.30701e+06,
4.39757e+06,
4.48421e+06,
4.56912e+06,
4.65518e+06,
4.73577e+06,
4.81868e+06,
4.90733e+06,
4.99773e+06,
5.08595e+06,
5.17218e+06,
5.25328e+06,
5.33274e+06,
5.41143e+06,
5.48999e+06,
5.5691e+06,
5.64937e+06,
5.73306e+06,
5.81771e+06,
5.90208e+06,
5.98582e+06,
6.06562e+06,
6.14204e+06,
6.21802e+06,
6.29317e+06,
6.37016e+06,
6.45492e+06,
6.53872e+06,
6.62113e+06,
6.70608e+06,
6.78934e+06,
6.87086e+06,
6.95012e+06,
7.02773e+06,
7.10377e+06,
7.18645e+06,
7.2732e+06,
7.35884e+06,
7.44384e+06,
7.52839e+06,
7.61526e+06,
7.7002e+06,
7.78153e+06,
7.86065e+06,
7.94332e+06,
8.03067e+06,
8.11728e+06,
8.20248e+06,
8.28648e+06,
8.37062e+06,
8.45574e+06,
8.53984e+06,
8.61986e+06,
8.69942e+06,
8.78596e+06,
8.87031e+06,
8.95521e+06,
9.04253e+06,
9.12791e+06,
9.21272e+06,
9.29716e+06,
9.38265e+06,
9.46871e+06,
9.56214e+06,
9.6532e+06,
9.74098e+06,
9.82823e+06,
9.91505e+06,
1.00023e+07,
1.00877e+07,
1.0174e+07,
1.02589e+07,
1.03519e+07,
1.04464e+07,
1.05389e+07,
1.06283e+07,
1.07167e+07,
1.0805e+07,
1.08911e+07,
1.09772e+07,
1.10629e+07,
1.11528e+07,
1.12452e+07,
1.13402e+07,
1.14338e+07,
1.15252e+07,
1.16142e+07,
1.17025e+07,
1.17905e+07,
1.1878e+07,
1.19679e+07,
1.20605e+07,
1.21525e+07,
1.22452e+07,
1.23404e+07,
1.24325e+07,
1.25227e+07,
1.26114e+07,
1.26998e+07,
1.27905e+07,
1.28834e+07,
1.29749e+07,
1.30665e+07,
1.31582e+07,
1.32511e+07,
1.33449e+07,
1.34369e+07,
1.35271e+07,
1.36165e+07,
1.37091e+07,
1.38017e+07,
1.38928e+07,
1.39839e+07,
1.40755e+07,
1.4166e+07,
1.42585e+07,
1.43505e+07,
1.44413e+07,
1.45342e+07,
1.46296e+07,
1.4725e+07,
1.48198e+07,
1.49147e+07,
1.50072e+07,
1.5101e+07,
1.5195e+07,
1.52908e+07,
1.53894e+07,
1.54878e+07,
1.55836e+07,
1.56794e+07,
1.5775e+07,
1.58698e+07,
1.59633e+07,
1.60567e+07,
1.61508e+07,
1.62474e+07,
1.63492e+07,
1.64514e+07,
1.65535e+07,
1.66547e+07,
1.67522e+07,
1.68491e+07,
1.69461e+07,
1.70412e+07,
1.71362e+07,
1.72349e+07,
1.73338e+07,
1.74339e+07,
1.7533e+07,
1.76305e+07,
1.77267e+07,
1.78225e+07,
375246,
374935,
374698,
374477,
374201,
373990,
373753,
373553,
373355,
373174,
372985,
372856,
372698,
372622,
372531,
372373,
372245,
372075,
371888,
371736,
371599,
371397,
371244,
371123,
371010,
370864,
370701,
370694,
370642,
370621,
370561,
370521,
370483,
370432,
370369,
370367,
370288,
370195,
370128,
370044,
369992,
369969,
369928,
369885,
369881,
369851,
369862,
369843,
369870,
369843,
369868,
369822,
369797,
369836,
369856,
369877,
369901,
369959,
369904,
369918,
369966,
370004,
369995,
369968,
369963,
369894,
369908,
369906,
369905,
369912,
369933,
369874,
369886,
369927,
369908,
369940,
369946,
369918,
369951,
369967,
369920,
369940,
369938,
369951,
369965,
370006,
370040,
370100,
370129,
370115,
370086,
370107,
370105,
370164,
370170,
370196,
370245,
370245,
370288,
370223,
370325,
370330,
370360,
370357,
370428,
370461,
370501,
370561,
370577,
370614,
370646,
370671,
370742,
370759,
370821,
370860,
370912,
370983,
370949,
370964,
370949,
370980,
371040,
371104,
371120,
371132,
371215,
371288,
371318,
371365,
371407,
371454,
371554,
371634,
371767,
371890,
371958,
371945,
371966,
372015,
372090,
372222,
372345,
372427,
372560,
372716,
372835,
372932,
373044,
373055,
373077,
373206,
373349,
373498,
373662,
373810,
373904,
374026,
374118,
374150,
374233,
374338,
374435,
374594,
374842,
374963,
375165,
375297,
375419,
375497,
375627,
375781,
375959,
376111,
376208,
376435,
376594,
376796,
376978,
377124,
377338,
377534,
377770,
377993,
378182,
378392,
378571,
378817,
379044,
379238,
379432,
379671,
379953,
380162,
380400,
380685,
380891,
381096,
381311,
381510,
381772,
382037,
382396,
382750,
383129,
383501,
383817,
384056,
384328,
384554,
384940,
385287,
385601,
385963,
386287,
386627,
387052,
387449,
387841,
388174,
388524,
388818,
389225,
389623,
389983,
390287,
390687,
390982,
391314,
391555,
391869,
392074,
392358,
392738,
393096,
393507,
393862,
394225,
394570,
394813,
395108,
395468,
395807,
396152,
396561,
396933,
397274,
397729,
398130,
398765,
399931,
401114,
402315,
403555,
404744,
405880,
407095,
408266,
409442,
410643,
411858,
413079,
414372,
415615,
416828,
418078,
419331,
420644,
422036,
423401,
424722,
425952,
427280,
428600,
429828,
431033,
432525,
433819,
435090,
436432,
437846,
439193,
440699,
442229,
443806,
445314,
446800,
448326,
449995,
451610,
453128,
454592,
456191,
457829,
459393,
460901,
462577,
464196,
465788,
467341,
468967,
470560,
472212,
473915,
475525,
477289,
478941,
480532,
482228,
483919,
485623,
487306,
489010,
490894,
492870,
494755,
496592,
498467,
500317,
502220,
504055,
505988,
507854,
509780,
511730,
513628,
515429,
517321,
519174,
521091,
523006,
524980,
526975,
528938,
530957,
532990,
534964,
536826,
538729,
540696,
542732,
544739,
546672,
548622,
550618,
552893,
554889,
557023,
559146,
561235,
563280,
565492,
567715,
569844,
572119,
574272,
576541,
578551,
580686,
582844,
585072,
587323,
589538,
591749,
593982,
596269,
598547,
600875,
603270,
605710,
608018,
610342,
612769,
615001,
617248,
619772,
622250,
624842,
627481,
629849,
632455,
635125,
637584,
640147,
642839,
645501,
648150,
650826,
653601,
656202,
659002,
661792,
664584,
667331,
670059,
672921,
675645,
678459,
681254,
684056,
686735,
689481,
692286,
695133,
698299,
701334,
704488,
707696,
710831,
714035,
717331,
720628,
723843,
727114,
730330,
733678,
736987,
740341,
743615,
746832,
750301,
753543,
757109,
760631,
764109,
767548,
770945,
774473,
777978,
781424,
784954,
788741,
792282,
795979,
799557,
803404,
807166,
810890,
814835,
818687,
822619,
826727,
830723,
834861,
839203,
843493,
847669,
851792,
855975,
860058,
864236,
868464,
872875,
877226,
881474,
885871,
890483,
895033,
899435,
903692,
908166,
912759,
917253,
921885,
926576,
931213,
936001,
940707,
945665,
950581,
955611,
960739,
965754,
970881,
976368,
981801,
987042,
992298,
997567,
1.00299e+06,
1.00837e+06,
1.01375e+06,
1.01921e+06,
1.02483e+06,
1.03032e+06,
1.03617e+06,
1.04195e+06,
1.04759e+06,
1.05328e+06,
1.05877e+06,
1.06456e+06,
1.0705e+06,
1.07648e+06,
1.08242e+06,
1.08853e+06,
1.09448e+06,
1.10073e+06,
1.10696e+06,
1.11317e+06,
1.11945e+06,
1.12597e+06,
1.13267e+06,
1.13919e+06,
1.14585e+06,
1.15261e+06,
1.15943e+06,
1.16637e+06,
1.17334e+06,
1.18013e+06,
1.18689e+06,
1.19425e+06,
1.20134e+06,
1.20855e+06,
1.21588e+06,
1.22307e+06,
1.23029e+06,
1.23781e+06,
1.24531e+06,
1.25289e+06,
1.26061e+06,
1.2682e+06,
1.27599e+06,
1.28398e+06,
1.29197e+06,
1.29984e+06,
1.30808e+06,
1.31628e+06,
1.32482e+06,
1.33351e+06,
1.34203e+06,
1.35066e+06,
1.35944e+06,
1.36828e+06,
1.3772e+06,
1.38639e+06,
1.39572e+06,
1.4051e+06,
1.41457e+06,
1.42401e+06,
1.43326e+06,
1.44281e+06,
1.45222e+06,
1.46223e+06,
1.47248e+06,
1.48257e+06,
1.49284e+06,
1.50311e+06,
1.51353e+06,
1.52353e+06,
1.53401e+06,
1.54476e+06,
1.55579e+06,
1.56687e+06,
1.5782e+06,
1.58949e+06,
1.60099e+06,
1.61255e+06,
1.62415e+06,
1.63606e+06,
1.64775e+06,
1.6597e+06,
1.67229e+06,
1.68493e+06,
1.69746e+06,
1.71031e+06,
1.72346e+06,
1.73648e+06,
1.74973e+06,
1.76286e+06,
1.77631e+06,
1.78984e+06,
1.80387e+06,
1.81795e+06,
1.83201e+06,
1.8463e+06,
1.86096e+06,
1.87573e+06,
1.89063e+06,
1.90559e+06,
1.92094e+06,
1.93676e+06,
1.95245e+06,
1.9685e+06,
1.98498e+06,
2.00162e+06,
2.01885e+06,
2.0368e+06,
2.05527e+06,
2.07389e+06,
2.09353e+06,
2.1126e+06,
2.13202e+06,
2.15154e+06,
2.17115e+06,
2.19108e+06,
2.21164e+06,
2.23238e+06,
2.2535e+06,
2.27465e+06,
2.29605e+06,
2.31806e+06,
2.33957e+06,
2.36197e+06,
2.38451e+06,
2.4072e+06,
2.4307e+06,
2.45432e+06,
2.47851e+06,
2.50272e+06,
2.52696e+06,
2.55212e+06,
2.57728e+06,
2.60347e+06,
2.63019e+06,
2.65728e+06,
2.68448e+06,
2.71237e+06,
2.74113e+06,
2.76966e+06,
2.79862e+06,
2.82754e+06,
2.85755e+06,
2.88809e+06,
2.91946e+06,
2.95144e+06,
2.98382e+06,
3.0171e+06,
3.05091e+06,
3.08547e+06,
3.14179e+06,
3.2282e+06,
3.317e+06,
3.40737e+06,
3.49998e+06,
3.59493e+06,
3.69401e+06,
3.79813e+06,
3.91526e+06,
4.03089e+06,
4.14361e+06,
4.24579e+06,
4.34418e+06,
4.43824e+06,
4.53048e+06,
4.62274e+06,
4.71029e+06,
4.79555e+06,
4.87945e+06,
4.96617e+06,
5.05911e+06,
5.15075e+06,
5.23733e+06,
5.32309e+06,
5.40746e+06,
5.49116e+06,
5.57461e+06,
5.65523e+06,
5.73421e+06,
5.81883e+06,
5.90804e+06,
5.99772e+06,
6.08198e+06,
6.16387e+06,
6.24505e+06,
6.32495e+06,
6.40473e+06,
6.48334e+06,
6.55959e+06,
6.64391e+06,
6.73343e+06,
6.82298e+06,
6.91032e+06,
6.9942e+06,
7.07705e+06,
7.1576e+06,
7.23777e+06,
7.31826e+06,
7.40094e+06,
7.49076e+06,
7.5803e+06,
7.67408e+06,
7.76451e+06,
7.85096e+06,
7.93563e+06,
8.01814e+06,
8.10022e+06,
8.1822e+06,
8.27155e+06,
8.3628e+06,
8.45297e+06,
8.54381e+06,
8.63464e+06,
8.72304e+06,
8.80759e+06,
8.89144e+06,
8.97289e+06,
9.06024e+06,
9.15215e+06,
9.24097e+06,
9.32568e+06,
9.41273e+06,
9.50289e+06,
9.58931e+06,
9.67344e+06,
9.75645e+06,
9.84355e+06,
9.93857e+06,
1.00332e+07,
1.01243e+07,
1.02139e+07,
1.03039e+07,
1.03941e+07,
1.04873e+07,
1.05774e+07,
1.06662e+07,
1.07614e+07,
1.08544e+07,
1.09483e+07,
1.10393e+07,
1.11299e+07,
1.12202e+07,
1.13101e+07,
1.14014e+07,
1.14946e+07,
1.15918e+07,
1.16858e+07,
1.17791e+07,
1.18716e+07,
1.19635e+07,
1.2055e+07,
1.21452e+07,
1.22352e+07,
1.23263e+07,
1.24261e+07,
1.25247e+07,
1.26207e+07,
1.2714e+07,
1.28071e+07,
1.28992e+07,
1.29896e+07,
1.30793e+07,
1.31701e+07,
1.32671e+07,
1.33647e+07,
1.34634e+07,
1.35601e+07,
1.3654e+07,
1.37473e+07,
1.38394e+07,
1.39306e+07,
1.40209e+07,
1.41159e+07,
1.42113e+07,
1.43061e+07,
1.44024e+07,
1.44999e+07,
1.45952e+07,
1.4688e+07,
1.47795e+07,
1.48705e+07,
1.49644e+07,
1.50581e+07,
1.51538e+07,
1.52511e+07,
1.53501e+07,
1.54498e+07,
1.5549e+07,
1.56467e+07,
1.57427e+07,
1.58408e+07,
1.59391e+07,
1.60372e+07,
1.61353e+07,
1.62336e+07,
1.63313e+07,
1.64287e+07,
1.6528e+07,
1.66269e+07,
1.67271e+07,
1.68291e+07,
1.69311e+07,
1.70356e+07,
1.71395e+07,
1.724e+07,
1.73399e+07,
1.74395e+07,
1.75386e+07,
1.76387e+07,
1.77422e+07,
1.78431e+07,
1.79448e+07,
1.80446e+07,
1.81441e+07,
1.82428e+07,
1.83403e+07,
1.84385e+07,
1.85357e+07,
1.86352e+07,
1.87363e+07,
1.88369e+07,
375246,
374939,
374706,
374482,
374179,
373977,
373723,
373539,
373333,
373155,
372970,
372831,
372691,
372596,
372470,
372373,
372233,
372044,
371870,
371721,
371526,
371353,
371230,
371095,
370957,
370808,
370671,
370536,
370443,
370444,
370433,
370382,
370372,
370285,
370220,
370171,
370115,
370074,
369991,
369890,
369877,
369778,
369695,
369688,
369628,
369646,
369587,
369600,
369550,
369510,
369533,
369536,
369541,
369488,
369472,
369495,
369513,
369489,
369502,
369522,
369538,
369503,
369502,
369529,
369535,
369512,
369515,
369515,
369433,
369457,
369449,
369461,
369425,
369416,
369443,
369428,
369443,
369435,
369435,
369407,
369422,
369433,
369421,
369438,
369412,
369441,
369463,
369471,
369464,
369497,
369494,
369498,
369547,
369520,
369543,
369561,
369521,
369520,
369589,
369594,
369592,
369616,
369618,
369608,
369632,
369705,
369806,
369886,
369854,
369858,
369870,
369903,
369949,
369988,
370049,
370087,
370145,
370174,
370178,
370135,
370176,
370172,
370274,
370296,
370363,
370445,
370497,
370521,
370529,
370472,
370546,
370589,
370710,
370817,
370899,
370996,
371118,
371233,
371289,
371313,
371384,
371460,
371547,
371700,
371848,
372022,
372118,
372242,
372298,
372319,
372392,
372496,
372565,
372682,
372773,
372925,
373015,
373120,
373214,
373257,
373435,
373563,
373747,
373932,
374071,
374186,
374247,
374387,
374532,
374636,
374819,
374975,
375141,
375360,
375571,
375782,
375995,
376202,
376311,
376415,
376561,
376767,
376976,
377236,
377467,
377755,
377977,
378217,
378386,
378525,
378593,
378775,
379050,
379278,
379580,
379834,
380129,
380430,
380704,
380896,
381171,
381425,
381673,
381998,
382329,
382678,
382995,
383291,
383616,
383882,
384197,
384429,
384699,
385047,
385344,
385659,
386105,
386421,
386770,
387119,
387407,
387753,
388031,
388393,
388689,
388987,
389264,
389614,
389904,
390189,
390492,
390809,
391140,
391491,
391790,
392111,
392389,
392645,
393017,
393277,
393618,
394057,
395176,
396324,
397523,
398686,
399799,
400963,
401987,
403228,
404443,
405734,
406894,
408192,
409477,
410658,
411851,
413149,
414251,
415342,
416635,
417968,
419266,
420592,
421844,
423084,
424386,
425693,
427006,
428260,
429510,
430852,
432286,
433775,
435312,
436654,
438064,
439636,
441174,
442648,
444242,
445640,
447171,
448738,
450278,
451839,
453416,
455145,
456773,
458524,
460131,
461662,
463288,
464910,
466516,
468182,
469815,
471573,
473307,
474858,
476545,
478202,
480030,
481782,
483595,
485375,
487305,
489128,
491000,
492811,
494665,
496612,
498464,
500459,
502355,
504273,
506232,
508128,
510112,
512055,
514036,
515912,
517916,
519911,
521884,
523769,
525664,
527686,
529699,
531571,
533543,
535523,
537579,
539508,
541632,
543812,
545897,
548023,
550064,
552117,
554204,
556463,
558609,
560833,
563027,
565218,
567490,
569647,
571863,
573965,
576093,
578248,
580513,
582736,
585045,
587206,
589556,
591755,
594058,
596275,
598548,
600763,
603120,
605377,
607786,
610262,
612760,
615330,
618007,
620660,
623237,
625884,
628643,
631310,
634047,
636717,
639417,
642032,
644605,
647019,
649706,
652267,
654833,
657555,
660289,
663022,
665831,
668572,
671235,
673951,
676703,
679567,
682393,
685218,
688018,
690714,
693796,
696936,
700125,
703291,
706482,
709663,
713033,
716289,
719565,
722760,
726006,
729381,
732561,
735907,
739424,
742742,
746147,
749645,
753205,
756693,
760110,
763539,
766883,
770145,
773669,
777197,
780835,
784516,
787869,
791401,
795040,
798879,
802639,
806413,
810231,
814272,
818190,
822224,
826282,
830465,
834597,
838665,
842712,
846690,
850909,
854954,
859165,
863473,
867764,
872005,
876513,
880888,
885024,
889140,
893452,
897975,
902560,
907200,
911734,
916287,
920890,
925566,
930469,
935216,
940103,
944937,
949912,
955095,
960264,
965352,
970424,
975372,
980612,
985873,
991320,
996516,
1.00187e+06,
1.00723e+06,
1.01276e+06,
1.01824e+06,
1.0238e+06,
1.02934e+06,
1.03486e+06,
1.0404e+06,
1.04623e+06,
1.05199e+06,
1.05765e+06,
1.0632e+06,
1.06905e+06,
1.07501e+06,
1.08109e+06,
1.08733e+06,
1.09347e+06,
1.09957e+06,
1.10602e+06,
1.11207e+06,
1.11863e+06,
1.12488e+06,
1.13161e+06,
1.13828e+06,
1.1449e+06,
1.15155e+06,
1.15812e+06,
1.16475e+06,
1.17162e+06,
1.17843e+06,
1.18533e+06,
1.19244e+06,
1.19946e+06,
1.20654e+06,
1.21356e+06,
1.22101e+06,
1.22817e+06,
1.23531e+06,
1.24285e+06,
1.25013e+06,
1.2579e+06,
1.26565e+06,
1.27345e+06,
1.28138e+06,
1.28926e+06,
1.29734e+06,
1.30552e+06,
1.31362e+06,
1.32206e+06,
1.3306e+06,
1.33906e+06,
1.3478e+06,
1.3566e+06,
1.36539e+06,
1.37389e+06,
1.3828e+06,
1.3917e+06,
1.40062e+06,
1.40988e+06,
1.4193e+06,
1.4286e+06,
1.43816e+06,
1.44758e+06,
1.45703e+06,
1.46683e+06,
1.47712e+06,
1.48717e+06,
1.49668e+06,
1.50688e+06,
1.51725e+06,
1.52776e+06,
1.53854e+06,
1.54912e+06,
1.56002e+06,
1.57123e+06,
1.58232e+06,
1.59338e+06,
1.60469e+06,
1.61612e+06,
1.62773e+06,
1.63933e+06,
1.65124e+06,
1.66376e+06,
1.67573e+06,
1.68842e+06,
1.70096e+06,
1.71347e+06,
1.72605e+06,
1.7387e+06,
1.75185e+06,
1.76532e+06,
1.77888e+06,
1.79252e+06,
1.80619e+06,
1.82025e+06,
1.83463e+06,
1.84909e+06,
1.86329e+06,
1.87792e+06,
1.89286e+06,
1.90809e+06,
1.92394e+06,
1.93993e+06,
1.95608e+06,
1.9721e+06,
1.98877e+06,
2.00515e+06,
2.02182e+06,
2.03942e+06,
2.05793e+06,
2.0772e+06,
2.09612e+06,
2.11555e+06,
2.13472e+06,
2.15407e+06,
2.17362e+06,
2.19377e+06,
2.21371e+06,
2.2345e+06,
2.25578e+06,
2.277e+06,
2.29854e+06,
2.32074e+06,
2.34287e+06,
2.36539e+06,
2.38863e+06,
2.41187e+06,
2.43498e+06,
2.45905e+06,
2.48363e+06,
2.50852e+06,
2.53406e+06,
2.55967e+06,
2.58548e+06,
2.61219e+06,
2.6393e+06,
2.66669e+06,
2.69382e+06,
2.7222e+06,
2.75135e+06,
2.78065e+06,
2.81068e+06,
2.84111e+06,
2.87171e+06,
2.903e+06,
2.93511e+06,
2.96782e+06,
3.00088e+06,
3.03472e+06,
3.06864e+06,
3.10514e+06,
3.14158e+06,
3.18022e+06,
3.26061e+06,
3.35459e+06,
3.45069e+06,
3.54929e+06,
3.65255e+06,
3.76161e+06,
3.88641e+06,
4.00959e+06,
4.12132e+06,
4.21971e+06,
4.32285e+06,
4.42381e+06,
4.52247e+06,
4.62045e+06,
4.71299e+06,
4.80426e+06,
4.89519e+06,
4.98926e+06,
5.07952e+06,
5.16505e+06,
5.25742e+06,
5.34778e+06,
5.43714e+06,
5.52638e+06,
5.61235e+06,
5.6975e+06,
5.78364e+06,
5.87132e+06,
5.95965e+06,
6.04633e+06,
6.13466e+06,
6.22128e+06,
6.30596e+06,
6.39227e+06,
6.47524e+06,
6.55676e+06,
6.63811e+06,
6.71949e+06,
6.80421e+06,
6.89619e+06,
6.98527e+06,
7.07331e+06,
7.16101e+06,
7.24725e+06,
7.33358e+06,
7.41788e+06,
7.50052e+06,
7.58373e+06,
7.67353e+06,
7.77202e+06,
7.86644e+06,
7.95738e+06,
8.04744e+06,
8.13593e+06,
8.22217e+06,
8.30911e+06,
8.39357e+06,
8.47784e+06,
8.57188e+06,
8.67175e+06,
8.76845e+06,
8.8614e+06,
8.95015e+06,
9.03792e+06,
9.12481e+06,
9.20972e+06,
9.29355e+06,
9.3827e+06,
9.47953e+06,
9.57756e+06,
9.67347e+06,
9.76566e+06,
9.85512e+06,
9.94278e+06,
1.00263e+07,
1.01098e+07,
1.01954e+07,
1.02912e+07,
1.03867e+07,
1.04827e+07,
1.05802e+07,
1.06751e+07,
1.07675e+07,
1.08582e+07,
1.09472e+07,
1.1036e+07,
1.11362e+07,
1.12333e+07,
1.13291e+07,
1.14253e+07,
1.15212e+07,
1.16185e+07,
1.17125e+07,
1.18026e+07,
1.18939e+07,
1.19933e+07,
1.20909e+07,
1.21856e+07,
1.22806e+07,
1.23763e+07,
1.2471e+07,
1.25684e+07,
1.2664e+07,
1.2758e+07,
1.28575e+07,
1.29557e+07,
1.30523e+07,
1.31478e+07,
1.32425e+07,
1.33373e+07,
1.34316e+07,
1.35252e+07,
1.36235e+07,
1.37267e+07,
1.38263e+07,
1.39238e+07,
1.40202e+07,
1.41158e+07,
1.42106e+07,
1.43053e+07,
1.43991e+07,
1.44936e+07,
1.45942e+07,
1.46954e+07,
1.47948e+07,
1.48921e+07,
1.4988e+07,
1.50829e+07,
1.51771e+07,
1.52701e+07,
1.53632e+07,
1.54606e+07,
1.55583e+07,
1.56588e+07,
1.57613e+07,
1.58619e+07,
1.59612e+07,
1.60586e+07,
1.61577e+07,
1.6256e+07,
1.63575e+07,
1.64593e+07,
1.6561e+07,
1.66639e+07,
1.67678e+07,
1.68715e+07,
1.6971e+07,
1.707e+07,
1.71691e+07,
1.7273e+07,
1.7379e+07,
1.7487e+07,
1.75945e+07,
1.76989e+07,
1.7804e+07,
1.7909e+07,
1.80115e+07,
1.81122e+07,
1.8214e+07,
1.83176e+07,
1.84215e+07,
1.85242e+07,
1.86278e+07,
1.87302e+07,
1.88314e+07,
1.89346e+07,
1.90371e+07,
1.91377e+07,
1.92403e+07,
1.93427e+07,
1.94443e+07,
1.95459e+07,
1.96482e+07,
1.97498e+07,
1.98507e+07,
375246,
374938,
374704,
374469,
374183,
373958,
373699,
373514,
373332,
373139,
372957,
372765,
372642,
372556,
372427,
372296,
372214,
372042,
371850,
371686,
371491,
371297,
371179,
371015,
370857,
370728,
370568,
370453,
370323,
370263,
370223,
370217,
370185,
370147,
370083,
370021,
369970,
369917,
369878,
369833,
369776,
369685,
369635,
369565,
369465,
369444,
369394,
369351,
369321,
369308,
369280,
369260,
369254,
369232,
369217,
369188,
369188,
369133,
369125,
369167,
369134,
369122,
369096,
369130,
369094,
369054,
369149,
369126,
369141,
369105,
369098,
369079,
369061,
368988,
368930,
368926,
368906,
368910,
368908,
368872,
368836,
368853,
368858,
368869,
368845,
368810,
368807,
368814,
368815,
368842,
368878,
368910,
368911,
368918,
368901,
368935,
368922,
368912,
368928,
368870,
368852,
368871,
368939,
369025,
369079,
369141,
369121,
369125,
369100,
369025,
369064,
369064,
369124,
369166,
369209,
369278,
369347,
369384,
369432,
369455,
369497,
369508,
369559,
369608,
369663,
369738,
369785,
369845,
369848,
369811,
369871,
369974,
370047,
370117,
370272,
370417,
370529,
370647,
370691,
370732,
370817,
370902,
371047,
371152,
371282,
371362,
371436,
371488,
371608,
371606,
371685,
371755,
371884,
372005,
372124,
372247,
372346,
372481,
372534,
372581,
372725,
372857,
372990,
373108,
373265,
373383,
373545,
373723,
373845,
373931,
374083,
374199,
374473,
374662,
374884,
375089,
375266,
375490,
375656,
375793,
375945,
376128,
376364,
376530,
376718,
376973,
377188,
377371,
377576,
377703,
377891,
378118,
378396,
378739,
379073,
379289,
379496,
379807,
380111,
380430,
380672,
380954,
381209,
381502,
381771,
382085,
382332,
382602,
382764,
382947,
383215,
383509,
383814,
384155,
384489,
384805,
385064,
385347,
385577,
385758,
386046,
386372,
386698,
387039,
387378,
387668,
387940,
388233,
388540,
388796,
389079,
389349,
389641,
389969,
390612,
391709,
392914,
393989,
395073,
396169,
397276,
398412,
399499,
400695,
401878,
403037,
404224,
405424,
406703,
407907,
409140,
410356,
411535,
412700,
413824,
415212,
416554,
417836,
419092,
420242,
421492,
422736,
424088,
425282,
426599,
427860,
429383,
430937,
432482,
433937,
435426,
436979,
438493,
440133,
441639,
443162,
444597,
446112,
447739,
449385,
451045,
452599,
454158,
455812,
457368,
458975,
460522,
462052,
463727,
465332,
466964,
468612,
470264,
471920,
473662,
475536,
477415,
479244,
481068,
483076,
484987,
486894,
488849,
490740,
492676,
494579,
496524,
498514,
500465,
502391,
504299,
506137,
508077,
509870,
511853,
513632,
515628,
517596,
519469,
521435,
523398,
525246,
527326,
529266,
531410,
533429,
535605,
537722,
539903,
542075,
544229,
546407,
548596,
550709,
552884,
555220,
557411,
559594,
561682,
563731,
565967,
568257,
570567,
572789,
575073,
577361,
579585,
581908,
584124,
586218,
588479,
590794,
593156,
595641,
597857,
600228,
602666,
605201,
607674,
609989,
612472,
615133,
617636,
620207,
622762,
625289,
628002,
630684,
633430,
636204,
638985,
641733,
644368,
647066,
649756,
652434,
655217,
657777,
660482,
663197,
665783,
668547,
671425,
674276,
676990,
679980,
683064,
686021,
689014,
692032,
695159,
698302,
701497,
704544,
707717,
711070,
714309,
717553,
720824,
724088,
727240,
730325,
733580,
737014,
740506,
743980,
747226,
750721,
753975,
757489,
760694,
763989,
767558,
771118,
774669,
778386,
781908,
785731,
789633,
793421,
797245,
801176,
805126,
808962,
813042,
816868,
820646,
824532,
828506,
832455,
836524,
840500,
844598,
848707,
852922,
857129,
861282,
865376,
869702,
873806,
878135,
882565,
887057,
891370,
895777,
900233,
904794,
909347,
913893,
918511,
923324,
928229,
933171,
938128,
942874,
948084,
953186,
958238,
963142,
968013,
972951,
978085,
983241,
988488,
993805,
999164,
1.00444e+06,
1.0098e+06,
1.01531e+06,
1.02054e+06,
1.02605e+06,
1.0316e+06,
1.03709e+06,
1.04285e+06,
1.04854e+06,
1.05452e+06,
1.06013e+06,
1.06622e+06,
1.07226e+06,
1.07812e+06,
1.08427e+06,
1.0902e+06,
1.09667e+06,
1.10292e+06,
1.10929e+06,
1.11551e+06,
1.12195e+06,
1.12836e+06,
1.13475e+06,
1.14099e+06,
1.1475e+06,
1.15406e+06,
1.16083e+06,
1.16756e+06,
1.17462e+06,
1.18113e+06,
1.1879e+06,
1.19484e+06,
1.20192e+06,
1.2089e+06,
1.21594e+06,
1.2233e+06,
1.23063e+06,
1.23798e+06,
1.24524e+06,
1.25274e+06,
1.26046e+06,
1.26811e+06,
1.27592e+06,
1.28379e+06,
1.29177e+06,
1.29981e+06,
1.3077e+06,
1.3159e+06,
1.32434e+06,
1.33284e+06,
1.34126e+06,
1.34984e+06,
1.35838e+06,
1.36698e+06,
1.3756e+06,
1.38427e+06,
1.39334e+06,
1.40248e+06,
1.41164e+06,
1.42082e+06,
1.43012e+06,
1.43969e+06,
1.4491e+06,
1.45818e+06,
1.46787e+06,
1.47773e+06,
1.4875e+06,
1.49754e+06,
1.50775e+06,
1.51807e+06,
1.52855e+06,
1.53904e+06,
1.54968e+06,
1.5601e+06,
1.57102e+06,
1.58214e+06,
1.59319e+06,
1.60453e+06,
1.61602e+06,
1.62756e+06,
1.63934e+06,
1.65106e+06,
1.6632e+06,
1.67508e+06,
1.68708e+06,
1.69964e+06,
1.7123e+06,
1.72489e+06,
1.73751e+06,
1.75027e+06,
1.76373e+06,
1.77721e+06,
1.79049e+06,
1.80401e+06,
1.81781e+06,
1.83196e+06,
1.84595e+06,
1.86043e+06,
1.87536e+06,
1.89082e+06,
1.90599e+06,
1.92169e+06,
1.93701e+06,
1.95245e+06,
1.96884e+06,
1.98511e+06,
2.00147e+06,
2.01834e+06,
2.03589e+06,
2.05364e+06,
2.07246e+06,
2.09204e+06,
2.11102e+06,
2.12985e+06,
2.14946e+06,
2.16875e+06,
2.18834e+06,
2.20864e+06,
2.22918e+06,
2.2499e+06,
2.27111e+06,
2.29254e+06,
2.31418e+06,
2.33604e+06,
2.35882e+06,
2.38202e+06,
2.40532e+06,
2.42918e+06,
2.45297e+06,
2.47785e+06,
2.5027e+06,
2.52811e+06,
2.5543e+06,
2.5802e+06,
2.60697e+06,
2.63407e+06,
2.66151e+06,
2.68954e+06,
2.71854e+06,
2.74744e+06,
2.77797e+06,
2.80841e+06,
2.83922e+06,
2.87057e+06,
2.90192e+06,
2.93397e+06,
2.96746e+06,
3.00085e+06,
3.03555e+06,
3.07072e+06,
3.10698e+06,
3.14493e+06,
3.18325e+06,
3.2229e+06,
3.26296e+06,
3.34964e+06,
3.45152e+06,
3.55587e+06,
3.66588e+06,
3.78391e+06,
3.92233e+06,
4.0458e+06,
4.15273e+06,
4.25082e+06,
4.34651e+06,
4.45028e+06,
4.55627e+06,
4.65653e+06,
4.75513e+06,
4.85385e+06,
4.95336e+06,
5.05219e+06,
5.14397e+06,
5.23104e+06,
5.31713e+06,
5.41339e+06,
5.50837e+06,
5.60067e+06,
5.69196e+06,
5.78252e+06,
5.87625e+06,
5.97108e+06,
6.06063e+06,
6.14393e+06,
6.23052e+06,
6.32206e+06,
6.41186e+06,
6.49985e+06,
6.58579e+06,
6.67301e+06,
6.75979e+06,
6.84969e+06,
6.9356e+06,
7.01698e+06,
7.1058e+06,
7.19827e+06,
7.29015e+06,
7.38023e+06,
7.47023e+06,
7.55901e+06,
7.64828e+06,
7.74032e+06,
7.83016e+06,
7.91664e+06,
8.01293e+06,
8.10837e+06,
8.20369e+06,
8.29718e+06,
8.38879e+06,
8.47919e+06,
8.56894e+06,
8.66045e+06,
8.75286e+06,
8.84749e+06,
8.94493e+06,
9.04212e+06,
9.13776e+06,
9.23098e+06,
9.32086e+06,
9.40978e+06,
9.49816e+06,
9.58662e+06,
9.67665e+06,
9.78044e+06,
9.88232e+06,
9.98016e+06,
1.00746e+07,
1.01664e+07,
1.02572e+07,
1.03476e+07,
1.04358e+07,
1.05237e+07,
1.06215e+07,
1.07265e+07,
1.08279e+07,
1.09245e+07,
1.10169e+07,
1.11068e+07,
1.11979e+07,
1.12874e+07,
1.1377e+07,
1.1476e+07,
1.15816e+07,
1.16864e+07,
1.17899e+07,
1.18898e+07,
1.19855e+07,
1.208e+07,
1.21724e+07,
1.22636e+07,
1.23617e+07,
1.24652e+07,
1.25657e+07,
1.26654e+07,
1.27685e+07,
1.28684e+07,
1.29648e+07,
1.30587e+07,
1.31511e+07,
1.32507e+07,
1.33534e+07,
1.34548e+07,
1.35538e+07,
1.36528e+07,
1.37537e+07,
1.38546e+07,
1.39523e+07,
1.4048e+07,
1.415e+07,
1.4252e+07,
1.43529e+07,
1.44523e+07,
1.45504e+07,
1.46485e+07,
1.4747e+07,
1.48472e+07,
1.49451e+07,
1.50461e+07,
1.51467e+07,
1.52466e+07,
1.53467e+07,
1.54449e+07,
1.55424e+07,
1.56391e+07,
1.57359e+07,
1.58347e+07,
1.59383e+07,
1.60402e+07,
1.61397e+07,
1.62395e+07,
1.63406e+07,
1.64403e+07,
1.65396e+07,
1.66401e+07,
1.67411e+07,
1.68473e+07,
1.69567e+07,
1.70646e+07,
1.71694e+07,
1.7273e+07,
1.73769e+07,
1.74783e+07,
1.75806e+07,
1.76821e+07,
1.77899e+07,
1.79005e+07,
1.80154e+07,
1.81271e+07,
1.82361e+07,
1.83425e+07,
1.84472e+07,
1.85513e+07,
1.86532e+07,
1.87584e+07,
1.88651e+07,
1.89727e+07,
1.90803e+07,
1.91894e+07,
1.92963e+07,
1.94017e+07,
1.95055e+07,
1.96085e+07,
1.97122e+07,
1.98182e+07,
1.99236e+07,
2.00298e+07,
2.01365e+07,
2.02441e+07,
2.03521e+07,
2.04578e+07,
2.05606e+07,
2.06629e+07,
2.07685e+07,
2.08728e+07,
375246,
374947,
374701,
374487,
374212,
373979,
373728,
373500,
373336,
373167,
372956,
372778,
372649,
372529,
372411,
372266,
372160,
371986,
371847,
371686,
371478,
371278,
371177,
370966,
370800,
370662,
370546,
370423,
370301,
370135,
370055,
370046,
370009,
369992,
369949,
369923,
369837,
369777,
369773,
369720,
369641,
369565,
369487,
369387,
369305,
369287,
369231,
369114,
369087,
369068,
369031,
369029,
368938,
368903,
368908,
368908,
368931,
368889,
368834,
368768,
368685,
368687,
368700,
368701,
368702,
368701,
368670,
368674,
368641,
368645,
368609,
368573,
368555,
368478,
368469,
368485,
368491,
368459,
368482,
368474,
368435,
368400,
368413,
368384,
368298,
368271,
368293,
368272,
368242,
368234,
368211,
368228,
368273,
368319,
368326,
368330,
368343,
368387,
368395,
368325,
368330,
368340,
368315,
368329,
368333,
368356,
368383,
368438,
368431,
368419,
368432,
368452,
368471,
368478,
368555,
368559,
368608,
368658,
368675,
368689,
368723,
368764,
368836,
368899,
369012,
369120,
369215,
369290,
369400,
369377,
369421,
369444,
369543,
369689,
369769,
369906,
370012,
370008,
370131,
370154,
370210,
370319,
370401,
370512,
370582,
370681,
370778,
370881,
370914,
370894,
370963,
371093,
371199,
371331,
371491,
371589,
371762,
371884,
371960,
372021,
372143,
372258,
372335,
372411,
372609,
372820,
372939,
373080,
373225,
373308,
373453,
373648,
373836,
374001,
374246,
374395,
374533,
374804,
374974,
375199,
375352,
375556,
375761,
375977,
376189,
376402,
376668,
376906,
377097,
377197,
377413,
377680,
377980,
378271,
378561,
378862,
379149,
379396,
379592,
379752,
379921,
380105,
380371,
380618,
380873,
381115,
381311,
381551,
381804,
382059,
382361,
382641,
382885,
383167,
383391,
383662,
383976,
384267,
384484,
384666,
384976,
385316,
385619,
385887,
386207,
386487,
386772,
387085,
388063,
389134,
390160,
391293,
392343,
393497,
394666,
395785,
396894,
397972,
399138,
400251,
401340,
402543,
403741,
404960,
406121,
407429,
408667,
409870,
410947,
412206,
413397,
414728,
416022,
417320,
418576,
419842,
421121,
422518,
423933,
425322,
426676,
428061,
429531,
431053,
432553,
434078,
435736,
437173,
438779,
440296,
441870,
443262,
444829,
446332,
447923,
449504,
451082,
452587,
454200,
455806,
457456,
459046,
460609,
462339,
464050,
465714,
467228,
469072,
470875,
472739,
474798,
476767,
478676,
480524,
482441,
484292,
486126,
487911,
489813,
491735,
493702,
495537,
497465,
499335,
501219,
503242,
505074,
506925,
508841,
510757,
512726,
514773,
516804,
518746,
520754,
522725,
524774,
526803,
529047,
531183,
533342,
535419,
537492,
539657,
541877,
544022,
546324,
548524,
550709,
552879,
555013,
557132,
559419,
561631,
563941,
566190,
568501,
570701,
573059,
575219,
577477,
579859,
582105,
584444,
586682,
589004,
591266,
593713,
596173,
598662,
601200,
603754,
606207,
608814,
611422,
614024,
616684,
619271,
621758,
624255,
626876,
629361,
632104,
634672,
637373,
640099,
642795,
645617,
648444,
651349,
654100,
656961,
659785,
662529,
665245,
668108,
670902,
673828,
676782,
679770,
682955,
685955,
689205,
692294,
695368,
698326,
701653,
704816,
707930,
711017,
714073,
717406,
720674,
723866,
727153,
730368,
733661,
737015,
740244,
743530,
746835,
750116,
753532,
756957,
760537,
763973,
767542,
771004,
774681,
778383,
782237,
785997,
789994,
793849,
797745,
801607,
805418,
809337,
813265,
817266,
820995,
824921,
828915,
833060,
837265,
841349,
845520,
849495,
853557,
857679,
861696,
865969,
870156,
874295,
878520,
882947,
887450,
891888,
896382,
900895,
905481,
910159,
914955,
919876,
924535,
929457,
934259,
939289,
944260,
949131,
954083,
959017,
963922,
969047,
974178,
979329,
984367,
989466,
994656,
999931,
1.00518e+06,
1.01046e+06,
1.01586e+06,
1.02117e+06,
1.02666e+06,
1.03225e+06,
1.03759e+06,
1.04339e+06,
1.04938e+06,
1.0552e+06,
1.06109e+06,
1.06701e+06,
1.07302e+06,
1.07909e+06,
1.08514e+06,
1.09118e+06,
1.09733e+06,
1.10356e+06,
1.10963e+06,
1.11577e+06,
1.12209e+06,
1.12846e+06,
1.13475e+06,
1.1413e+06,
1.14794e+06,
1.15473e+06,
1.1614e+06,
1.16823e+06,
1.17487e+06,
1.1815e+06,
1.18821e+06,
1.19519e+06,
1.20231e+06,
1.20918e+06,
1.21641e+06,
1.22361e+06,
1.23093e+06,
1.23794e+06,
1.24526e+06,
1.25251e+06,
1.26022e+06,
1.26817e+06,
1.27603e+06,
1.28383e+06,
1.29175e+06,
1.29986e+06,
1.30781e+06,
1.31577e+06,
1.32394e+06,
1.33208e+06,
1.34057e+06,
1.34891e+06,
1.35754e+06,
1.36596e+06,
1.37445e+06,
1.38324e+06,
1.39223e+06,
1.40138e+06,
1.41053e+06,
1.41935e+06,
1.42851e+06,
1.43802e+06,
1.44731e+06,
1.45647e+06,
1.46618e+06,
1.47569e+06,
1.48578e+06,
1.49592e+06,
1.50594e+06,
1.51599e+06,
1.52624e+06,
1.53648e+06,
1.54689e+06,
1.55766e+06,
1.56841e+06,
1.57934e+06,
1.59058e+06,
1.60189e+06,
1.61296e+06,
1.62406e+06,
1.6353e+06,
1.64723e+06,
1.65863e+06,
1.67045e+06,
1.68261e+06,
1.69488e+06,
1.7074e+06,
1.71978e+06,
1.73237e+06,
1.74498e+06,
1.75786e+06,
1.77109e+06,
1.7844e+06,
1.79776e+06,
1.81171e+06,
1.82562e+06,
1.83965e+06,
1.854e+06,
1.8687e+06,
1.88344e+06,
1.89813e+06,
1.91333e+06,
1.92873e+06,
1.9444e+06,
1.96007e+06,
1.97624e+06,
1.9925e+06,
2.00931e+06,
2.02624e+06,
2.04312e+06,
2.06062e+06,
2.07912e+06,
2.09846e+06,
2.11749e+06,
2.13671e+06,
2.15616e+06,
2.17596e+06,
2.19568e+06,
2.2157e+06,
2.23595e+06,
2.25648e+06,
2.27753e+06,
2.29971e+06,
2.32182e+06,
2.34408e+06,
2.36701e+06,
2.39007e+06,
2.41368e+06,
2.43744e+06,
2.46121e+06,
2.48578e+06,
2.51086e+06,
2.53689e+06,
2.56315e+06,
2.59e+06,
2.61716e+06,
2.64429e+06,
2.67254e+06,
2.70084e+06,
2.72988e+06,
2.75984e+06,
2.79086e+06,
2.8218e+06,
2.85362e+06,
2.8859e+06,
2.91798e+06,
2.95068e+06,
2.98447e+06,
3.01921e+06,
3.0545e+06,
3.09137e+06,
3.1284e+06,
3.167e+06,
3.20666e+06,
3.2475e+06,
3.28891e+06,
3.33171e+06,
3.40479e+06,
3.51372e+06,
3.62767e+06,
3.75102e+06,
3.89564e+06,
4.02484e+06,
4.13536e+06,
4.23616e+06,
4.33418e+06,
4.42971e+06,
4.53294e+06,
4.63696e+06,
4.74134e+06,
4.84543e+06,
4.95332e+06,
5.05927e+06,
5.15793e+06,
5.25203e+06,
5.34358e+06,
5.4343e+06,
5.53161e+06,
5.62867e+06,
5.72565e+06,
5.82335e+06,
5.9215e+06,
6.02164e+06,
6.11495e+06,
6.20554e+06,
6.29308e+06,
6.38074e+06,
6.4733e+06,
6.56634e+06,
6.65656e+06,
6.74898e+06,
6.84045e+06,
6.93445e+06,
7.02542e+06,
7.11247e+06,
7.19907e+06,
7.28415e+06,
7.37794e+06,
7.47247e+06,
7.56518e+06,
7.65909e+06,
7.75429e+06,
7.85176e+06,
7.94783e+06,
8.0398e+06,
8.12826e+06,
8.21923e+06,
8.31648e+06,
8.41318e+06,
8.50913e+06,
8.60733e+06,
8.70517e+06,
8.80267e+06,
8.90081e+06,
8.99419e+06,
9.08347e+06,
9.17988e+06,
9.27733e+06,
9.37613e+06,
9.47476e+06,
9.57075e+06,
9.6666e+06,
9.76055e+06,
9.857e+06,
9.95045e+06,
1.00417e+07,
1.0144e+07,
1.02476e+07,
1.03489e+07,
1.04456e+07,
1.05403e+07,
1.06347e+07,
1.0729e+07,
1.08227e+07,
1.09168e+07,
1.10196e+07,
1.11295e+07,
1.12323e+07,
1.13314e+07,
1.14255e+07,
1.1518e+07,
1.16112e+07,
1.1704e+07,
1.17949e+07,
1.18992e+07,
1.20134e+07,
1.2119e+07,
1.22208e+07,
1.23201e+07,
1.24177e+07,
1.25135e+07,
1.26083e+07,
1.27014e+07,
1.28034e+07,
1.29177e+07,
1.30261e+07,
1.31293e+07,
1.32298e+07,
1.33277e+07,
1.34244e+07,
1.35187e+07,
1.36133e+07,
1.37161e+07,
1.38259e+07,
1.3934e+07,
1.40412e+07,
1.41446e+07,
1.42447e+07,
1.43437e+07,
1.44418e+07,
1.45396e+07,
1.4642e+07,
1.47472e+07,
1.48532e+07,
1.4957e+07,
1.50633e+07,
1.51669e+07,
1.52658e+07,
1.53634e+07,
1.54614e+07,
1.55635e+07,
1.56671e+07,
1.57709e+07,
1.58739e+07,
1.59767e+07,
1.60807e+07,
1.61835e+07,
1.62838e+07,
1.63841e+07,
1.64857e+07,
1.65878e+07,
1.66892e+07,
1.67906e+07,
1.68942e+07,
1.6997e+07,
1.70998e+07,
1.7206e+07,
1.73133e+07,
1.74214e+07,
1.75297e+07,
1.76388e+07,
1.7746e+07,
1.78531e+07,
1.79601e+07,
1.8066e+07,
1.81713e+07,
1.82818e+07,
1.83978e+07,
1.85159e+07,
1.86295e+07,
1.87403e+07,
1.88503e+07,
1.8958e+07,
1.90646e+07,
1.91705e+07,
1.92777e+07,
1.93887e+07,
1.95022e+07,
1.96156e+07,
1.97255e+07,
1.98343e+07,
1.99432e+07,
2.00505e+07,
2.0158e+07,
2.02648e+07,
2.03748e+07,
2.04845e+07,
2.05974e+07,
2.07112e+07,
2.08201e+07,
2.09274e+07,
2.10346e+07,
2.11403e+07,
2.12446e+07,
2.1351e+07,
2.14587e+07,
2.15664e+07,
2.16756e+07,
2.17879e+07,
2.18972e+07,
375246,
374965,
374699,
374489,
374234,
373978,
373732,
373490,
373330,
373166,
372940,
372770,
372629,
372534,
372414,
372234,
372123,
371957,
371818,
371658,
371441,
371255,
371116,
370987,
370815,
370620,
370437,
370366,
370243,
370161,
370025,
369962,
369878,
369840,
369831,
369801,
369763,
369729,
369665,
369590,
369492,
369380,
369317,
369232,
369185,
369097,
369017,
368929,
368886,
368855,
368818,
368784,
368723,
368709,
368621,
368570,
368551,
368490,
368401,
368367,
368361,
368298,
368238,
368252,
368213,
368176,
368180,
368165,
368180,
368173,
368101,
368090,
368028,
368115,
368116,
368117,
368069,
368073,
367974,
367952,
367894,
367895,
367888,
367870,
367827,
367831,
367823,
367778,
367751,
367779,
367743,
367699,
367714,
367729,
367793,
367837,
367864,
367881,
367896,
367822,
367777,
367739,
367795,
367800,
367817,
367828,
367790,
367834,
367840,
367810,
367836,
367834,
367839,
367894,
367960,
368043,
368064,
368090,
368152,
368119,
368155,
368225,
368292,
368381,
368503,
368628,
368747,
368833,
368875,
368826,
368878,
368952,
369078,
369159,
369257,
369309,
369366,
369521,
369640,
369730,
369735,
369756,
369780,
369890,
370009,
370092,
370188,
370310,
370348,
370404,
370446,
370540,
370664,
370798,
370917,
370986,
371050,
371170,
371307,
371388,
371452,
371589,
371726,
371816,
371948,
372157,
372312,
372478,
372662,
372751,
372953,
373185,
373354,
373564,
373725,
373895,
374154,
374350,
374564,
374717,
374871,
374983,
375087,
375296,
375513,
375795,
376138,
376398,
376563,
376747,
376891,
377102,
377370,
377615,
377848,
378055,
378347,
378595,
378798,
378980,
379138,
379354,
379578,
379817,
380008,
380204,
380416,
380746,
380951,
381224,
381444,
381666,
381946,
382251,
382459,
382677,
382933,
383211,
383471,
383623,
383821,
384162,
385134,
386241,
387329,
388438,
389605,
390763,
391910,
393043,
394163,
395292,
396432,
397498,
398636,
399823,
401015,
402246,
403372,
404511,
405658,
406876,
408001,
409203,
410364,
411537,
412822,
414159,
415429,
416785,
418109,
419507,
420918,
422384,
423890,
425290,
426624,
428025,
429509,
430968,
432380,
433910,
435454,
436901,
438465,
439992,
441557,
443009,
444547,
446146,
447754,
449310,
450947,
452548,
454138,
455808,
457423,
459029,
460698,
462449,
464252,
466138,
467917,
469795,
471595,
473421,
475328,
477202,
479057,
480984,
482930,
484782,
486537,
488384,
490255,
492224,
494081,
495977,
497843,
499751,
501790,
503678,
505688,
507637,
509639,
511474,
513517,
515550,
517522,
519499,
521489,
523719,
526005,
528189,
530284,
532377,
534634,
536810,
538877,
541087,
543301,
545473,
547666,
549867,
552109,
554395,
556564,
558738,
560851,
562959,
565167,
567467,
569751,
571980,
574339,
576730,
579096,
581512,
583919,
586318,
588800,
591313,
593804,
596357,
599027,
601554,
604086,
606661,
609105,
611704,
614251,
616922,
619519,
622079,
624647,
627303,
630087,
632719,
635237,
637993,
640563,
643312,
646030,
648849,
651529,
654343,
657182,
659996,
662916,
666127,
669201,
672248,
675418,
678626,
681765,
684853,
687908,
691028,
694088,
697163,
700247,
703538,
706703,
709934,
713091,
716306,
719416,
722655,
726021,
729314,
732481,
735755,
739192,
742503,
746009,
749391,
752659,
756042,
759580,
763107,
766882,
770571,
774285,
777976,
781521,
785361,
789199,
793017,
796833,
800654,
804353,
808158,
812075,
816107,
820033,
823897,
827883,
831883,
835864,
839781,
843752,
847766,
851898,
856004,
860215,
864561,
868767,
873067,
877349,
881877,
886396,
891008,
895548,
900149,
905120,
909816,
914294,
918815,
923486,
928207,
932916,
937754,
942890,
947722,
952806,
957591,
962661,
967785,
972999,
978360,
983475,
988744,
994027,
999284,
1.00463e+06,
1.00993e+06,
1.01533e+06,
1.02059e+06,
1.02623e+06,
1.03167e+06,
1.03731e+06,
1.04301e+06,
1.04862e+06,
1.05442e+06,
1.06018e+06,
1.06617e+06,
1.07214e+06,
1.07812e+06,
1.08401e+06,
1.09007e+06,
1.09605e+06,
1.10217e+06,
1.10832e+06,
1.11455e+06,
1.12074e+06,
1.12699e+06,
1.13352e+06,
1.13979e+06,
1.14624e+06,
1.15263e+06,
1.15933e+06,
1.16593e+06,
1.17269e+06,
1.17933e+06,
1.18607e+06,
1.19281e+06,
1.19974e+06,
1.20682e+06,
1.21395e+06,
1.22121e+06,
1.22831e+06,
1.23567e+06,
1.24329e+06,
1.25066e+06,
1.25809e+06,
1.26547e+06,
1.27312e+06,
1.28115e+06,
1.28903e+06,
1.29693e+06,
1.30489e+06,
1.31283e+06,
1.32097e+06,
1.32899e+06,
1.33739e+06,
1.34576e+06,
1.35433e+06,
1.3629e+06,
1.37155e+06,
1.37994e+06,
1.38843e+06,
1.39713e+06,
1.40624e+06,
1.41529e+06,
1.4241e+06,
1.43329e+06,
1.44263e+06,
1.45203e+06,
1.46164e+06,
1.47108e+06,
1.48083e+06,
1.49082e+06,
1.5008e+06,
1.51116e+06,
1.52145e+06,
1.53166e+06,
1.5419e+06,
1.55238e+06,
1.56319e+06,
1.57371e+06,
1.58458e+06,
1.59532e+06,
1.60632e+06,
1.61767e+06,
1.62865e+06,
1.64008e+06,
1.65144e+06,
1.66323e+06,
1.67503e+06,
1.6869e+06,
1.69881e+06,
1.71096e+06,
1.72325e+06,
1.73585e+06,
1.74867e+06,
1.76171e+06,
1.77469e+06,
1.78807e+06,
1.80181e+06,
1.81548e+06,
1.82882e+06,
1.8427e+06,
1.85709e+06,
1.87167e+06,
1.88636e+06,
1.90148e+06,
1.91671e+06,
1.93177e+06,
1.94713e+06,
1.96274e+06,
1.97843e+06,
1.99484e+06,
2.01171e+06,
2.02852e+06,
2.0454e+06,
2.0628e+06,
2.08053e+06,
2.09921e+06,
2.11842e+06,
2.1372e+06,
2.15654e+06,
2.17606e+06,
2.19592e+06,
2.21602e+06,
2.23616e+06,
2.257e+06,
2.27822e+06,
2.29977e+06,
2.32205e+06,
2.34419e+06,
2.36653e+06,
2.3894e+06,
2.41297e+06,
2.43643e+06,
2.46088e+06,
2.48574e+06,
2.5106e+06,
2.53624e+06,
2.56269e+06,
2.58905e+06,
2.6163e+06,
2.64347e+06,
2.67141e+06,
2.70041e+06,
2.72924e+06,
2.75989e+06,
2.79108e+06,
2.82263e+06,
2.85482e+06,
2.88673e+06,
2.91981e+06,
2.95299e+06,
2.98738e+06,
3.02266e+06,
3.0582e+06,
3.09528e+06,
3.13327e+06,
3.17199e+06,
3.21224e+06,
3.25309e+06,
3.29547e+06,
3.33851e+06,
3.38381e+06,
3.43115e+06,
3.53162e+06,
3.65484e+06,
3.79143e+06,
3.94428e+06,
4.07104e+06,
4.17794e+06,
4.27837e+06,
4.37669e+06,
4.47423e+06,
4.56799e+06,
4.67104e+06,
4.7777e+06,
4.88728e+06,
5.00238e+06,
5.11157e+06,
5.21484e+06,
5.31531e+06,
5.41496e+06,
5.50934e+06,
5.60107e+06,
5.70492e+06,
5.80914e+06,
5.91353e+06,
6.02091e+06,
6.12422e+06,
6.22016e+06,
6.31502e+06,
6.40503e+06,
6.49411e+06,
6.58287e+06,
6.68182e+06,
6.78009e+06,
6.87697e+06,
6.97494e+06,
7.07294e+06,
7.16589e+06,
7.25518e+06,
7.3429e+06,
7.43038e+06,
7.52109e+06,
7.62108e+06,
7.71891e+06,
7.81679e+06,
7.91559e+06,
8.0196e+06,
8.11736e+06,
8.21103e+06,
8.30407e+06,
8.39438e+06,
8.48901e+06,
8.58982e+06,
8.68907e+06,
8.7891e+06,
8.89044e+06,
8.99871e+06,
9.10221e+06,
9.19726e+06,
9.29042e+06,
9.38079e+06,
9.4802e+06,
9.57999e+06,
9.68091e+06,
9.78332e+06,
9.88879e+06,
9.9933e+06,
1.00944e+07,
1.0189e+07,
1.02798e+07,
1.03698e+07,
1.04734e+07,
1.05764e+07,
1.06845e+07,
1.07878e+07,
1.08898e+07,
1.09916e+07,
1.10927e+07,
1.11884e+07,
1.12794e+07,
1.13768e+07,
1.1488e+07,
1.16004e+07,
1.17041e+07,
1.1806e+07,
1.19063e+07,
1.20053e+07,
1.21049e+07,
1.21998e+07,
1.22924e+07,
1.24098e+07,
1.25194e+07,
1.26221e+07,
1.27229e+07,
1.28225e+07,
1.29232e+07,
1.30228e+07,
1.31232e+07,
1.3225e+07,
1.33389e+07,
1.34499e+07,
1.35555e+07,
1.36591e+07,
1.3759e+07,
1.38578e+07,
1.39556e+07,
1.40531e+07,
1.41583e+07,
1.42732e+07,
1.43886e+07,
1.4496e+07,
1.4601e+07,
1.47045e+07,
1.48064e+07,
1.49064e+07,
1.50063e+07,
1.51098e+07,
1.52174e+07,
1.53345e+07,
1.54453e+07,
1.55503e+07,
1.56533e+07,
1.57546e+07,
1.58531e+07,
1.59536e+07,
1.60566e+07,
1.61623e+07,
1.62717e+07,
1.63844e+07,
1.64946e+07,
1.65988e+07,
1.67007e+07,
1.68015e+07,
1.69033e+07,
1.70055e+07,
1.71087e+07,
1.72139e+07,
1.73209e+07,
1.74305e+07,
1.75402e+07,
1.76456e+07,
1.77484e+07,
1.78536e+07,
1.79605e+07,
1.80696e+07,
1.81819e+07,
1.82955e+07,
1.84083e+07,
1.85209e+07,
1.86348e+07,
1.87464e+07,
1.88592e+07,
1.89778e+07,
1.9095e+07,
1.92092e+07,
1.93227e+07,
1.94367e+07,
1.95494e+07,
1.96615e+07,
1.9775e+07,
1.98889e+07,
2.00016e+07,
2.01145e+07,
2.02279e+07,
2.03414e+07,
2.04541e+07,
2.0568e+07,
2.06801e+07,
2.07925e+07,
2.09074e+07,
2.10249e+07,
2.11385e+07,
2.12507e+07,
2.13636e+07,
2.14747e+07,
2.15847e+07,
2.16943e+07,
2.18031e+07,
2.19113e+07,
2.20219e+07,
2.21376e+07,
2.22501e+07,
2.23613e+07,
2.24729e+07,
2.25827e+07,
2.26905e+07,
2.27977e+07,
2.29051e+07,
375246,
374967,
374699,
374496,
374234,
373973,
373724,
373486,
373316,
373157,
372944,
372789,
372643,
372554,
372372,
372235,
372145,
371963,
371859,
371639,
371472,
371289,
371117,
370990,
370789,
370640,
370448,
370358,
370208,
370097,
370002,
369905,
369739,
369689,
369683,
369626,
369621,
369543,
369486,
369430,
369317,
369238,
369175,
369114,
369067,
368947,
368810,
368731,
368656,
368594,
368572,
368532,
368476,
368445,
368390,
368273,
368192,
368180,
368167,
368070,
368037,
368018,
367944,
367893,
367857,
367780,
367775,
367746,
367734,
367668,
367635,
367661,
367658,
367599,
367613,
367609,
367544,
367573,
367558,
367517,
367469,
367374,
367345,
367354,
367346,
367356,
367329,
367338,
367274,
367259,
367261,
367283,
367281,
367256,
367286,
367279,
367300,
367268,
367286,
367291,
367261,
367249,
367326,
367296,
367329,
367353,
367381,
367419,
367450,
367374,
367372,
367377,
367391,
367461,
367493,
367596,
367621,
367677,
367754,
367753,
367747,
367819,
367869,
367966,
368014,
368103,
368177,
368229,
368309,
368326,
368322,
368424,
368516,
368648,
368726,
368843,
368857,
368945,
368980,
369018,
369082,
369182,
369239,
369344,
369447,
369533,
369610,
369718,
369798,
369850,
369922,
370004,
370127,
370228,
370331,
370435,
370547,
370647,
370753,
370783,
370838,
370900,
371056,
371203,
371353,
371505,
371680,
371860,
372089,
372244,
372443,
372658,
372918,
373087,
373176,
373354,
373561,
373751,
373916,
374158,
374380,
374558,
374744,
374927,
375111,
375321,
375542,
375699,
375803,
375948,
376162,
376377,
376667,
376879,
377089,
377344,
377651,
377845,
377993,
378173,
378296,
378425,
378589,
378879,
379084,
379371,
379665,
379885,
380153,
380361,
380461,
380705,
380917,
381149,
381360,
381661,
382321,
383467,
384518,
385647,
386731,
387773,
388873,
390017,
391222,
392359,
393403,
394473,
395652,
396733,
397824,
399024,
400193,
401444,
402699,
403958,
405134,
406469,
407572,
408698,
409845,
411075,
412298,
413594,
414955,
416329,
417800,
419190,
420658,
422016,
423425,
424838,
426199,
427696,
429230,
430721,
432317,
433741,
435279,
436703,
438139,
439624,
441108,
442569,
444144,
445807,
447322,
448899,
450437,
452218,
453870,
455454,
457200,
458924,
460566,
462478,
464293,
465988,
467888,
469735,
471681,
473468,
475453,
477376,
479262,
481047,
482876,
484702,
486575,
488383,
490133,
492061,
493930,
496022,
498114,
500031,
501942,
503878,
505777,
507743,
509727,
511706,
513853,
515943,
518043,
520159,
522267,
524416,
526610,
528795,
530847,
532987,
535070,
537266,
539515,
541680,
543789,
545857,
548118,
550432,
552757,
554941,
557166,
559421,
561819,
564115,
566341,
568696,
570990,
573251,
575517,
577805,
580444,
583012,
585562,
588024,
590487,
592923,
595502,
598044,
600440,
602896,
605502,
608112,
610764,
613469,
616081,
618744,
621353,
623877,
626504,
629226,
632076,
634711,
637314,
640118,
642913,
645691,
648461,
651188,
654010,
656840,
659878,
662912,
666089,
669279,
672410,
675578,
678680,
681812,
685159,
688387,
691596,
694811,
698014,
701163,
704470,
707722,
711009,
714172,
717267,
720484,
723737,
726968,
730274,
733809,
737099,
740282,
743739,
747181,
750646,
754055,
757601,
761187,
764667,
768474,
772284,
776023,
779647,
783233,
786936,
790756,
794566,
798473,
802290,
806258,
810034,
813825,
817627,
821462,
825378,
829372,
833426,
837447,
841569,
845718,
849919,
853999,
857978,
862281,
866342,
870794,
875139,
879690,
884042,
888602,
893238,
897820,
902404,
907006,
911660,
916444,
921212,
926063,
930946,
935812,
940698,
945595,
950586,
955556,
960475,
965357,
970149,
975129,
980385,
985531,
990778,
996116,
1.0014e+06,
1.00669e+06,
1.01219e+06,
1.01775e+06,
1.02341e+06,
1.02903e+06,
1.03464e+06,
1.04034e+06,
1.04614e+06,
1.05188e+06,
1.05768e+06,
1.06341e+06,
1.06918e+06,
1.07493e+06,
1.08081e+06,
1.08695e+06,
1.09305e+06,
1.09912e+06,
1.10525e+06,
1.11132e+06,
1.11751e+06,
1.12364e+06,
1.1298e+06,
1.13613e+06,
1.14253e+06,
1.14888e+06,
1.15536e+06,
1.16212e+06,
1.16873e+06,
1.17536e+06,
1.18195e+06,
1.18856e+06,
1.19553e+06,
1.20242e+06,
1.20938e+06,
1.21675e+06,
1.22417e+06,
1.23146e+06,
1.2388e+06,
1.2462e+06,
1.25341e+06,
1.26101e+06,
1.26818e+06,
1.27591e+06,
1.2838e+06,
1.29185e+06,
1.29951e+06,
1.3076e+06,
1.31561e+06,
1.3237e+06,
1.3319e+06,
1.34006e+06,
1.34823e+06,
1.3565e+06,
1.365e+06,
1.37345e+06,
1.38199e+06,
1.39055e+06,
1.39929e+06,
1.40821e+06,
1.41734e+06,
1.42628e+06,
1.43532e+06,
1.44473e+06,
1.45442e+06,
1.46387e+06,
1.47338e+06,
1.48342e+06,
1.49349e+06,
1.50349e+06,
1.51358e+06,
1.52339e+06,
1.53368e+06,
1.54403e+06,
1.55452e+06,
1.56519e+06,
1.57608e+06,
1.58675e+06,
1.5976e+06,
1.60857e+06,
1.61945e+06,
1.63043e+06,
1.64156e+06,
1.65311e+06,
1.66471e+06,
1.67655e+06,
1.68829e+06,
1.70011e+06,
1.71213e+06,
1.7247e+06,
1.73701e+06,
1.74979e+06,
1.76246e+06,
1.77561e+06,
1.78885e+06,
1.80231e+06,
1.81599e+06,
1.82966e+06,
1.84328e+06,
1.85763e+06,
1.8721e+06,
1.88636e+06,
1.90101e+06,
1.91577e+06,
1.93078e+06,
1.94606e+06,
1.96166e+06,
1.97737e+06,
1.99332e+06,
2.00969e+06,
2.0262e+06,
2.04287e+06,
2.05988e+06,
2.07716e+06,
2.09503e+06,
2.11403e+06,
2.13304e+06,
2.15242e+06,
2.17214e+06,
2.19132e+06,
2.21108e+06,
2.23115e+06,
2.25126e+06,
2.27205e+06,
2.29331e+06,
2.31503e+06,
2.33712e+06,
2.35936e+06,
2.38206e+06,
2.40477e+06,
2.42836e+06,
2.45191e+06,
2.47606e+06,
2.50083e+06,
2.52591e+06,
2.55176e+06,
2.57801e+06,
2.60492e+06,
2.63255e+06,
2.66038e+06,
2.68893e+06,
2.71778e+06,
2.74735e+06,
2.77783e+06,
2.80972e+06,
2.8421e+06,
2.87475e+06,
2.90844e+06,
2.94199e+06,
2.97644e+06,
3.01117e+06,
3.04633e+06,
3.08298e+06,
3.12039e+06,
3.15948e+06,
3.1992e+06,
3.24028e+06,
3.28257e+06,
3.32647e+06,
3.37156e+06,
3.41736e+06,
3.46568e+06,
3.51669e+06,
3.62416e+06,
3.76661e+06,
3.9332e+06,
4.06882e+06,
4.18009e+06,
4.28318e+06,
4.38325e+06,
4.48156e+06,
4.57615e+06,
4.66766e+06,
4.77152e+06,
4.88149e+06,
4.99708e+06,
5.10697e+06,
5.21308e+06,
5.31935e+06,
5.42777e+06,
5.5326e+06,
5.63452e+06,
5.73317e+06,
5.84321e+06,
5.95347e+06,
6.06819e+06,
6.17824e+06,
6.28353e+06,
6.38254e+06,
6.47819e+06,
6.57313e+06,
6.6648e+06,
6.75538e+06,
6.85552e+06,
6.959e+06,
7.06587e+06,
7.17145e+06,
7.26868e+06,
7.36316e+06,
7.45359e+06,
7.5457e+06,
7.6339e+06,
7.72433e+06,
7.82991e+06,
7.93466e+06,
8.04043e+06,
8.14751e+06,
8.24749e+06,
8.3445e+06,
8.43949e+06,
8.53502e+06,
8.63048e+06,
8.72499e+06,
8.83023e+06,
8.93667e+06,
9.04132e+06,
9.15118e+06,
9.2563e+06,
9.35851e+06,
9.46234e+06,
9.55936e+06,
9.65299e+06,
9.74961e+06,
9.85424e+06,
9.9588e+06,
1.00635e+07,
1.01728e+07,
1.02875e+07,
1.03912e+07,
1.0488e+07,
1.05818e+07,
1.0673e+07,
1.07732e+07,
1.08789e+07,
1.09844e+07,
1.11003e+07,
1.12155e+07,
1.13248e+07,
1.14251e+07,
1.15211e+07,
1.16138e+07,
1.1706e+07,
1.1812e+07,
1.19244e+07,
1.20458e+07,
1.21571e+07,
1.22674e+07,
1.2376e+07,
1.24769e+07,
1.25725e+07,
1.26661e+07,
1.27642e+07,
1.28788e+07,
1.2996e+07,
1.31046e+07,
1.32094e+07,
1.33135e+07,
1.34198e+07,
1.35194e+07,
1.36161e+07,
1.37162e+07,
1.38316e+07,
1.39491e+07,
1.40582e+07,
1.41642e+07,
1.42681e+07,
1.43714e+07,
1.44773e+07,
1.45822e+07,
1.46848e+07,
1.47944e+07,
1.49165e+07,
1.50282e+07,
1.51366e+07,
1.52433e+07,
1.53478e+07,
1.54511e+07,
1.55606e+07,
1.56693e+07,
1.57761e+07,
1.58938e+07,
1.60054e+07,
1.61124e+07,
1.62167e+07,
1.63203e+07,
1.64241e+07,
1.65296e+07,
1.66383e+07,
1.67497e+07,
1.68639e+07,
1.69774e+07,
1.70859e+07,
1.71908e+07,
1.72941e+07,
1.73993e+07,
1.75037e+07,
1.76092e+07,
1.7717e+07,
1.78302e+07,
1.79434e+07,
1.80528e+07,
1.816e+07,
1.82647e+07,
1.83718e+07,
1.84802e+07,
1.85881e+07,
1.86975e+07,
1.88137e+07,
1.89392e+07,
1.90614e+07,
1.91777e+07,
1.92922e+07,
1.94091e+07,
1.95297e+07,
1.96471e+07,
1.97627e+07,
1.98787e+07,
1.9999e+07,
2.01214e+07,
2.02424e+07,
2.03574e+07,
2.04723e+07,
2.05875e+07,
2.0703e+07,
2.08186e+07,
2.09346e+07,
2.1052e+07,
2.11721e+07,
2.12947e+07,
2.14175e+07,
2.15342e+07,
2.16504e+07,
2.17652e+07,
2.18789e+07,
2.1993e+07,
2.21067e+07,
2.22206e+07,
2.2335e+07,
2.24502e+07,
2.25675e+07,
2.26824e+07,
2.27959e+07,
2.29077e+07,
2.30195e+07,
2.31318e+07,
2.32442e+07,
2.3356e+07,
2.34685e+07,
2.35806e+07,
2.36935e+07,
2.38075e+07,
2.39201e+07,
375246,
374975,
374709,
374508,
374251,
373969,
373710,
373501,
373326,
373140,
372957,
372783,
372641,
372564,
372394,
372258,
372141,
371967,
371844,
371663,
371496,
371300,
371118,
370959,
370744,
370612,
370450,
370317,
370175,
370107,
369997,
369874,
369759,
369622,
369525,
369469,
369395,
369367,
369349,
369269,
369175,
369159,
369049,
368931,
368869,
368788,
368715,
368632,
368553,
368410,
368337,
368237,
368184,
368147,
368096,
368031,
367949,
367873,
367783,
367713,
367720,
367637,
367594,
367572,
367542,
367494,
367450,
367364,
367280,
367239,
367224,
367153,
367171,
367133,
367127,
367102,
367031,
367021,
366980,
366921,
366906,
366907,
366884,
366896,
366908,
366831,
366804,
366781,
366791,
366832,
366848,
366775,
366687,
366733,
366744,
366780,
366820,
366838,
366813,
366779,
366756,
366793,
366832,
366900,
366934,
366984,
367022,
367032,
367019,
367036,
366994,
366969,
367024,
367027,
367111,
367105,
367174,
367269,
367348,
367316,
367386,
367434,
367424,
367503,
367568,
367618,
367670,
367701,
367726,
367789,
367815,
367859,
367951,
368032,
368111,
368189,
368272,
368327,
368364,
368397,
368432,
368538,
368644,
368787,
368910,
368987,
369119,
369242,
369359,
369393,
369433,
369549,
369584,
369659,
369817,
369954,
370089,
370184,
370284,
370380,
370460,
370572,
370675,
370839,
371001,
371160,
371304,
371446,
371625,
371776,
371965,
372154,
372345,
372574,
372819,
373005,
373125,
373326,
373465,
373604,
373691,
373857,
374072,
374290,
374528,
374718,
374899,
375068,
375286,
375449,
375704,
375946,
376189,
376413,
376608,
376738,
376931,
377177,
377357,
377482,
377661,
377806,
378063,
378352,
378525,
378733,
378931,
379088,
379248,
379441,
379653,
380340,
381480,
382616,
383736,
384875,
385926,
387030,
388129,
389173,
390216,
391273,
392385,
393567,
394749,
395909,
397054,
398212,
399416,
400571,
401802,
402953,
404188,
405425,
406548,
407666,
408925,
410180,
411394,
412724,
414110,
415567,
417053,
418376,
419779,
421235,
422748,
424179,
425673,
427142,
428580,
430130,
431686,
433209,
434647,
436241,
437759,
439218,
440709,
442191,
443565,
445223,
446708,
448346,
449944,
451592,
453105,
454818,
456710,
458476,
460343,
462289,
464104,
465898,
467755,
469577,
471369,
473267,
475126,
476975,
478827,
480664,
482548,
484398,
486160,
488172,
490060,
491904,
493792,
495768,
497728,
499637,
501536,
503571,
505491,
507435,
509715,
511882,
514008,
516021,
518168,
520381,
522564,
524552,
526656,
528814,
530992,
533216,
535333,
537549,
539627,
541807,
544061,
546265,
548444,
550750,
552977,
555314,
557506,
559784,
562053,
564302,
566534,
568906,
571054,
573555,
576201,
578715,
581303,
583767,
586245,
588740,
591273,
593916,
596375,
598954,
601370,
604002,
606573,
609209,
611788,
614584,
617194,
619821,
622378,
624953,
627717,
630376,
633109,
635897,
638636,
641439,
644207,
647240,
650292,
653285,
656198,
659305,
662354,
665399,
668364,
671436,
674676,
677824,
680957,
684186,
687361,
690520,
693814,
697216,
700314,
703422,
706658,
710104,
713378,
716792,
720019,
723508,
726858,
730144,
733449,
736972,
740164,
743530,
747007,
750716,
754475,
758077,
761629,
765158,
768809,
772511,
776194,
779914,
783741,
787489,
791374,
795004,
798769,
802789,
806677,
810503,
814355,
818372,
822302,
826335,
830329,
834204,
838349,
842315,
846412,
850578,
854639,
858828,
863134,
867531,
871919,
876276,
880746,
885123,
889517,
893962,
898684,
903184,
907567,
912259,
917035,
921932,
926642,
931254,
935922,
940774,
945704,
950497,
955417,
960387,
965612,
970913,
976085,
981258,
986391,
991329,
996609,
1.0021e+06,
1.00739e+06,
1.01289e+06,
1.0186e+06,
1.02416e+06,
1.02971e+06,
1.03527e+06,
1.04091e+06,
1.04674e+06,
1.05254e+06,
1.05853e+06,
1.06449e+06,
1.07033e+06,
1.07614e+06,
1.08216e+06,
1.08824e+06,
1.09423e+06,
1.10014e+06,
1.10631e+06,
1.11258e+06,
1.11879e+06,
1.1251e+06,
1.13126e+06,
1.13767e+06,
1.14408e+06,
1.15034e+06,
1.15681e+06,
1.16299e+06,
1.1695e+06,
1.1763e+06,
1.18314e+06,
1.19016e+06,
1.1972e+06,
1.20415e+06,
1.21127e+06,
1.21823e+06,
1.22539e+06,
1.23272e+06,
1.24022e+06,
1.24744e+06,
1.25483e+06,
1.26239e+06,
1.27005e+06,
1.27769e+06,
1.28533e+06,
1.29323e+06,
1.30102e+06,
1.30881e+06,
1.31657e+06,
1.32465e+06,
1.33265e+06,
1.34094e+06,
1.34912e+06,
1.35733e+06,
1.36546e+06,
1.37403e+06,
1.3826e+06,
1.3909e+06,
1.39959e+06,
1.40855e+06,
1.4176e+06,
1.42675e+06,
1.4361e+06,
1.44525e+06,
1.45466e+06,
1.46409e+06,
1.47352e+06,
1.48294e+06,
1.49283e+06,
1.50281e+06,
1.51285e+06,
1.52299e+06,
1.53318e+06,
1.54337e+06,
1.55391e+06,
1.56434e+06,
1.57496e+06,
1.58559e+06,
1.59634e+06,
1.6074e+06,
1.61843e+06,
1.62927e+06,
1.64047e+06,
1.65198e+06,
1.66358e+06,
1.67502e+06,
1.68676e+06,
1.69853e+06,
1.71081e+06,
1.72282e+06,
1.73514e+06,
1.74781e+06,
1.76049e+06,
1.77319e+06,
1.78646e+06,
1.79955e+06,
1.81265e+06,
1.82583e+06,
1.83965e+06,
1.85367e+06,
1.86784e+06,
1.88219e+06,
1.89655e+06,
1.91116e+06,
1.92583e+06,
1.94066e+06,
1.95624e+06,
1.97186e+06,
1.98742e+06,
2.00333e+06,
2.01971e+06,
2.03601e+06,
2.05236e+06,
2.06939e+06,
2.08696e+06,
2.10478e+06,
2.12283e+06,
2.14252e+06,
2.16192e+06,
2.18111e+06,
2.20071e+06,
2.22014e+06,
2.24033e+06,
2.26096e+06,
2.2816e+06,
2.3022e+06,
2.32348e+06,
2.34501e+06,
2.36663e+06,
2.38952e+06,
2.41228e+06,
2.43546e+06,
2.45904e+06,
2.48352e+06,
2.50802e+06,
2.53287e+06,
2.55806e+06,
2.58345e+06,
2.61054e+06,
2.63782e+06,
2.66593e+06,
2.6946e+06,
2.72372e+06,
2.75322e+06,
2.78367e+06,
2.81482e+06,
2.84822e+06,
2.88112e+06,
2.91511e+06,
2.94895e+06,
2.98363e+06,
3.01895e+06,
3.05488e+06,
3.09168e+06,
3.12993e+06,
3.16887e+06,
3.20925e+06,
3.25018e+06,
3.29302e+06,
3.33634e+06,
3.38215e+06,
3.42917e+06,
3.47817e+06,
3.52952e+06,
3.58387e+06,
3.66913e+06,
3.83421e+06,
4.0048e+06,
4.13612e+06,
4.24677e+06,
4.35091e+06,
4.45194e+06,
4.55034e+06,
4.64322e+06,
4.7358e+06,
4.83414e+06,
4.94712e+06,
5.06102e+06,
5.16852e+06,
5.27347e+06,
5.37892e+06,
5.48455e+06,
5.59479e+06,
5.70875e+06,
5.82138e+06,
5.93355e+06,
6.05461e+06,
6.17846e+06,
6.29278e+06,
6.39825e+06,
6.50297e+06,
6.60681e+06,
6.70689e+06,
6.80338e+06,
6.89705e+06,
6.99677e+06,
7.10521e+06,
7.21645e+06,
7.32515e+06,
7.42974e+06,
7.52867e+06,
7.62421e+06,
7.71693e+06,
7.80926e+06,
7.90056e+06,
8.00088e+06,
8.11425e+06,
8.23132e+06,
8.34278e+06,
8.44359e+06,
8.54043e+06,
8.63684e+06,
8.73211e+06,
8.82743e+06,
8.92971e+06,
9.03867e+06,
9.15153e+06,
9.26762e+06,
9.37861e+06,
9.48225e+06,
9.58217e+06,
9.68141e+06,
9.79074e+06,
9.89377e+06,
9.99058e+06,
1.00972e+07,
1.02068e+07,
1.03192e+07,
1.04299e+07,
1.0534e+07,
1.06422e+07,
1.07548e+07,
1.08549e+07,
1.09508e+07,
1.10445e+07,
1.11532e+07,
1.1262e+07,
1.13721e+07,
1.14921e+07,
1.16137e+07,
1.17224e+07,
1.18248e+07,
1.19235e+07,
1.20183e+07,
1.21142e+07,
1.22251e+07,
1.23397e+07,
1.24621e+07,
1.25945e+07,
1.27076e+07,
1.28117e+07,
1.29117e+07,
1.30096e+07,
1.31036e+07,
1.32067e+07,
1.33224e+07,
1.34423e+07,
1.35645e+07,
1.36822e+07,
1.37906e+07,
1.38913e+07,
1.39887e+07,
1.40855e+07,
1.41844e+07,
1.42949e+07,
1.44189e+07,
1.45386e+07,
1.46514e+07,
1.47662e+07,
1.48743e+07,
1.49765e+07,
1.50799e+07,
1.5182e+07,
1.52851e+07,
1.54128e+07,
1.55364e+07,
1.56519e+07,
1.57643e+07,
1.58765e+07,
1.5988e+07,
1.60943e+07,
1.61985e+07,
1.63023e+07,
1.64158e+07,
1.65409e+07,
1.6654e+07,
1.67634e+07,
1.68721e+07,
1.6984e+07,
1.70968e+07,
1.72044e+07,
1.73105e+07,
1.74164e+07,
1.75403e+07,
1.76539e+07,
1.77636e+07,
1.78734e+07,
1.79828e+07,
1.80928e+07,
1.82052e+07,
1.83132e+07,
1.84191e+07,
1.85342e+07,
1.86492e+07,
1.87602e+07,
1.88707e+07,
1.89808e+07,
1.90911e+07,
1.92026e+07,
1.93176e+07,
1.9432e+07,
1.95533e+07,
1.96853e+07,
1.98083e+07,
1.99307e+07,
2.00571e+07,
2.01806e+07,
2.03e+07,
2.04177e+07,
2.05383e+07,
2.06588e+07,
2.07855e+07,
2.09104e+07,
2.10313e+07,
2.1152e+07,
2.12722e+07,
2.1391e+07,
2.15099e+07,
2.16294e+07,
2.17545e+07,
2.18825e+07,
2.20089e+07,
2.21308e+07,
2.22511e+07,
2.23701e+07,
2.24874e+07,
2.26049e+07,
2.2721e+07,
2.28372e+07,
2.29573e+07,
2.30818e+07,
2.32003e+07,
2.33172e+07,
2.34334e+07,
2.35479e+07,
2.36622e+07,
2.37754e+07,
2.38884e+07,
2.40023e+07,
2.41194e+07,
2.42409e+07,
2.43578e+07,
2.44747e+07,
2.45898e+07,
2.47034e+07,
2.48176e+07,
2.4932e+07,
375246,
374970,
374719,
374516,
374277,
373987,
373716,
373501,
373310,
373131,
372934,
372793,
372674,
372546,
372416,
372229,
372144,
371976,
371831,
371664,
371511,
371298,
371116,
370953,
370735,
370577,
370437,
370349,
370257,
370121,
369961,
369830,
369693,
369569,
369427,
369287,
369218,
369167,
369091,
369043,
369020,
368920,
368838,
368774,
368698,
368620,
368554,
368514,
368440,
368357,
368217,
368095,
368040,
367917,
367855,
367774,
367696,
367607,
367569,
367492,
367410,
367334,
367304,
367306,
367264,
367229,
367182,
367088,
366992,
366872,
366780,
366719,
366668,
366588,
366587,
366551,
366524,
366484,
366495,
366478,
366429,
366407,
366435,
366345,
366324,
366316,
366354,
366347,
366378,
366416,
366353,
366368,
366385,
366415,
366401,
366408,
366439,
366440,
366480,
366540,
366496,
366498,
366495,
366544,
366591,
366641,
366653,
366633,
366661,
366695,
366667,
366682,
366733,
366794,
366817,
366857,
366910,
366946,
366962,
366987,
366928,
366992,
367033,
367132,
367175,
367220,
367281,
367372,
367403,
367443,
367408,
367462,
367510,
367580,
367636,
367725,
367775,
367822,
367834,
367894,
367933,
368045,
368112,
368255,
368354,
368426,
368538,
368701,
368739,
368786,
368872,
368948,
369022,
369151,
369271,
369421,
369630,
369763,
369893,
369974,
370056,
370220,
370364,
370509,
370668,
370794,
370924,
371098,
371271,
371487,
371735,
371864,
372011,
372154,
372230,
372381,
372525,
372704,
372868,
372980,
373128,
373302,
373480,
373646,
373869,
374054,
374203,
374522,
374718,
374994,
375098,
375280,
375482,
375731,
375936,
376091,
376240,
376451,
376592,
376742,
376871,
377073,
377315,
377529,
377777,
377962,
378435,
379479,
380573,
381642,
382715,
383697,
384872,
386013,
387104,
388084,
389083,
390319,
391537,
392625,
393752,
394989,
396217,
397413,
398536,
399666,
400912,
402043,
403167,
404286,
405461,
406619,
407825,
409171,
410509,
411868,
413240,
414697,
416181,
417545,
419012,
420483,
421883,
423294,
424853,
426400,
427854,
429288,
430727,
432217,
433771,
435344,
436800,
438387,
440000,
441450,
443003,
444507,
446017,
447489,
449041,
450634,
452402,
454243,
456124,
457878,
459600,
461301,
463159,
465060,
466974,
468847,
470575,
472383,
474241,
476147,
477902,
479814,
481650,
483538,
485559,
487538,
489427,
491212,
493160,
495108,
497018,
499084,
501012,
503055,
505000,
507073,
509248,
511485,
513558,
515641,
517805,
520020,
522267,
524343,
526516,
528506,
530705,
532826,
534991,
537307,
539532,
541764,
544003,
546122,
548263,
550562,
552816,
555135,
557400,
559605,
561913,
564285,
566682,
569029,
571507,
573997,
576369,
578891,
581518,
583971,
586570,
589065,
591569,
594108,
596411,
599053,
601690,
604323,
606949,
609568,
612241,
615016,
617641,
620420,
622967,
625679,
628311,
631142,
633811,
636724,
639506,
642388,
645463,
648500,
651426,
654393,
657271,
660298,
663386,
666421,
669623,
672721,
675759,
678741,
681854,
685111,
688360,
691526,
694965,
698268,
701592,
704871,
708171,
711576,
715085,
718595,
721889,
725191,
728538,
732080,
735650,
739247,
742865,
746320,
749800,
753339,
756990,
760694,
764339,
768059,
771815,
775517,
779162,
782855,
786407,
790274,
794289,
798029,
801855,
805861,
809790,
813578,
817584,
821508,
825401,
829328,
833420,
837384,
841371,
845565,
849736,
854223,
858505,
862828,
867012,
871500,
875880,
880271,
884772,
889129,
893639,
898181,
902738,
907327,
911883,
916380,
921132,
925974,
930821,
935683,
940326,
945265,
950153,
954986,
959760,
964941,
970159,
975150,
980298,
985552,
990981,
996437,
1.00181e+06,
1.0072e+06,
1.01259e+06,
1.01815e+06,
1.02365e+06,
1.02923e+06,
1.03512e+06,
1.04079e+06,
1.04648e+06,
1.05231e+06,
1.05836e+06,
1.06406e+06,
1.06984e+06,
1.07557e+06,
1.08129e+06,
1.08729e+06,
1.09344e+06,
1.09946e+06,
1.10558e+06,
1.11167e+06,
1.11799e+06,
1.12432e+06,
1.1303e+06,
1.13681e+06,
1.14311e+06,
1.14939e+06,
1.15597e+06,
1.16253e+06,
1.16925e+06,
1.17585e+06,
1.18247e+06,
1.18945e+06,
1.19637e+06,
1.20321e+06,
1.21031e+06,
1.21771e+06,
1.2247e+06,
1.23202e+06,
1.2393e+06,
1.24679e+06,
1.25431e+06,
1.26167e+06,
1.2692e+06,
1.27685e+06,
1.28443e+06,
1.29199e+06,
1.29958e+06,
1.30738e+06,
1.3155e+06,
1.32343e+06,
1.3312e+06,
1.33928e+06,
1.34719e+06,
1.35549e+06,
1.36375e+06,
1.37221e+06,
1.38096e+06,
1.38967e+06,
1.3983e+06,
1.40721e+06,
1.41613e+06,
1.42527e+06,
1.43419e+06,
1.4435e+06,
1.45281e+06,
1.46213e+06,
1.47152e+06,
1.48108e+06,
1.49071e+06,
1.5007e+06,
1.51045e+06,
1.52027e+06,
1.5303e+06,
1.54038e+06,
1.5504e+06,
1.56048e+06,
1.57106e+06,
1.58174e+06,
1.59274e+06,
1.60332e+06,
1.61411e+06,
1.62496e+06,
1.63582e+06,
1.64715e+06,
1.65845e+06,
1.67026e+06,
1.68226e+06,
1.69424e+06,
1.70614e+06,
1.71832e+06,
1.73062e+06,
1.74269e+06,
1.75506e+06,
1.76751e+06,
1.78049e+06,
1.79353e+06,
1.80638e+06,
1.81966e+06,
1.83329e+06,
1.84721e+06,
1.86112e+06,
1.87528e+06,
1.88936e+06,
1.9034e+06,
1.91773e+06,
1.93222e+06,
1.94737e+06,
1.96256e+06,
1.97785e+06,
1.9935e+06,
2.00935e+06,
2.02526e+06,
2.04159e+06,
2.05851e+06,
2.07543e+06,
2.09259e+06,
2.11052e+06,
2.1282e+06,
2.1465e+06,
2.16603e+06,
2.18538e+06,
2.2046e+06,
2.22411e+06,
2.24409e+06,
2.26391e+06,
2.28454e+06,
2.30496e+06,
2.32556e+06,
2.34672e+06,
2.3689e+06,
2.39113e+06,
2.41365e+06,
2.43643e+06,
2.45932e+06,
2.48273e+06,
2.50696e+06,
2.53145e+06,
2.5567e+06,
2.58289e+06,
2.60947e+06,
2.63621e+06,
2.66389e+06,
2.6914e+06,
2.72022e+06,
2.74917e+06,
2.77896e+06,
2.80977e+06,
2.84088e+06,
2.87363e+06,
2.90851e+06,
2.94235e+06,
2.97683e+06,
3.01208e+06,
3.04847e+06,
3.08556e+06,
3.12309e+06,
3.16194e+06,
3.2016e+06,
3.24318e+06,
3.28519e+06,
3.32911e+06,
3.3743e+06,
3.42075e+06,
3.4692e+06,
3.51948e+06,
3.57257e+06,
3.62896e+06,
3.69056e+06,
3.81818e+06,
4.01554e+06,
4.15876e+06,
4.27428e+06,
4.38123e+06,
4.48405e+06,
4.58423e+06,
4.67821e+06,
4.77158e+06,
4.86507e+06,
4.97123e+06,
5.08929e+06,
5.19825e+06,
5.30175e+06,
5.40422e+06,
5.50606e+06,
5.6098e+06,
5.71766e+06,
5.8305e+06,
5.95964e+06,
6.09573e+06,
6.23711e+06,
6.36152e+06,
6.47535e+06,
6.58377e+06,
6.69158e+06,
6.79648e+06,
6.90448e+06,
7.00791e+06,
7.10652e+06,
7.21314e+06,
7.32987e+06,
7.44121e+06,
7.54442e+06,
7.65175e+06,
7.75826e+06,
7.8598e+06,
7.95485e+06,
8.04948e+06,
8.14267e+06,
8.25095e+06,
8.37154e+06,
8.49386e+06,
8.6049e+06,
8.70858e+06,
8.80897e+06,
8.90532e+06,
9.00149e+06,
9.09738e+06,
9.19395e+06,
9.31662e+06,
9.44932e+06,
9.5705e+06,
9.67826e+06,
9.78141e+06,
9.88313e+06,
9.9817e+06,
1.00835e+07,
1.01912e+07,
1.03021e+07,
1.04176e+07,
1.05387e+07,
1.0656e+07,
1.07615e+07,
1.08642e+07,
1.09705e+07,
1.1078e+07,
1.11911e+07,
1.12956e+07,
1.13943e+07,
1.15087e+07,
1.16272e+07,
1.17456e+07,
1.18576e+07,
1.1968e+07,
1.20825e+07,
1.21975e+07,
1.23009e+07,
1.23999e+07,
1.24969e+07,
1.26127e+07,
1.27348e+07,
1.28621e+07,
1.29803e+07,
1.31038e+07,
1.32177e+07,
1.3322e+07,
1.34227e+07,
1.35202e+07,
1.36234e+07,
1.37434e+07,
1.38655e+07,
1.39941e+07,
1.41224e+07,
1.4232e+07,
1.43372e+07,
1.4437e+07,
1.45378e+07,
1.46383e+07,
1.47437e+07,
1.48628e+07,
1.49857e+07,
1.51218e+07,
1.5239e+07,
1.53471e+07,
1.54527e+07,
1.55572e+07,
1.56596e+07,
1.57619e+07,
1.58784e+07,
1.60068e+07,
1.6146e+07,
1.62719e+07,
1.63872e+07,
1.6497e+07,
1.66043e+07,
1.67098e+07,
1.68142e+07,
1.69178e+07,
1.704e+07,
1.7174e+07,
1.72942e+07,
1.74156e+07,
1.75318e+07,
1.76407e+07,
1.77476e+07,
1.78527e+07,
1.79566e+07,
1.8064e+07,
1.81998e+07,
1.83212e+07,
1.84385e+07,
1.85566e+07,
1.86714e+07,
1.87796e+07,
1.88873e+07,
1.89921e+07,
1.90989e+07,
1.92189e+07,
1.93428e+07,
1.946e+07,
1.95753e+07,
1.96923e+07,
1.98083e+07,
1.992e+07,
2.00309e+07,
2.01416e+07,
2.02568e+07,
2.04132e+07,
2.0549e+07,
2.06857e+07,
2.08126e+07,
2.0938e+07,
2.10613e+07,
2.11792e+07,
2.12959e+07,
2.14118e+07,
2.15458e+07,
2.16852e+07,
2.18138e+07,
2.19418e+07,
2.20673e+07,
2.21929e+07,
2.23215e+07,
2.24429e+07,
2.25621e+07,
2.26823e+07,
2.28211e+07,
2.29506e+07,
2.30749e+07,
2.31983e+07,
2.33197e+07,
2.34412e+07,
2.35666e+07,
2.3685e+07,
2.38022e+07,
2.39233e+07,
2.40495e+07,
2.41696e+07,
2.42875e+07,
2.44057e+07,
2.45222e+07,
2.4639e+07,
2.47588e+07,
2.48756e+07,
2.49926e+07,
2.51168e+07,
2.52403e+07,
2.53609e+07,
2.54781e+07,
2.55974e+07,
2.57151e+07,
2.58339e+07,
2.59563e+07,
375246,
374977,
374723,
374524,
374313,
374006,
373713,
373536,
373323,
373134,
372964,
372802,
372707,
372581,
372414,
372268,
372142,
371968,
371813,
371634,
371498,
371310,
371133,
370924,
370756,
370610,
370468,
370332,
370213,
370074,
369922,
369800,
369631,
369577,
369373,
369239,
369143,
369029,
368940,
368869,
368795,
368702,
368678,
368653,
368565,
368471,
368403,
368337,
368213,
368123,
368049,
368008,
367914,
367836,
367719,
367537,
367488,
367436,
367368,
367279,
367232,
367095,
367043,
367023,
366978,
366925,
366862,
366810,
366678,
366610,
366537,
366421,
366348,
366271,
366214,
366101,
366091,
366066,
366041,
366002,
365993,
366002,
366014,
366018,
365953,
365901,
365890,
365872,
365884,
365892,
365873,
365873,
365905,
365920,
366007,
366060,
366083,
366154,
366205,
366186,
366175,
366198,
366209,
366198,
366230,
366235,
366259,
366250,
366230,
366226,
366233,
366313,
366368,
366445,
366450,
366503,
366543,
366573,
366591,
366625,
366582,
366622,
366724,
366754,
366795,
366855,
366868,
366957,
366926,
366956,
366920,
366984,
367103,
367147,
367250,
367312,
367391,
367425,
367430,
367493,
367532,
367630,
367703,
367795,
367891,
367992,
368094,
368160,
368229,
368352,
368486,
368560,
368717,
368896,
369041,
369161,
369358,
369452,
369581,
369651,
369718,
369777,
369898,
370070,
370225,
370460,
370657,
370815,
370938,
371047,
371163,
371282,
371499,
371639,
371805,
371920,
372068,
372266,
372442,
372547,
372630,
372784,
372976,
373136,
373367,
373583,
373834,
374068,
374336,
374492,
374644,
374740,
374946,
375122,
375255,
375394,
375513,
375664,
375874,
376075,
376285,
376551,
377216,
378294,
379359,
380454,
381602,
382750,
383837,
384971,
386024,
387036,
388196,
389440,
390518,
391676,
392787,
393912,
395186,
396325,
397438,
398615,
399750,
400861,
401982,
403131,
404392,
405555,
406769,
408173,
409497,
410802,
412198,
413628,
414971,
416559,
418068,
419496,
421049,
422489,
423827,
425294,
426662,
428133,
429604,
431059,
432617,
434116,
435773,
437334,
438886,
440428,
441877,
443358,
444908,
446540,
448180,
450027,
451750,
453474,
455049,
456954,
458715,
460458,
462287,
464115,
465940,
467783,
469521,
471431,
473303,
475128,
477075,
478858,
480757,
482588,
484466,
486413,
488389,
490278,
492150,
494110,
496084,
498072,
500166,
502192,
504305,
506350,
508459,
510574,
512667,
514853,
516979,
519188,
521406,
523542,
525742,
527929,
529930,
532057,
534232,
536497,
538734,
541085,
543361,
545581,
547729,
549974,
552204,
554425,
556783,
559036,
561178,
563660,
566220,
568743,
571220,
573862,
576342,
578908,
581335,
583845,
586243,
588863,
591355,
593943,
596617,
599251,
601864,
604236,
606926,
609703,
612396,
614976,
617775,
620451,
623205,
625843,
628514,
631202,
633844,
636631,
639468,
642463,
645629,
648794,
651846,
654906,
657928,
660892,
663950,
666890,
670005,
673196,
676387,
679541,
682693,
685968,
689130,
692298,
695375,
698782,
702148,
705491,
708828,
712312,
715625,
719044,
722451,
725885,
729380,
732979,
736510,
740166,
743718,
747377,
751058,
754739,
758299,
762026,
765662,
769274,
772992,
776814,
780568,
784406,
788299,
792070,
795816,
799581,
803578,
807547,
811601,
815757,
819760,
823827,
827742,
831759,
835806,
839873,
844117,
848253,
852545,
856915,
861411,
865764,
870245,
874624,
879058,
883481,
887899,
892286,
896769,
901343,
905989,
910607,
915413,
919984,
924817,
929500,
934210,
938924,
943834,
948951,
953753,
958534,
963428,
968218,
973244,
978405,
983603,
988881,
994482,
999899,
1.0051e+06,
1.01051e+06,
1.01605e+06,
1.02155e+06,
1.02714e+06,
1.03265e+06,
1.0382e+06,
1.04399e+06,
1.04952e+06,
1.05534e+06,
1.06115e+06,
1.06715e+06,
1.07305e+06,
1.07886e+06,
1.08475e+06,
1.09089e+06,
1.09676e+06,
1.10282e+06,
1.10895e+06,
1.11509e+06,
1.12118e+06,
1.12722e+06,
1.13341e+06,
1.13963e+06,
1.14617e+06,
1.15291e+06,
1.15936e+06,
1.16619e+06,
1.17298e+06,
1.17976e+06,
1.18677e+06,
1.19375e+06,
1.20067e+06,
1.20782e+06,
1.21485e+06,
1.22211e+06,
1.2293e+06,
1.23646e+06,
1.24371e+06,
1.25115e+06,
1.25867e+06,
1.26635e+06,
1.2739e+06,
1.28174e+06,
1.28926e+06,
1.297e+06,
1.30461e+06,
1.31238e+06,
1.32026e+06,
1.32822e+06,
1.33673e+06,
1.34478e+06,
1.35305e+06,
1.36153e+06,
1.37006e+06,
1.37872e+06,
1.38728e+06,
1.39613e+06,
1.40484e+06,
1.41377e+06,
1.4228e+06,
1.43187e+06,
1.44104e+06,
1.45023e+06,
1.45956e+06,
1.46897e+06,
1.47816e+06,
1.48757e+06,
1.49717e+06,
1.50703e+06,
1.51725e+06,
1.52706e+06,
1.537e+06,
1.54728e+06,
1.55755e+06,
1.56755e+06,
1.57802e+06,
1.58851e+06,
1.59913e+06,
1.60999e+06,
1.62084e+06,
1.63164e+06,
1.64295e+06,
1.65414e+06,
1.66559e+06,
1.6771e+06,
1.68845e+06,
1.70029e+06,
1.71217e+06,
1.72423e+06,
1.73636e+06,
1.74886e+06,
1.76145e+06,
1.77403e+06,
1.78648e+06,
1.79917e+06,
1.81213e+06,
1.82538e+06,
1.83852e+06,
1.85214e+06,
1.86606e+06,
1.87979e+06,
1.89386e+06,
1.90829e+06,
1.92228e+06,
1.93689e+06,
1.95141e+06,
1.96634e+06,
1.98146e+06,
1.99698e+06,
2.01263e+06,
2.02863e+06,
2.04449e+06,
2.06106e+06,
2.07748e+06,
2.09439e+06,
2.11138e+06,
2.12859e+06,
2.14663e+06,
2.16463e+06,
2.18404e+06,
2.20338e+06,
2.22304e+06,
2.24248e+06,
2.26209e+06,
2.28226e+06,
2.30209e+06,
2.32262e+06,
2.34347e+06,
2.36491e+06,
2.38645e+06,
2.40863e+06,
2.43109e+06,
2.45373e+06,
2.47674e+06,
2.5001e+06,
2.524e+06,
2.54893e+06,
2.57423e+06,
2.59977e+06,
2.62608e+06,
2.65297e+06,
2.67998e+06,
2.70806e+06,
2.7364e+06,
2.76544e+06,
2.79493e+06,
2.82504e+06,
2.85606e+06,
2.88783e+06,
2.92212e+06,
2.95713e+06,
2.99196e+06,
3.02713e+06,
3.06333e+06,
3.10099e+06,
3.13901e+06,
3.17788e+06,
3.21835e+06,
3.25985e+06,
3.30281e+06,
3.34782e+06,
3.39299e+06,
3.44006e+06,
3.48915e+06,
3.54082e+06,
3.59404e+06,
3.65104e+06,
3.71221e+06,
3.77998e+06,
3.9217e+06,
4.1191e+06,
4.25615e+06,
4.37128e+06,
4.47901e+06,
4.58339e+06,
4.68116e+06,
4.77578e+06,
4.87017e+06,
4.96596e+06,
5.07119e+06,
5.19068e+06,
5.29835e+06,
5.40187e+06,
5.50241e+06,
5.60398e+06,
5.70666e+06,
5.80835e+06,
5.91363e+06,
6.02561e+06,
6.16608e+06,
6.35449e+06,
6.49556e+06,
6.62073e+06,
6.73625e+06,
6.84705e+06,
6.95444e+06,
7.06023e+06,
7.17472e+06,
7.28362e+06,
7.39774e+06,
7.52071e+06,
7.63184e+06,
7.73581e+06,
7.83955e+06,
7.94347e+06,
8.05915e+06,
8.16412e+06,
8.26479e+06,
8.36133e+06,
8.47158e+06,
8.5991e+06,
8.71117e+06,
8.823e+06,
8.93878e+06,
9.04757e+06,
9.14825e+06,
9.2469e+06,
9.34593e+06,
9.44342e+06,
9.55742e+06,
9.69569e+06,
9.82649e+06,
9.94445e+06,
1.00535e+07,
1.01566e+07,
1.02565e+07,
1.03586e+07,
1.04624e+07,
1.05678e+07,
1.06925e+07,
1.0837e+07,
1.09565e+07,
1.1066e+07,
1.11716e+07,
1.12764e+07,
1.13819e+07,
1.14887e+07,
1.15959e+07,
1.17133e+07,
1.18337e+07,
1.19642e+07,
1.20812e+07,
1.21937e+07,
1.23037e+07,
1.2413e+07,
1.25229e+07,
1.26369e+07,
1.27526e+07,
1.28567e+07,
1.29746e+07,
1.31084e+07,
1.32316e+07,
1.33471e+07,
1.34617e+07,
1.35756e+07,
1.36994e+07,
1.38108e+07,
1.39148e+07,
1.40181e+07,
1.41397e+07,
1.42716e+07,
1.43962e+07,
1.45134e+07,
1.46312e+07,
1.47571e+07,
1.48632e+07,
1.49687e+07,
1.5073e+07,
1.51748e+07,
1.52942e+07,
1.54215e+07,
1.55451e+07,
1.56667e+07,
1.57955e+07,
1.59069e+07,
1.60148e+07,
1.6121e+07,
1.62255e+07,
1.63315e+07,
1.64603e+07,
1.65956e+07,
1.67298e+07,
1.68686e+07,
1.6986e+07,
1.70965e+07,
1.72049e+07,
1.73098e+07,
1.74142e+07,
1.75224e+07,
1.76507e+07,
1.77871e+07,
1.79335e+07,
1.8052e+07,
1.81646e+07,
1.82736e+07,
1.83807e+07,
1.84845e+07,
1.85891e+07,
1.87022e+07,
1.88338e+07,
1.89834e+07,
1.91112e+07,
1.92258e+07,
1.9337e+07,
1.94446e+07,
1.95515e+07,
1.96574e+07,
1.97645e+07,
1.98834e+07,
2.0021e+07,
2.01521e+07,
2.02758e+07,
2.03919e+07,
2.0504e+07,
2.06144e+07,
2.07252e+07,
2.08359e+07,
2.09527e+07,
2.111e+07,
2.12861e+07,
2.14264e+07,
2.15604e+07,
2.16837e+07,
2.18029e+07,
2.19199e+07,
2.20372e+07,
2.2155e+07,
2.22775e+07,
2.24513e+07,
2.25941e+07,
2.27308e+07,
2.28692e+07,
2.29943e+07,
2.31153e+07,
2.32344e+07,
2.33521e+07,
2.34717e+07,
2.36052e+07,
2.37637e+07,
2.38971e+07,
2.40276e+07,
2.41612e+07,
2.42837e+07,
2.44025e+07,
2.45187e+07,
2.46356e+07,
2.47534e+07,
2.48935e+07,
2.5021e+07,
2.51449e+07,
2.52683e+07,
2.53938e+07,
2.55121e+07,
2.56281e+07,
2.57425e+07,
2.58589e+07,
2.59804e+07,
2.61255e+07,
2.62526e+07,
2.63789e+07,
2.65032e+07,
2.66307e+07,
2.6753e+07,
2.68725e+07,
2.69909e+07,
375246,
374984,
374723,
374518,
374306,
374022,
373726,
373538,
373360,
373141,
372968,
372798,
372703,
372562,
372445,
372260,
372153,
371964,
371792,
371637,
371481,
371339,
371143,
370930,
370753,
370606,
370461,
370328,
370193,
370088,
369943,
369825,
369627,
369544,
369388,
369263,
369112,
368970,
368863,
368734,
368610,
368539,
368486,
368402,
368382,
368309,
368285,
368166,
368067,
368008,
367919,
367838,
367724,
367614,
367499,
367431,
367314,
367208,
367136,
367044,
366952,
366843,
366782,
366704,
366664,
366588,
366515,
366458,
366360,
366293,
366278,
366133,
366073,
366056,
365953,
365880,
365835,
365796,
365806,
365766,
365702,
365616,
365565,
365576,
365545,
365541,
365500,
365456,
365481,
365513,
365546,
365598,
365635,
365682,
365731,
365770,
365713,
365747,
365749,
365704,
365708,
365719,
365792,
365876,
365901,
365934,
365938,
365958,
366004,
366044,
366029,
366088,
366074,
366100,
366116,
366155,
366219,
366241,
366269,
366272,
366266,
366303,
366355,
366411,
366414,
366450,
366468,
366511,
366528,
366545,
366546,
366655,
366691,
366766,
366838,
366902,
366988,
367061,
367138,
367224,
367254,
367292,
367364,
367475,
367564,
367630,
367736,
367876,
367994,
368066,
368169,
368292,
368390,
368547,
368685,
368819,
368947,
369028,
369117,
369175,
369270,
369429,
369603,
369749,
369864,
370020,
370161,
370323,
370434,
370511,
370627,
370785,
370911,
370991,
371137,
371324,
371521,
371735,
371872,
372041,
372230,
372405,
372543,
372731,
372937,
373177,
373380,
373606,
373771,
373862,
373941,
374078,
374257,
374456,
374620,
374808,
374959,
375186,
375794,
376919,
378087,
379081,
380144,
381353,
382464,
383548,
384768,
386009,
387030,
388107,
389313,
390459,
391564,
392689,
393898,
395125,
396297,
397427,
398479,
399566,
400610,
401863,
403051,
404275,
405575,
407030,
408435,
409750,
411118,
412630,
414018,
415431,
416888,
418346,
419786,
421272,
422749,
424124,
425523,
426929,
428401,
429917,
431450,
432978,
434534,
435942,
437455,
439024,
440578,
442194,
443753,
445261,
446975,
448727,
450528,
452329,
454035,
455858,
457540,
459254,
461031,
462781,
464687,
466517,
468458,
470305,
472152,
473925,
475763,
477597,
479493,
481276,
483127,
484991,
486833,
488812,
490875,
492891,
494824,
496943,
499027,
501030,
503075,
505196,
507258,
509339,
511450,
513502,
515797,
517956,
520230,
522277,
524502,
526794,
528959,
531134,
533385,
535520,
537651,
539821,
542180,
544477,
546863,
549188,
551400,
553714,
555997,
558316,
560727,
563115,
565534,
568014,
570525,
573143,
575618,
578205,
580803,
583461,
586058,
588545,
590959,
593505,
596010,
598614,
601251,
603793,
606506,
609218,
611868,
614553,
617257,
619923,
622715,
625462,
628181,
630873,
633877,
636970,
639885,
642756,
645650,
648597,
651631,
654678,
657777,
660886,
664084,
667090,
670214,
673198,
676322,
679588,
682829,
685990,
689343,
692563,
695687,
698953,
702290,
705529,
708602,
711971,
715350,
718772,
722146,
725641,
729171,
732802,
736360,
739989,
743604,
747149,
750940,
754615,
758379,
762205,
766106,
770089,
773824,
777557,
781340,
785148,
789055,
792894,
796753,
800629,
804454,
808425,
812459,
816566,
820401,
824422,
828380,
832581,
836946,
841244,
845518,
849809,
854027,
858425,
862641,
866935,
871299,
875739,
880164,
884770,
889320,
894001,
898569,
903089,
907631,
912272,
917081,
921759,
926626,
931465,
936228,
940863,
945669,
950346,
955041,
960031,
965140,
970165,
975356,
980614,
985901,
991206,
996618,
1.00202e+06,
1.00748e+06,
1.01285e+06,
1.01817e+06,
1.02349e+06,
1.02894e+06,
1.03467e+06,
1.04054e+06,
1.0463e+06,
1.05198e+06,
1.05754e+06,
1.06321e+06,
1.06908e+06,
1.07497e+06,
1.08083e+06,
1.08675e+06,
1.09263e+06,
1.09872e+06,
1.10485e+06,
1.11093e+06,
1.11717e+06,
1.12344e+06,
1.12979e+06,
1.13613e+06,
1.14269e+06,
1.14924e+06,
1.15591e+06,
1.1626e+06,
1.1694e+06,
1.1761e+06,
1.18275e+06,
1.18958e+06,
1.1967e+06,
1.20367e+06,
1.21061e+06,
1.21784e+06,
1.22506e+06,
1.23256e+06,
1.23982e+06,
1.24724e+06,
1.25462e+06,
1.26201e+06,
1.26977e+06,
1.27758e+06,
1.28537e+06,
1.29347e+06,
1.30139e+06,
1.30922e+06,
1.31707e+06,
1.32513e+06,
1.33304e+06,
1.34127e+06,
1.34965e+06,
1.35798e+06,
1.3667e+06,
1.37528e+06,
1.38391e+06,
1.39278e+06,
1.40159e+06,
1.41037e+06,
1.41919e+06,
1.42787e+06,
1.43677e+06,
1.4459e+06,
1.45547e+06,
1.46469e+06,
1.47432e+06,
1.48367e+06,
1.49326e+06,
1.5026e+06,
1.51216e+06,
1.52172e+06,
1.53167e+06,
1.54204e+06,
1.5519e+06,
1.56214e+06,
1.57214e+06,
1.58254e+06,
1.59299e+06,
1.60336e+06,
1.6141e+06,
1.62478e+06,
1.63575e+06,
1.64681e+06,
1.65793e+06,
1.66925e+06,
1.68061e+06,
1.69231e+06,
1.70396e+06,
1.71563e+06,
1.72734e+06,
1.73933e+06,
1.75169e+06,
1.764e+06,
1.77634e+06,
1.78903e+06,
1.80188e+06,
1.81461e+06,
1.82749e+06,
1.84083e+06,
1.85394e+06,
1.86721e+06,
1.88074e+06,
1.89455e+06,
1.90834e+06,
1.92259e+06,
1.93701e+06,
1.95177e+06,
1.96645e+06,
1.98147e+06,
1.9963e+06,
2.01137e+06,
2.02667e+06,
2.04221e+06,
2.05838e+06,
2.07499e+06,
2.09143e+06,
2.10813e+06,
2.12506e+06,
2.14225e+06,
2.15989e+06,
2.17783e+06,
2.19673e+06,
2.21608e+06,
2.2355e+06,
2.25481e+06,
2.27437e+06,
2.29402e+06,
2.31418e+06,
2.33451e+06,
2.35515e+06,
2.3761e+06,
2.39724e+06,
2.41877e+06,
2.44074e+06,
2.46394e+06,
2.48733e+06,
2.51083e+06,
2.53518e+06,
2.55903e+06,
2.58338e+06,
2.60881e+06,
2.63421e+06,
2.66092e+06,
2.68779e+06,
2.71494e+06,
2.74339e+06,
2.77147e+06,
2.80086e+06,
2.83021e+06,
2.86087e+06,
2.89206e+06,
2.92427e+06,
2.95753e+06,
2.99306e+06,
3.02774e+06,
3.06311e+06,
3.0998e+06,
3.13763e+06,
3.17698e+06,
3.21712e+06,
3.258e+06,
3.30066e+06,
3.34508e+06,
3.39117e+06,
3.43821e+06,
3.48731e+06,
3.53847e+06,
3.59258e+06,
3.64788e+06,
3.70691e+06,
3.77074e+06,
3.84072e+06,
3.9267e+06,
4.15867e+06,
4.30854e+06,
4.42884e+06,
4.54018e+06,
4.64635e+06,
4.74685e+06,
4.84244e+06,
4.93811e+06,
5.03527e+06,
5.13104e+06,
5.25627e+06,
5.36671e+06,
5.46945e+06,
5.56946e+06,
5.67187e+06,
5.77326e+06,
5.8739e+06,
5.97648e+06,
6.08341e+06,
6.19294e+06,
6.3399e+06,
6.51019e+06,
6.70098e+06,
6.83964e+06,
6.96508e+06,
7.07954e+06,
7.18953e+06,
7.29795e+06,
7.40885e+06,
7.52774e+06,
7.67151e+06,
7.79131e+06,
7.89974e+06,
8.00604e+06,
8.11021e+06,
8.21455e+06,
8.32247e+06,
8.43787e+06,
8.55066e+06,
8.65529e+06,
8.79112e+06,
8.90851e+06,
9.01996e+06,
9.12946e+06,
9.24023e+06,
9.35361e+06,
9.46672e+06,
9.56887e+06,
9.66921e+06,
9.7728e+06,
9.91288e+06,
1.00368e+07,
1.01561e+07,
1.02764e+07,
1.04014e+07,
1.0509e+07,
1.06129e+07,
1.07173e+07,
1.0823e+07,
1.09314e+07,
1.10723e+07,
1.12023e+07,
1.13365e+07,
1.14498e+07,
1.15579e+07,
1.16668e+07,
1.17742e+07,
1.18803e+07,
1.19868e+07,
1.20985e+07,
1.22509e+07,
1.23875e+07,
1.2504e+07,
1.2618e+07,
1.27284e+07,
1.28372e+07,
1.29461e+07,
1.30549e+07,
1.31688e+07,
1.3299e+07,
1.34461e+07,
1.3574e+07,
1.36922e+07,
1.38074e+07,
1.39193e+07,
1.40315e+07,
1.41446e+07,
1.4263e+07,
1.4393e+07,
1.45055e+07,
1.46484e+07,
1.47753e+07,
1.48927e+07,
1.50075e+07,
1.51216e+07,
1.52385e+07,
1.53625e+07,
1.54843e+07,
1.55903e+07,
1.57004e+07,
1.58372e+07,
1.59616e+07,
1.60781e+07,
1.61929e+07,
1.63118e+07,
1.64419e+07,
1.6562e+07,
1.66707e+07,
1.67773e+07,
1.68926e+07,
1.7035e+07,
1.71655e+07,
1.72907e+07,
1.7418e+07,
1.75571e+07,
1.76791e+07,
1.77885e+07,
1.78959e+07,
1.80022e+07,
1.8118e+07,
1.82576e+07,
1.83911e+07,
1.85195e+07,
1.8657e+07,
1.87807e+07,
1.88909e+07,
1.89989e+07,
1.91053e+07,
1.92118e+07,
1.933e+07,
1.94705e+07,
1.96079e+07,
1.97463e+07,
1.98777e+07,
1.99889e+07,
2.00974e+07,
2.02062e+07,
2.03145e+07,
2.04247e+07,
2.05444e+07,
2.06823e+07,
2.08209e+07,
2.09586e+07,
2.10743e+07,
2.11883e+07,
2.13009e+07,
2.1414e+07,
2.15299e+07,
2.16475e+07,
2.17994e+07,
2.19758e+07,
2.21569e+07,
2.22914e+07,
2.24152e+07,
2.25381e+07,
2.26578e+07,
2.27787e+07,
2.28989e+07,
2.30191e+07,
2.31735e+07,
2.3362e+07,
2.35242e+07,
2.36554e+07,
2.37811e+07,
2.39035e+07,
2.40242e+07,
2.41449e+07,
2.42656e+07,
2.43868e+07,
2.45481e+07,
2.47291e+07,
2.48704e+07,
2.49975e+07,
2.51191e+07,
2.5239e+07,
2.5359e+07,
2.54783e+07,
2.5596e+07,
2.57149e+07,
2.58739e+07,
2.60179e+07,
2.6148e+07,
2.62699e+07,
2.6388e+07,
2.65052e+07,
2.6625e+07,
2.67447e+07,
2.68644e+07,
2.69921e+07,
2.71614e+07,
2.73005e+07,
2.74335e+07,
2.75572e+07,
2.76775e+07,
2.77976e+07,
2.79221e+07,
2.8047e+07,
375246,
374998,
374753,
374521,
374302,
374031,
373772,
373557,
373375,
373163,
373005,
372814,
372697,
372568,
372399,
372243,
372135,
371958,
371804,
371625,
371495,
371350,
371157,
370977,
370791,
370659,
370452,
370335,
370235,
370107,
369956,
369845,
369648,
369499,
369378,
369270,
369119,
368937,
368818,
368710,
368530,
368441,
368323,
368238,
368156,
368061,
368009,
367964,
367837,
367842,
367784,
367707,
367648,
367528,
367421,
367303,
367226,
367121,
367013,
366918,
366802,
366695,
366548,
366399,
366289,
366208,
366199,
366156,
366113,
366025,
365984,
365942,
365850,
365815,
365789,
365762,
365735,
365658,
365604,
365514,
365478,
365393,
365345,
365289,
365234,
365235,
365248,
365281,
365331,
365331,
365415,
365433,
365448,
365424,
365474,
365504,
365499,
365492,
365499,
365485,
365460,
365486,
365501,
365499,
365563,
365563,
365573,
365622,
365642,
365661,
365683,
365738,
365690,
365752,
365863,
365910,
365932,
365957,
366056,
366046,
366011,
366017,
365978,
366009,
366024,
366068,
366174,
366206,
366284,
366335,
366318,
366349,
366384,
366393,
366523,
366537,
366606,
366719,
366794,
366806,
366818,
366915,
367036,
367191,
367236,
367375,
367505,
367656,
367780,
367886,
367911,
368030,
368118,
368204,
368288,
368419,
368507,
368676,
368834,
368977,
369032,
369134,
369293,
369458,
369567,
369692,
369771,
369947,
370031,
370137,
370234,
370310,
370432,
370502,
370695,
370862,
370997,
371159,
371295,
371465,
371592,
371784,
371940,
372120,
372312,
372491,
372691,
372883,
373099,
373229,
373406,
373558,
373704,
373881,
374147,
375057,
376295,
377363,
378536,
379740,
380852,
382052,
383158,
384267,
385417,
386457,
387614,
388819,
389992,
391191,
392348,
393513,
394717,
395804,
396932,
397993,
399251,
400284,
401531,
402731,
404005,
405569,
407041,
408467,
409865,
411122,
412542,
414016,
415369,
416783,
418180,
419635,
421167,
422632,
424149,
425590,
427141,
428653,
430097,
431566,
433064,
434507,
435950,
437408,
438950,
440582,
442152,
443816,
445483,
447147,
448931,
450746,
452467,
454311,
456156,
458036,
459759,
461520,
463236,
465098,
466901,
468757,
470560,
472400,
474286,
476036,
477916,
479749,
481605,
483447,
485318,
487282,
489305,
491169,
493071,
495175,
497277,
499511,
501622,
503620,
505705,
507658,
509779,
511990,
514148,
516351,
518506,
520671,
522954,
525140,
527285,
529547,
531676,
533861,
536113,
538263,
540570,
542824,
545212,
547535,
549946,
552197,
554632,
557032,
559548,
561977,
564373,
566870,
569400,
572147,
574604,
577137,
579664,
582160,
584537,
587226,
589815,
592431,
594954,
597524,
600220,
602819,
605468,
608239,
610896,
613608,
616348,
619096,
621752,
624552,
627277,
630204,
633206,
636130,
639229,
642300,
645370,
648315,
651333,
654258,
657174,
660309,
663447,
666600,
669632,
672702,
675715,
679083,
682223,
685319,
688383,
691662,
694817,
698045,
701358,
704584,
707881,
711193,
714643,
718018,
721470,
725150,
728649,
732378,
735915,
739494,
743163,
746862,
750607,
754394,
758165,
761871,
765604,
769313,
773232,
777145,
780903,
784789,
788587,
792501,
796129,
800144,
804074,
808005,
812077,
816015,
819841,
823855,
828050,
832207,
836435,
840754,
845076,
849384,
853748,
858156,
862483,
866920,
871219,
875868,
880362,
885011,
889590,
894068,
898784,
903514,
908317,
913022,
917772,
922323,
927023,
931835,
936591,
941427,
946347,
951167,
956071,
961141,
966423,
971572,
976586,
981704,
986882,
992261,
997511,
1.00293e+06,
1.00849e+06,
1.01399e+06,
1.01945e+06,
1.02514e+06,
1.03068e+06,
1.03612e+06,
1.04164e+06,
1.04721e+06,
1.05302e+06,
1.05883e+06,
1.06469e+06,
1.07061e+06,
1.07656e+06,
1.08213e+06,
1.08795e+06,
1.0938e+06,
1.09988e+06,
1.10612e+06,
1.11245e+06,
1.11861e+06,
1.12501e+06,
1.13138e+06,
1.13824e+06,
1.14501e+06,
1.15148e+06,
1.15823e+06,
1.16491e+06,
1.17176e+06,
1.17853e+06,
1.18546e+06,
1.19251e+06,
1.19951e+06,
1.20652e+06,
1.21355e+06,
1.22072e+06,
1.228e+06,
1.23546e+06,
1.24268e+06,
1.24997e+06,
1.25729e+06,
1.26453e+06,
1.27209e+06,
1.27942e+06,
1.2873e+06,
1.29481e+06,
1.30259e+06,
1.3106e+06,
1.31865e+06,
1.32673e+06,
1.33517e+06,
1.34355e+06,
1.35193e+06,
1.36032e+06,
1.36883e+06,
1.37724e+06,
1.38581e+06,
1.39465e+06,
1.40346e+06,
1.4126e+06,
1.42179e+06,
1.43076e+06,
1.43966e+06,
1.44863e+06,
1.4576e+06,
1.46666e+06,
1.47624e+06,
1.48546e+06,
1.49503e+06,
1.5046e+06,
1.51433e+06,
1.52407e+06,
1.53392e+06,
1.54379e+06,
1.55348e+06,
1.56312e+06,
1.57334e+06,
1.58339e+06,
1.59377e+06,
1.60442e+06,
1.61506e+06,
1.62597e+06,
1.63656e+06,
1.64726e+06,
1.65836e+06,
1.66961e+06,
1.681e+06,
1.69216e+06,
1.70393e+06,
1.71566e+06,
1.72731e+06,
1.73925e+06,
1.75125e+06,
1.76327e+06,
1.77569e+06,
1.78794e+06,
1.80017e+06,
1.81288e+06,
1.82571e+06,
1.83856e+06,
1.85139e+06,
1.8646e+06,
1.87831e+06,
1.892e+06,
1.90548e+06,
1.91922e+06,
1.93362e+06,
1.94788e+06,
1.96243e+06,
1.97733e+06,
1.99228e+06,
2.00718e+06,
2.02259e+06,
2.0382e+06,
2.05369e+06,
2.06899e+06,
2.08477e+06,
2.10103e+06,
2.11762e+06,
2.13454e+06,
2.15171e+06,
2.16914e+06,
2.18715e+06,
2.20509e+06,
2.22355e+06,
2.24269e+06,
2.26202e+06,
2.28146e+06,
2.30108e+06,
2.32074e+06,
2.3409e+06,
2.36131e+06,
2.38148e+06,
2.40253e+06,
2.42398e+06,
2.44592e+06,
2.46851e+06,
2.49125e+06,
2.51439e+06,
2.53775e+06,
2.56204e+06,
2.58639e+06,
2.61061e+06,
2.63599e+06,
2.66203e+06,
2.6879e+06,
2.71474e+06,
2.742e+06,
2.76931e+06,
2.79799e+06,
2.82721e+06,
2.85701e+06,
2.88751e+06,
2.91802e+06,
2.94948e+06,
2.98208e+06,
3.01606e+06,
3.05233e+06,
3.08757e+06,
3.12331e+06,
3.16104e+06,
3.19959e+06,
3.23974e+06,
3.28159e+06,
3.32591e+06,
3.37125e+06,
3.41816e+06,
3.46637e+06,
3.5154e+06,
3.56704e+06,
3.62084e+06,
3.67819e+06,
3.73777e+06,
3.80259e+06,
3.87192e+06,
3.9506e+06,
4.07254e+06,
4.29987e+06,
4.44184e+06,
4.56124e+06,
4.67221e+06,
4.77916e+06,
4.87723e+06,
4.97401e+06,
5.07194e+06,
5.16963e+06,
5.27292e+06,
5.39947e+06,
5.50748e+06,
5.60934e+06,
5.71052e+06,
5.81164e+06,
5.91127e+06,
6.01364e+06,
6.1176e+06,
6.22157e+06,
6.33654e+06,
6.48127e+06,
6.61924e+06,
6.77848e+06,
6.97375e+06,
7.15103e+06,
7.27852e+06,
7.39726e+06,
7.51042e+06,
7.62392e+06,
7.74511e+06,
7.88713e+06,
8.02307e+06,
8.14056e+06,
8.24893e+06,
8.35496e+06,
8.46273e+06,
8.57101e+06,
8.68059e+06,
8.79543e+06,
8.92836e+06,
9.07323e+06,
9.19087e+06,
9.30281e+06,
9.41398e+06,
9.52267e+06,
9.63199e+06,
9.74256e+06,
9.86147e+06,
9.97456e+06,
1.00869e+07,
1.02317e+07,
1.03525e+07,
1.04693e+07,
1.0584e+07,
1.0699e+07,
1.0821e+07,
1.09452e+07,
1.10545e+07,
1.11632e+07,
1.12769e+07,
1.14221e+07,
1.15443e+07,
1.16646e+07,
1.17877e+07,
1.19247e+07,
1.20368e+07,
1.21458e+07,
1.22542e+07,
1.23634e+07,
1.24785e+07,
1.26277e+07,
1.27568e+07,
1.28964e+07,
1.302e+07,
1.31332e+07,
1.32427e+07,
1.33521e+07,
1.34616e+07,
1.35734e+07,
1.36974e+07,
1.38605e+07,
1.40092e+07,
1.41317e+07,
1.42475e+07,
1.43607e+07,
1.44725e+07,
1.45855e+07,
1.47023e+07,
1.48236e+07,
1.49633e+07,
1.51285e+07,
1.52535e+07,
1.5372e+07,
1.54865e+07,
1.56009e+07,
1.57164e+07,
1.58337e+07,
1.59548e+07,
1.60864e+07,
1.62124e+07,
1.63561e+07,
1.64767e+07,
1.65938e+07,
1.67104e+07,
1.68263e+07,
1.69443e+07,
1.70677e+07,
1.72008e+07,
1.73202e+07,
1.74388e+07,
1.75873e+07,
1.77164e+07,
1.78406e+07,
1.79627e+07,
1.80861e+07,
1.82165e+07,
1.8354e+07,
1.8474e+07,
1.85843e+07,
1.87021e+07,
1.8849e+07,
1.89775e+07,
1.91014e+07,
1.92255e+07,
1.93544e+07,
1.94891e+07,
1.96107e+07,
1.97203e+07,
1.98315e+07,
1.99519e+07,
2.01004e+07,
2.02294e+07,
2.03552e+07,
2.04852e+07,
2.06213e+07,
2.07463e+07,
2.08586e+07,
2.09705e+07,
2.10832e+07,
2.12033e+07,
2.13462e+07,
2.14739e+07,
2.16032e+07,
2.17395e+07,
2.18665e+07,
2.19852e+07,
2.21043e+07,
2.22235e+07,
2.23454e+07,
2.24927e+07,
2.26705e+07,
2.28268e+07,
2.29941e+07,
2.31405e+07,
2.32707e+07,
2.33954e+07,
2.35217e+07,
2.36478e+07,
2.37741e+07,
2.39201e+07,
2.41007e+07,
2.4269e+07,
2.44283e+07,
2.45691e+07,
2.46944e+07,
2.48177e+07,
2.49439e+07,
2.50723e+07,
2.5198e+07,
2.53455e+07,
2.5524e+07,
2.56935e+07,
2.58378e+07,
2.59675e+07,
2.6089e+07,
2.62096e+07,
2.63315e+07,
2.64572e+07,
2.65798e+07,
2.672e+07,
2.68874e+07,
2.70329e+07,
2.71639e+07,
2.72838e+07,
2.74025e+07,
2.75223e+07,
2.76436e+07,
2.77737e+07,
2.79029e+07,
2.80534e+07,
2.82342e+07,
2.83803e+07,
2.85126e+07,
2.86348e+07,
2.87572e+07,
2.88798e+07,
2.90039e+07,
2.91348e+07,
375246,
375002,
374751,
374527,
374310,
374057,
373795,
373578,
373411,
373170,
373015,
372839,
372700,
372568,
372426,
372272,
372142,
372000,
371825,
371658,
371484,
371329,
371130,
370972,
370793,
370723,
370541,
370373,
370271,
370160,
370007,
369836,
369713,
369539,
369399,
369295,
369140,
368964,
368868,
368686,
368576,
368453,
368278,
368127,
367984,
367836,
367759,
367664,
367630,
367552,
367566,
367531,
367457,
367302,
367244,
367176,
367073,
366905,
366800,
366685,
366620,
366479,
366366,
366296,
366194,
366104,
366040,
365967,
365856,
365814,
365715,
365651,
365609,
365586,
365509,
365450,
365412,
365368,
365330,
365217,
365203,
365211,
365212,
365203,
365169,
365220,
365191,
365211,
365233,
365244,
365245,
365254,
365278,
365323,
365315,
365319,
365335,
365381,
365387,
365309,
365268,
365316,
365304,
365299,
365348,
365396,
365379,
365430,
365409,
365405,
365402,
365432,
365407,
365473,
365545,
365546,
365555,
365562,
365613,
365614,
365565,
365571,
365578,
365636,
365661,
365689,
365767,
365876,
365895,
365910,
365949,
365998,
366023,
366114,
366198,
366262,
366329,
366429,
366505,
366555,
366647,
366690,
366780,
366883,
367012,
367126,
367228,
367287,
367344,
367400,
367424,
367502,
367653,
367748,
367911,
368092,
368215,
368284,
368369,
368519,
368601,
368724,
368817,
368960,
369091,
369246,
369327,
369447,
369578,
369652,
369744,
369929,
370046,
370168,
370364,
370506,
370629,
370728,
370888,
371024,
371206,
371361,
371520,
371683,
371850,
372033,
372241,
372425,
372621,
372770,
372909,
373242,
374232,
375463,
376535,
377701,
378919,
380027,
381305,
382401,
383484,
384641,
385777,
386907,
388077,
389227,
390468,
391667,
392744,
393891,
395049,
396194,
397397,
398623,
399815,
400991,
402269,
403574,
405039,
406542,
407864,
409250,
410756,
412126,
413504,
414997,
416338,
417857,
419411,
420972,
422491,
423990,
425565,
426998,
428525,
429872,
431305,
432728,
434327,
435851,
437247,
438768,
440320,
441938,
443753,
445445,
447246,
449030,
450847,
452631,
454459,
456229,
458104,
459866,
461560,
463246,
465078,
466962,
468890,
470724,
472409,
474216,
476105,
477909,
479859,
481706,
483625,
485613,
487480,
489218,
491241,
493186,
495345,
497425,
499550,
501618,
503698,
505772,
507883,
510109,
512159,
514400,
516604,
518718,
520945,
523251,
525382,
527513,
529744,
532051,
534188,
536403,
538709,
540980,
543198,
545449,
547754,
550049,
552564,
554953,
557522,
559962,
562482,
565017,
567394,
569998,
572520,
575099,
577627,
580251,
582790,
585450,
588151,
590927,
593527,
595987,
598730,
601419,
604097,
606903,
609568,
612229,
614950,
617646,
620325,
623038,
625992,
629002,
631971,
634847,
637852,
640818,
643871,
646912,
649978,
652927,
655958,
659055,
662153,
665125,
668052,
671261,
674379,
677626,
680733,
684006,
687326,
690641,
693891,
697137,
700360,
703584,
706954,
710180,
713710,
717254,
720740,
724225,
727715,
731162,
734732,
738171,
741856,
745398,
749129,
752828,
756464,
760211,
763946,
767665,
771582,
775480,
779311,
783172,
787110,
791076,
795145,
798965,
802870,
806808,
810475,
814445,
818449,
822506,
826807,
830943,
835274,
839566,
844053,
848274,
852652,
857069,
861609,
866123,
870854,
875226,
879895,
884502,
889075,
893592,
898047,
902798,
907463,
912135,
916839,
921631,
926281,
931100,
936021,
940842,
945607,
950474,
955567,
960512,
965707,
970860,
976125,
981335,
986627,
992004,
997238,
1.00247e+06,
1.00806e+06,
1.01356e+06,
1.01906e+06,
1.02503e+06,
1.03076e+06,
1.03634e+06,
1.04218e+06,
1.04789e+06,
1.05367e+06,
1.0595e+06,
1.06528e+06,
1.07118e+06,
1.0773e+06,
1.08329e+06,
1.0894e+06,
1.0954e+06,
1.10131e+06,
1.10726e+06,
1.11336e+06,
1.11991e+06,
1.12642e+06,
1.13302e+06,
1.13969e+06,
1.14636e+06,
1.15283e+06,
1.15968e+06,
1.16636e+06,
1.17314e+06,
1.17986e+06,
1.18653e+06,
1.19345e+06,
1.20036e+06,
1.20729e+06,
1.21429e+06,
1.22156e+06,
1.22858e+06,
1.23585e+06,
1.24303e+06,
1.24995e+06,
1.25731e+06,
1.2648e+06,
1.27245e+06,
1.28024e+06,
1.28785e+06,
1.29572e+06,
1.30347e+06,
1.31106e+06,
1.31927e+06,
1.32738e+06,
1.33541e+06,
1.3438e+06,
1.35194e+06,
1.36061e+06,
1.36918e+06,
1.37775e+06,
1.38625e+06,
1.39466e+06,
1.40329e+06,
1.41195e+06,
1.4208e+06,
1.4296e+06,
1.43852e+06,
1.44773e+06,
1.45685e+06,
1.4661e+06,
1.47532e+06,
1.48457e+06,
1.4941e+06,
1.50376e+06,
1.51323e+06,
1.52281e+06,
1.53234e+06,
1.54212e+06,
1.55207e+06,
1.56222e+06,
1.57222e+06,
1.58237e+06,
1.59268e+06,
1.60317e+06,
1.6137e+06,
1.62435e+06,
1.63511e+06,
1.64601e+06,
1.65711e+06,
1.66817e+06,
1.67918e+06,
1.69052e+06,
1.70185e+06,
1.71324e+06,
1.725e+06,
1.73646e+06,
1.74832e+06,
1.76017e+06,
1.77236e+06,
1.78436e+06,
1.79678e+06,
1.80918e+06,
1.82171e+06,
1.83436e+06,
1.84703e+06,
1.86031e+06,
1.87336e+06,
1.88671e+06,
1.89984e+06,
1.91374e+06,
1.92773e+06,
1.9417e+06,
1.95603e+06,
1.97037e+06,
1.9848e+06,
1.99941e+06,
2.01429e+06,
2.0295e+06,
2.0449e+06,
2.06046e+06,
2.07659e+06,
2.09241e+06,
2.1085e+06,
2.12432e+06,
2.1409e+06,
2.15781e+06,
2.17508e+06,
2.19261e+06,
2.21037e+06,
2.2284e+06,
2.247e+06,
2.2659e+06,
2.28512e+06,
2.30422e+06,
2.32377e+06,
2.34356e+06,
2.36372e+06,
2.38425e+06,
2.40525e+06,
2.42653e+06,
2.44828e+06,
2.47051e+06,
2.49244e+06,
2.51466e+06,
2.5374e+06,
2.56104e+06,
2.58493e+06,
2.60885e+06,
2.63367e+06,
2.65864e+06,
2.68384e+06,
2.71037e+06,
2.7366e+06,
2.76363e+06,
2.79132e+06,
2.81887e+06,
2.84702e+06,
2.8764e+06,
2.90612e+06,
2.93682e+06,
2.96821e+06,
2.99979e+06,
3.0323e+06,
3.06591e+06,
3.10271e+06,
3.13808e+06,
3.17435e+06,
3.21257e+06,
3.2513e+06,
3.29157e+06,
3.33332e+06,
3.37657e+06,
3.4237e+06,
3.47492e+06,
3.52539e+06,
3.57578e+06,
3.62911e+06,
3.68466e+06,
3.74354e+06,
3.80621e+06,
3.8742e+06,
3.94749e+06,
4.02977e+06,
4.13625e+06,
4.37909e+06,
4.53242e+06,
4.65576e+06,
4.76999e+06,
4.87944e+06,
4.97984e+06,
5.07851e+06,
5.17799e+06,
5.27528e+06,
5.376e+06,
5.50609e+06,
5.61659e+06,
5.71868e+06,
5.82108e+06,
5.92207e+06,
6.02178e+06,
6.12447e+06,
6.22722e+06,
6.3334e+06,
6.4451e+06,
6.58683e+06,
6.71546e+06,
6.85974e+06,
7.0094e+06,
7.17183e+06,
7.36516e+06,
7.56666e+06,
7.69193e+06,
7.81187e+06,
7.93255e+06,
8.07652e+06,
8.20278e+06,
8.32639e+06,
8.45818e+06,
8.57709e+06,
8.68813e+06,
8.79847e+06,
8.90816e+06,
9.02076e+06,
9.13847e+06,
9.29013e+06,
9.43333e+06,
9.56138e+06,
9.67443e+06,
9.78487e+06,
9.89451e+06,
1.00037e+07,
1.01138e+07,
1.02284e+07,
1.0358e+07,
1.05164e+07,
1.06397e+07,
1.07577e+07,
1.08731e+07,
1.0985e+07,
1.11002e+07,
1.122e+07,
1.13514e+07,
1.14812e+07,
1.15987e+07,
1.1744e+07,
1.18677e+07,
1.1987e+07,
1.2105e+07,
1.22282e+07,
1.23583e+07,
1.24912e+07,
1.26107e+07,
1.27236e+07,
1.28381e+07,
1.29861e+07,
1.31149e+07,
1.32415e+07,
1.33696e+07,
1.35042e+07,
1.36291e+07,
1.37443e+07,
1.38559e+07,
1.39707e+07,
1.40915e+07,
1.42504e+07,
1.43871e+07,
1.45301e+07,
1.46622e+07,
1.47881e+07,
1.49011e+07,
1.50172e+07,
1.51346e+07,
1.52538e+07,
1.53794e+07,
1.55448e+07,
1.56948e+07,
1.58288e+07,
1.5953e+07,
1.60691e+07,
1.61849e+07,
1.63016e+07,
1.64208e+07,
1.65427e+07,
1.6675e+07,
1.68376e+07,
1.69733e+07,
1.70995e+07,
1.7217e+07,
1.73319e+07,
1.74485e+07,
1.75662e+07,
1.76903e+07,
1.78246e+07,
1.79566e+07,
1.81203e+07,
1.82554e+07,
1.83801e+07,
1.85012e+07,
1.8622e+07,
1.87448e+07,
1.88721e+07,
1.90116e+07,
1.91421e+07,
1.92713e+07,
1.94282e+07,
1.95579e+07,
1.96809e+07,
1.98028e+07,
1.9924e+07,
2.00487e+07,
2.01846e+07,
2.03143e+07,
2.04421e+07,
2.05676e+07,
2.07188e+07,
2.0849e+07,
2.09736e+07,
2.10982e+07,
2.12251e+07,
2.13607e+07,
2.1488e+07,
2.16142e+07,
2.17423e+07,
2.18616e+07,
2.20076e+07,
2.21361e+07,
2.22621e+07,
2.23891e+07,
2.25242e+07,
2.26535e+07,
2.27823e+07,
2.29122e+07,
2.3046e+07,
2.31812e+07,
2.33678e+07,
2.35232e+07,
2.36735e+07,
2.3836e+07,
2.39871e+07,
2.41281e+07,
2.42601e+07,
2.43914e+07,
2.45254e+07,
2.46722e+07,
2.48603e+07,
2.50197e+07,
2.51773e+07,
2.53365e+07,
2.54793e+07,
2.56159e+07,
2.57508e+07,
2.5879e+07,
2.60104e+07,
2.61598e+07,
2.63469e+07,
2.65056e+07,
2.66693e+07,
2.68159e+07,
2.69528e+07,
2.70852e+07,
2.72138e+07,
2.73361e+07,
2.74633e+07,
2.76035e+07,
2.77756e+07,
2.79287e+07,
2.80732e+07,
2.82088e+07,
2.83392e+07,
2.84682e+07,
2.85935e+07,
2.87189e+07,
2.88483e+07,
2.89966e+07,
2.91857e+07,
2.93581e+07,
2.95063e+07,
2.96461e+07,
2.97816e+07,
2.99162e+07,
3.00466e+07,
3.01787e+07,
3.03169e+07,
375246,
375008,
374757,
374538,
374329,
374084,
373863,
373631,
373424,
373184,
373014,
372839,
372711,
372579,
372430,
372280,
372111,
371995,
371855,
371648,
371479,
371315,
371168,
370990,
370832,
370720,
370528,
370392,
370258,
370152,
370027,
369915,
369784,
369636,
369427,
369312,
369151,
369041,
368869,
368727,
368592,
368454,
368331,
368215,
368064,
367930,
367804,
367682,
367547,
367419,
367368,
367323,
367154,
367043,
366942,
366868,
366752,
366638,
366549,
366470,
366362,
366302,
366239,
366158,
366016,
365978,
365899,
365774,
365686,
365533,
365466,
365388,
365336,
365289,
365219,
365158,
365152,
365029,
364993,
365030,
365067,
365060,
365067,
365059,
365072,
365064,
365120,
365073,
365121,
365132,
365144,
365177,
365185,
365209,
365174,
365173,
365158,
365151,
365109,
365128,
365080,
365112,
365142,
365151,
365211,
365212,
365234,
365241,
365251,
365218,
365194,
365214,
365298,
365273,
365263,
365326,
365340,
365415,
365371,
365313,
365275,
365279,
365299,
365362,
365393,
365510,
365548,
365574,
365575,
365600,
365597,
365620,
365716,
365795,
365834,
365905,
366021,
366086,
366122,
366201,
366176,
366273,
366441,
366624,
366719,
366813,
366898,
366954,
367032,
367098,
367127,
367233,
367360,
367499,
367546,
367676,
367794,
367882,
367918,
367960,
368040,
368166,
368264,
368407,
368501,
368607,
368745,
368868,
368973,
369147,
369195,
369353,
369529,
369693,
369839,
369944,
370070,
370216,
370387,
370567,
370659,
370837,
371031,
371204,
371368,
371563,
371794,
371997,
372396,
373418,
374466,
375606,
376785,
377952,
379189,
380259,
381523,
382748,
383950,
385078,
386188,
387279,
388433,
389626,
390740,
391886,
393091,
394230,
395474,
396663,
397828,
399080,
400160,
401393,
402759,
404244,
405631,
407149,
408636,
410079,
411469,
412887,
414292,
415780,
417216,
418719,
420267,
421822,
423348,
424860,
426243,
427733,
429146,
430618,
432058,
433606,
435059,
436647,
438277,
439852,
441543,
443198,
444945,
446704,
448442,
450265,
452012,
453830,
455672,
457474,
459288,
461166,
462851,
464708,
466533,
468390,
470190,
471945,
473760,
475762,
477583,
479496,
481295,
483195,
485162,
486932,
488902,
490920,
492966,
495071,
497190,
499260,
501365,
503437,
505532,
507735,
509965,
512128,
514366,
516444,
518585,
520789,
523035,
525247,
527346,
529601,
531863,
534052,
536292,
538457,
540602,
542938,
545324,
547560,
550054,
552556,
555059,
557478,
559980,
562639,
565162,
567604,
570293,
572956,
575640,
578162,
580860,
583582,
586157,
588838,
591419,
594096,
596771,
599297,
601982,
604642,
607418,
610184,
612803,
615536,
618192,
621021,
623984,
626901,
629849,
632858,
635870,
638890,
641836,
644893,
648017,
651022,
654198,
657187,
660230,
663345,
666518,
669688,
672882,
676091,
679302,
682393,
685627,
688986,
692269,
695428,
698727,
701936,
705213,
708460,
711717,
715106,
718700,
722120,
725644,
729240,
732771,
736501,
739943,
743422,
746924,
750598,
754244,
758024,
761768,
765566,
769368,
773349,
777065,
780997,
784990,
788815,
792854,
796778,
800769,
804710,
808742,
812804,
816832,
820940,
825092,
829414,
833636,
837894,
842238,
846501,
850924,
855253,
859677,
863957,
868396,
872924,
877363,
881926,
886427,
890972,
895670,
900412,
905000,
909635,
914356,
919010,
923825,
928761,
933520,
938261,
943085,
948060,
953313,
958596,
963917,
969350,
974655,
980054,
985600,
990986,
996561,
1.00216e+06,
1.00775e+06,
1.01323e+06,
1.01888e+06,
1.02452e+06,
1.03009e+06,
1.03576e+06,
1.04165e+06,
1.04745e+06,
1.05328e+06,
1.05915e+06,
1.0651e+06,
1.07108e+06,
1.07677e+06,
1.08259e+06,
1.08873e+06,
1.09486e+06,
1.10095e+06,
1.10717e+06,
1.11352e+06,
1.11998e+06,
1.12647e+06,
1.13276e+06,
1.13932e+06,
1.14599e+06,
1.1525e+06,
1.15909e+06,
1.16597e+06,
1.17261e+06,
1.17957e+06,
1.18651e+06,
1.19322e+06,
1.20028e+06,
1.20708e+06,
1.21385e+06,
1.22086e+06,
1.22781e+06,
1.23499e+06,
1.24212e+06,
1.2495e+06,
1.2569e+06,
1.26419e+06,
1.27171e+06,
1.2789e+06,
1.28666e+06,
1.29438e+06,
1.30214e+06,
1.31008e+06,
1.3178e+06,
1.32585e+06,
1.33405e+06,
1.34238e+06,
1.35071e+06,
1.359e+06,
1.36745e+06,
1.37597e+06,
1.38457e+06,
1.39322e+06,
1.40178e+06,
1.41045e+06,
1.41914e+06,
1.42801e+06,
1.43683e+06,
1.4459e+06,
1.45484e+06,
1.46386e+06,
1.47306e+06,
1.48235e+06,
1.49187e+06,
1.50115e+06,
1.51072e+06,
1.52017e+06,
1.5299e+06,
1.53946e+06,
1.54915e+06,
1.55906e+06,
1.56913e+06,
1.57912e+06,
1.58928e+06,
1.59954e+06,
1.6098e+06,
1.62051e+06,
1.63117e+06,
1.64162e+06,
1.65199e+06,
1.66314e+06,
1.67402e+06,
1.68507e+06,
1.69625e+06,
1.70768e+06,
1.71904e+06,
1.73063e+06,
1.74218e+06,
1.75366e+06,
1.76557e+06,
1.77756e+06,
1.78987e+06,
1.80203e+06,
1.81409e+06,
1.82652e+06,
1.83935e+06,
1.85204e+06,
1.86471e+06,
1.87778e+06,
1.89111e+06,
1.90469e+06,
1.9184e+06,
1.9321e+06,
1.94635e+06,
1.96059e+06,
1.97471e+06,
1.98905e+06,
2.00356e+06,
2.01804e+06,
2.03278e+06,
2.04768e+06,
2.06304e+06,
2.07853e+06,
2.09426e+06,
2.11042e+06,
2.12678e+06,
2.1433e+06,
2.16002e+06,
2.17655e+06,
2.19376e+06,
2.21117e+06,
2.22898e+06,
2.24712e+06,
2.26551e+06,
2.2845e+06,
2.30374e+06,
2.32345e+06,
2.3433e+06,
2.363e+06,
2.38307e+06,
2.404e+06,
2.42501e+06,
2.44601e+06,
2.46744e+06,
2.48943e+06,
2.51179e+06,
2.53444e+06,
2.55745e+06,
2.58021e+06,
2.60368e+06,
2.62756e+06,
2.65179e+06,
2.67661e+06,
2.70205e+06,
2.72726e+06,
2.7535e+06,
2.78011e+06,
2.80688e+06,
2.83449e+06,
2.86237e+06,
2.89052e+06,
2.91956e+06,
2.9497e+06,
2.98e+06,
3.01117e+06,
3.04349e+06,
3.07581e+06,
3.10977e+06,
3.1449e+06,
3.18201e+06,
3.21781e+06,
3.25487e+06,
3.29374e+06,
3.33399e+06,
3.37523e+06,
3.4184e+06,
3.46314e+06,
3.51e+06,
3.56238e+06,
3.61974e+06,
3.67388e+06,
3.73071e+06,
3.7898e+06,
3.85238e+06,
3.91901e+06,
3.99351e+06,
4.07623e+06,
4.17195e+06,
4.34129e+06,
4.57656e+06,
4.71381e+06,
4.83259e+06,
4.94484e+06,
5.05293e+06,
5.15354e+06,
5.25315e+06,
5.35372e+06,
5.45246e+06,
5.56583e+06,
5.69408e+06,
5.79925e+06,
5.90236e+06,
6.00458e+06,
6.10436e+06,
6.20657e+06,
6.30822e+06,
6.41237e+06,
6.52161e+06,
6.64632e+06,
6.78857e+06,
6.92437e+06,
7.06472e+06,
7.20937e+06,
7.35869e+06,
7.52125e+06,
7.71177e+06,
7.93764e+06,
8.09509e+06,
8.23024e+06,
8.37343e+06,
8.4971e+06,
8.61753e+06,
8.73952e+06,
8.87009e+06,
8.99939e+06,
9.11708e+06,
9.22952e+06,
9.34621e+06,
9.4764e+06,
9.624e+06,
9.75332e+06,
9.89012e+06,
1.00166e+07,
1.01361e+07,
1.02463e+07,
1.03561e+07,
1.04695e+07,
1.05877e+07,
1.07264e+07,
1.08884e+07,
1.10195e+07,
1.11437e+07,
1.12587e+07,
1.13711e+07,
1.14897e+07,
1.16091e+07,
1.17334e+07,
1.18715e+07,
1.20155e+07,
1.21684e+07,
1.22935e+07,
1.24149e+07,
1.25333e+07,
1.26537e+07,
1.27777e+07,
1.29136e+07,
1.30417e+07,
1.31696e+07,
1.33117e+07,
1.34602e+07,
1.35862e+07,
1.371e+07,
1.3834e+07,
1.39651e+07,
1.4094e+07,
1.42184e+07,
1.43454e+07,
1.4471e+07,
1.46112e+07,
1.47653e+07,
1.48973e+07,
1.50303e+07,
1.51672e+07,
1.52955e+07,
1.54219e+07,
1.55476e+07,
1.5669e+07,
1.57941e+07,
1.59364e+07,
1.60952e+07,
1.62401e+07,
1.63754e+07,
1.65053e+07,
1.66313e+07,
1.67563e+07,
1.68746e+07,
1.6994e+07,
1.71196e+07,
1.72648e+07,
1.74309e+07,
1.75677e+07,
1.76968e+07,
1.78219e+07,
1.79463e+07,
1.80636e+07,
1.81806e+07,
1.83039e+07,
1.84415e+07,
1.86008e+07,
1.87636e+07,
1.89008e+07,
1.90302e+07,
1.91585e+07,
1.92792e+07,
1.94005e+07,
1.95273e+07,
1.96659e+07,
1.98031e+07,
1.99594e+07,
2.0118e+07,
2.02533e+07,
2.0384e+07,
2.05066e+07,
2.06276e+07,
2.07529e+07,
2.08884e+07,
2.10182e+07,
2.11483e+07,
2.13053e+07,
2.14647e+07,
2.16006e+07,
2.17284e+07,
2.18533e+07,
2.19805e+07,
2.21171e+07,
2.2247e+07,
2.23723e+07,
2.25001e+07,
2.2649e+07,
2.28079e+07,
2.2941e+07,
2.30681e+07,
2.31973e+07,
2.33332e+07,
2.34653e+07,
2.3595e+07,
2.37268e+07,
2.38643e+07,
2.40382e+07,
2.42364e+07,
2.43925e+07,
2.45438e+07,
2.47042e+07,
2.48585e+07,
2.50004e+07,
2.514e+07,
2.52791e+07,
2.54179e+07,
2.55935e+07,
2.57963e+07,
2.59595e+07,
2.61205e+07,
2.62828e+07,
2.64283e+07,
2.65688e+07,
2.67069e+07,
2.68447e+07,
2.69866e+07,
2.71613e+07,
2.73626e+07,
2.75283e+07,
2.76983e+07,
2.78504e+07,
2.79918e+07,
2.8131e+07,
2.82689e+07,
2.84052e+07,
2.85438e+07,
2.87047e+07,
2.88889e+07,
2.90521e+07,
2.92116e+07,
2.93606e+07,
2.95077e+07,
2.96583e+07,
2.98074e+07,
2.9952e+07,
3.00968e+07,
3.02646e+07,
3.04671e+07,
3.06437e+07,
3.08013e+07,
3.09484e+07,
3.10913e+07,
3.12306e+07,
3.13674e+07,
3.15052e+07,
3.16483e+07,
375246,
375010,
374766,
374564,
374356,
374115,
373883,
373654,
373464,
373228,
373025,
372834,
372688,
372594,
372429,
372315,
372125,
371999,
371853,
371663,
371520,
371383,
371210,
371002,
370863,
370698,
370535,
370425,
370284,
370218,
370084,
369986,
369832,
369619,
369495,
369344,
369174,
369025,
368860,
368778,
368662,
368538,
368402,
368257,
368153,
368030,
367906,
367760,
367596,
367483,
367390,
367256,
367088,
366886,
366741,
366623,
366484,
366361,
366224,
366196,
366131,
366109,
366013,
365937,
365857,
365717,
365677,
365546,
365426,
365327,
365249,
365151,
365104,
365066,
364980,
364930,
364895,
364897,
364932,
364929,
364880,
364856,
364862,
364866,
364883,
364881,
364895,
364912,
364939,
364960,
364969,
364995,
364990,
364986,
364989,
364991,
364980,
365002,
365018,
365018,
364993,
364979,
364931,
364973,
364976,
364981,
365058,
365107,
365123,
365100,
365086,
365112,
365160,
365125,
365115,
365151,
365219,
365239,
365218,
365231,
365223,
365220,
365218,
365258,
365288,
365251,
365344,
365445,
365442,
365472,
365490,
365469,
365538,
365610,
365665,
365738,
365824,
365935,
366056,
366098,
366096,
366174,
366277,
366354,
366443,
366521,
366588,
366690,
366719,
366829,
366855,
366942,
367013,
367133,
367231,
367336,
367420,
367548,
367648,
367754,
367837,
367903,
367977,
368051,
368185,
368313,
368438,
368556,
368600,
368692,
368834,
368930,
369062,
369197,
369315,
369446,
369566,
369705,
369876,
370009,
370168,
370356,
370571,
370796,
370971,
371204,
372179,
373331,
374434,
375577,
376693,
377864,
379005,
380222,
381464,
382676,
383792,
385041,
386251,
387404,
388547,
389733,
390884,
392048,
393196,
394516,
395761,
397025,
398175,
399347,
400322,
401637,
403111,
404559,
406076,
407530,
409072,
410578,
412001,
413486,
415020,
416394,
417795,
419346,
420831,
422259,
423822,
425365,
426854,
428420,
429857,
431277,
432842,
434422,
435951,
437534,
439025,
440866,
442644,
444333,
446093,
447845,
449606,
451413,
453119,
454880,
456726,
458446,
460222,
462157,
464004,
465853,
467650,
469552,
471341,
473174,
475131,
476990,
478881,
480792,
482669,
484441,
486229,
488196,
490316,
492271,
494425,
496570,
498704,
500752,
502888,
504898,
507066,
509227,
511406,
513489,
515674,
518012,
520113,
522278,
524597,
526921,
529077,
531308,
533558,
535722,
537952,
540084,
542487,
544709,
547236,
549642,
552121,
554649,
557287,
559858,
562436,
565016,
567627,
570323,
572940,
575534,
578110,
580703,
583255,
585837,
588535,
591228,
593968,
596517,
599203,
601888,
604601,
607364,
610099,
612737,
615418,
618275,
621208,
624216,
627174,
630169,
633140,
636284,
639428,
642418,
645609,
648636,
651724,
654854,
658051,
661121,
664184,
667217,
670383,
673655,
676841,
680060,
683284,
686500,
689531,
692735,
696049,
699270,
702477,
705690,
709148,
712622,
716121,
719646,
723192,
726735,
730365,
733892,
737632,
741312,
744984,
748553,
752375,
756106,
759636,
763377,
767075,
770862,
774584,
778447,
782371,
786429,
790306,
794115,
798050,
801985,
805972,
809991,
814148,
818415,
822588,
826786,
830939,
835146,
839148,
843395,
847788,
852202,
856735,
861088,
865588,
870064,
874501,
878953,
883499,
887982,
892468,
897112,
901820,
906652,
911460,
916381,
921333,
926291,
931172,
936082,
941067,
946281,
951380,
956621,
962040,
967439,
972892,
978287,
983813,
989067,
994561,
1.00017e+06,
1.00554e+06,
1.01105e+06,
1.0167e+06,
1.02243e+06,
1.02816e+06,
1.03381e+06,
1.03955e+06,
1.0452e+06,
1.05085e+06,
1.05678e+06,
1.06265e+06,
1.06856e+06,
1.07442e+06,
1.08058e+06,
1.08669e+06,
1.0927e+06,
1.0986e+06,
1.10489e+06,
1.11137e+06,
1.11791e+06,
1.12447e+06,
1.13103e+06,
1.13755e+06,
1.14424e+06,
1.15107e+06,
1.15757e+06,
1.16418e+06,
1.17083e+06,
1.17765e+06,
1.1845e+06,
1.19138e+06,
1.19824e+06,
1.20536e+06,
1.21243e+06,
1.21934e+06,
1.22634e+06,
1.23334e+06,
1.24041e+06,
1.24767e+06,
1.25475e+06,
1.26194e+06,
1.2694e+06,
1.27694e+06,
1.2845e+06,
1.29211e+06,
1.29965e+06,
1.30747e+06,
1.31524e+06,
1.32314e+06,
1.33117e+06,
1.33929e+06,
1.34731e+06,
1.35561e+06,
1.36395e+06,
1.37227e+06,
1.38069e+06,
1.38897e+06,
1.39781e+06,
1.40646e+06,
1.41534e+06,
1.42451e+06,
1.43345e+06,
1.44271e+06,
1.4517e+06,
1.46088e+06,
1.47004e+06,
1.47915e+06,
1.48814e+06,
1.49736e+06,
1.50674e+06,
1.51629e+06,
1.52575e+06,
1.5352e+06,
1.54473e+06,
1.55437e+06,
1.56415e+06,
1.57412e+06,
1.58419e+06,
1.59448e+06,
1.60459e+06,
1.61502e+06,
1.62528e+06,
1.63566e+06,
1.64626e+06,
1.65703e+06,
1.66784e+06,
1.67851e+06,
1.68964e+06,
1.70068e+06,
1.71173e+06,
1.72325e+06,
1.73457e+06,
1.7458e+06,
1.7573e+06,
1.76913e+06,
1.78092e+06,
1.79265e+06,
1.80476e+06,
1.81726e+06,
1.82952e+06,
1.84201e+06,
1.85471e+06,
1.86764e+06,
1.8808e+06,
1.89381e+06,
1.90709e+06,
1.92028e+06,
1.93415e+06,
1.94765e+06,
1.96158e+06,
1.97573e+06,
1.98976e+06,
2.00408e+06,
2.01894e+06,
2.03414e+06,
2.04886e+06,
2.06362e+06,
2.07863e+06,
2.09419e+06,
2.11006e+06,
2.12622e+06,
2.1429e+06,
2.15947e+06,
2.17608e+06,
2.19293e+06,
2.20953e+06,
2.22659e+06,
2.24455e+06,
2.26253e+06,
2.28114e+06,
2.29973e+06,
2.31911e+06,
2.339e+06,
2.35903e+06,
2.37904e+06,
2.39921e+06,
2.41956e+06,
2.44028e+06,
2.46145e+06,
2.48263e+06,
2.50487e+06,
2.52706e+06,
2.54958e+06,
2.57197e+06,
2.59516e+06,
2.61847e+06,
2.64164e+06,
2.66523e+06,
2.68991e+06,
2.71483e+06,
2.74003e+06,
2.76577e+06,
2.7918e+06,
2.81789e+06,
2.84505e+06,
2.87261e+06,
2.9e+06,
2.92822e+06,
2.95704e+06,
2.98644e+06,
3.01729e+06,
3.04867e+06,
3.0803e+06,
3.11267e+06,
3.14562e+06,
3.17972e+06,
3.21503e+06,
3.25266e+06,
3.29036e+06,
3.32784e+06,
3.36751e+06,
3.40772e+06,
3.44993e+06,
3.49326e+06,
3.53806e+06,
3.58561e+06,
3.63714e+06,
3.69297e+06,
3.75321e+06,
3.81488e+06,
3.87562e+06,
3.9407e+06,
4.00981e+06,
4.08748e+06,
4.17371e+06,
4.27816e+06,
4.44022e+06,
4.71653e+06,
4.85794e+06,
4.97762e+06,
5.0898e+06,
5.19812e+06,
5.29964e+06,
5.40037e+06,
5.50267e+06,
5.60318e+06,
5.71528e+06,
5.8522e+06,
5.95765e+06,
6.06044e+06,
6.16378e+06,
6.26452e+06,
6.36719e+06,
6.46867e+06,
6.57473e+06,
6.68269e+06,
6.8064e+06,
6.96396e+06,
7.10354e+06,
7.24171e+06,
7.38203e+06,
7.52638e+06,
7.67685e+06,
7.8412e+06,
8.03304e+06,
8.2548e+06,
8.44554e+06,
8.64483e+06,
8.77015e+06,
8.89137e+06,
9.01257e+06,
9.13558e+06,
9.26724e+06,
9.39304e+06,
9.51689e+06,
9.64374e+06,
9.7746e+06,
9.93499e+06,
1.0062e+07,
1.01897e+07,
1.03232e+07,
1.04468e+07,
1.05681e+07,
1.06871e+07,
1.08073e+07,
1.09271e+07,
1.10638e+07,
1.12315e+07,
1.13681e+07,
1.14941e+07,
1.16184e+07,
1.17415e+07,
1.18634e+07,
1.19821e+07,
1.2104e+07,
1.22345e+07,
1.23847e+07,
1.25533e+07,
1.26868e+07,
1.28176e+07,
1.29455e+07,
1.30667e+07,
1.31887e+07,
1.33155e+07,
1.34493e+07,
1.35829e+07,
1.37291e+07,
1.3901e+07,
1.40361e+07,
1.41666e+07,
1.42891e+07,
1.44142e+07,
1.45472e+07,
1.46756e+07,
1.48036e+07,
1.49327e+07,
1.50796e+07,
1.52597e+07,
1.53951e+07,
1.55249e+07,
1.56627e+07,
1.57941e+07,
1.59214e+07,
1.60475e+07,
1.61744e+07,
1.63047e+07,
1.64516e+07,
1.6635e+07,
1.67768e+07,
1.69186e+07,
1.70493e+07,
1.71758e+07,
1.73011e+07,
1.74267e+07,
1.75534e+07,
1.76849e+07,
1.7827e+07,
1.80189e+07,
1.81572e+07,
1.82882e+07,
1.84149e+07,
1.85403e+07,
1.86646e+07,
1.87907e+07,
1.89204e+07,
1.90536e+07,
1.92068e+07,
1.93972e+07,
1.95406e+07,
1.96727e+07,
1.98021e+07,
1.99306e+07,
2.0061e+07,
2.01936e+07,
2.03299e+07,
2.04686e+07,
2.06145e+07,
2.07996e+07,
2.09442e+07,
2.10797e+07,
2.12117e+07,
2.13432e+07,
2.14761e+07,
2.16125e+07,
2.17435e+07,
2.1874e+07,
2.20156e+07,
2.2199e+07,
2.23463e+07,
2.24872e+07,
2.26236e+07,
2.27585e+07,
2.28996e+07,
2.30312e+07,
2.316e+07,
2.32887e+07,
2.34283e+07,
2.36021e+07,
2.3749e+07,
2.38908e+07,
2.40323e+07,
2.41772e+07,
2.43136e+07,
2.44461e+07,
2.45797e+07,
2.4719e+07,
2.48829e+07,
2.51128e+07,
2.52815e+07,
2.54436e+07,
2.56107e+07,
2.57778e+07,
2.59279e+07,
2.60726e+07,
2.62174e+07,
2.63643e+07,
2.65331e+07,
2.67626e+07,
2.69417e+07,
2.71157e+07,
2.72949e+07,
2.7455e+07,
2.7609e+07,
2.77607e+07,
2.79108e+07,
2.80668e+07,
2.82495e+07,
2.84907e+07,
2.8684e+07,
2.88732e+07,
2.90434e+07,
2.91992e+07,
2.93501e+07,
2.94971e+07,
2.96417e+07,
2.9785e+07,
2.99414e+07,
3.01407e+07,
3.03124e+07,
3.04796e+07,
3.06309e+07,
3.07738e+07,
3.09129e+07,
3.10511e+07,
3.11893e+07,
3.13296e+07,
3.14845e+07,
3.16931e+07,
3.18721e+07,
3.20311e+07,
3.2179e+07,
3.2321e+07,
3.24621e+07,
3.26016e+07,
3.2741e+07,
3.28816e+07,
375246,
375013,
374778,
374582,
374372,
374160,
373929,
373693,
373495,
373262,
373066,
372861,
372747,
372626,
372467,
372301,
372160,
372035,
371898,
371733,
371553,
371398,
371199,
371006,
370861,
370757,
370629,
370506,
370369,
370279,
370170,
370028,
369863,
369692,
369567,
369395,
369272,
369080,
368950,
368851,
368745,
368618,
368458,
368310,
368231,
368080,
367933,
367794,
367650,
367521,
367415,
367266,
367058,
366935,
366710,
366567,
366450,
366301,
366176,
366015,
365903,
365801,
365747,
365612,
365487,
365386,
365288,
365215,
365133,
365010,
364938,
364877,
364850,
364828,
364790,
364822,
364794,
364797,
364809,
364791,
364778,
364744,
364781,
364788,
364793,
364755,
364746,
364728,
364738,
364713,
364706,
364730,
364749,
364769,
364815,
364867,
364847,
364853,
364899,
364885,
364838,
364867,
364827,
364826,
364880,
364921,
364964,
364980,
364982,
365002,
365011,
365041,
365055,
365046,
365071,
365076,
365087,
365071,
365116,
365106,
365070,
365081,
365083,
365129,
365172,
365215,
365305,
365352,
365385,
365421,
365455,
365486,
365516,
365604,
365721,
365748,
365811,
365879,
365947,
366022,
365973,
366009,
366096,
366201,
366273,
366355,
366464,
366593,
366670,
366714,
366761,
366843,
366960,
367015,
367121,
367235,
367292,
367343,
367448,
367512,
367574,
367684,
367773,
367872,
368025,
368080,
368221,
368330,
368440,
368526,
368594,
368720,
368886,
368953,
369095,
369228,
369398,
369527,
369679,
369883,
370059,
370204,
370384,
370781,
371880,
373017,
374201,
375456,
376619,
377757,
378891,
379993,
381321,
382510,
383703,
384898,
386148,
387443,
388576,
389762,
390906,
392083,
393265,
394620,
395890,
397061,
398284,
399403,
400759,
402128,
403527,
405021,
406567,
408089,
409595,
411190,
412670,
414165,
415574,
417125,
418526,
419995,
421404,
422916,
424304,
425906,
427453,
429004,
430587,
432169,
433741,
435215,
436715,
438217,
440061,
441728,
443464,
445202,
446936,
448621,
450378,
452169,
454005,
455861,
457583,
459372,
461279,
463069,
464915,
466797,
468693,
470575,
472558,
474372,
476157,
478064,
479931,
481803,
483732,
485628,
487535,
489684,
491698,
493815,
495961,
497928,
500037,
502239,
504373,
506531,
508721,
510915,
513101,
515215,
517314,
519612,
521771,
524126,
526316,
528438,
530771,
532980,
535211,
537368,
539646,
541984,
544427,
546919,
549464,
551984,
554450,
557074,
559502,
562014,
564637,
567234,
569786,
572383,
574942,
577623,
580315,
582951,
585561,
588254,
590891,
593527,
596139,
598893,
601673,
604450,
607167,
609960,
612489,
615382,
618270,
621347,
624305,
627325,
630429,
633503,
636426,
639515,
642571,
645643,
648621,
651824,
654856,
658061,
661293,
664333,
667490,
670635,
673836,
677057,
680133,
683305,
686700,
689788,
692968,
696282,
699451,
702744,
706226,
709749,
713362,
716909,
720541,
724218,
727742,
731406,
734862,
738454,
742105,
745712,
749464,
753137,
756850,
760509,
764146,
767945,
771781,
775512,
779312,
783112,
786737,
790452,
794250,
798202,
802144,
806230,
810490,
814775,
819097,
823531,
827628,
831959,
836301,
840585,
844871,
849129,
853498,
857803,
862215,
866534,
870915,
875617,
880338,
885064,
889922,
894813,
899419,
904099,
908869,
913892,
918590,
923485,
928313,
933289,
938443,
943618,
948820,
954029,
959411,
964740,
969999,
975429,
980733,
986215,
991616,
997196,
1.00264e+06,
1.00811e+06,
1.0136e+06,
1.01926e+06,
1.02497e+06,
1.03059e+06,
1.03638e+06,
1.04208e+06,
1.04787e+06,
1.05372e+06,
1.05958e+06,
1.06536e+06,
1.07121e+06,
1.07706e+06,
1.0832e+06,
1.08927e+06,
1.09555e+06,
1.102e+06,
1.10829e+06,
1.11451e+06,
1.12084e+06,
1.12745e+06,
1.13394e+06,
1.14052e+06,
1.1471e+06,
1.15377e+06,
1.16052e+06,
1.16723e+06,
1.17411e+06,
1.18088e+06,
1.18778e+06,
1.19457e+06,
1.20147e+06,
1.20838e+06,
1.21535e+06,
1.22261e+06,
1.22974e+06,
1.23694e+06,
1.24414e+06,
1.25137e+06,
1.25852e+06,
1.26607e+06,
1.27348e+06,
1.28093e+06,
1.28845e+06,
1.29598e+06,
1.30411e+06,
1.31197e+06,
1.3197e+06,
1.32778e+06,
1.33565e+06,
1.3436e+06,
1.35165e+06,
1.35983e+06,
1.36804e+06,
1.37634e+06,
1.38461e+06,
1.39298e+06,
1.40157e+06,
1.41016e+06,
1.41875e+06,
1.42739e+06,
1.43624e+06,
1.4451e+06,
1.45415e+06,
1.46325e+06,
1.47239e+06,
1.48165e+06,
1.49114e+06,
1.50055e+06,
1.50991e+06,
1.51935e+06,
1.52881e+06,
1.53822e+06,
1.54803e+06,
1.55778e+06,
1.56772e+06,
1.57759e+06,
1.58737e+06,
1.59768e+06,
1.60762e+06,
1.6177e+06,
1.62801e+06,
1.63855e+06,
1.64902e+06,
1.65964e+06,
1.67023e+06,
1.68109e+06,
1.69198e+06,
1.70289e+06,
1.71389e+06,
1.72492e+06,
1.73619e+06,
1.74742e+06,
1.75895e+06,
1.77028e+06,
1.78197e+06,
1.79396e+06,
1.80601e+06,
1.81812e+06,
1.83022e+06,
1.84248e+06,
1.85515e+06,
1.86808e+06,
1.88103e+06,
1.89398e+06,
1.90723e+06,
1.92062e+06,
1.93402e+06,
1.94758e+06,
1.96143e+06,
1.97525e+06,
1.98948e+06,
2.00359e+06,
2.01801e+06,
2.0329e+06,
2.04785e+06,
2.06251e+06,
2.07748e+06,
2.09298e+06,
2.10812e+06,
2.12409e+06,
2.13985e+06,
2.1562e+06,
2.17232e+06,
2.18907e+06,
2.20596e+06,
2.22293e+06,
2.24014e+06,
2.25784e+06,
2.27537e+06,
2.29381e+06,
2.31265e+06,
2.33167e+06,
2.35119e+06,
2.37156e+06,
2.39165e+06,
2.41184e+06,
2.43243e+06,
2.45331e+06,
2.47402e+06,
2.49494e+06,
2.51669e+06,
2.5389e+06,
2.56098e+06,
2.58322e+06,
2.60631e+06,
2.62915e+06,
2.65287e+06,
2.67615e+06,
2.69985e+06,
2.72353e+06,
2.7486e+06,
2.77327e+06,
2.79877e+06,
2.82462e+06,
2.8508e+06,
2.8775e+06,
2.90472e+06,
2.9323e+06,
2.96061e+06,
2.98889e+06,
3.01826e+06,
3.04788e+06,
3.07869e+06,
3.11004e+06,
3.14215e+06,
3.17496e+06,
3.20827e+06,
3.24195e+06,
3.27712e+06,
3.31495e+06,
3.35309e+06,
3.39181e+06,
3.43098e+06,
3.4717e+06,
3.51363e+06,
3.55713e+06,
3.60174e+06,
3.64898e+06,
3.69849e+06,
3.75343e+06,
3.8112e+06,
3.87233e+06,
3.93902e+06,
4.00714e+06,
4.07818e+06,
4.15406e+06,
4.23912e+06,
4.33896e+06,
4.47763e+06,
4.78021e+06,
4.9649e+06,
5.09099e+06,
5.20507e+06,
5.31427e+06,
5.41866e+06,
5.51891e+06,
5.6205e+06,
5.72341e+06,
5.83111e+06,
5.97192e+06,
6.09058e+06,
6.1934e+06,
6.29714e+06,
6.39866e+06,
6.50109e+06,
6.60439e+06,
6.70963e+06,
6.81804e+06,
6.93441e+06,
7.10426e+06,
7.25576e+06,
7.39252e+06,
7.53261e+06,
7.67406e+06,
7.81968e+06,
7.97454e+06,
8.14163e+06,
8.33781e+06,
8.5526e+06,
8.76123e+06,
8.94442e+06,
9.10742e+06,
9.26754e+06,
9.39343e+06,
9.51734e+06,
9.6483e+06,
9.77463e+06,
9.89905e+06,
1.00325e+07,
1.02017e+07,
1.03549e+07,
1.0483e+07,
1.06106e+07,
1.07408e+07,
1.08637e+07,
1.09875e+07,
1.11117e+07,
1.12386e+07,
1.13726e+07,
1.15413e+07,
1.17007e+07,
1.1832e+07,
1.19602e+07,
1.20832e+07,
1.22079e+07,
1.23319e+07,
1.24578e+07,
1.25887e+07,
1.27313e+07,
1.29002e+07,
1.30631e+07,
1.3195e+07,
1.33242e+07,
1.34515e+07,
1.35804e+07,
1.37104e+07,
1.38504e+07,
1.3984e+07,
1.41208e+07,
1.42879e+07,
1.44557e+07,
1.45897e+07,
1.47209e+07,
1.48537e+07,
1.49942e+07,
1.51262e+07,
1.52532e+07,
1.53818e+07,
1.55184e+07,
1.56854e+07,
1.58571e+07,
1.60041e+07,
1.61463e+07,
1.6289e+07,
1.64178e+07,
1.65448e+07,
1.6672e+07,
1.68009e+07,
1.69394e+07,
1.71104e+07,
1.7288e+07,
1.74489e+07,
1.75924e+07,
1.7722e+07,
1.78491e+07,
1.79752e+07,
1.81038e+07,
1.82368e+07,
1.83775e+07,
1.85518e+07,
1.87281e+07,
1.88769e+07,
1.90134e+07,
1.91435e+07,
1.92704e+07,
1.9398e+07,
1.9529e+07,
1.96665e+07,
1.9819e+07,
1.99969e+07,
2.01709e+07,
2.0317e+07,
2.04567e+07,
2.05936e+07,
2.07277e+07,
2.08628e+07,
2.10024e+07,
2.11507e+07,
2.12967e+07,
2.14686e+07,
2.1636e+07,
2.1783e+07,
2.19238e+07,
2.20635e+07,
2.22036e+07,
2.23471e+07,
2.24897e+07,
2.26273e+07,
2.27705e+07,
2.29404e+07,
2.3109e+07,
2.32597e+07,
2.34046e+07,
2.35486e+07,
2.36966e+07,
2.38446e+07,
2.39854e+07,
2.4124e+07,
2.42683e+07,
2.44327e+07,
2.4599e+07,
2.47508e+07,
2.49002e+07,
2.5052e+07,
2.52049e+07,
2.53526e+07,
2.55015e+07,
2.56548e+07,
2.58194e+07,
2.60412e+07,
2.62446e+07,
2.64293e+07,
2.66114e+07,
2.68044e+07,
2.6983e+07,
2.71535e+07,
2.73175e+07,
2.74806e+07,
2.76528e+07,
2.78675e+07,
2.8078e+07,
2.82658e+07,
2.84523e+07,
2.86192e+07,
2.87794e+07,
2.8936e+07,
2.90939e+07,
2.92517e+07,
2.94173e+07,
2.96238e+07,
2.9826e+07,
3.00143e+07,
3.01851e+07,
3.03451e+07,
3.04979e+07,
3.06469e+07,
3.07952e+07,
3.09424e+07,
3.10978e+07,
3.12846e+07,
3.14682e+07,
3.16388e+07,
3.17929e+07,
3.19402e+07,
3.20839e+07,
3.22254e+07,
3.2366e+07,
3.25057e+07,
3.26565e+07,
3.28465e+07,
3.30395e+07,
3.32057e+07,
3.33604e+07,
3.35084e+07,
3.36522e+07,
3.37933e+07,
3.39339e+07,
3.40741e+07,
375246,
375010,
374802,
374600,
374381,
374179,
373942,
373729,
373504,
373302,
373097,
372901,
372780,
372605,
372460,
372333,
372221,
372061,
371920,
371770,
371569,
371395,
371194,
371020,
370874,
370790,
370668,
370608,
370497,
370389,
370191,
370038,
369890,
369734,
369638,
369478,
369320,
369181,
369037,
368954,
368853,
368709,
368603,
368461,
368326,
368196,
368040,
367900,
367785,
367669,
367541,
367334,
367156,
366939,
366764,
366643,
366520,
366355,
366305,
366142,
365959,
365842,
365703,
365525,
365399,
365245,
365076,
364951,
364816,
364693,
364652,
364562,
364531,
364549,
364546,
364550,
364570,
364630,
364665,
364643,
364613,
364628,
364622,
364655,
364629,
364643,
364611,
364614,
364656,
364624,
364634,
364627,
364635,
364644,
364629,
364610,
364630,
364638,
364673,
364708,
364664,
364650,
364650,
364681,
364747,
364813,
364843,
364872,
364905,
364953,
364921,
364943,
364940,
364938,
364930,
364923,
364932,
364987,
365021,
365026,
365075,
365096,
365139,
365171,
365217,
365255,
365299,
365286,
365370,
365421,
365447,
365489,
365571,
365660,
365696,
365717,
365817,
365877,
365920,
365978,
366023,
366032,
366083,
366197,
366293,
366388,
366495,
366595,
366631,
366680,
366738,
366743,
366791,
366841,
366907,
366987,
367080,
367147,
367261,
367309,
367355,
367443,
367562,
367694,
367808,
367859,
367949,
368038,
368163,
368289,
368427,
368540,
368700,
368839,
369019,
369160,
369273,
369451,
369596,
369704,
369937,
370429,
371545,
372682,
373864,
375132,
376271,
377562,
378686,
379928,
381139,
382243,
383433,
384648,
385924,
387162,
388377,
389598,
390814,
391971,
393221,
394468,
395627,
396933,
398202,
399405,
400769,
402266,
403698,
405155,
406700,
408198,
409709,
411175,
412608,
414209,
415774,
417286,
418714,
420226,
421708,
423189,
424602,
426204,
427756,
429393,
430987,
432450,
434003,
435498,
437051,
438754,
440423,
442163,
443887,
445598,
447454,
449357,
451078,
452928,
454608,
456507,
458280,
460165,
461846,
463741,
465575,
467511,
469268,
471192,
473116,
475109,
477048,
478907,
480728,
482454,
484368,
486437,
488462,
490634,
492678,
494809,
496944,
499066,
501155,
503351,
505537,
507736,
509908,
511983,
514269,
516385,
518599,
520726,
522979,
525252,
527482,
529834,
532270,
534477,
536788,
539037,
541294,
543626,
546156,
548668,
551221,
553785,
556275,
558826,
561299,
563895,
566548,
569110,
571620,
574233,
576888,
579526,
582221,
584964,
587708,
590448,
593146,
595845,
598563,
601320,
604002,
606676,
609454,
612205,
614874,
617916,
620987,
623961,
627044,
629943,
632975,
635997,
639117,
642243,
645175,
648330,
651464,
654651,
657708,
660838,
664141,
667442,
670637,
673817,
676964,
680070,
683333,
686548,
689964,
693230,
696616,
699910,
703241,
706748,
710248,
713802,
717389,
720861,
724361,
727895,
731523,
735123,
738720,
742376,
745861,
749521,
753220,
757002,
760584,
764326,
767835,
771738,
775483,
779376,
783050,
786891,
790749,
794670,
798541,
802494,
806605,
810656,
814990,
819248,
823605,
827918,
832284,
836584,
840877,
845163,
849585,
854347,
858898,
863489,
868031,
872616,
877259,
881969,
886489,
891094,
895809,
900533,
905430,
910368,
915309,
920050,
924825,
929680,
934866,
940213,
945371,
950733,
955930,
961145,
966438,
971724,
977292,
982682,
988084,
993499,
999072,
1.00471e+06,
1.01013e+06,
1.01577e+06,
1.0213e+06,
1.02703e+06,
1.03275e+06,
1.03854e+06,
1.04412e+06,
1.05004e+06,
1.05589e+06,
1.06175e+06,
1.06764e+06,
1.07342e+06,
1.07922e+06,
1.08521e+06,
1.09106e+06,
1.09717e+06,
1.1035e+06,
1.10993e+06,
1.11631e+06,
1.12281e+06,
1.12921e+06,
1.1357e+06,
1.1423e+06,
1.14884e+06,
1.15545e+06,
1.16192e+06,
1.16887e+06,
1.17582e+06,
1.18252e+06,
1.18938e+06,
1.19611e+06,
1.20308e+06,
1.21016e+06,
1.2171e+06,
1.22405e+06,
1.23102e+06,
1.2382e+06,
1.24538e+06,
1.25279e+06,
1.26004e+06,
1.26746e+06,
1.27486e+06,
1.28249e+06,
1.29001e+06,
1.29759e+06,
1.30525e+06,
1.31295e+06,
1.32085e+06,
1.32872e+06,
1.33707e+06,
1.34499e+06,
1.35293e+06,
1.36102e+06,
1.36909e+06,
1.37752e+06,
1.38596e+06,
1.39435e+06,
1.40275e+06,
1.41141e+06,
1.41996e+06,
1.42899e+06,
1.43749e+06,
1.44639e+06,
1.45529e+06,
1.46426e+06,
1.47337e+06,
1.48238e+06,
1.49148e+06,
1.50045e+06,
1.50983e+06,
1.51929e+06,
1.52901e+06,
1.53884e+06,
1.54836e+06,
1.5582e+06,
1.56824e+06,
1.57822e+06,
1.58828e+06,
1.59828e+06,
1.60839e+06,
1.61859e+06,
1.62878e+06,
1.63897e+06,
1.64913e+06,
1.65947e+06,
1.66997e+06,
1.68083e+06,
1.69185e+06,
1.70256e+06,
1.71348e+06,
1.72445e+06,
1.73562e+06,
1.74696e+06,
1.75815e+06,
1.76959e+06,
1.78117e+06,
1.79286e+06,
1.80472e+06,
1.81662e+06,
1.82863e+06,
1.84085e+06,
1.85333e+06,
1.86606e+06,
1.87876e+06,
1.89178e+06,
1.90487e+06,
1.91816e+06,
1.93139e+06,
1.94494e+06,
1.95859e+06,
1.97231e+06,
1.98647e+06,
2.00034e+06,
2.01459e+06,
2.02898e+06,
2.0437e+06,
2.05842e+06,
2.07345e+06,
2.0885e+06,
2.10404e+06,
2.11967e+06,
2.13597e+06,
2.15188e+06,
2.16795e+06,
2.18433e+06,
2.20046e+06,
2.21725e+06,
2.2342e+06,
2.25127e+06,
2.26862e+06,
2.28631e+06,
2.30461e+06,
2.32315e+06,
2.34181e+06,
2.36095e+06,
2.38053e+06,
2.4001e+06,
2.42009e+06,
2.44062e+06,
2.46108e+06,
2.48182e+06,
2.50277e+06,
2.52441e+06,
2.54571e+06,
2.56769e+06,
2.59014e+06,
2.61236e+06,
2.63504e+06,
2.65776e+06,
2.68145e+06,
2.70489e+06,
2.72839e+06,
2.75242e+06,
2.77681e+06,
2.80126e+06,
2.82618e+06,
2.85197e+06,
2.87826e+06,
2.90465e+06,
2.93185e+06,
2.95893e+06,
2.98668e+06,
3.01539e+06,
3.04399e+06,
3.07353e+06,
3.10313e+06,
3.13398e+06,
3.16554e+06,
3.19754e+06,
3.23062e+06,
3.26422e+06,
3.29823e+06,
3.3325e+06,
3.36851e+06,
3.40627e+06,
3.44597e+06,
3.48567e+06,
3.52564e+06,
3.56727e+06,
3.61043e+06,
3.65496e+06,
3.70094e+06,
3.74919e+06,
3.80265e+06,
3.85884e+06,
3.91769e+06,
3.97973e+06,
4.04762e+06,
4.11809e+06,
4.19367e+06,
4.27523e+06,
4.36879e+06,
4.48589e+06,
4.67859e+06,
4.91229e+06,
5.16188e+06,
5.28691e+06,
5.40015e+06,
5.50826e+06,
5.61428e+06,
5.71416e+06,
5.81656e+06,
5.92427e+06,
6.04188e+06,
6.16865e+06,
6.30314e+06,
6.40687e+06,
6.5118e+06,
6.61511e+06,
6.7187e+06,
6.82457e+06,
6.93137e+06,
7.05196e+06,
7.19654e+06,
7.35296e+06,
7.52084e+06,
7.65916e+06,
7.79959e+06,
7.94229e+06,
8.09385e+06,
8.25164e+06,
8.42074e+06,
8.62695e+06,
8.83791e+06,
9.02954e+06,
9.22526e+06,
9.39139e+06,
9.55079e+06,
9.70864e+06,
9.86441e+06,
1.002e+07,
1.01461e+07,
1.02766e+07,
1.04223e+07,
1.05727e+07,
1.074e+07,
1.08805e+07,
1.1018e+07,
1.11541e+07,
1.12787e+07,
1.14035e+07,
1.15274e+07,
1.16577e+07,
1.18054e+07,
1.19594e+07,
1.21367e+07,
1.22886e+07,
1.24193e+07,
1.25445e+07,
1.26682e+07,
1.2794e+07,
1.2922e+07,
1.30607e+07,
1.32204e+07,
1.33785e+07,
1.35464e+07,
1.36901e+07,
1.38268e+07,
1.39557e+07,
1.40872e+07,
1.42245e+07,
1.43693e+07,
1.45098e+07,
1.46637e+07,
1.48197e+07,
1.49843e+07,
1.51311e+07,
1.52746e+07,
1.54156e+07,
1.55576e+07,
1.56928e+07,
1.5828e+07,
1.59654e+07,
1.61181e+07,
1.62733e+07,
1.64431e+07,
1.65977e+07,
1.67535e+07,
1.68986e+07,
1.70376e+07,
1.71701e+07,
1.73068e+07,
1.74447e+07,
1.75983e+07,
1.7758e+07,
1.79374e+07,
1.80966e+07,
1.82454e+07,
1.83885e+07,
1.85311e+07,
1.86717e+07,
1.88049e+07,
1.89432e+07,
1.90992e+07,
1.92657e+07,
1.94354e+07,
1.95873e+07,
1.97347e+07,
1.98786e+07,
2.00203e+07,
2.01579e+07,
2.02977e+07,
2.04472e+07,
2.06109e+07,
2.07762e+07,
2.09487e+07,
2.1106e+07,
2.12579e+07,
2.14055e+07,
2.15501e+07,
2.16956e+07,
2.18501e+07,
2.20016e+07,
2.21636e+07,
2.23261e+07,
2.24982e+07,
2.26569e+07,
2.28107e+07,
2.29607e+07,
2.31097e+07,
2.32645e+07,
2.3413e+07,
2.35652e+07,
2.37315e+07,
2.39008e+07,
2.40771e+07,
2.42427e+07,
2.44036e+07,
2.45622e+07,
2.4725e+07,
2.48806e+07,
2.50378e+07,
2.51993e+07,
2.53833e+07,
2.55698e+07,
2.57569e+07,
2.59295e+07,
2.60969e+07,
2.62634e+07,
2.64216e+07,
2.65771e+07,
2.67338e+07,
2.68999e+07,
2.70973e+07,
2.73063e+07,
2.75101e+07,
2.77047e+07,
2.7896e+07,
2.80673e+07,
2.82289e+07,
2.83879e+07,
2.85474e+07,
2.87137e+07,
2.89058e+07,
2.91003e+07,
2.93051e+07,
2.9506e+07,
2.96846e+07,
2.98543e+07,
3.00156e+07,
3.01725e+07,
3.03281e+07,
3.04901e+07,
3.06766e+07,
3.08682e+07,
3.1072e+07,
3.12559e+07,
3.1422e+07,
3.1582e+07,
3.17376e+07,
3.18925e+07,
3.20453e+07,
3.22014e+07,
3.23761e+07,
3.2554e+07,
3.27372e+07,
3.29015e+07,
3.30551e+07,
3.32031e+07,
3.33485e+07,
3.34949e+07,
3.36431e+07,
3.37971e+07,
3.39772e+07,
3.41653e+07,
3.43438e+07,
3.45071e+07,
3.46597e+07,
3.48078e+07,
3.4953e+07,
3.50965e+07,
3.52431e+07,
375246,
375009,
374812,
374622,
374402,
374205,
373974,
373771,
373557,
373357,
373157,
372946,
372795,
372631,
372450,
372385,
372276,
372127,
371963,
371773,
371599,
371443,
371250,
371088,
370952,
370831,
370752,
370716,
370593,
370490,
370308,
370141,
370007,
369834,
369692,
369547,
369383,
369236,
369123,
369050,
368970,
368796,
368709,
368543,
368416,
368322,
368176,
368007,
367867,
367693,
367574,
367452,
367254,
367030,
366851,
366705,
366571,
366458,
366333,
366191,
366095,
365930,
365800,
365640,
365497,
365339,
365162,
364968,
364832,
364730,
364615,
364590,
364545,
364522,
364510,
364471,
364466,
364439,
364411,
364401,
364435,
364497,
364514,
364524,
364532,
364555,
364561,
364598,
364541,
364518,
364552,
364590,
364625,
364636,
364644,
364666,
364667,
364693,
364692,
364683,
364672,
364657,
364688,
364705,
364710,
364755,
364790,
364816,
364801,
364823,
364783,
364785,
364778,
364798,
364803,
364824,
364838,
364887,
364912,
364979,
364995,
365030,
365036,
365035,
365138,
365166,
365197,
365243,
365270,
365348,
365383,
365428,
365546,
365602,
365651,
365728,
365716,
365773,
365823,
365847,
365877,
365932,
366018,
366136,
366295,
366427,
366489,
366571,
366655,
366697,
366712,
366692,
366797,
366859,
366958,
366990,
367033,
367154,
367220,
367272,
367369,
367452,
367547,
367633,
367731,
367824,
367900,
368068,
368178,
368282,
368406,
368536,
368680,
368811,
368996,
369181,
369305,
369456,
369582,
369939,
371076,
372232,
373416,
374650,
375848,
377035,
378156,
379424,
380639,
381823,
383115,
384298,
385470,
386762,
387889,
389138,
390311,
391566,
392727,
394010,
395177,
396571,
397841,
399191,
400587,
402048,
403650,
405155,
406616,
408118,
409583,
411036,
412552,
414082,
415679,
417238,
418792,
420276,
421825,
423364,
424900,
426365,
427864,
429477,
430909,
432520,
433973,
435609,
437196,
438920,
440636,
442347,
444055,
445825,
447631,
449443,
451248,
453108,
454893,
456865,
458654,
460443,
462212,
463987,
465824,
467712,
469682,
471614,
473554,
475563,
477437,
479389,
481261,
483024,
484945,
487130,
489305,
491370,
493512,
495601,
497704,
499809,
502019,
504183,
506340,
508442,
510614,
512822,
515115,
517381,
519522,
521807,
524101,
526381,
528705,
531042,
533241,
535546,
537794,
540084,
542533,
544919,
547343,
549850,
552484,
555032,
557668,
560260,
562781,
565393,
567979,
570573,
573345,
576030,
578684,
581338,
584062,
586858,
589717,
592387,
595135,
597796,
600529,
603241,
605948,
608715,
611425,
614273,
617172,
620148,
623021,
626022,
628992,
632006,
635162,
638246,
641381,
644456,
647755,
651007,
654275,
657390,
660650,
663708,
666927,
670044,
673118,
676477,
679740,
682981,
686274,
689472,
692717,
696056,
699406,
702701,
706078,
709619,
713137,
716791,
720280,
723833,
727300,
730934,
734456,
738031,
741637,
745341,
749091,
752780,
756397,
760002,
763754,
767383,
771219,
775027,
778847,
782778,
786765,
790735,
794434,
798276,
802216,
806384,
810454,
814698,
818869,
823061,
827292,
831858,
836337,
840989,
845670,
850153,
854824,
859532,
864009,
868684,
873341,
878038,
882691,
887471,
892150,
896966,
901846,
906739,
911536,
916468,
921341,
926235,
931116,
936343,
941512,
946888,
952101,
957323,
962611,
967932,
973304,
978536,
983908,
989312,
994657,
1.00019e+06,
1.00581e+06,
1.01136e+06,
1.01702e+06,
1.02264e+06,
1.02822e+06,
1.03401e+06,
1.03965e+06,
1.04527e+06,
1.05111e+06,
1.05703e+06,
1.06298e+06,
1.06897e+06,
1.07474e+06,
1.08065e+06,
1.08664e+06,
1.09262e+06,
1.09879e+06,
1.1052e+06,
1.11155e+06,
1.11784e+06,
1.12422e+06,
1.13079e+06,
1.13728e+06,
1.14375e+06,
1.15028e+06,
1.15665e+06,
1.1631e+06,
1.16971e+06,
1.17656e+06,
1.18353e+06,
1.19023e+06,
1.19716e+06,
1.20417e+06,
1.21086e+06,
1.21782e+06,
1.22485e+06,
1.23202e+06,
1.23903e+06,
1.24611e+06,
1.25313e+06,
1.26056e+06,
1.2679e+06,
1.27527e+06,
1.28261e+06,
1.29015e+06,
1.29782e+06,
1.30543e+06,
1.31325e+06,
1.3211e+06,
1.32884e+06,
1.33672e+06,
1.34455e+06,
1.35245e+06,
1.36071e+06,
1.36882e+06,
1.37708e+06,
1.38528e+06,
1.39341e+06,
1.40189e+06,
1.4105e+06,
1.41917e+06,
1.42754e+06,
1.43618e+06,
1.44482e+06,
1.45356e+06,
1.46259e+06,
1.47162e+06,
1.48049e+06,
1.48973e+06,
1.49902e+06,
1.50846e+06,
1.5178e+06,
1.52712e+06,
1.53664e+06,
1.54653e+06,
1.55649e+06,
1.56628e+06,
1.57621e+06,
1.58652e+06,
1.59684e+06,
1.60701e+06,
1.61716e+06,
1.62721e+06,
1.63735e+06,
1.64778e+06,
1.65828e+06,
1.669e+06,
1.67963e+06,
1.69031e+06,
1.70108e+06,
1.71189e+06,
1.72281e+06,
1.7336e+06,
1.74455e+06,
1.75572e+06,
1.76697e+06,
1.77841e+06,
1.78991e+06,
1.80168e+06,
1.81378e+06,
1.82568e+06,
1.83796e+06,
1.85033e+06,
1.86282e+06,
1.8755e+06,
1.88829e+06,
1.90138e+06,
1.91477e+06,
1.92812e+06,
1.94139e+06,
1.95513e+06,
1.96886e+06,
1.98287e+06,
1.99705e+06,
2.0113e+06,
2.02564e+06,
2.03978e+06,
2.05434e+06,
2.06913e+06,
2.08408e+06,
2.09922e+06,
2.11446e+06,
2.12993e+06,
2.14522e+06,
2.16103e+06,
2.17689e+06,
2.19292e+06,
2.20926e+06,
2.22576e+06,
2.24241e+06,
2.25936e+06,
2.27681e+06,
2.29459e+06,
2.31235e+06,
2.33065e+06,
2.34905e+06,
2.36738e+06,
2.3862e+06,
2.40524e+06,
2.4252e+06,
2.44529e+06,
2.4653e+06,
2.48582e+06,
2.50689e+06,
2.52765e+06,
2.54893e+06,
2.5705e+06,
2.59286e+06,
2.61497e+06,
2.63764e+06,
2.65993e+06,
2.68301e+06,
2.70584e+06,
2.7289e+06,
2.75241e+06,
2.77627e+06,
2.80065e+06,
2.82534e+06,
2.85024e+06,
2.8753e+06,
2.90065e+06,
2.92731e+06,
2.95424e+06,
2.98137e+06,
3.00882e+06,
3.036e+06,
3.06427e+06,
3.09376e+06,
3.123e+06,
3.15319e+06,
3.18403e+06,
3.21543e+06,
3.24705e+06,
3.28007e+06,
3.31352e+06,
3.34756e+06,
3.38263e+06,
3.41776e+06,
3.45428e+06,
3.49231e+06,
3.53162e+06,
3.57216e+06,
3.61326e+06,
3.65615e+06,
3.69999e+06,
3.74531e+06,
3.79259e+06,
3.84294e+06,
3.89743e+06,
3.95358e+06,
4.01316e+06,
4.07558e+06,
4.14234e+06,
4.21433e+06,
4.29103e+06,
4.37563e+06,
4.47899e+06,
4.63735e+06,
4.79968e+06,
4.98171e+06,
5.22894e+06,
5.45177e+06,
5.56762e+06,
5.67676e+06,
5.78381e+06,
5.88798e+06,
5.99238e+06,
6.10844e+06,
6.22382e+06,
6.3403e+06,
6.47012e+06,
6.59981e+06,
6.70882e+06,
6.81558e+06,
6.92074e+06,
7.02694e+06,
7.14885e+06,
7.28693e+06,
7.42797e+06,
7.57247e+06,
7.73269e+06,
7.89519e+06,
8.04868e+06,
8.19681e+06,
8.34891e+06,
8.50994e+06,
8.68349e+06,
8.90121e+06,
9.09895e+06,
9.28259e+06,
9.46575e+06,
9.64759e+06,
9.81561e+06,
9.97558e+06,
1.01362e+07,
1.02994e+07,
1.04602e+07,
1.06275e+07,
1.07937e+07,
1.09366e+07,
1.10859e+07,
1.12471e+07,
1.14004e+07,
1.15444e+07,
1.16768e+07,
1.1807e+07,
1.19417e+07,
1.20824e+07,
1.22252e+07,
1.23759e+07,
1.25344e+07,
1.26966e+07,
1.28421e+07,
1.2984e+07,
1.3123e+07,
1.32579e+07,
1.33935e+07,
1.35453e+07,
1.36956e+07,
1.38438e+07,
1.39966e+07,
1.41559e+07,
1.43048e+07,
1.44514e+07,
1.45957e+07,
1.47448e+07,
1.48882e+07,
1.50379e+07,
1.51858e+07,
1.53369e+07,
1.5495e+07,
1.56613e+07,
1.58152e+07,
1.59693e+07,
1.61152e+07,
1.62577e+07,
1.64011e+07,
1.65543e+07,
1.67062e+07,
1.68615e+07,
1.70235e+07,
1.72016e+07,
1.7358e+07,
1.75065e+07,
1.76529e+07,
1.7797e+07,
1.79437e+07,
1.81037e+07,
1.8263e+07,
1.84257e+07,
1.85952e+07,
1.8764e+07,
1.89195e+07,
1.90704e+07,
1.92168e+07,
1.93636e+07,
1.95127e+07,
1.96741e+07,
1.98431e+07,
2.00074e+07,
2.01654e+07,
2.03311e+07,
2.04841e+07,
2.06349e+07,
2.07842e+07,
2.0935e+07,
2.10924e+07,
2.12647e+07,
2.14349e+07,
2.16004e+07,
2.17679e+07,
2.194e+07,
2.21026e+07,
2.22623e+07,
2.24217e+07,
2.25875e+07,
2.27519e+07,
2.29256e+07,
2.30951e+07,
2.32632e+07,
2.34353e+07,
2.36171e+07,
2.37924e+07,
2.39674e+07,
2.41558e+07,
2.43361e+07,
2.45084e+07,
2.46866e+07,
2.48596e+07,
2.50331e+07,
2.52075e+07,
2.53865e+07,
2.55614e+07,
2.57371e+07,
2.59027e+07,
2.60638e+07,
2.62266e+07,
2.63955e+07,
2.65597e+07,
2.67243e+07,
2.68909e+07,
2.70655e+07,
2.7239e+07,
2.74031e+07,
2.75644e+07,
2.77257e+07,
2.78908e+07,
2.8075e+07,
2.82628e+07,
2.84592e+07,
2.86563e+07,
2.88577e+07,
2.90418e+07,
2.9217e+07,
2.9386e+07,
2.95531e+07,
2.97229e+07,
2.99066e+07,
3.00896e+07,
3.02769e+07,
3.04754e+07,
3.06667e+07,
3.08501e+07,
3.10215e+07,
3.11892e+07,
3.13544e+07,
3.15212e+07,
3.17027e+07,
3.18842e+07,
3.20756e+07,
3.22593e+07,
3.24374e+07,
3.26133e+07,
3.27812e+07,
3.29444e+07,
3.31042e+07,
3.32647e+07,
3.34372e+07,
3.36111e+07,
3.37888e+07,
3.39563e+07,
3.41204e+07,
3.42816e+07,
3.44387e+07,
3.45941e+07,
3.47502e+07,
3.4908e+07,
3.50822e+07,
3.52624e+07,
3.54342e+07,
3.55987e+07,
3.57613e+07,
3.59232e+07,
3.60769e+07,
3.62282e+07,
3.63808e+07,
375246,
375023,
374829,
374631,
374431,
374215,
374035,
373822,
373611,
373409,
373179,
372992,
372844,
372657,
372533,
372413,
372316,
372193,
371994,
371781,
371627,
371498,
371329,
371168,
371045,
370907,
370842,
370788,
370681,
370572,
370397,
370224,
370052,
369921,
369799,
369679,
369516,
369349,
369242,
369161,
369077,
368982,
368845,
368699,
368538,
368425,
368257,
368119,
367977,
367850,
367699,
367528,
367298,
367099,
366937,
366789,
366646,
366580,
366434,
366297,
366142,
366045,
365926,
365783,
365600,
365437,
365271,
365131,
365011,
364870,
364835,
364843,
364855,
364835,
364732,
364702,
364671,
364642,
364574,
364541,
364485,
364511,
364518,
364490,
364474,
364378,
364374,
364393,
364408,
364435,
364462,
364499,
364515,
364558,
364597,
364636,
364666,
364697,
364710,
364723,
364715,
364733,
364753,
364790,
364807,
364844,
364842,
364856,
364866,
364879,
364861,
364826,
364842,
364896,
364882,
364909,
364912,
364946,
364970,
364994,
364953,
364915,
364959,
364971,
365049,
365102,
365117,
365169,
365333,
365358,
365400,
365437,
365479,
365584,
365642,
365684,
365729,
365704,
365767,
365836,
365880,
365879,
365997,
366123,
366224,
366281,
366370,
366515,
366577,
366656,
366660,
366688,
366740,
366803,
366849,
366904,
366932,
366985,
367047,
367099,
367193,
367303,
367417,
367528,
367637,
367726,
367900,
368015,
368110,
368249,
368407,
368503,
368679,
368894,
369089,
369234,
369357,
369565,
370564,
371631,
372848,
374052,
375220,
376427,
377649,
378748,
379931,
381163,
382504,
383585,
384794,
385981,
387219,
388405,
389701,
390979,
392161,
393294,
394569,
395913,
397234,
398436,
399919,
401474,
402897,
404520,
405949,
407454,
409021,
410375,
412002,
413543,
415084,
416634,
418183,
419729,
421263,
422886,
424427,
425977,
427415,
428886,
430496,
432022,
433561,
435162,
436779,
438507,
440332,
442114,
443867,
445557,
447389,
449231,
450926,
452834,
454650,
456509,
458444,
460259,
462103,
463874,
465829,
467768,
469620,
471567,
473514,
475423,
477289,
479261,
481341,
483342,
485407,
487603,
489690,
491675,
493847,
495857,
497950,
500063,
502088,
504387,
506616,
508795,
511169,
513340,
515571,
517892,
520291,
522592,
524849,
527017,
529315,
531688,
533918,
536201,
538557,
540825,
543204,
545703,
548297,
550850,
553385,
555922,
558529,
561249,
563955,
566523,
569300,
571957,
574763,
577496,
580178,
582903,
585623,
588426,
591089,
593737,
596391,
599206,
602020,
604706,
607485,
610033,
612791,
615801,
618834,
621927,
625067,
627985,
631064,
634058,
637227,
640522,
643711,
646811,
649865,
653080,
656190,
659499,
662572,
665679,
668890,
672026,
675332,
678605,
681868,
685216,
688343,
691582,
694884,
698084,
701353,
705021,
708558,
712041,
715589,
719066,
722510,
726096,
729833,
733448,
736987,
740678,
744285,
747994,
751715,
755548,
759360,
763119,
766887,
770676,
774312,
778253,
782015,
785830,
789672,
793579,
797542,
801557,
805447,
809460,
813679,
818109,
822578,
827037,
831597,
836181,
840643,
845438,
850109,
854805,
859507,
864232,
868886,
873625,
878359,
883088,
887723,
892612,
897331,
902078,
907014,
912016,
916870,
921676,
926655,
931700,
936568,
941637,
946871,
951958,
957268,
962402,
967858,
973309,
978730,
984170,
989666,
995085,
1.00052e+06,
1.00604e+06,
1.01163e+06,
1.0173e+06,
1.02305e+06,
1.02869e+06,
1.03433e+06,
1.04017e+06,
1.04596e+06,
1.05166e+06,
1.05746e+06,
1.06329e+06,
1.06911e+06,
1.07511e+06,
1.08127e+06,
1.08716e+06,
1.093e+06,
1.09916e+06,
1.10527e+06,
1.11155e+06,
1.11793e+06,
1.12423e+06,
1.13059e+06,
1.13714e+06,
1.14332e+06,
1.14991e+06,
1.15644e+06,
1.16295e+06,
1.16954e+06,
1.1763e+06,
1.18302e+06,
1.18967e+06,
1.19664e+06,
1.20361e+06,
1.21053e+06,
1.21769e+06,
1.22471e+06,
1.23184e+06,
1.23882e+06,
1.2458e+06,
1.25301e+06,
1.2602e+06,
1.26736e+06,
1.27456e+06,
1.28188e+06,
1.2895e+06,
1.29735e+06,
1.3049e+06,
1.31269e+06,
1.32043e+06,
1.32814e+06,
1.336e+06,
1.34381e+06,
1.35201e+06,
1.35989e+06,
1.36801e+06,
1.37602e+06,
1.38419e+06,
1.3925e+06,
1.40071e+06,
1.40894e+06,
1.41745e+06,
1.42595e+06,
1.43453e+06,
1.44334e+06,
1.45186e+06,
1.46051e+06,
1.46912e+06,
1.47798e+06,
1.4869e+06,
1.49583e+06,
1.50478e+06,
1.51378e+06,
1.52287e+06,
1.53222e+06,
1.54192e+06,
1.55172e+06,
1.56137e+06,
1.57103e+06,
1.58088e+06,
1.5908e+06,
1.60074e+06,
1.61104e+06,
1.6214e+06,
1.63187e+06,
1.64259e+06,
1.65323e+06,
1.66384e+06,
1.67468e+06,
1.68519e+06,
1.69602e+06,
1.70666e+06,
1.71789e+06,
1.72889e+06,
1.74008e+06,
1.75165e+06,
1.76341e+06,
1.77503e+06,
1.78663e+06,
1.79822e+06,
1.80981e+06,
1.8219e+06,
1.8342e+06,
1.84685e+06,
1.85953e+06,
1.87225e+06,
1.88493e+06,
1.89783e+06,
1.91055e+06,
1.92362e+06,
1.93691e+06,
1.95034e+06,
1.96378e+06,
1.97739e+06,
1.99111e+06,
2.00507e+06,
2.01893e+06,
2.03311e+06,
2.0475e+06,
2.06192e+06,
2.07633e+06,
2.09108e+06,
2.1058e+06,
2.12116e+06,
2.13653e+06,
2.15211e+06,
2.16764e+06,
2.18354e+06,
2.19954e+06,
2.21571e+06,
2.23183e+06,
2.24827e+06,
2.26501e+06,
2.28203e+06,
2.29981e+06,
2.31736e+06,
2.33485e+06,
2.3529e+06,
2.37113e+06,
2.38953e+06,
2.40818e+06,
2.42697e+06,
2.44648e+06,
2.466e+06,
2.48606e+06,
2.50635e+06,
2.52718e+06,
2.54816e+06,
2.5695e+06,
2.59129e+06,
2.61355e+06,
2.63585e+06,
2.65785e+06,
2.68073e+06,
2.70356e+06,
2.72615e+06,
2.74926e+06,
2.77289e+06,
2.79673e+06,
2.82055e+06,
2.84538e+06,
2.87029e+06,
2.8954e+06,
2.92105e+06,
2.94664e+06,
2.9727e+06,
2.99942e+06,
3.02674e+06,
3.05435e+06,
3.08259e+06,
3.11076e+06,
3.13991e+06,
3.16891e+06,
3.19921e+06,
3.22966e+06,
3.26099e+06,
3.29264e+06,
3.32439e+06,
3.35738e+06,
3.39177e+06,
3.42618e+06,
3.46164e+06,
3.49773e+06,
3.53441e+06,
3.57238e+06,
3.61178e+06,
3.65302e+06,
3.69605e+06,
3.7386e+06,
3.7834e+06,
3.82937e+06,
3.87836e+06,
3.92987e+06,
3.98379e+06,
4.04041e+06,
4.09919e+06,
4.16119e+06,
4.22758e+06,
4.29917e+06,
4.37737e+06,
4.46987e+06,
4.60692e+06,
4.74189e+06,
4.8845e+06,
5.03557e+06,
5.20207e+06,
5.40563e+06,
5.63633e+06,
5.80734e+06,
5.93005e+06,
6.04118e+06,
6.15843e+06,
6.27058e+06,
6.38348e+06,
6.49985e+06,
6.61541e+06,
6.73743e+06,
6.86909e+06,
6.98707e+06,
7.10434e+06,
7.23085e+06,
7.36545e+06,
7.5012e+06,
7.63848e+06,
7.78038e+06,
7.92743e+06,
8.08497e+06,
8.25643e+06,
8.41918e+06,
8.58498e+06,
8.75594e+06,
8.94216e+06,
9.16143e+06,
9.34987e+06,
9.52781e+06,
9.69974e+06,
9.87269e+06,
1.00511e+07,
1.02212e+07,
1.03943e+07,
1.05635e+07,
1.07345e+07,
1.08987e+07,
1.10628e+07,
1.12273e+07,
1.13968e+07,
1.15728e+07,
1.17563e+07,
1.19047e+07,
1.20478e+07,
1.219e+07,
1.23401e+07,
1.24894e+07,
1.26355e+07,
1.27886e+07,
1.29404e+07,
1.30896e+07,
1.32481e+07,
1.3399e+07,
1.35454e+07,
1.36945e+07,
1.38523e+07,
1.40138e+07,
1.41691e+07,
1.43175e+07,
1.44652e+07,
1.46156e+07,
1.47764e+07,
1.49309e+07,
1.50859e+07,
1.52453e+07,
1.5404e+07,
1.55616e+07,
1.57177e+07,
1.58701e+07,
1.60228e+07,
1.61798e+07,
1.63476e+07,
1.65133e+07,
1.667e+07,
1.68269e+07,
1.69889e+07,
1.71459e+07,
1.73029e+07,
1.74623e+07,
1.76246e+07,
1.77947e+07,
1.79653e+07,
1.81307e+07,
1.82894e+07,
1.84479e+07,
1.861e+07,
1.87709e+07,
1.8935e+07,
1.91071e+07,
1.92742e+07,
1.94406e+07,
1.96129e+07,
1.97828e+07,
1.99433e+07,
2.01011e+07,
2.02656e+07,
2.04388e+07,
2.06083e+07,
2.0775e+07,
2.09415e+07,
2.11091e+07,
2.12812e+07,
2.14568e+07,
2.16257e+07,
2.17952e+07,
2.19803e+07,
2.21589e+07,
2.23378e+07,
2.25192e+07,
2.27092e+07,
2.29056e+07,
2.30981e+07,
2.32894e+07,
2.34754e+07,
2.36571e+07,
2.38398e+07,
2.40152e+07,
2.41876e+07,
2.43587e+07,
2.453e+07,
2.47038e+07,
2.48846e+07,
2.50747e+07,
2.52468e+07,
2.54149e+07,
2.55893e+07,
2.57614e+07,
2.59303e+07,
2.6098e+07,
2.62666e+07,
2.64394e+07,
2.66205e+07,
2.67984e+07,
2.69669e+07,
2.71335e+07,
2.73032e+07,
2.74701e+07,
2.76363e+07,
2.78033e+07,
2.79716e+07,
2.81452e+07,
2.83122e+07,
2.84808e+07,
2.86459e+07,
2.88134e+07,
2.89976e+07,
2.91811e+07,
2.93671e+07,
2.95583e+07,
2.97679e+07,
2.99578e+07,
3.01365e+07,
3.03145e+07,
3.04878e+07,
3.06613e+07,
3.08484e+07,
3.10348e+07,
3.12256e+07,
3.1426e+07,
3.16141e+07,
3.17948e+07,
3.19706e+07,
3.21509e+07,
3.23252e+07,
3.24975e+07,
3.26828e+07,
3.28674e+07,
3.30599e+07,
3.32462e+07,
3.3426e+07,
3.36012e+07,
3.37716e+07,
3.39428e+07,
3.41125e+07,
3.42791e+07,
3.44541e+07,
3.46245e+07,
3.4798e+07,
3.49614e+07,
3.51221e+07,
3.52813e+07,
3.54393e+07,
3.55982e+07,
3.57568e+07,
3.59151e+07,
3.60877e+07,
3.62662e+07,
3.64339e+07,
3.65944e+07,
3.67523e+07,
3.69087e+07,
3.70638e+07,
3.72178e+07,
3.73757e+07,
375246,
375034,
374840,
374627,
374435,
374251,
374067,
373855,
373651,
373443,
373258,
373060,
372907,
372762,
372601,
372447,
372381,
372211,
372033,
371856,
371685,
371553,
371379,
371246,
371163,
371010,
370928,
370821,
370755,
370647,
370498,
370359,
370216,
370054,
369936,
369770,
369614,
369498,
369401,
369280,
369178,
369050,
368936,
368754,
368648,
368502,
368331,
368187,
368134,
367983,
367869,
367689,
367461,
367262,
367093,
367005,
366875,
366705,
366587,
366461,
366313,
366204,
366001,
365889,
365720,
365551,
365412,
365237,
365136,
365098,
365100,
365098,
365069,
365033,
365012,
364973,
364956,
364908,
364885,
364840,
364839,
364803,
364808,
364776,
364726,
364686,
364689,
364724,
364654,
364624,
364663,
364676,
364688,
364702,
364693,
364678,
364686,
364723,
364710,
364683,
364681,
364644,
364684,
364751,
364772,
364811,
364802,
364826,
364869,
364854,
364880,
364899,
364902,
364907,
364921,
364952,
364956,
364988,
365044,
365032,
365047,
365050,
365107,
365104,
365153,
365214,
365222,
365319,
365377,
365429,
365399,
365471,
365562,
365597,
365632,
365692,
365726,
365790,
365836,
365855,
365924,
365995,
366099,
366191,
366247,
366332,
366448,
366586,
366650,
366694,
366673,
366642,
366698,
366765,
366873,
366949,
367017,
367112,
367153,
367227,
367309,
367405,
367517,
367607,
367773,
367859,
367981,
368122,
368296,
368379,
368488,
368573,
368751,
368929,
369032,
369226,
369687,
370868,
372004,
373182,
374306,
375519,
376794,
377974,
379185,
380359,
381680,
382818,
384055,
385382,
386576,
387744,
389005,
390247,
391397,
392611,
393771,
395069,
396330,
397678,
399119,
400548,
402094,
403564,
405113,
406652,
408051,
409661,
411217,
412737,
414313,
415835,
417482,
419013,
420599,
422124,
423697,
425190,
426824,
428362,
429923,
431405,
432983,
434473,
436098,
437936,
439641,
441451,
443242,
445151,
446885,
448584,
450359,
452179,
454031,
455966,
457864,
459776,
461601,
463506,
465478,
467296,
469246,
471204,
473019,
474949,
476845,
478757,
480777,
482783,
484915,
487099,
489185,
491417,
493444,
495685,
497846,
499904,
502043,
504344,
506565,
508817,
511026,
513394,
515599,
518135,
520345,
522535,
524819,
527036,
529334,
531676,
534029,
536406,
538757,
541201,
543589,
546129,
548812,
551355,
553974,
556673,
559220,
561906,
564584,
567366,
570024,
572829,
575417,
578052,
580869,
583675,
586327,
589094,
591857,
594482,
597225,
600042,
602874,
605576,
608312,
611093,
613985,
616986,
620097,
623054,
626124,
629290,
632441,
635507,
638663,
641899,
644938,
648122,
651376,
654491,
657613,
660993,
664072,
667205,
670446,
673628,
676847,
680043,
683412,
686771,
690124,
693251,
696615,
699836,
703349,
706870,
710490,
713944,
717538,
721093,
724730,
728323,
732023,
735708,
739474,
743039,
746686,
750408,
754241,
757997,
761831,
765621,
769422,
773097,
776882,
780547,
784389,
788323,
792257,
796086,
800277,
804452,
808752,
813195,
817638,
822101,
826661,
831085,
835692,
840245,
844714,
849504,
854246,
858933,
863673,
868390,
873029,
877662,
882430,
887339,
891993,
896730,
901335,
906082,
910939,
915849,
920812,
925662,
930613,
935613,
940792,
946043,
951378,
956736,
962055,
967329,
972745,
978163,
983653,
989295,
994781,
1.00025e+06,
1.00566e+06,
1.01124e+06,
1.01673e+06,
1.02224e+06,
1.02788e+06,
1.03363e+06,
1.03943e+06,
1.04509e+06,
1.05099e+06,
1.05685e+06,
1.06272e+06,
1.06857e+06,
1.07448e+06,
1.08019e+06,
1.08625e+06,
1.0923e+06,
1.09815e+06,
1.10451e+06,
1.11074e+06,
1.11684e+06,
1.12331e+06,
1.12958e+06,
1.13601e+06,
1.14239e+06,
1.14902e+06,
1.1557e+06,
1.16236e+06,
1.16894e+06,
1.17554e+06,
1.1823e+06,
1.18887e+06,
1.19569e+06,
1.20255e+06,
1.20915e+06,
1.21583e+06,
1.22279e+06,
1.22981e+06,
1.23714e+06,
1.24433e+06,
1.25159e+06,
1.25864e+06,
1.26584e+06,
1.27313e+06,
1.28041e+06,
1.28756e+06,
1.2949e+06,
1.30276e+06,
1.31038e+06,
1.31817e+06,
1.32592e+06,
1.33347e+06,
1.34139e+06,
1.34949e+06,
1.35742e+06,
1.36551e+06,
1.37381e+06,
1.38202e+06,
1.39046e+06,
1.39869e+06,
1.40723e+06,
1.41563e+06,
1.42397e+06,
1.43238e+06,
1.44085e+06,
1.44926e+06,
1.45784e+06,
1.46658e+06,
1.47526e+06,
1.48387e+06,
1.49275e+06,
1.5016e+06,
1.51046e+06,
1.51976e+06,
1.52879e+06,
1.53839e+06,
1.54772e+06,
1.55721e+06,
1.56663e+06,
1.57658e+06,
1.58631e+06,
1.59602e+06,
1.60613e+06,
1.61594e+06,
1.62592e+06,
1.6361e+06,
1.64668e+06,
1.65696e+06,
1.66753e+06,
1.67835e+06,
1.68949e+06,
1.7007e+06,
1.71203e+06,
1.72262e+06,
1.73403e+06,
1.74552e+06,
1.75712e+06,
1.76861e+06,
1.78015e+06,
1.79198e+06,
1.80379e+06,
1.81578e+06,
1.82795e+06,
1.84018e+06,
1.8523e+06,
1.8646e+06,
1.8772e+06,
1.88988e+06,
1.90295e+06,
1.91586e+06,
1.92919e+06,
1.94231e+06,
1.95552e+06,
1.96885e+06,
1.98214e+06,
1.99594e+06,
2.00968e+06,
2.02365e+06,
2.0376e+06,
2.05174e+06,
2.06622e+06,
2.0807e+06,
2.09526e+06,
2.1103e+06,
2.12504e+06,
2.14039e+06,
2.15547e+06,
2.17049e+06,
2.18607e+06,
2.20154e+06,
2.21763e+06,
2.23371e+06,
2.25029e+06,
2.2668e+06,
2.28367e+06,
2.30105e+06,
2.31839e+06,
2.33595e+06,
2.35333e+06,
2.37148e+06,
2.38948e+06,
2.40775e+06,
2.42656e+06,
2.44577e+06,
2.4649e+06,
2.48441e+06,
2.50439e+06,
2.52467e+06,
2.54491e+06,
2.5657e+06,
2.58739e+06,
2.60901e+06,
2.63129e+06,
2.65409e+06,
2.67679e+06,
2.69914e+06,
2.72148e+06,
2.74406e+06,
2.76741e+06,
2.79095e+06,
2.81438e+06,
2.83858e+06,
2.86258e+06,
2.88736e+06,
2.91202e+06,
2.93734e+06,
2.96265e+06,
2.9886e+06,
3.01475e+06,
3.0412e+06,
3.06841e+06,
3.09585e+06,
3.12447e+06,
3.15331e+06,
3.18201e+06,
3.21118e+06,
3.2407e+06,
3.27115e+06,
3.30217e+06,
3.33361e+06,
3.36589e+06,
3.39876e+06,
3.43171e+06,
3.46543e+06,
3.50042e+06,
3.53647e+06,
3.57306e+06,
3.61063e+06,
3.64888e+06,
3.68854e+06,
3.7298e+06,
3.77224e+06,
3.8163e+06,
3.86144e+06,
3.90775e+06,
3.9583e+06,
4.01035e+06,
4.06444e+06,
4.12047e+06,
4.17908e+06,
4.24123e+06,
4.3077e+06,
4.3797e+06,
4.46354e+06,
4.58629e+06,
4.70529e+06,
4.82738e+06,
4.95337e+06,
5.08549e+06,
5.22503e+06,
5.37385e+06,
5.53946e+06,
5.75223e+06,
5.94909e+06,
6.11837e+06,
6.27515e+06,
6.41195e+06,
6.52745e+06,
6.64013e+06,
6.75446e+06,
6.87132e+06,
6.98944e+06,
7.12192e+06,
7.26755e+06,
7.41018e+06,
7.55257e+06,
7.69599e+06,
7.83557e+06,
7.97828e+06,
8.12583e+06,
8.27801e+06,
8.43759e+06,
8.60749e+06,
8.78982e+06,
8.97721e+06,
9.18234e+06,
9.40146e+06,
9.58964e+06,
9.76664e+06,
9.93534e+06,
1.01034e+07,
1.02727e+07,
1.04483e+07,
1.06336e+07,
1.08116e+07,
1.09831e+07,
1.11514e+07,
1.13194e+07,
1.1489e+07,
1.16604e+07,
1.18346e+07,
1.20071e+07,
1.21801e+07,
1.23607e+07,
1.25414e+07,
1.27162e+07,
1.28733e+07,
1.30271e+07,
1.31835e+07,
1.33376e+07,
1.34903e+07,
1.36445e+07,
1.38013e+07,
1.39679e+07,
1.41349e+07,
1.43011e+07,
1.44621e+07,
1.46181e+07,
1.47747e+07,
1.49313e+07,
1.50884e+07,
1.52489e+07,
1.54136e+07,
1.55894e+07,
1.57613e+07,
1.59249e+07,
1.60863e+07,
1.62445e+07,
1.64026e+07,
1.65629e+07,
1.67273e+07,
1.68991e+07,
1.70664e+07,
1.72401e+07,
1.74166e+07,
1.75833e+07,
1.77488e+07,
1.7914e+07,
1.80823e+07,
1.82588e+07,
1.84303e+07,
1.85985e+07,
1.8767e+07,
1.89442e+07,
1.91288e+07,
1.93066e+07,
1.94824e+07,
1.96652e+07,
1.98435e+07,
2.00181e+07,
2.01902e+07,
2.03644e+07,
2.05409e+07,
2.07225e+07,
2.0918e+07,
2.11154e+07,
2.13162e+07,
2.1519e+07,
2.1712e+07,
2.18946e+07,
2.20718e+07,
2.2249e+07,
2.24263e+07,
2.26126e+07,
2.28166e+07,
2.30052e+07,
2.31886e+07,
2.33691e+07,
2.35502e+07,
2.37287e+07,
2.39032e+07,
2.40812e+07,
2.4262e+07,
2.44478e+07,
2.46408e+07,
2.4822e+07,
2.49987e+07,
2.5174e+07,
2.53454e+07,
2.55176e+07,
2.56941e+07,
2.58771e+07,
2.60518e+07,
2.62258e+07,
2.64115e+07,
2.65896e+07,
2.67627e+07,
2.69342e+07,
2.71036e+07,
2.72757e+07,
2.74542e+07,
2.76264e+07,
2.77978e+07,
2.79706e+07,
2.81513e+07,
2.83255e+07,
2.84966e+07,
2.86648e+07,
2.88336e+07,
2.90084e+07,
2.91762e+07,
2.93428e+07,
2.95104e+07,
2.96846e+07,
2.98786e+07,
3.00687e+07,
3.02548e+07,
3.04425e+07,
3.06411e+07,
3.0829e+07,
3.10154e+07,
3.11977e+07,
3.13757e+07,
3.15553e+07,
3.17497e+07,
3.19448e+07,
3.21359e+07,
3.23311e+07,
3.25146e+07,
3.26891e+07,
3.28621e+07,
3.30328e+07,
3.32026e+07,
3.33742e+07,
3.35604e+07,
3.37515e+07,
3.39427e+07,
3.41319e+07,
3.43088e+07,
3.44801e+07,
3.4648e+07,
3.48139e+07,
3.49773e+07,
3.51409e+07,
3.5315e+07,
3.54944e+07,
3.56748e+07,
3.58421e+07,
3.60052e+07,
3.61668e+07,
3.63274e+07,
3.64858e+07,
3.66432e+07,
3.68028e+07,
3.69764e+07,
3.71592e+07,
3.73324e+07,
3.74928e+07,
3.76436e+07,
3.77932e+07,
3.79424e+07,
3.80936e+07,
3.82447e+07,
375246,
375049,
374843,
374643,
374439,
374295,
374104,
373892,
373701,
373515,
373326,
373156,
372988,
372820,
372632,
372541,
372415,
372225,
372098,
371926,
371745,
371562,
371488,
371355,
371258,
371132,
371061,
370931,
370851,
370747,
370640,
370461,
370372,
370231,
370032,
369877,
369738,
369662,
369542,
369457,
369303,
369181,
369062,
368909,
368762,
368611,
368452,
368378,
368247,
368158,
367947,
367811,
367659,
367464,
367298,
367164,
367026,
366829,
366730,
366586,
366440,
366260,
366144,
365999,
365847,
365681,
365540,
365454,
365391,
365372,
365330,
365289,
365290,
365310,
365278,
365239,
365224,
365190,
365140,
365139,
365170,
365119,
365095,
365107,
365101,
365055,
365077,
365108,
365078,
365095,
365087,
365068,
365104,
365069,
365047,
365058,
365065,
365038,
365033,
365051,
365052,
365023,
365004,
365051,
365066,
365130,
365110,
365068,
365118,
365091,
365039,
364994,
365000,
364981,
365060,
365075,
365103,
365102,
365096,
365124,
365094,
365078,
365097,
365163,
365233,
365215,
365273,
365368,
365448,
365495,
365528,
365602,
365667,
365711,
365747,
365804,
365889,
365949,
365977,
366053,
366169,
366221,
366276,
366398,
366464,
366551,
366637,
366668,
366708,
366782,
366810,
366761,
366833,
366905,
366992,
367073,
367160,
367246,
367306,
367343,
367479,
367521,
367659,
367830,
367981,
368051,
368191,
368354,
368458,
368533,
368702,
368806,
368977,
369176,
369399,
370122,
371178,
372428,
373603,
374721,
375914,
377066,
378294,
379528,
380855,
382090,
383307,
384494,
385662,
386929,
388154,
389460,
390693,
391867,
392972,
394193,
395520,
396822,
398133,
399662,
401141,
402557,
404081,
405640,
407262,
408927,
410501,
412103,
413618,
415050,
416638,
418030,
419687,
421220,
422704,
424264,
425978,
427518,
429167,
430713,
432293,
433765,
435241,
436870,
438761,
440575,
442375,
444123,
445957,
447664,
449442,
451321,
453129,
454951,
456927,
458942,
460865,
462753,
464679,
466738,
468662,
470580,
472393,
474284,
476202,
478261,
480238,
482170,
484258,
486468,
488534,
490702,
492890,
495142,
497305,
499531,
501821,
504135,
506235,
508385,
510721,
512857,
515106,
517552,
519772,
522098,
524446,
526691,
529047,
531381,
533763,
536175,
538694,
541145,
543634,
546160,
548777,
551427,
553970,
556685,
559337,
561929,
564500,
567193,
569854,
572666,
575414,
578202,
581026,
583669,
586547,
589341,
592150,
594975,
597778,
600454,
603291,
605995,
608756,
611628,
614469,
617502,
620503,
623682,
626767,
629858,
633117,
636291,
639298,
642343,
645631,
648764,
652033,
655303,
658605,
661855,
665207,
668509,
671680,
674816,
678104,
681226,
684427,
687753,
691146,
694395,
697856,
701173,
704698,
708333,
711721,
715263,
718891,
722483,
726299,
729924,
733700,
737398,
741084,
744759,
748518,
752101,
755888,
759625,
763503,
767193,
771085,
774914,
778927,
782704,
786526,
790366,
794643,
798876,
803189,
807319,
811861,
816261,
820703,
825257,
829743,
834340,
838789,
843286,
847855,
852466,
857135,
861795,
866504,
871133,
875844,
880606,
885400,
890161,
895053,
899964,
904871,
909720,
914724,
919483,
924437,
929361,
934336,
939482,
944734,
949832,
955178,
960528,
966068,
971425,
976900,
982265,
987784,
993148,
998698,
1.00406e+06,
1.00963e+06,
1.01512e+06,
1.02067e+06,
1.0264e+06,
1.03199e+06,
1.03753e+06,
1.04319e+06,
1.04904e+06,
1.0549e+06,
1.06063e+06,
1.06638e+06,
1.07222e+06,
1.07828e+06,
1.08434e+06,
1.0905e+06,
1.09637e+06,
1.1027e+06,
1.10889e+06,
1.11522e+06,
1.12157e+06,
1.12796e+06,
1.13437e+06,
1.14078e+06,
1.14714e+06,
1.15343e+06,
1.15984e+06,
1.16646e+06,
1.17316e+06,
1.17969e+06,
1.18634e+06,
1.19301e+06,
1.19985e+06,
1.20666e+06,
1.2136e+06,
1.2206e+06,
1.22732e+06,
1.23429e+06,
1.24144e+06,
1.2487e+06,
1.25571e+06,
1.26295e+06,
1.27022e+06,
1.27738e+06,
1.28458e+06,
1.29206e+06,
1.29964e+06,
1.3073e+06,
1.31498e+06,
1.32275e+06,
1.33045e+06,
1.33832e+06,
1.34633e+06,
1.35436e+06,
1.36252e+06,
1.37062e+06,
1.3786e+06,
1.38667e+06,
1.39498e+06,
1.40313e+06,
1.41151e+06,
1.41988e+06,
1.42846e+06,
1.43687e+06,
1.44549e+06,
1.45394e+06,
1.46259e+06,
1.47127e+06,
1.48007e+06,
1.48893e+06,
1.49777e+06,
1.50685e+06,
1.51577e+06,
1.52485e+06,
1.53403e+06,
1.54335e+06,
1.5529e+06,
1.56245e+06,
1.57229e+06,
1.58202e+06,
1.59164e+06,
1.60163e+06,
1.61154e+06,
1.62164e+06,
1.63171e+06,
1.64205e+06,
1.6522e+06,
1.66251e+06,
1.67319e+06,
1.68396e+06,
1.69486e+06,
1.7055e+06,
1.71646e+06,
1.72773e+06,
1.73914e+06,
1.75068e+06,
1.76204e+06,
1.77341e+06,
1.78469e+06,
1.7965e+06,
1.8082e+06,
1.82019e+06,
1.83232e+06,
1.84435e+06,
1.85653e+06,
1.86905e+06,
1.88155e+06,
1.89408e+06,
1.9068e+06,
1.91998e+06,
1.93306e+06,
1.94601e+06,
1.95908e+06,
1.97213e+06,
1.98552e+06,
1.9991e+06,
2.01261e+06,
2.0264e+06,
2.04043e+06,
2.05442e+06,
2.06866e+06,
2.08292e+06,
2.0977e+06,
2.1122e+06,
2.12688e+06,
2.14182e+06,
2.15657e+06,
2.17189e+06,
2.18737e+06,
2.20308e+06,
2.2189e+06,
2.23505e+06,
2.25122e+06,
2.26777e+06,
2.28456e+06,
2.30115e+06,
2.3178e+06,
2.33491e+06,
2.3525e+06,
2.37054e+06,
2.38842e+06,
2.40647e+06,
2.42487e+06,
2.44365e+06,
2.46228e+06,
2.48103e+06,
2.5004e+06,
2.52004e+06,
2.54e+06,
2.56053e+06,
2.5813e+06,
2.60224e+06,
2.62351e+06,
2.64509e+06,
2.66742e+06,
2.69079e+06,
2.71364e+06,
2.73607e+06,
2.75903e+06,
2.78165e+06,
2.805e+06,
2.82824e+06,
2.85177e+06,
2.87576e+06,
2.90004e+06,
2.92548e+06,
2.95057e+06,
2.97546e+06,
3.00077e+06,
3.02681e+06,
3.05304e+06,
3.07962e+06,
3.10681e+06,
3.13426e+06,
3.16226e+06,
3.19058e+06,
3.21953e+06,
3.24877e+06,
3.2783e+06,
3.30866e+06,
3.33928e+06,
3.37048e+06,
3.402e+06,
3.43477e+06,
3.46806e+06,
3.50234e+06,
3.53658e+06,
3.57187e+06,
3.60799e+06,
3.64569e+06,
3.68386e+06,
3.72259e+06,
3.76239e+06,
3.80318e+06,
3.84566e+06,
3.8896e+06,
3.93514e+06,
3.98439e+06,
4.03527e+06,
4.08714e+06,
4.14105e+06,
4.19754e+06,
4.256e+06,
4.31836e+06,
4.38544e+06,
4.46298e+06,
4.5738e+06,
4.68173e+06,
4.79175e+06,
4.90294e+06,
5.01772e+06,
5.13694e+06,
5.26043e+06,
5.39007e+06,
5.52809e+06,
5.67489e+06,
5.84054e+06,
6.03545e+06,
6.23943e+06,
6.40601e+06,
6.56279e+06,
6.71467e+06,
6.86231e+06,
6.99797e+06,
7.12326e+06,
7.25986e+06,
7.40375e+06,
7.55109e+06,
7.70702e+06,
7.85551e+06,
8.00412e+06,
8.1562e+06,
8.31129e+06,
8.46841e+06,
8.63179e+06,
8.79859e+06,
8.9804e+06,
9.17738e+06,
9.40927e+06,
9.61389e+06,
9.80091e+06,
9.97983e+06,
1.01555e+07,
1.03296e+07,
1.05032e+07,
1.06828e+07,
1.08645e+07,
1.10394e+07,
1.12201e+07,
1.13956e+07,
1.1568e+07,
1.17395e+07,
1.19141e+07,
1.20911e+07,
1.22622e+07,
1.24369e+07,
1.26185e+07,
1.28009e+07,
1.29877e+07,
1.31724e+07,
1.33559e+07,
1.35335e+07,
1.37116e+07,
1.38873e+07,
1.40475e+07,
1.42088e+07,
1.43781e+07,
1.45519e+07,
1.47359e+07,
1.49135e+07,
1.50802e+07,
1.52456e+07,
1.54103e+07,
1.5571e+07,
1.57356e+07,
1.59086e+07,
1.60878e+07,
1.62647e+07,
1.64421e+07,
1.66243e+07,
1.67986e+07,
1.69688e+07,
1.7137e+07,
1.73128e+07,
1.74853e+07,
1.76581e+07,
1.78377e+07,
1.80179e+07,
1.82004e+07,
1.83902e+07,
1.8576e+07,
1.87654e+07,
1.89526e+07,
1.91341e+07,
1.93151e+07,
1.95005e+07,
1.96956e+07,
1.98965e+07,
2.01135e+07,
2.03357e+07,
2.05401e+07,
2.07329e+07,
2.09225e+07,
2.11065e+07,
2.12895e+07,
2.14717e+07,
2.16584e+07,
2.1851e+07,
2.20491e+07,
2.22429e+07,
2.24319e+07,
2.26126e+07,
2.27917e+07,
2.29694e+07,
2.31467e+07,
2.33281e+07,
2.35239e+07,
2.37127e+07,
2.38949e+07,
2.40793e+07,
2.42656e+07,
2.44473e+07,
2.46293e+07,
2.48092e+07,
2.49913e+07,
2.51797e+07,
2.53678e+07,
2.55501e+07,
2.57283e+07,
2.5908e+07,
2.60902e+07,
2.62677e+07,
2.64455e+07,
2.66308e+07,
2.6811e+07,
2.69866e+07,
2.7168e+07,
2.73437e+07,
2.75186e+07,
2.76958e+07,
2.78784e+07,
2.80588e+07,
2.82428e+07,
2.84206e+07,
2.85954e+07,
2.87697e+07,
2.89462e+07,
2.91187e+07,
2.92911e+07,
2.9466e+07,
2.96449e+07,
2.98237e+07,
2.9994e+07,
3.01606e+07,
3.03256e+07,
3.04946e+07,
3.06772e+07,
3.08557e+07,
3.10355e+07,
3.12198e+07,
3.14172e+07,
3.1606e+07,
3.17861e+07,
3.19637e+07,
3.21416e+07,
3.23263e+07,
3.25147e+07,
3.26996e+07,
3.28876e+07,
3.30834e+07,
3.32711e+07,
3.34546e+07,
3.363e+07,
3.38035e+07,
3.39753e+07,
3.41512e+07,
3.43364e+07,
3.45192e+07,
3.47093e+07,
3.49025e+07,
3.50844e+07,
3.52656e+07,
3.54377e+07,
3.56062e+07,
3.57707e+07,
3.59318e+07,
3.61001e+07,
3.62666e+07,
3.64382e+07,
3.66013e+07,
3.67617e+07,
3.69241e+07,
3.70831e+07,
3.72363e+07,
3.73894e+07,
3.75441e+07,
3.77103e+07,
3.7879e+07,
3.80413e+07,
3.81964e+07,
3.83501e+07,
3.85033e+07,
3.86576e+07,
3.88091e+07,
3.89604e+07,
375246,
375051,
374848,
374653,
374483,
374314,
374136,
373925,
373754,
373572,
373407,
373223,
373087,
372901,
372745,
372659,
372516,
372318,
372201,
371989,
371789,
371672,
371611,
371483,
371375,
371233,
371145,
371025,
370966,
370815,
370715,
370589,
370472,
370333,
370204,
370028,
369896,
369787,
369675,
369569,
369466,
369309,
369204,
369024,
368909,
368779,
368641,
368472,
368366,
368253,
368119,
367912,
367798,
367588,
367471,
367286,
367115,
366979,
366873,
366716,
366567,
366430,
366324,
366145,
365981,
365863,
365738,
365714,
365654,
365621,
365633,
365614,
365605,
365613,
365562,
365520,
365489,
365484,
365470,
365462,
365466,
365437,
365468,
365370,
365401,
365378,
365439,
365452,
365431,
365394,
365446,
365452,
365480,
365474,
365484,
365504,
365542,
365484,
365439,
365441,
365437,
365414,
365436,
365451,
365469,
365473,
365503,
365505,
365559,
365527,
365547,
365486,
365471,
365524,
365610,
365580,
365598,
365630,
365681,
365693,
365698,
365685,
365664,
365656,
365710,
365739,
365747,
365786,
365809,
365872,
365926,
365948,
365978,
366008,
366131,
366143,
366194,
366259,
366301,
366397,
366508,
366474,
366553,
366626,
366748,
366772,
366814,
366841,
366913,
366988,
367003,
366951,
366994,
367105,
367147,
367217,
367343,
367466,
367559,
367650,
367737,
367774,
367925,
368052,
368188,
368340,
368510,
368621,
368747,
368922,
369041,
369115,
369313,
369510,
370380,
371523,
372767,
373912,
375017,
376130,
377356,
378508,
379735,
380977,
382211,
383448,
384641,
385956,
387076,
388284,
389500,
390844,
392059,
393274,
394526,
395788,
397121,
398509,
400064,
401515,
402926,
404370,
405946,
407537,
409263,
410910,
412419,
413977,
415438,
416939,
418481,
419892,
421505,
423083,
424687,
426433,
427976,
429526,
431030,
432711,
434422,
435922,
437697,
439376,
441205,
442993,
444821,
446684,
448533,
450328,
452278,
453980,
455902,
457789,
459717,
461767,
463756,
465585,
467566,
469526,
471409,
473332,
475335,
477221,
479214,
481221,
483217,
485374,
487474,
489756,
491993,
494213,
496383,
498765,
501129,
503380,
505670,
507823,
510085,
512266,
514601,
516915,
519194,
521641,
523945,
526241,
528708,
531038,
533456,
535788,
538164,
540597,
542988,
545607,
548244,
550778,
553472,
556238,
558937,
561532,
564217,
566930,
569750,
572453,
575197,
577998,
580764,
583477,
586356,
589317,
592042,
594817,
597638,
600446,
603255,
606178,
608987,
611835,
614589,
617552,
620634,
623821,
627024,
630010,
633071,
636259,
639433,
642691,
645816,
649115,
652472,
655671,
659069,
662278,
665582,
668971,
672265,
675678,
678887,
681989,
685265,
688657,
691842,
695218,
698440,
701817,
705240,
709085,
712782,
716394,
720128,
723694,
727264,
730976,
734869,
738586,
742311,
746112,
749825,
753589,
757272,
761057,
764874,
768925,
772888,
776818,
780697,
784694,
788854,
792887,
796911,
801069,
805198,
809567,
813940,
818501,
822980,
827563,
832012,
836553,
841202,
845667,
850230,
854788,
859522,
864012,
868748,
873418,
878099,
882984,
887780,
892698,
897534,
902467,
907476,
912377,
917376,
922410,
927408,
932477,
937596,
942496,
947560,
952981,
958489,
963761,
969142,
974458,
979670,
985147,
990410,
995613,
1.00106e+06,
1.00684e+06,
1.01247e+06,
1.01804e+06,
1.02367e+06,
1.02949e+06,
1.03508e+06,
1.04063e+06,
1.04642e+06,
1.0522e+06,
1.05808e+06,
1.06398e+06,
1.06999e+06,
1.07579e+06,
1.08164e+06,
1.0875e+06,
1.09357e+06,
1.09943e+06,
1.10562e+06,
1.11188e+06,
1.11812e+06,
1.12474e+06,
1.13103e+06,
1.13742e+06,
1.14376e+06,
1.15028e+06,
1.1567e+06,
1.16333e+06,
1.16998e+06,
1.17648e+06,
1.18309e+06,
1.18967e+06,
1.1966e+06,
1.20335e+06,
1.21041e+06,
1.21724e+06,
1.22413e+06,
1.23107e+06,
1.23822e+06,
1.24531e+06,
1.2524e+06,
1.2594e+06,
1.26657e+06,
1.27374e+06,
1.28116e+06,
1.2885e+06,
1.29583e+06,
1.30345e+06,
1.31089e+06,
1.31846e+06,
1.32617e+06,
1.33389e+06,
1.34172e+06,
1.34952e+06,
1.35764e+06,
1.36555e+06,
1.37368e+06,
1.38193e+06,
1.39005e+06,
1.39833e+06,
1.40661e+06,
1.41492e+06,
1.42353e+06,
1.43202e+06,
1.44053e+06,
1.44929e+06,
1.45791e+06,
1.46637e+06,
1.47501e+06,
1.4834e+06,
1.49221e+06,
1.50133e+06,
1.51041e+06,
1.51949e+06,
1.52865e+06,
1.53802e+06,
1.54757e+06,
1.55708e+06,
1.56668e+06,
1.57636e+06,
1.58618e+06,
1.5959e+06,
1.60604e+06,
1.61594e+06,
1.62609e+06,
1.6362e+06,
1.64684e+06,
1.65733e+06,
1.66781e+06,
1.67819e+06,
1.68885e+06,
1.69947e+06,
1.71055e+06,
1.72145e+06,
1.73265e+06,
1.74378e+06,
1.75492e+06,
1.76601e+06,
1.77752e+06,
1.78867e+06,
1.80036e+06,
1.81162e+06,
1.82339e+06,
1.83496e+06,
1.84725e+06,
1.85953e+06,
1.87198e+06,
1.88413e+06,
1.89679e+06,
1.90929e+06,
1.92202e+06,
1.9348e+06,
1.94776e+06,
1.96085e+06,
1.97404e+06,
1.9875e+06,
2.00095e+06,
2.01423e+06,
2.02794e+06,
2.04152e+06,
2.05568e+06,
2.06968e+06,
2.08389e+06,
2.09802e+06,
2.11242e+06,
2.12747e+06,
2.14244e+06,
2.15728e+06,
2.17212e+06,
2.187e+06,
2.20248e+06,
2.21824e+06,
2.23402e+06,
2.25021e+06,
2.26648e+06,
2.28313e+06,
2.29989e+06,
2.31672e+06,
2.33376e+06,
2.35072e+06,
2.3682e+06,
2.38563e+06,
2.40336e+06,
2.42123e+06,
2.4395e+06,
2.45809e+06,
2.47621e+06,
2.49504e+06,
2.51435e+06,
2.53359e+06,
2.55334e+06,
2.57342e+06,
2.59396e+06,
2.61485e+06,
2.63614e+06,
2.6573e+06,
2.67898e+06,
2.7012e+06,
2.72462e+06,
2.74778e+06,
2.77089e+06,
2.79388e+06,
2.81673e+06,
2.84017e+06,
2.86343e+06,
2.88721e+06,
2.91112e+06,
2.93542e+06,
2.9603e+06,
2.98547e+06,
3.0109e+06,
3.03666e+06,
3.06246e+06,
3.08847e+06,
3.11496e+06,
3.14204e+06,
3.16973e+06,
3.19726e+06,
3.22544e+06,
3.25372e+06,
3.28335e+06,
3.31288e+06,
3.34292e+06,
3.37377e+06,
3.40476e+06,
3.43665e+06,
3.46894e+06,
3.50196e+06,
3.53556e+06,
3.5701e+06,
3.60511e+06,
3.64099e+06,
3.67773e+06,
3.71514e+06,
3.75396e+06,
3.79311e+06,
3.83371e+06,
3.87515e+06,
3.91807e+06,
3.96158e+06,
4.00845e+06,
4.05714e+06,
4.10737e+06,
4.16006e+06,
4.21432e+06,
4.27104e+06,
4.33084e+06,
4.39455e+06,
4.46721e+06,
4.56968e+06,
4.66896e+06,
4.76996e+06,
4.87222e+06,
4.97735e+06,
5.08363e+06,
5.19332e+06,
5.30696e+06,
5.42492e+06,
5.54851e+06,
5.6819e+06,
5.82149e+06,
5.96599e+06,
6.11991e+06,
6.28543e+06,
6.4848e+06,
6.67199e+06,
6.83455e+06,
6.99941e+06,
7.16731e+06,
7.3389e+06,
7.50554e+06,
7.67206e+06,
7.83817e+06,
7.99064e+06,
8.14932e+06,
8.314e+06,
8.47495e+06,
8.6373e+06,
8.8073e+06,
8.9899e+06,
9.17833e+06,
9.38411e+06,
9.6069e+06,
9.80303e+06,
9.99308e+06,
1.0183e+07,
1.03652e+07,
1.05439e+07,
1.07231e+07,
1.09106e+07,
1.10898e+07,
1.12677e+07,
1.14468e+07,
1.16241e+07,
1.18043e+07,
1.19909e+07,
1.21758e+07,
1.23527e+07,
1.25311e+07,
1.27139e+07,
1.28937e+07,
1.30745e+07,
1.32572e+07,
1.3444e+07,
1.36332e+07,
1.38268e+07,
1.40188e+07,
1.42052e+07,
1.43895e+07,
1.45807e+07,
1.47709e+07,
1.49703e+07,
1.51658e+07,
1.53555e+07,
1.55318e+07,
1.57124e+07,
1.58953e+07,
1.60737e+07,
1.62585e+07,
1.64545e+07,
1.66399e+07,
1.68223e+07,
1.70041e+07,
1.71852e+07,
1.73684e+07,
1.75586e+07,
1.77604e+07,
1.79589e+07,
1.8155e+07,
1.83583e+07,
1.85675e+07,
1.87842e+07,
1.89848e+07,
1.9182e+07,
1.93838e+07,
1.95857e+07,
1.97854e+07,
1.9979e+07,
2.01686e+07,
2.03633e+07,
2.05573e+07,
2.07497e+07,
2.09496e+07,
2.11491e+07,
2.13388e+07,
2.15281e+07,
2.17195e+07,
2.19093e+07,
2.20956e+07,
2.22852e+07,
2.24749e+07,
2.26699e+07,
2.28578e+07,
2.30445e+07,
2.32319e+07,
2.34174e+07,
2.36041e+07,
2.37927e+07,
2.39787e+07,
2.4174e+07,
2.43619e+07,
2.4545e+07,
2.47274e+07,
2.49096e+07,
2.50929e+07,
2.52791e+07,
2.54656e+07,
2.56592e+07,
2.58542e+07,
2.60414e+07,
2.62238e+07,
2.64033e+07,
2.65829e+07,
2.6763e+07,
2.6944e+07,
2.71272e+07,
2.73186e+07,
2.75105e+07,
2.76903e+07,
2.78686e+07,
2.80429e+07,
2.82149e+07,
2.8387e+07,
2.85596e+07,
2.87337e+07,
2.89154e+07,
2.90932e+07,
2.92709e+07,
2.94487e+07,
2.96241e+07,
2.9795e+07,
2.99674e+07,
3.01381e+07,
3.03095e+07,
3.04842e+07,
3.06563e+07,
3.08257e+07,
3.0996e+07,
3.11708e+07,
3.13563e+07,
3.15391e+07,
3.17211e+07,
3.19054e+07,
3.21007e+07,
3.22868e+07,
3.24669e+07,
3.26442e+07,
3.28204e+07,
3.29996e+07,
3.31883e+07,
3.33782e+07,
3.35745e+07,
3.37727e+07,
3.39591e+07,
3.41325e+07,
3.43019e+07,
3.44685e+07,
3.46348e+07,
3.48035e+07,
3.4982e+07,
3.51587e+07,
3.53418e+07,
3.5528e+07,
3.57023e+07,
3.58699e+07,
3.60347e+07,
3.61968e+07,
3.63596e+07,
3.65236e+07,
3.66973e+07,
3.68688e+07,
3.70442e+07,
3.72098e+07,
3.73718e+07,
3.75328e+07,
3.76895e+07,
3.78438e+07,
3.79986e+07,
3.81531e+07,
3.83205e+07,
3.84919e+07,
3.86564e+07,
3.88141e+07,
3.8968e+07,
3.91197e+07,
3.92708e+07,
3.94209e+07,
3.9571e+07,
375246,
375062,
374847,
374679,
374500,
374335,
374172,
373980,
373816,
373621,
373475,
373320,
373198,
373043,
372878,
372785,
372595,
372450,
372319,
372097,
371920,
371786,
371733,
371605,
371484,
371347,
371252,
371134,
371064,
370977,
370870,
370729,
370580,
370455,
370299,
370161,
370026,
369899,
369833,
369715,
369599,
369500,
369338,
369163,
369041,
368895,
368807,
368669,
368541,
368427,
368277,
368078,
367911,
367768,
367633,
367458,
367339,
367205,
367058,
366882,
366778,
366619,
366478,
366284,
366165,
366050,
365987,
365994,
365950,
365960,
365903,
365913,
365866,
365832,
365811,
365801,
365810,
365776,
365798,
365839,
365821,
365803,
365764,
365760,
365750,
365784,
365808,
365784,
365763,
365809,
365772,
365832,
365856,
365870,
365866,
365902,
365930,
365917,
365882,
365840,
365862,
365887,
365923,
365970,
366004,
366042,
366065,
366099,
366104,
366123,
366097,
366075,
366101,
366079,
366107,
366121,
366179,
366253,
366273,
366258,
366272,
366277,
366287,
366268,
366290,
366406,
366506,
366495,
366509,
366627,
366681,
366628,
366661,
366690,
366699,
366741,
366814,
366877,
367016,
367073,
367153,
367113,
367187,
367272,
367365,
367474,
367512,
367553,
367618,
367652,
367657,
367696,
367760,
367770,
367914,
368002,
368073,
368186,
368262,
368353,
368437,
368532,
368592,
368714,
368863,
369044,
369185,
369289,
369429,
369562,
369624,
369749,
369905,
370514,
371620,
372865,
374121,
375402,
376438,
377695,
378855,
380039,
381173,
382408,
383595,
384855,
386068,
387345,
388524,
389869,
391160,
392343,
393501,
394679,
395958,
397433,
398758,
400168,
401675,
403201,
404733,
406294,
407861,
409547,
411195,
412690,
414178,
415821,
417334,
418836,
420371,
421832,
423499,
425115,
426698,
428241,
429956,
431548,
433092,
434778,
436366,
438087,
439781,
441610,
443547,
445332,
447090,
449030,
450900,
452670,
454499,
456409,
458434,
460292,
462207,
464216,
466193,
468122,
470226,
472280,
474217,
476204,
478152,
480176,
482282,
484284,
486379,
488572,
490748,
492944,
495179,
497372,
499732,
502058,
504403,
506829,
509070,
511500,
513726,
516092,
518374,
520645,
522966,
525400,
527718,
530134,
532443,
534801,
537207,
539607,
542002,
544397,
547134,
549820,
552463,
555126,
557917,
560628,
563330,
566133,
568906,
571918,
574657,
577422,
580247,
582938,
585701,
588537,
591371,
594262,
597002,
599789,
602611,
605708,
608597,
611326,
614172,
616978,
620006,
623268,
626453,
629619,
632841,
636005,
639331,
642602,
645740,
648936,
652315,
655629,
658802,
661931,
665188,
668713,
672178,
675436,
678826,
682135,
685386,
688712,
692187,
695394,
698784,
702265,
705739,
709375,
713078,
716573,
720314,
723887,
727762,
731545,
735384,
739186,
742891,
746758,
750696,
754577,
758387,
762207,
766191,
770018,
773973,
777741,
781862,
785974,
790192,
794485,
798686,
802905,
807237,
811220,
815430,
819828,
824202,
828754,
833283,
837995,
842679,
847108,
851846,
856511,
861229,
866074,
870886,
875549,
880387,
885076,
889942,
894874,
899770,
904649,
909542,
914518,
919429,
924301,
929297,
934284,
939306,
944442,
949640,
954960,
960301,
965678,
970941,
976505,
982033,
987642,
993056,
998458,
1.00377e+06,
1.00921e+06,
1.015e+06,
1.02065e+06,
1.02632e+06,
1.0319e+06,
1.03737e+06,
1.04311e+06,
1.04878e+06,
1.05463e+06,
1.06032e+06,
1.0662e+06,
1.0722e+06,
1.07797e+06,
1.08396e+06,
1.09002e+06,
1.09612e+06,
1.10213e+06,
1.10822e+06,
1.11446e+06,
1.12063e+06,
1.12688e+06,
1.13314e+06,
1.13984e+06,
1.14631e+06,
1.15283e+06,
1.15938e+06,
1.16585e+06,
1.17237e+06,
1.17913e+06,
1.18573e+06,
1.1925e+06,
1.19916e+06,
1.20591e+06,
1.21269e+06,
1.21977e+06,
1.22679e+06,
1.23408e+06,
1.24119e+06,
1.24803e+06,
1.25502e+06,
1.2619e+06,
1.26906e+06,
1.2763e+06,
1.28344e+06,
1.29078e+06,
1.2981e+06,
1.30567e+06,
1.31318e+06,
1.32102e+06,
1.329e+06,
1.33664e+06,
1.34459e+06,
1.35233e+06,
1.36029e+06,
1.36843e+06,
1.37652e+06,
1.38482e+06,
1.39298e+06,
1.40125e+06,
1.40935e+06,
1.41747e+06,
1.42605e+06,
1.43463e+06,
1.4433e+06,
1.45181e+06,
1.46054e+06,
1.46925e+06,
1.4781e+06,
1.48691e+06,
1.49581e+06,
1.5045e+06,
1.51319e+06,
1.52229e+06,
1.53167e+06,
1.54102e+06,
1.55074e+06,
1.56031e+06,
1.57009e+06,
1.58003e+06,
1.58992e+06,
1.59981e+06,
1.60985e+06,
1.62013e+06,
1.63054e+06,
1.64065e+06,
1.65087e+06,
1.66103e+06,
1.67155e+06,
1.68191e+06,
1.69261e+06,
1.70309e+06,
1.71397e+06,
1.72464e+06,
1.73573e+06,
1.74663e+06,
1.7576e+06,
1.76858e+06,
1.7799e+06,
1.79109e+06,
1.8024e+06,
1.81384e+06,
1.82534e+06,
1.83706e+06,
1.84907e+06,
1.86123e+06,
1.87316e+06,
1.88529e+06,
1.89783e+06,
1.91063e+06,
1.92333e+06,
1.93559e+06,
1.94833e+06,
1.96126e+06,
1.97431e+06,
1.9876e+06,
2.00103e+06,
2.01459e+06,
2.02813e+06,
2.04161e+06,
2.05543e+06,
2.06935e+06,
2.08333e+06,
2.09731e+06,
2.11157e+06,
2.1263e+06,
2.14094e+06,
2.1556e+06,
2.17048e+06,
2.18557e+06,
2.20072e+06,
2.21597e+06,
2.23137e+06,
2.24711e+06,
2.26344e+06,
2.27981e+06,
2.29595e+06,
2.31253e+06,
2.32914e+06,
2.34629e+06,
2.36355e+06,
2.38048e+06,
2.39783e+06,
2.41559e+06,
2.43326e+06,
2.4512e+06,
2.46952e+06,
2.48817e+06,
2.50705e+06,
2.52605e+06,
2.54514e+06,
2.56442e+06,
2.584e+06,
2.60428e+06,
2.62454e+06,
2.64539e+06,
2.66632e+06,
2.68803e+06,
2.70999e+06,
2.73241e+06,
2.75582e+06,
2.77948e+06,
2.80271e+06,
2.82589e+06,
2.84903e+06,
2.87249e+06,
2.89594e+06,
2.92012e+06,
2.94415e+06,
2.9686e+06,
2.99367e+06,
3.01877e+06,
3.0442e+06,
3.06966e+06,
3.09528e+06,
3.12171e+06,
3.14798e+06,
3.17492e+06,
3.20246e+06,
3.2304e+06,
3.25846e+06,
3.28707e+06,
3.31608e+06,
3.3458e+06,
3.37555e+06,
3.40567e+06,
3.43659e+06,
3.46849e+06,
3.50136e+06,
3.53424e+06,
3.56796e+06,
3.60211e+06,
3.63676e+06,
3.67179e+06,
3.70811e+06,
3.74543e+06,
3.78363e+06,
3.8227e+06,
3.86208e+06,
3.90246e+06,
3.94422e+06,
3.98761e+06,
4.03326e+06,
4.08114e+06,
4.12951e+06,
4.17952e+06,
4.2322e+06,
4.2864e+06,
4.34376e+06,
4.40495e+06,
4.47492e+06,
4.57197e+06,
4.66725e+06,
4.76159e+06,
4.85778e+06,
4.95488e+06,
5.05349e+06,
5.15455e+06,
5.25848e+06,
5.36595e+06,
5.47769e+06,
5.59681e+06,
5.71911e+06,
5.84554e+06,
5.97548e+06,
6.10984e+06,
6.24972e+06,
6.39441e+06,
6.54653e+06,
6.71968e+06,
6.92061e+06,
7.13811e+06,
7.32688e+06,
7.50652e+06,
7.68508e+06,
7.86609e+06,
8.04253e+06,
8.2197e+06,
8.40134e+06,
8.58808e+06,
8.77894e+06,
8.98218e+06,
9.17576e+06,
9.37728e+06,
9.60246e+06,
9.80513e+06,
9.99704e+06,
1.01836e+07,
1.03683e+07,
1.05541e+07,
1.07418e+07,
1.09446e+07,
1.11392e+07,
1.1326e+07,
1.1509e+07,
1.16904e+07,
1.18707e+07,
1.20525e+07,
1.22393e+07,
1.24261e+07,
1.26134e+07,
1.28081e+07,
1.30037e+07,
1.31926e+07,
1.3382e+07,
1.35725e+07,
1.37667e+07,
1.39559e+07,
1.41452e+07,
1.43353e+07,
1.45287e+07,
1.4732e+07,
1.49428e+07,
1.51552e+07,
1.53626e+07,
1.55661e+07,
1.57692e+07,
1.59727e+07,
1.61771e+07,
1.6387e+07,
1.66019e+07,
1.68359e+07,
1.70711e+07,
1.72995e+07,
1.75156e+07,
1.77202e+07,
1.79205e+07,
1.81204e+07,
1.83209e+07,
1.85245e+07,
1.8721e+07,
1.89227e+07,
1.91229e+07,
1.93233e+07,
1.95217e+07,
1.97196e+07,
1.99174e+07,
2.01169e+07,
2.03096e+07,
2.05009e+07,
2.06921e+07,
2.08872e+07,
2.10833e+07,
2.12838e+07,
2.14809e+07,
2.16835e+07,
2.18799e+07,
2.20702e+07,
2.22579e+07,
2.24444e+07,
2.26311e+07,
2.28223e+07,
2.30168e+07,
2.32215e+07,
2.34183e+07,
2.36074e+07,
2.37944e+07,
2.39819e+07,
2.41685e+07,
2.43532e+07,
2.45388e+07,
2.47351e+07,
2.49301e+07,
2.51242e+07,
2.53132e+07,
2.54961e+07,
2.56777e+07,
2.58586e+07,
2.60407e+07,
2.62233e+07,
2.64098e+07,
2.65959e+07,
2.67778e+07,
2.69572e+07,
2.71412e+07,
2.73224e+07,
2.75014e+07,
2.76822e+07,
2.78675e+07,
2.80521e+07,
2.82309e+07,
2.841e+07,
2.85881e+07,
2.87663e+07,
2.89467e+07,
2.91269e+07,
2.93057e+07,
2.9489e+07,
2.96685e+07,
2.98421e+07,
3.00157e+07,
3.01949e+07,
3.0371e+07,
3.0546e+07,
3.07212e+07,
3.09e+07,
3.10805e+07,
3.12554e+07,
3.14267e+07,
3.15941e+07,
3.17646e+07,
3.19475e+07,
3.21242e+07,
3.23023e+07,
3.24804e+07,
3.26725e+07,
3.28551e+07,
3.3028e+07,
3.31963e+07,
3.33616e+07,
3.35283e+07,
3.37063e+07,
3.38827e+07,
3.40647e+07,
3.42557e+07,
3.44431e+07,
3.46253e+07,
3.48025e+07,
3.49724e+07,
3.51369e+07,
3.53026e+07,
3.5478e+07,
3.5654e+07,
3.58335e+07,
3.60186e+07,
3.6194e+07,
3.63664e+07,
3.65338e+07,
3.66973e+07,
3.68578e+07,
3.70182e+07,
3.71851e+07,
3.73528e+07,
3.75271e+07,
3.76938e+07,
3.7857e+07,
3.80241e+07,
3.81884e+07,
3.83447e+07,
3.84999e+07,
3.86554e+07,
3.88196e+07,
3.89894e+07,
3.91553e+07,
3.93149e+07,
3.94705e+07,
3.96248e+07,
3.9782e+07,
3.99365e+07,
4.00887e+07,
375246,
375057,
374878,
374717,
374537,
374374,
374222,
374019,
373870,
373721,
373566,
373471,
373291,
373157,
373023,
372860,
372734,
372576,
372451,
372276,
372095,
371962,
371829,
371736,
371627,
371492,
371408,
371292,
371197,
371075,
370947,
370837,
370701,
370554,
370393,
370296,
370144,
370070,
369962,
369891,
369759,
369608,
369491,
369353,
369185,
369136,
369018,
368885,
368700,
368553,
368407,
368254,
368097,
367959,
367778,
367626,
367499,
367373,
367205,
367070,
366969,
366818,
366621,
366471,
366363,
366307,
366298,
366262,
366213,
366187,
366215,
366171,
366159,
366149,
366141,
366174,
366177,
366135,
366103,
366097,
366156,
366194,
366184,
366155,
366174,
366198,
366195,
366187,
366194,
366173,
366171,
366220,
366246,
366269,
366299,
366305,
366376,
366428,
366443,
366469,
366476,
366490,
366479,
366474,
366453,
366539,
366598,
366638,
366677,
366674,
366704,
366616,
366694,
366678,
366656,
366689,
366708,
366764,
366807,
366834,
366898,
366908,
366894,
366910,
366982,
367062,
367105,
367177,
367190,
367244,
367299,
367294,
367311,
367382,
367469,
367506,
367606,
367677,
367757,
367800,
367821,
367868,
367959,
368006,
368106,
368155,
368231,
368314,
368360,
368384,
368460,
368471,
368558,
368666,
368794,
368868,
368990,
369070,
369153,
369274,
369298,
369346,
369510,
369645,
369844,
369987,
370099,
370268,
370347,
370455,
370540,
370643,
370904,
372051,
373258,
374525,
375743,
376979,
378084,
379301,
380564,
381686,
382897,
384111,
385227,
386553,
387798,
389042,
390203,
391467,
392755,
393932,
395159,
396406,
397682,
399107,
400530,
402097,
403683,
405199,
406647,
408208,
409868,
411484,
413035,
414507,
416116,
417657,
419321,
420871,
422579,
424151,
425684,
427226,
428782,
430428,
431952,
433621,
435210,
436836,
438604,
440446,
442338,
444202,
445973,
447805,
449740,
451562,
453316,
455350,
457322,
459345,
461221,
463068,
465122,
467217,
469217,
471189,
473286,
475220,
477213,
479234,
481302,
483293,
485384,
487455,
489583,
491896,
494078,
496378,
498581,
500960,
503337,
505782,
508122,
510432,
512807,
515156,
517477,
519925,
522248,
524594,
526817,
529157,
531598,
534010,
536268,
538807,
541186,
543602,
545971,
548607,
551342,
554147,
556982,
559700,
562425,
565198,
567975,
570785,
573608,
576512,
579324,
582163,
584976,
587865,
590713,
593514,
596306,
599135,
601953,
604774,
607735,
610688,
613589,
616579,
619534,
622606,
625771,
628956,
632246,
635497,
638782,
642106,
645287,
648777,
652082,
655481,
658747,
662135,
665340,
668395,
671731,
675072,
678529,
681867,
685249,
688702,
692105,
695422,
698968,
702317,
705869,
709402,
712995,
716733,
720459,
724386,
728221,
732048,
735894,
739425,
743331,
747111,
751020,
754978,
758848,
762886,
766812,
770716,
774638,
778492,
782697,
786946,
791223,
795384,
799505,
803899,
808121,
812383,
816944,
821264,
825785,
830454,
834915,
839434,
843904,
848558,
853276,
858090,
862888,
867554,
872088,
876889,
881667,
886426,
891250,
896040,
900908,
905752,
910773,
915760,
920886,
925994,
931028,
935983,
941116,
946126,
951293,
956512,
961803,
967057,
972481,
978056,
983541,
989035,
994579,
1.00022e+06,
1.00592e+06,
1.0114e+06,
1.01696e+06,
1.0225e+06,
1.02812e+06,
1.03384e+06,
1.0395e+06,
1.04526e+06,
1.05079e+06,
1.0564e+06,
1.06219e+06,
1.06801e+06,
1.07388e+06,
1.07971e+06,
1.08589e+06,
1.09184e+06,
1.09802e+06,
1.1042e+06,
1.11024e+06,
1.11654e+06,
1.12288e+06,
1.12941e+06,
1.13561e+06,
1.14191e+06,
1.14827e+06,
1.15477e+06,
1.16157e+06,
1.16812e+06,
1.17473e+06,
1.1813e+06,
1.18795e+06,
1.19468e+06,
1.2015e+06,
1.20837e+06,
1.21519e+06,
1.22202e+06,
1.22892e+06,
1.23586e+06,
1.24272e+06,
1.24982e+06,
1.2571e+06,
1.26433e+06,
1.27174e+06,
1.27904e+06,
1.28624e+06,
1.29366e+06,
1.30098e+06,
1.30824e+06,
1.31571e+06,
1.32336e+06,
1.33119e+06,
1.33893e+06,
1.34691e+06,
1.35479e+06,
1.36287e+06,
1.37086e+06,
1.37889e+06,
1.38682e+06,
1.39526e+06,
1.40369e+06,
1.41202e+06,
1.42058e+06,
1.429e+06,
1.4373e+06,
1.44558e+06,
1.45405e+06,
1.46255e+06,
1.4713e+06,
1.48016e+06,
1.48904e+06,
1.49797e+06,
1.50716e+06,
1.51626e+06,
1.52525e+06,
1.53432e+06,
1.54367e+06,
1.55308e+06,
1.56282e+06,
1.57283e+06,
1.58281e+06,
1.5928e+06,
1.60284e+06,
1.61288e+06,
1.62291e+06,
1.63261e+06,
1.64266e+06,
1.65302e+06,
1.66332e+06,
1.67341e+06,
1.68358e+06,
1.694e+06,
1.7045e+06,
1.71532e+06,
1.72599e+06,
1.73671e+06,
1.74794e+06,
1.7591e+06,
1.77027e+06,
1.78159e+06,
1.79281e+06,
1.80406e+06,
1.81543e+06,
1.82669e+06,
1.83838e+06,
1.84996e+06,
1.8619e+06,
1.87375e+06,
1.8859e+06,
1.89825e+06,
1.91078e+06,
1.92304e+06,
1.93553e+06,
1.9484e+06,
1.96098e+06,
1.97397e+06,
1.98693e+06,
2.00001e+06,
2.01324e+06,
2.02672e+06,
2.04047e+06,
2.05398e+06,
2.06754e+06,
2.08147e+06,
2.09536e+06,
2.10935e+06,
2.12364e+06,
2.13788e+06,
2.15231e+06,
2.16707e+06,
2.18169e+06,
2.19677e+06,
2.21181e+06,
2.2269e+06,
2.24249e+06,
2.25801e+06,
2.274e+06,
2.28996e+06,
2.30654e+06,
2.32296e+06,
2.33987e+06,
2.35664e+06,
2.37393e+06,
2.39104e+06,
2.40799e+06,
2.42522e+06,
2.44312e+06,
2.46114e+06,
2.47912e+06,
2.49742e+06,
2.51604e+06,
2.53511e+06,
2.55438e+06,
2.57331e+06,
2.59242e+06,
2.61248e+06,
2.63316e+06,
2.65369e+06,
2.6742e+06,
2.69529e+06,
2.71698e+06,
2.73904e+06,
2.76158e+06,
2.78509e+06,
2.80874e+06,
2.83222e+06,
2.85564e+06,
2.87905e+06,
2.90261e+06,
2.92641e+06,
2.95039e+06,
2.97482e+06,
2.99965e+06,
3.02451e+06,
3.04972e+06,
3.07523e+06,
3.10093e+06,
3.12672e+06,
3.15272e+06,
3.17887e+06,
3.20559e+06,
3.23335e+06,
3.26103e+06,
3.28924e+06,
3.31813e+06,
3.34692e+06,
3.37628e+06,
3.40585e+06,
3.4365e+06,
3.46718e+06,
3.49913e+06,
3.53137e+06,
3.56443e+06,
3.59765e+06,
3.63139e+06,
3.66603e+06,
3.70141e+06,
3.73686e+06,
3.77342e+06,
3.81088e+06,
3.84917e+06,
3.88857e+06,
3.92853e+06,
3.97031e+06,
4.01268e+06,
4.05735e+06,
4.10364e+06,
4.15141e+06,
4.20069e+06,
4.25143e+06,
4.30465e+06,
4.36019e+06,
4.41931e+06,
4.48643e+06,
4.58043e+06,
4.67038e+06,
4.76124e+06,
4.85289e+06,
4.94536e+06,
5.04015e+06,
5.13644e+06,
5.23456e+06,
5.33548e+06,
5.44017e+06,
5.55123e+06,
5.66435e+06,
5.7797e+06,
5.8979e+06,
6.01912e+06,
6.14443e+06,
6.27273e+06,
6.405e+06,
6.55308e+06,
6.70795e+06,
6.87521e+06,
7.04524e+06,
7.22422e+06,
7.41334e+06,
7.63031e+06,
7.84854e+06,
8.04469e+06,
8.23866e+06,
8.43293e+06,
8.63188e+06,
8.83563e+06,
9.04425e+06,
9.26272e+06,
9.50735e+06,
9.74307e+06,
9.96571e+06,
1.01787e+07,
1.03847e+07,
1.05805e+07,
1.077e+07,
1.09693e+07,
1.11629e+07,
1.13558e+07,
1.1547e+07,
1.174e+07,
1.19365e+07,
1.21337e+07,
1.23291e+07,
1.25277e+07,
1.27221e+07,
1.29222e+07,
1.31163e+07,
1.33125e+07,
1.35101e+07,
1.37099e+07,
1.39198e+07,
1.41278e+07,
1.43322e+07,
1.45373e+07,
1.47447e+07,
1.49604e+07,
1.51795e+07,
1.54099e+07,
1.56532e+07,
1.58887e+07,
1.61122e+07,
1.6337e+07,
1.65547e+07,
1.67704e+07,
1.69861e+07,
1.72138e+07,
1.74326e+07,
1.76492e+07,
1.78645e+07,
1.80804e+07,
1.82963e+07,
1.85137e+07,
1.87328e+07,
1.89508e+07,
1.91613e+07,
1.93599e+07,
1.95573e+07,
1.97522e+07,
1.99491e+07,
2.01479e+07,
2.03513e+07,
2.05611e+07,
2.07668e+07,
2.09618e+07,
2.11534e+07,
2.13487e+07,
2.15438e+07,
2.17377e+07,
2.19345e+07,
2.21379e+07,
2.23345e+07,
2.25309e+07,
2.27307e+07,
2.29265e+07,
2.31119e+07,
2.3298e+07,
2.34847e+07,
2.36753e+07,
2.38612e+07,
2.40445e+07,
2.42272e+07,
2.44118e+07,
2.46008e+07,
2.47913e+07,
2.49781e+07,
2.51738e+07,
2.53679e+07,
2.55544e+07,
2.57387e+07,
2.59205e+07,
2.61023e+07,
2.62856e+07,
2.64686e+07,
2.66593e+07,
2.68576e+07,
2.70489e+07,
2.72347e+07,
2.74176e+07,
2.75993e+07,
2.77801e+07,
2.79608e+07,
2.81427e+07,
2.83243e+07,
2.85118e+07,
2.86971e+07,
2.88844e+07,
2.90673e+07,
2.92483e+07,
2.94282e+07,
2.96063e+07,
2.9786e+07,
2.99707e+07,
3.0151e+07,
3.03223e+07,
3.04924e+07,
3.06648e+07,
3.08365e+07,
3.10049e+07,
3.11721e+07,
3.13397e+07,
3.15113e+07,
3.16791e+07,
3.18425e+07,
3.20054e+07,
3.21721e+07,
3.23521e+07,
3.25291e+07,
3.2707e+07,
3.28859e+07,
3.30732e+07,
3.32537e+07,
3.34257e+07,
3.35919e+07,
3.37578e+07,
3.39249e+07,
3.41045e+07,
3.42828e+07,
3.44625e+07,
3.46515e+07,
3.48371e+07,
3.50127e+07,
3.51844e+07,
3.53517e+07,
3.55189e+07,
3.56903e+07,
3.58709e+07,
3.60498e+07,
3.62305e+07,
3.64144e+07,
3.65878e+07,
3.67577e+07,
3.69238e+07,
3.70861e+07,
3.7246e+07,
3.7406e+07,
3.75746e+07,
3.7743e+07,
3.79182e+07,
3.80832e+07,
3.82445e+07,
3.84042e+07,
3.85639e+07,
3.87213e+07,
3.88773e+07,
3.90355e+07,
3.92042e+07,
3.93788e+07,
3.95505e+07,
3.97113e+07,
3.98685e+07,
4.00235e+07,
4.01781e+07,
4.03344e+07,
4.04903e+07,
375246,
375070,
374926,
374737,
374550,
374419,
374262,
374076,
373930,
373795,
373651,
373568,
373409,
373274,
373168,
373004,
372893,
372708,
372642,
372448,
372281,
372155,
372015,
371920,
371803,
371667,
371612,
371514,
371415,
371264,
371076,
370931,
370794,
370641,
370537,
370371,
370311,
370244,
370186,
370002,
369874,
369770,
369622,
369513,
369426,
369339,
369209,
369035,
368858,
368732,
368648,
368512,
368413,
368207,
368043,
367871,
367687,
367549,
367383,
367316,
367189,
367037,
366860,
366681,
366619,
366517,
366542,
366526,
366529,
366505,
366488,
366497,
366522,
366480,
366462,
366461,
366506,
366512,
366538,
366515,
366467,
366473,
366480,
366546,
366556,
366597,
366606,
366631,
366615,
366591,
366610,
366616,
366693,
366755,
366759,
366797,
366886,
366934,
366919,
366921,
366936,
366937,
366937,
366957,
367005,
367046,
367050,
367135,
367182,
367183,
367182,
367201,
367235,
367245,
367283,
367309,
367391,
367467,
367488,
367523,
367499,
367508,
367533,
367599,
367685,
367767,
367805,
367865,
367910,
367985,
368061,
368054,
368071,
368167,
368248,
368362,
368441,
368476,
368584,
368608,
368661,
368733,
368795,
368837,
368920,
368988,
369072,
369162,
369215,
369221,
369260,
369331,
369345,
369449,
369598,
369695,
369800,
369951,
370049,
370148,
370228,
370298,
370356,
370509,
370645,
370811,
370952,
371124,
371291,
371411,
371553,
371665,
372306,
373526,
374677,
375869,
377071,
378367,
379512,
380808,
382001,
383110,
384353,
385600,
386824,
387993,
389196,
390400,
391605,
392919,
394207,
395469,
396753,
398063,
399328,
400636,
402100,
403750,
405256,
406872,
408521,
410026,
411607,
413181,
414715,
416364,
417981,
419572,
421236,
422846,
424523,
426097,
427698,
429281,
430879,
432503,
434131,
435679,
437366,
439042,
440902,
442687,
444532,
446458,
448409,
450372,
452252,
454167,
456063,
457976,
459979,
461985,
464136,
466021,
468013,
470032,
471930,
473897,
475796,
477803,
480025,
482082,
484152,
486228,
488288,
490702,
492928,
495203,
497546,
499902,
502314,
504549,
506911,
509033,
511481,
514016,
516343,
518718,
521078,
523460,
525867,
528131,
530583,
533011,
535439,
537912,
540371,
542897,
545273,
547733,
550311,
552921,
555706,
558490,
561217,
564181,
566900,
569681,
572498,
575372,
578263,
581046,
584025,
587000,
589829,
592657,
595469,
598446,
601451,
604364,
607335,
610282,
613138,
615955,
618875,
621906,
625004,
628117,
631323,
634626,
637959,
641180,
644660,
648032,
651238,
654626,
658024,
661315,
664627,
668003,
671264,
674663,
678071,
681409,
684850,
688268,
691788,
695267,
698798,
702237,
705728,
709287,
712807,
716493,
720275,
724259,
728094,
731935,
735718,
739559,
743496,
747326,
751216,
755230,
759108,
763140,
767174,
771036,
774876,
778922,
783211,
787323,
791526,
795818,
800106,
804388,
808685,
813010,
817332,
821564,
825946,
830568,
835275,
839962,
844674,
849247,
854009,
858688,
863425,
868142,
872864,
877388,
882157,
886905,
891727,
896449,
901305,
906134,
911049,
916089,
921229,
926312,
931473,
936673,
941746,
947027,
952306,
957608,
962724,
968160,
973532,
978960,
984410,
989890,
995240,
1.00072e+06,
1.0064e+06,
1.01195e+06,
1.01752e+06,
1.02313e+06,
1.02871e+06,
1.03423e+06,
1.03994e+06,
1.04573e+06,
1.05159e+06,
1.0576e+06,
1.06348e+06,
1.06952e+06,
1.07541e+06,
1.08127e+06,
1.08724e+06,
1.09323e+06,
1.09905e+06,
1.10505e+06,
1.11135e+06,
1.1175e+06,
1.12369e+06,
1.13008e+06,
1.13638e+06,
1.14281e+06,
1.14935e+06,
1.15583e+06,
1.16218e+06,
1.1689e+06,
1.17551e+06,
1.18216e+06,
1.18898e+06,
1.19573e+06,
1.20251e+06,
1.2096e+06,
1.21649e+06,
1.22332e+06,
1.23028e+06,
1.23712e+06,
1.24428e+06,
1.25144e+06,
1.25858e+06,
1.26552e+06,
1.27269e+06,
1.28009e+06,
1.28727e+06,
1.29458e+06,
1.30198e+06,
1.30964e+06,
1.31718e+06,
1.32467e+06,
1.33248e+06,
1.34031e+06,
1.34815e+06,
1.35612e+06,
1.36404e+06,
1.3719e+06,
1.37994e+06,
1.38808e+06,
1.39628e+06,
1.40469e+06,
1.41289e+06,
1.42126e+06,
1.42961e+06,
1.43811e+06,
1.44658e+06,
1.45517e+06,
1.46392e+06,
1.47252e+06,
1.48123e+06,
1.49013e+06,
1.49924e+06,
1.50838e+06,
1.51759e+06,
1.52684e+06,
1.536e+06,
1.54495e+06,
1.55425e+06,
1.56394e+06,
1.57372e+06,
1.58338e+06,
1.59312e+06,
1.60285e+06,
1.61256e+06,
1.62261e+06,
1.63249e+06,
1.64273e+06,
1.65273e+06,
1.66316e+06,
1.67357e+06,
1.68401e+06,
1.69453e+06,
1.705e+06,
1.71546e+06,
1.72607e+06,
1.73682e+06,
1.74765e+06,
1.75857e+06,
1.76961e+06,
1.78089e+06,
1.79202e+06,
1.80345e+06,
1.81485e+06,
1.82628e+06,
1.83782e+06,
1.84922e+06,
1.86071e+06,
1.8725e+06,
1.88438e+06,
1.89643e+06,
1.90873e+06,
1.92136e+06,
1.93405e+06,
1.94641e+06,
1.95919e+06,
1.97193e+06,
1.98455e+06,
1.99731e+06,
2.01051e+06,
2.02346e+06,
2.03667e+06,
2.05003e+06,
2.06349e+06,
2.07731e+06,
2.09087e+06,
2.10473e+06,
2.1186e+06,
2.13293e+06,
2.14751e+06,
2.16192e+06,
2.17648e+06,
2.19108e+06,
2.20621e+06,
2.22107e+06,
2.23616e+06,
2.25119e+06,
2.26687e+06,
2.2827e+06,
2.29854e+06,
2.31494e+06,
2.33139e+06,
2.348e+06,
2.36474e+06,
2.38178e+06,
2.39856e+06,
2.41602e+06,
2.43325e+06,
2.45061e+06,
2.46852e+06,
2.48656e+06,
2.50478e+06,
2.52348e+06,
2.54216e+06,
2.56095e+06,
2.58042e+06,
2.59979e+06,
2.61929e+06,
2.63904e+06,
2.6591e+06,
2.67959e+06,
2.70054e+06,
2.72199e+06,
2.74357e+06,
2.76623e+06,
2.78887e+06,
2.81203e+06,
2.83579e+06,
2.85942e+06,
2.88305e+06,
2.90654e+06,
2.93064e+06,
2.95424e+06,
2.97835e+06,
3.00291e+06,
3.02768e+06,
3.05265e+06,
3.07763e+06,
3.10274e+06,
3.12867e+06,
3.155e+06,
3.18122e+06,
3.20761e+06,
3.23444e+06,
3.26185e+06,
3.28963e+06,
3.31772e+06,
3.34625e+06,
3.37498e+06,
3.40473e+06,
3.4345e+06,
3.46537e+06,
3.49637e+06,
3.52748e+06,
3.55931e+06,
3.59161e+06,
3.62521e+06,
3.65881e+06,
3.6932e+06,
3.72836e+06,
3.76398e+06,
3.80018e+06,
3.83708e+06,
3.87524e+06,
3.91415e+06,
3.95428e+06,
3.99487e+06,
4.03658e+06,
4.08026e+06,
4.12675e+06,
4.17407e+06,
4.22271e+06,
4.27264e+06,
4.32471e+06,
4.37906e+06,
4.43719e+06,
4.5033e+06,
4.59516e+06,
4.68264e+06,
4.77057e+06,
4.85914e+06,
4.94931e+06,
5.03972e+06,
5.13305e+06,
5.22697e+06,
5.32379e+06,
5.42407e+06,
5.53125e+06,
5.63881e+06,
5.74896e+06,
5.86132e+06,
5.97481e+06,
6.09147e+06,
6.21086e+06,
6.33308e+06,
6.47013e+06,
6.61412e+06,
6.76702e+06,
6.92278e+06,
7.08265e+06,
7.24643e+06,
7.41649e+06,
7.59355e+06,
7.77792e+06,
7.97026e+06,
8.17322e+06,
8.39536e+06,
8.64519e+06,
8.88002e+06,
9.11082e+06,
9.35418e+06,
9.60967e+06,
9.83964e+06,
1.00598e+07,
1.02736e+07,
1.04881e+07,
1.07056e+07,
1.09296e+07,
1.11544e+07,
1.13706e+07,
1.15841e+07,
1.17964e+07,
1.20076e+07,
1.22199e+07,
1.24236e+07,
1.26348e+07,
1.28447e+07,
1.30631e+07,
1.32825e+07,
1.34995e+07,
1.37193e+07,
1.39467e+07,
1.41974e+07,
1.44299e+07,
1.46501e+07,
1.48665e+07,
1.50823e+07,
1.5299e+07,
1.55194e+07,
1.57408e+07,
1.59621e+07,
1.61766e+07,
1.63897e+07,
1.6604e+07,
1.68152e+07,
1.7026e+07,
1.72406e+07,
1.74663e+07,
1.76875e+07,
1.79066e+07,
1.81198e+07,
1.83292e+07,
1.85396e+07,
1.87527e+07,
1.89688e+07,
1.91873e+07,
1.94011e+07,
1.96177e+07,
1.98324e+07,
2.00496e+07,
2.02657e+07,
2.0479e+07,
2.06911e+07,
2.09034e+07,
2.11078e+07,
2.13045e+07,
2.14917e+07,
2.16836e+07,
2.18754e+07,
2.20694e+07,
2.22668e+07,
2.24678e+07,
2.26606e+07,
2.28508e+07,
2.30393e+07,
2.3226e+07,
2.34152e+07,
2.36056e+07,
2.37964e+07,
2.39938e+07,
2.41896e+07,
2.43817e+07,
2.45679e+07,
2.47542e+07,
2.49388e+07,
2.51228e+07,
2.53103e+07,
2.55108e+07,
2.5708e+07,
2.5898e+07,
2.60883e+07,
2.62784e+07,
2.6465e+07,
2.66492e+07,
2.68314e+07,
2.70171e+07,
2.72099e+07,
2.74033e+07,
2.75946e+07,
2.77816e+07,
2.79681e+07,
2.81552e+07,
2.83416e+07,
2.85194e+07,
2.86933e+07,
2.88693e+07,
2.90405e+07,
2.92156e+07,
2.93903e+07,
2.95672e+07,
2.97419e+07,
2.99164e+07,
3.00956e+07,
3.02744e+07,
3.04472e+07,
3.06133e+07,
3.0779e+07,
3.09483e+07,
3.11177e+07,
3.12861e+07,
3.14573e+07,
3.16277e+07,
3.18047e+07,
3.19778e+07,
3.21417e+07,
3.23032e+07,
3.24673e+07,
3.26426e+07,
3.28149e+07,
3.2989e+07,
3.31671e+07,
3.33579e+07,
3.35426e+07,
3.37199e+07,
3.38905e+07,
3.40563e+07,
3.42235e+07,
3.44009e+07,
3.45755e+07,
3.47523e+07,
3.49365e+07,
3.51192e+07,
3.52964e+07,
3.54703e+07,
3.56404e+07,
3.58066e+07,
3.59718e+07,
3.61478e+07,
3.63226e+07,
3.65014e+07,
3.66871e+07,
3.68647e+07,
3.70354e+07,
3.72062e+07,
3.73732e+07,
3.75363e+07,
3.76955e+07,
3.78618e+07,
3.8029e+07,
3.82012e+07,
3.8366e+07,
3.85284e+07,
3.86879e+07,
3.88464e+07,
3.90068e+07,
3.91681e+07,
3.93266e+07,
3.94927e+07,
3.96635e+07,
3.98322e+07,
3.99942e+07,
4.01545e+07,
4.03165e+07,
4.04757e+07,
4.06336e+07,
4.07961e+07,
375246,
375086,
374943,
374765,
374585,
374454,
374296,
374152,
374022,
373843,
373721,
373644,
373485,
373367,
373294,
373142,
373035,
372930,
372782,
372644,
372491,
372384,
372278,
372122,
371989,
371911,
371829,
371729,
371623,
371474,
371293,
371119,
371002,
370835,
370707,
370585,
370562,
370481,
370328,
370183,
370051,
369948,
369840,
369737,
369633,
369558,
369404,
369253,
369106,
368948,
368887,
368776,
368622,
368428,
368235,
368131,
367990,
367862,
367721,
367561,
367397,
367247,
367059,
366929,
366900,
366861,
366831,
366865,
366844,
366817,
366862,
366856,
366848,
366844,
366857,
366829,
366866,
366889,
366881,
366870,
366850,
366832,
366955,
366973,
367035,
367028,
367035,
367043,
367048,
367076,
367121,
367185,
367186,
367223,
367254,
367326,
367409,
367419,
367414,
367416,
367447,
367451,
367465,
367500,
367573,
367637,
367702,
367741,
367776,
367750,
367799,
367771,
367850,
367890,
367951,
368034,
368075,
368160,
368177,
368225,
368231,
368238,
368245,
368311,
368450,
368520,
368680,
368726,
368738,
368829,
368794,
368818,
368844,
368923,
369009,
369061,
369190,
369252,
369350,
369456,
369493,
369606,
369668,
369735,
369880,
369973,
369969,
370025,
370093,
370118,
370158,
370190,
370252,
370368,
370523,
370653,
370822,
370955,
371094,
371221,
371304,
371372,
371453,
371602,
371772,
371922,
372044,
372185,
372293,
372432,
372601,
372745,
373695,
374854,
375963,
377172,
378356,
379710,
380861,
381978,
383288,
384534,
385651,
386973,
388151,
389423,
390653,
391790,
393052,
394286,
395558,
396814,
398119,
399406,
400728,
402146,
403675,
405230,
406796,
408367,
410044,
411557,
413110,
414751,
416441,
417963,
419573,
421275,
422959,
424558,
426126,
427811,
429391,
431086,
432732,
434240,
435939,
437731,
439397,
441109,
442851,
444819,
446754,
448784,
450790,
452614,
454667,
456707,
458633,
460541,
462579,
464578,
466523,
468566,
470595,
472515,
474550,
476583,
478555,
480642,
482797,
484970,
487119,
489138,
491372,
493785,
496022,
498352,
500760,
502991,
505269,
507681,
510036,
512400,
514826,
517202,
519670,
522139,
524439,
526914,
529296,
531673,
534049,
536558,
539153,
541610,
544164,
546642,
549129,
551592,
554421,
557148,
559954,
562742,
565553,
568305,
571086,
573910,
576758,
579701,
582634,
585545,
588440,
591379,
594383,
597258,
600186,
603141,
606157,
609038,
611998,
615072,
618081,
621270,
624167,
627064,
630308,
633588,
636841,
640197,
643478,
646902,
650098,
653499,
656935,
660273,
663741,
667118,
670402,
673868,
677168,
680683,
684125,
687659,
691120,
694597,
698120,
701809,
705370,
708992,
712465,
716140,
719782,
723546,
727418,
731210,
735106,
738878,
742917,
746887,
750676,
754571,
758512,
762396,
766512,
770610,
774770,
778869,
783111,
787328,
791456,
795605,
799819,
804123,
808418,
812859,
817217,
821653,
826033,
830344,
834765,
839375,
843836,
848458,
853253,
858166,
862819,
867552,
872314,
877123,
881916,
886783,
891516,
896367,
901343,
906280,
911194,
916179,
921024,
926139,
931157,
936289,
941553,
946631,
951851,
956897,
962177,
967454,
972805,
978413,
983846,
989405,
994788,
1.00038e+06,
1.00598e+06,
1.01156e+06,
1.01745e+06,
1.0232e+06,
1.02872e+06,
1.03439e+06,
1.04016e+06,
1.04577e+06,
1.05152e+06,
1.0574e+06,
1.06329e+06,
1.06921e+06,
1.07514e+06,
1.08111e+06,
1.08716e+06,
1.0931e+06,
1.09922e+06,
1.10517e+06,
1.11122e+06,
1.11741e+06,
1.1236e+06,
1.1298e+06,
1.13611e+06,
1.14264e+06,
1.14915e+06,
1.1556e+06,
1.16208e+06,
1.16873e+06,
1.17532e+06,
1.18198e+06,
1.18882e+06,
1.19575e+06,
1.20251e+06,
1.20925e+06,
1.21609e+06,
1.22304e+06,
1.23004e+06,
1.23699e+06,
1.24401e+06,
1.25112e+06,
1.25832e+06,
1.26562e+06,
1.27282e+06,
1.28019e+06,
1.28765e+06,
1.29511e+06,
1.30235e+06,
1.3096e+06,
1.3169e+06,
1.32449e+06,
1.33232e+06,
1.34015e+06,
1.34818e+06,
1.35589e+06,
1.36379e+06,
1.37163e+06,
1.37978e+06,
1.38795e+06,
1.39599e+06,
1.40428e+06,
1.41256e+06,
1.42074e+06,
1.42923e+06,
1.43785e+06,
1.44634e+06,
1.45517e+06,
1.46376e+06,
1.47228e+06,
1.48115e+06,
1.49006e+06,
1.49909e+06,
1.5082e+06,
1.51728e+06,
1.52641e+06,
1.53547e+06,
1.54461e+06,
1.55387e+06,
1.56311e+06,
1.57238e+06,
1.58198e+06,
1.59155e+06,
1.60154e+06,
1.61162e+06,
1.62153e+06,
1.63156e+06,
1.64158e+06,
1.65167e+06,
1.66202e+06,
1.67195e+06,
1.68219e+06,
1.69246e+06,
1.70285e+06,
1.71333e+06,
1.72378e+06,
1.73474e+06,
1.74563e+06,
1.75647e+06,
1.76737e+06,
1.77845e+06,
1.78949e+06,
1.80074e+06,
1.81173e+06,
1.82325e+06,
1.83471e+06,
1.84636e+06,
1.85796e+06,
1.86946e+06,
1.88117e+06,
1.89312e+06,
1.90513e+06,
1.9173e+06,
1.92958e+06,
1.94189e+06,
1.9544e+06,
1.96714e+06,
1.97974e+06,
1.99238e+06,
2.00516e+06,
2.01817e+06,
2.03125e+06,
2.04451e+06,
2.05791e+06,
2.07155e+06,
2.08516e+06,
2.09879e+06,
2.11227e+06,
2.12629e+06,
2.14038e+06,
2.1547e+06,
2.16897e+06,
2.18357e+06,
2.19831e+06,
2.21336e+06,
2.2282e+06,
2.24315e+06,
2.25827e+06,
2.27369e+06,
2.28936e+06,
2.30516e+06,
2.3211e+06,
2.33733e+06,
2.354e+06,
2.37073e+06,
2.38767e+06,
2.40446e+06,
2.4213e+06,
2.43872e+06,
2.45619e+06,
2.47379e+06,
2.49178e+06,
2.5098e+06,
2.52809e+06,
2.54685e+06,
2.56588e+06,
2.58495e+06,
2.60416e+06,
2.62329e+06,
2.64273e+06,
2.66316e+06,
2.68379e+06,
2.70413e+06,
2.72484e+06,
2.74613e+06,
2.76775e+06,
2.79012e+06,
2.81298e+06,
2.83658e+06,
2.86013e+06,
2.88341e+06,
2.90682e+06,
2.931e+06,
2.95469e+06,
2.97885e+06,
3.00311e+06,
3.0274e+06,
3.05242e+06,
3.07766e+06,
3.10275e+06,
3.12854e+06,
3.15422e+06,
3.18047e+06,
3.20699e+06,
3.23357e+06,
3.26027e+06,
3.28767e+06,
3.31576e+06,
3.34382e+06,
3.37232e+06,
3.40119e+06,
3.4303e+06,
3.45958e+06,
3.48999e+06,
3.52077e+06,
3.55245e+06,
3.58465e+06,
3.61731e+06,
3.65077e+06,
3.68403e+06,
3.71826e+06,
3.75324e+06,
3.78857e+06,
3.82505e+06,
3.86247e+06,
3.90021e+06,
3.93901e+06,
3.97837e+06,
4.01836e+06,
4.05986e+06,
4.10334e+06,
4.14908e+06,
4.19639e+06,
4.24436e+06,
4.29403e+06,
4.34566e+06,
4.39975e+06,
4.4569e+06,
4.52221e+06,
4.61333e+06,
4.70098e+06,
4.78773e+06,
4.87561e+06,
4.9645e+06,
5.05396e+06,
5.14458e+06,
5.23801e+06,
5.33244e+06,
5.42959e+06,
5.53288e+06,
5.63761e+06,
5.74401e+06,
5.8526e+06,
5.96289e+06,
6.07575e+06,
6.19192e+06,
6.30954e+06,
6.44192e+06,
6.57875e+06,
6.7249e+06,
6.87411e+06,
7.02605e+06,
7.1815e+06,
7.34347e+06,
7.50924e+06,
7.68209e+06,
7.86087e+06,
8.04448e+06,
8.23813e+06,
8.44357e+06,
8.65768e+06,
8.88368e+06,
9.12813e+06,
9.39987e+06,
9.6599e+06,
9.92594e+06,
1.01719e+07,
1.04042e+07,
1.06348e+07,
1.08695e+07,
1.11082e+07,
1.13392e+07,
1.15699e+07,
1.18028e+07,
1.20385e+07,
1.22824e+07,
1.25428e+07,
1.28053e+07,
1.30487e+07,
1.32863e+07,
1.35192e+07,
1.37465e+07,
1.39731e+07,
1.41992e+07,
1.4429e+07,
1.4655e+07,
1.48748e+07,
1.50921e+07,
1.53053e+07,
1.55212e+07,
1.57352e+07,
1.59509e+07,
1.61693e+07,
1.63816e+07,
1.65905e+07,
1.68017e+07,
1.70144e+07,
1.723e+07,
1.74496e+07,
1.76732e+07,
1.78904e+07,
1.81034e+07,
1.83126e+07,
1.85138e+07,
1.87141e+07,
1.89159e+07,
1.91193e+07,
1.93336e+07,
1.9543e+07,
1.97557e+07,
1.99603e+07,
2.01649e+07,
2.03687e+07,
2.05702e+07,
2.07746e+07,
2.09854e+07,
2.11907e+07,
2.13955e+07,
2.16029e+07,
2.18164e+07,
2.20274e+07,
2.22354e+07,
2.24442e+07,
2.26578e+07,
2.28635e+07,
2.30655e+07,
2.32646e+07,
2.34531e+07,
2.36465e+07,
2.38449e+07,
2.40414e+07,
2.42444e+07,
2.44399e+07,
2.46315e+07,
2.48194e+07,
2.50074e+07,
2.51934e+07,
2.53794e+07,
2.55677e+07,
2.5769e+07,
2.59704e+07,
2.61652e+07,
2.63576e+07,
2.65476e+07,
2.67266e+07,
2.69017e+07,
2.70746e+07,
2.72512e+07,
2.74344e+07,
2.76211e+07,
2.78048e+07,
2.79842e+07,
2.81635e+07,
2.83416e+07,
2.85155e+07,
2.86888e+07,
2.88632e+07,
2.90411e+07,
2.92127e+07,
2.93893e+07,
2.95671e+07,
2.97453e+07,
2.99199e+07,
3.00969e+07,
3.02714e+07,
3.04472e+07,
3.06194e+07,
3.07859e+07,
3.09529e+07,
3.11247e+07,
3.12956e+07,
3.14685e+07,
3.16389e+07,
3.18091e+07,
3.19864e+07,
3.21585e+07,
3.23222e+07,
3.24847e+07,
3.26482e+07,
3.28235e+07,
3.29976e+07,
3.31749e+07,
3.33554e+07,
3.35433e+07,
3.37263e+07,
3.3902e+07,
3.40712e+07,
3.42364e+07,
3.44031e+07,
3.45796e+07,
3.47549e+07,
3.49312e+07,
3.5117e+07,
3.5302e+07,
3.54759e+07,
3.56457e+07,
3.58147e+07,
3.59795e+07,
3.61442e+07,
3.63183e+07,
3.64926e+07,
3.66709e+07,
3.68545e+07,
3.70306e+07,
3.72028e+07,
3.73704e+07,
3.75362e+07,
3.77035e+07,
3.78694e+07,
3.80387e+07,
3.82097e+07,
3.83848e+07,
3.85522e+07,
3.87155e+07,
3.88787e+07,
3.90402e+07,
3.91995e+07,
3.93604e+07,
3.95251e+07,
3.96936e+07,
3.98657e+07,
4.00354e+07,
4.01966e+07,
4.03542e+07,
4.0511e+07,
4.06682e+07,
4.08234e+07,
4.09777e+07,
375246,
375092,
374952,
374804,
374629,
374505,
374334,
374220,
374064,
373902,
373792,
373724,
373616,
373481,
373390,
373245,
373176,
373045,
372925,
372830,
372688,
372589,
372530,
372369,
372286,
372173,
372086,
372001,
371854,
371747,
371531,
371414,
371304,
371156,
371051,
370933,
370830,
370688,
370573,
370471,
370392,
370297,
370175,
370083,
370010,
369858,
369716,
369604,
369448,
369263,
369192,
369052,
368916,
368779,
368596,
368470,
368373,
368224,
368063,
367865,
367745,
367602,
367492,
367382,
367306,
367281,
367258,
367241,
367258,
367258,
367225,
367226,
367214,
367245,
367231,
367250,
367231,
367281,
367247,
367272,
367274,
367288,
367309,
367337,
367367,
367432,
367495,
367564,
367572,
367598,
367627,
367689,
367714,
367762,
367821,
367847,
367885,
367889,
367911,
367916,
367944,
368004,
368046,
368072,
368190,
368204,
368237,
368334,
368352,
368383,
368471,
368455,
368478,
368514,
368568,
368626,
368719,
368843,
368861,
368871,
368981,
368991,
369029,
369090,
369161,
369319,
369412,
369448,
369533,
369541,
369530,
369598,
369641,
369672,
369781,
369904,
370006,
370114,
370220,
370301,
370409,
370447,
370473,
370537,
370622,
370715,
370758,
370880,
370980,
371080,
371206,
371293,
371301,
371405,
371569,
371652,
371808,
371921,
372012,
372155,
372309,
372417,
372491,
372622,
372778,
372926,
373061,
373165,
373287,
373379,
373504,
373658,
374606,
375898,
377058,
378281,
379552,
380809,
382019,
383241,
384470,
385662,
386904,
388198,
389433,
390609,
391903,
393144,
394297,
395611,
396894,
398221,
399438,
400765,
402098,
403604,
405030,
406573,
408143,
409670,
411290,
412859,
414459,
416176,
417860,
419466,
421134,
422838,
424522,
426226,
427761,
429509,
431110,
432841,
434467,
436179,
437886,
439540,
441255,
443077,
445014,
446895,
448848,
450871,
452880,
454801,
456843,
458947,
460957,
462897,
464905,
466880,
468930,
470922,
472989,
474941,
476996,
479059,
481179,
483339,
485482,
487589,
489797,
491913,
494087,
496433,
498758,
501077,
503518,
505873,
508280,
510696,
513168,
515577,
517975,
520274,
522838,
525235,
527687,
530167,
532526,
534949,
537384,
539939,
542509,
545088,
547512,
550069,
552579,
555211,
558044,
560887,
563689,
566604,
569472,
572353,
575122,
578023,
581013,
583752,
586692,
589690,
592619,
595623,
598568,
601516,
604543,
607460,
610419,
613404,
616344,
619479,
622559,
625662,
628803,
631831,
635033,
638352,
641706,
645102,
648423,
651861,
655274,
658656,
662102,
665396,
668920,
672418,
675875,
679206,
682616,
686050,
689586,
693152,
696783,
700469,
703952,
707693,
711355,
715111,
718788,
722363,
725935,
729736,
733641,
737358,
741522,
745393,
749477,
753587,
757405,
761497,
765540,
769476,
773628,
777639,
781789,
786025,
790343,
794604,
799039,
803202,
807585,
811960,
816254,
820697,
825089,
829449,
834001,
838539,
843139,
847638,
852297,
856918,
861648,
866215,
871085,
875833,
880748,
885584,
890381,
895247,
900096,
905077,
910180,
915161,
920337,
925449,
930562,
935527,
940607,
945748,
950973,
956220,
961338,
966607,
971781,
977100,
982568,
988209,
993741,
999236,
1.00481e+06,
1.01046e+06,
1.01608e+06,
1.02178e+06,
1.02743e+06,
1.03331e+06,
1.03922e+06,
1.04516e+06,
1.05086e+06,
1.05667e+06,
1.0626e+06,
1.0684e+06,
1.07425e+06,
1.08022e+06,
1.08629e+06,
1.09229e+06,
1.09818e+06,
1.10406e+06,
1.11027e+06,
1.11644e+06,
1.12267e+06,
1.12887e+06,
1.13514e+06,
1.1413e+06,
1.14768e+06,
1.15436e+06,
1.16092e+06,
1.16754e+06,
1.17443e+06,
1.18119e+06,
1.18788e+06,
1.19466e+06,
1.2015e+06,
1.20824e+06,
1.21524e+06,
1.22219e+06,
1.22915e+06,
1.23615e+06,
1.24298e+06,
1.25016e+06,
1.25729e+06,
1.26462e+06,
1.27181e+06,
1.27899e+06,
1.2863e+06,
1.29371e+06,
1.30109e+06,
1.30869e+06,
1.31608e+06,
1.32349e+06,
1.33119e+06,
1.33899e+06,
1.34668e+06,
1.35455e+06,
1.36239e+06,
1.37018e+06,
1.37827e+06,
1.38641e+06,
1.39451e+06,
1.40269e+06,
1.41072e+06,
1.41914e+06,
1.4277e+06,
1.43596e+06,
1.44438e+06,
1.45284e+06,
1.46165e+06,
1.47038e+06,
1.47944e+06,
1.48831e+06,
1.4976e+06,
1.50662e+06,
1.5154e+06,
1.52468e+06,
1.5337e+06,
1.54284e+06,
1.55199e+06,
1.56119e+06,
1.57069e+06,
1.57995e+06,
1.58935e+06,
1.59889e+06,
1.60838e+06,
1.61823e+06,
1.62808e+06,
1.63823e+06,
1.64808e+06,
1.65795e+06,
1.66825e+06,
1.67848e+06,
1.68882e+06,
1.69888e+06,
1.70943e+06,
1.72003e+06,
1.7306e+06,
1.74131e+06,
1.75214e+06,
1.76303e+06,
1.77393e+06,
1.78489e+06,
1.79593e+06,
1.80719e+06,
1.81831e+06,
1.82966e+06,
1.84069e+06,
1.8523e+06,
1.86374e+06,
1.87539e+06,
1.88735e+06,
1.89906e+06,
1.91093e+06,
1.92323e+06,
1.93542e+06,
1.94775e+06,
1.96015e+06,
1.97292e+06,
1.98556e+06,
1.99853e+06,
2.01097e+06,
2.0241e+06,
2.03692e+06,
2.05017e+06,
2.06345e+06,
2.07664e+06,
2.09004e+06,
2.10361e+06,
2.11746e+06,
2.13157e+06,
2.14566e+06,
2.15967e+06,
2.17395e+06,
2.18856e+06,
2.20328e+06,
2.21816e+06,
2.23304e+06,
2.24776e+06,
2.26293e+06,
2.2782e+06,
2.29399e+06,
2.3097e+06,
2.32552e+06,
2.34151e+06,
2.3576e+06,
2.37432e+06,
2.39119e+06,
2.40793e+06,
2.42507e+06,
2.44208e+06,
2.45945e+06,
2.47724e+06,
2.49482e+06,
2.5127e+06,
2.53083e+06,
2.54947e+06,
2.5682e+06,
2.58727e+06,
2.60634e+06,
2.62558e+06,
2.64487e+06,
2.66481e+06,
2.68501e+06,
2.70528e+06,
2.72592e+06,
2.74688e+06,
2.76845e+06,
2.7905e+06,
2.81244e+06,
2.83512e+06,
2.85908e+06,
2.88225e+06,
2.90563e+06,
2.92895e+06,
2.95267e+06,
2.97689e+06,
3.00133e+06,
3.02575e+06,
3.05022e+06,
3.07567e+06,
3.10091e+06,
3.12641e+06,
3.15178e+06,
3.17758e+06,
3.20394e+06,
3.23039e+06,
3.25726e+06,
3.28413e+06,
3.31128e+06,
3.33919e+06,
3.36752e+06,
3.39614e+06,
3.42498e+06,
3.45411e+06,
3.48371e+06,
3.5144e+06,
3.54521e+06,
3.57693e+06,
3.60889e+06,
3.64149e+06,
3.67459e+06,
3.70871e+06,
3.74282e+06,
3.77762e+06,
3.81344e+06,
3.8497e+06,
3.88689e+06,
3.92523e+06,
3.96327e+06,
4.00229e+06,
4.04302e+06,
4.08417e+06,
4.12772e+06,
4.17312e+06,
4.21987e+06,
4.26843e+06,
4.31783e+06,
4.36989e+06,
4.42331e+06,
4.48039e+06,
4.54551e+06,
4.63697e+06,
4.72527e+06,
4.81311e+06,
4.90126e+06,
4.98946e+06,
5.07843e+06,
5.1686e+06,
5.26111e+06,
5.35511e+06,
5.45151e+06,
5.55438e+06,
5.65822e+06,
5.76402e+06,
5.87146e+06,
5.98077e+06,
6.09175e+06,
6.2055e+06,
6.32166e+06,
6.45232e+06,
6.58815e+06,
6.73294e+06,
6.87975e+06,
7.0304e+06,
7.18447e+06,
7.34415e+06,
7.50897e+06,
7.67707e+06,
7.85177e+06,
8.03173e+06,
8.22104e+06,
8.42264e+06,
8.63157e+06,
8.85122e+06,
9.08571e+06,
9.34544e+06,
9.58612e+06,
9.82216e+06,
1.00595e+07,
1.03e+07,
1.05518e+07,
1.08308e+07,
1.11174e+07,
1.14028e+07,
1.16731e+07,
1.19206e+07,
1.21615e+07,
1.23959e+07,
1.26305e+07,
1.28701e+07,
1.31014e+07,
1.33362e+07,
1.35732e+07,
1.38054e+07,
1.4037e+07,
1.42643e+07,
1.44928e+07,
1.47179e+07,
1.49372e+07,
1.51562e+07,
1.53739e+07,
1.55992e+07,
1.58266e+07,
1.60587e+07,
1.62866e+07,
1.6505e+07,
1.6716e+07,
1.69221e+07,
1.71201e+07,
1.732e+07,
1.752e+07,
1.77314e+07,
1.79418e+07,
1.81487e+07,
1.83541e+07,
1.85597e+07,
1.87642e+07,
1.89651e+07,
1.91656e+07,
1.93725e+07,
1.9576e+07,
1.97811e+07,
1.99836e+07,
2.01889e+07,
2.03979e+07,
2.06075e+07,
2.08192e+07,
2.10329e+07,
2.1239e+07,
2.14416e+07,
2.16442e+07,
2.18519e+07,
2.20589e+07,
2.22657e+07,
2.24753e+07,
2.26948e+07,
2.29057e+07,
2.31136e+07,
2.33179e+07,
2.35199e+07,
2.37216e+07,
2.3927e+07,
2.41328e+07,
2.43449e+07,
2.45514e+07,
2.47556e+07,
2.49516e+07,
2.51445e+07,
2.5334e+07,
2.55111e+07,
2.56889e+07,
2.58747e+07,
2.60632e+07,
2.62446e+07,
2.6425e+07,
2.66049e+07,
2.67868e+07,
2.69679e+07,
2.7148e+07,
2.73281e+07,
2.75131e+07,
2.76959e+07,
2.78733e+07,
2.80496e+07,
2.82242e+07,
2.83971e+07,
2.85722e+07,
2.87515e+07,
2.89306e+07,
2.9114e+07,
2.92912e+07,
2.94673e+07,
2.9641e+07,
2.98134e+07,
2.9986e+07,
3.01556e+07,
3.03262e+07,
3.05043e+07,
3.06831e+07,
3.08543e+07,
3.10262e+07,
3.12006e+07,
3.13713e+07,
3.15409e+07,
3.17091e+07,
3.18773e+07,
3.20487e+07,
3.22203e+07,
3.23885e+07,
3.25548e+07,
3.2722e+07,
3.29009e+07,
3.30774e+07,
3.32513e+07,
3.34271e+07,
3.36121e+07,
3.37922e+07,
3.39644e+07,
3.41335e+07,
3.43016e+07,
3.44716e+07,
3.46508e+07,
3.48302e+07,
3.50069e+07,
3.51889e+07,
3.53694e+07,
3.55409e+07,
3.5709e+07,
3.58748e+07,
3.60406e+07,
3.62092e+07,
3.63875e+07,
3.65657e+07,
3.67468e+07,
3.6931e+07,
3.71038e+07,
3.72709e+07,
3.74356e+07,
3.75979e+07,
3.77603e+07,
3.79243e+07,
3.80978e+07,
3.8273e+07,
3.84558e+07,
3.86342e+07,
3.88069e+07,
3.89702e+07,
3.91316e+07,
3.92898e+07,
3.9446e+07,
3.96048e+07,
3.97715e+07,
3.9944e+07,
4.01137e+07,
4.02769e+07,
4.04379e+07,
4.05935e+07,
4.0747e+07,
4.08988e+07,
4.10501e+07,
375246,
375096,
374968,
374821,
374654,
374545,
374418,
374281,
374155,
373981,
373885,
373809,
373713,
373604,
373499,
373376,
373308,
373175,
373077,
373011,
372869,
372814,
372733,
372577,
372524,
372425,
372367,
372232,
372123,
371979,
371826,
371698,
371577,
371494,
371394,
371299,
371160,
371018,
370944,
370900,
370817,
370743,
370652,
370569,
370487,
370321,
370194,
370044,
369924,
369782,
369670,
369586,
369436,
369281,
369166,
369006,
368928,
368792,
368601,
368409,
368282,
368140,
367954,
367878,
367848,
367810,
367772,
367814,
367804,
367816,
367848,
367847,
367826,
367818,
367808,
367847,
367801,
367827,
367891,
367935,
367903,
367901,
367901,
367974,
368022,
368112,
368153,
368203,
368273,
368317,
368351,
368376,
368395,
368423,
368502,
368543,
368581,
368584,
368604,
368635,
368712,
368796,
368797,
368853,
368909,
369001,
369064,
369155,
369225,
369289,
369276,
369272,
369264,
369268,
369356,
369412,
369528,
369644,
369725,
369800,
369868,
369852,
369896,
369999,
370069,
370157,
370220,
370287,
370363,
370402,
370426,
370488,
370545,
370637,
370721,
370850,
370977,
371060,
371165,
371216,
371280,
371314,
371329,
371497,
371593,
371703,
371800,
371885,
372012,
372116,
372174,
372282,
372340,
372475,
372638,
372708,
372883,
373011,
373133,
373187,
373307,
373398,
373506,
373595,
373754,
373911,
374061,
374211,
374325,
374444,
374629,
374745,
375634,
376839,
378121,
379323,
380616,
381827,
383065,
384329,
385588,
386770,
388032,
389320,
390560,
391825,
393109,
394391,
395595,
396867,
398094,
399416,
400724,
402043,
403404,
404799,
406372,
407953,
409409,
411018,
412633,
414294,
415894,
417661,
419237,
420926,
422626,
424320,
425966,
427729,
429474,
431138,
432902,
434529,
436264,
437987,
439674,
441477,
443269,
444978,
447046,
448918,
450855,
452986,
455106,
457054,
459042,
461077,
463109,
465208,
467125,
469346,
471431,
473546,
475628,
477714,
479800,
481782,
483914,
486111,
488382,
490432,
492548,
494669,
496928,
499318,
501584,
504018,
506410,
508903,
511346,
513777,
516233,
518694,
521143,
523751,
526240,
528722,
531294,
533808,
536182,
538688,
541195,
543565,
545978,
548586,
551141,
553767,
556354,
559099,
561909,
564770,
567644,
570456,
573463,
576393,
579298,
582201,
585195,
588137,
590997,
594024,
596828,
599770,
602844,
605761,
608819,
611858,
614890,
617875,
620986,
624121,
627191,
630262,
633488,
636619,
639937,
643353,
646768,
650134,
653591,
656931,
660547,
663961,
667201,
670605,
674164,
677592,
681088,
684609,
687996,
691689,
695178,
698698,
702309,
705840,
709558,
713382,
717118,
720770,
724562,
728192,
732030,
735938,
739873,
743886,
747952,
751936,
755947,
760124,
764145,
768281,
772335,
776539,
780571,
784603,
788675,
793007,
797353,
801662,
805990,
810373,
814745,
819176,
823616,
828205,
832752,
837258,
841639,
846110,
850607,
855416,
860008,
864764,
869544,
874493,
879374,
884236,
888977,
893761,
898568,
903474,
908513,
913545,
918600,
923681,
928704,
933782,
938988,
944192,
949559,
954868,
960170,
965347,
970718,
976088,
981472,
986818,
992216,
997847,
1.00356e+06,
1.00926e+06,
1.0145e+06,
1.02021e+06,
1.02594e+06,
1.03176e+06,
1.0375e+06,
1.04323e+06,
1.04905e+06,
1.05494e+06,
1.06074e+06,
1.06682e+06,
1.07283e+06,
1.07862e+06,
1.08472e+06,
1.09064e+06,
1.09676e+06,
1.10277e+06,
1.1089e+06,
1.11512e+06,
1.12149e+06,
1.12777e+06,
1.13383e+06,
1.1401e+06,
1.14637e+06,
1.15275e+06,
1.15905e+06,
1.16552e+06,
1.17226e+06,
1.17893e+06,
1.18561e+06,
1.19235e+06,
1.19898e+06,
1.2059e+06,
1.21277e+06,
1.21966e+06,
1.22684e+06,
1.23388e+06,
1.24094e+06,
1.24816e+06,
1.25524e+06,
1.26266e+06,
1.26978e+06,
1.27702e+06,
1.28419e+06,
1.29151e+06,
1.29884e+06,
1.3064e+06,
1.31373e+06,
1.32164e+06,
1.32919e+06,
1.33687e+06,
1.34426e+06,
1.35184e+06,
1.35947e+06,
1.3674e+06,
1.37558e+06,
1.38358e+06,
1.39182e+06,
1.40001e+06,
1.40834e+06,
1.41656e+06,
1.42499e+06,
1.43331e+06,
1.44183e+06,
1.45036e+06,
1.4591e+06,
1.46787e+06,
1.47661e+06,
1.4855e+06,
1.49431e+06,
1.50324e+06,
1.51206e+06,
1.52105e+06,
1.53026e+06,
1.5393e+06,
1.54878e+06,
1.55778e+06,
1.56694e+06,
1.57632e+06,
1.58565e+06,
1.59505e+06,
1.60442e+06,
1.61404e+06,
1.62361e+06,
1.63348e+06,
1.64336e+06,
1.65347e+06,
1.66338e+06,
1.67356e+06,
1.68374e+06,
1.69397e+06,
1.70422e+06,
1.71447e+06,
1.72488e+06,
1.73556e+06,
1.74644e+06,
1.75704e+06,
1.76787e+06,
1.77851e+06,
1.78945e+06,
1.80049e+06,
1.81142e+06,
1.82258e+06,
1.83378e+06,
1.84527e+06,
1.8567e+06,
1.86826e+06,
1.87963e+06,
1.89149e+06,
1.90334e+06,
1.91525e+06,
1.92709e+06,
1.93929e+06,
1.95182e+06,
1.96432e+06,
1.97679e+06,
1.98933e+06,
2.00215e+06,
2.01537e+06,
2.02792e+06,
2.04073e+06,
2.0538e+06,
2.06712e+06,
2.08052e+06,
2.09388e+06,
2.1074e+06,
2.12107e+06,
2.13488e+06,
2.14868e+06,
2.16309e+06,
2.17732e+06,
2.19163e+06,
2.2061e+06,
2.22105e+06,
2.23563e+06,
2.25022e+06,
2.26546e+06,
2.28076e+06,
2.29621e+06,
2.31217e+06,
2.32789e+06,
2.34392e+06,
2.35996e+06,
2.37651e+06,
2.39302e+06,
2.40997e+06,
2.42702e+06,
2.44406e+06,
2.46127e+06,
2.47885e+06,
2.49638e+06,
2.51416e+06,
2.53213e+06,
2.55014e+06,
2.56862e+06,
2.58723e+06,
2.60661e+06,
2.62601e+06,
2.64529e+06,
2.66464e+06,
2.68469e+06,
2.70494e+06,
2.72544e+06,
2.746e+06,
2.76708e+06,
2.78885e+06,
2.81051e+06,
2.83265e+06,
2.85534e+06,
2.8792e+06,
2.90285e+06,
2.92599e+06,
2.94947e+06,
2.97296e+06,
2.9969e+06,
3.02128e+06,
3.04616e+06,
3.07114e+06,
3.09575e+06,
3.12147e+06,
3.14716e+06,
3.17265e+06,
3.19841e+06,
3.22472e+06,
3.2508e+06,
3.27741e+06,
3.30455e+06,
3.33209e+06,
3.36013e+06,
3.38846e+06,
3.41739e+06,
3.44598e+06,
3.47537e+06,
3.5052e+06,
3.53594e+06,
3.56727e+06,
3.59901e+06,
3.63085e+06,
3.66332e+06,
3.6972e+06,
3.73113e+06,
3.76568e+06,
3.80089e+06,
3.83664e+06,
3.87319e+06,
3.91013e+06,
3.94796e+06,
3.98691e+06,
4.02661e+06,
4.06735e+06,
4.10893e+06,
4.15223e+06,
4.19814e+06,
4.24472e+06,
4.29277e+06,
4.34274e+06,
4.39451e+06,
4.44886e+06,
4.50678e+06,
4.57208e+06,
4.66466e+06,
4.7536e+06,
4.84363e+06,
4.93298e+06,
5.0216e+06,
5.11152e+06,
5.20218e+06,
5.29505e+06,
5.38963e+06,
5.4883e+06,
5.59257e+06,
5.69792e+06,
5.80489e+06,
5.91383e+06,
6.02487e+06,
6.1382e+06,
6.25339e+06,
6.37107e+06,
6.50205e+06,
6.64068e+06,
6.78751e+06,
6.93622e+06,
7.08894e+06,
7.24598e+06,
7.41021e+06,
7.57958e+06,
7.75212e+06,
7.93054e+06,
8.11575e+06,
8.31109e+06,
8.52107e+06,
8.73925e+06,
8.97041e+06,
9.22755e+06,
9.52712e+06,
9.78355e+06,
1.00232e+07,
1.02551e+07,
1.04827e+07,
1.07063e+07,
1.09353e+07,
1.11689e+07,
1.13974e+07,
1.16242e+07,
1.18521e+07,
1.20846e+07,
1.23141e+07,
1.25476e+07,
1.27919e+07,
1.30465e+07,
1.33042e+07,
1.35432e+07,
1.37753e+07,
1.39952e+07,
1.42156e+07,
1.44426e+07,
1.46607e+07,
1.48727e+07,
1.50839e+07,
1.5295e+07,
1.55141e+07,
1.57316e+07,
1.59477e+07,
1.61672e+07,
1.63824e+07,
1.65929e+07,
1.68044e+07,
1.70122e+07,
1.7221e+07,
1.74319e+07,
1.76547e+07,
1.78754e+07,
1.80912e+07,
1.83016e+07,
1.85109e+07,
1.87232e+07,
1.89386e+07,
1.91533e+07,
1.93655e+07,
1.95689e+07,
1.97754e+07,
1.99797e+07,
2.01852e+07,
2.03908e+07,
2.05942e+07,
2.07999e+07,
2.10115e+07,
2.1223e+07,
2.14267e+07,
2.16293e+07,
2.18387e+07,
2.20457e+07,
2.22524e+07,
2.24623e+07,
2.26748e+07,
2.28684e+07,
2.30599e+07,
2.32513e+07,
2.34446e+07,
2.36351e+07,
2.38299e+07,
2.40242e+07,
2.42254e+07,
2.44251e+07,
2.46201e+07,
2.4809e+07,
2.49956e+07,
2.51827e+07,
2.53732e+07,
2.55641e+07,
2.57629e+07,
2.5962e+07,
2.61525e+07,
2.63438e+07,
2.65344e+07,
2.67238e+07,
2.69108e+07,
2.70986e+07,
2.72828e+07,
2.74721e+07,
2.76555e+07,
2.78335e+07,
2.80094e+07,
2.81845e+07,
2.83573e+07,
2.85338e+07,
2.87103e+07,
2.88893e+07,
2.90705e+07,
2.92476e+07,
2.94294e+07,
2.96049e+07,
2.97791e+07,
2.99499e+07,
3.01191e+07,
3.02901e+07,
3.04688e+07,
3.06458e+07,
3.08154e+07,
3.09833e+07,
3.11581e+07,
3.13309e+07,
3.1501e+07,
3.16689e+07,
3.18367e+07,
3.20077e+07,
3.21769e+07,
3.23441e+07,
3.25094e+07,
3.26743e+07,
3.28514e+07,
3.30288e+07,
3.32059e+07,
3.33828e+07,
3.3568e+07,
3.37479e+07,
3.39201e+07,
3.40914e+07,
3.42607e+07,
3.4431e+07,
3.46087e+07,
3.47873e+07,
3.49663e+07,
3.51508e+07,
3.53322e+07,
3.5503e+07,
3.56708e+07,
3.58374e+07,
3.60039e+07,
3.61728e+07,
3.63518e+07,
3.65285e+07,
3.67108e+07,
3.68978e+07,
3.70719e+07,
3.7239e+07,
3.7404e+07,
3.75679e+07,
3.77343e+07,
3.79017e+07,
3.80749e+07,
3.82485e+07,
3.84252e+07,
3.85967e+07,
3.87612e+07,
3.89224e+07,
3.90797e+07,
3.92369e+07,
3.93947e+07,
3.95579e+07,
3.97279e+07,
3.99024e+07,
4.00746e+07,
4.02378e+07,
4.03978e+07,
4.0555e+07,
4.07089e+07,
4.0861e+07,
4.10133e+07,
375246,
375099,
374974,
374836,
374695,
374608,
374464,
374352,
374234,
374108,
373979,
373905,
373827,
373747,
373641,
373531,
373450,
373370,
373267,
373170,
373073,
372983,
372922,
372847,
372777,
372711,
372593,
372503,
372391,
372260,
372176,
371993,
371901,
371803,
371737,
371632,
371542,
371422,
371317,
371240,
371193,
371126,
371056,
370992,
370866,
370799,
370703,
370544,
370376,
370208,
370148,
370033,
369943,
369841,
369687,
369637,
369469,
369317,
369174,
369028,
368869,
368745,
368549,
368519,
368444,
368467,
368453,
368469,
368457,
368473,
368516,
368520,
368490,
368482,
368491,
368497,
368518,
368572,
368642,
368658,
368667,
368713,
368771,
368778,
368830,
368905,
369013,
369068,
369118,
369192,
369233,
369273,
369371,
369368,
369466,
369520,
369532,
369552,
369602,
369658,
369696,
369740,
369807,
369921,
370010,
370079,
370178,
370269,
370298,
370347,
370295,
370283,
370360,
370380,
370471,
370567,
370674,
370758,
370833,
370919,
371008,
370996,
371090,
371130,
371197,
371288,
371372,
371434,
371589,
371713,
371745,
371817,
371877,
371957,
372004,
372104,
372136,
372238,
372408,
372497,
372635,
372711,
372747,
372866,
373010,
373117,
373218,
373314,
373386,
373489,
373629,
373690,
373809,
373880,
374032,
374133,
374297,
374424,
374570,
374679,
374811,
374909,
375033,
375144,
375279,
375394,
375531,
375687,
375862,
376069,
376192,
376364,
376883,
378139,
379380,
380606,
381858,
383145,
384399,
385708,
387010,
388268,
389439,
390820,
392093,
393433,
394758,
396021,
397345,
398623,
399924,
401277,
402486,
403863,
405217,
406614,
408241,
409781,
411438,
413022,
414568,
416181,
417851,
419614,
421275,
423111,
424837,
426572,
428197,
429833,
431659,
433450,
435044,
436847,
438614,
440482,
442301,
444042,
445760,
447543,
449606,
451600,
453518,
455498,
457497,
459596,
461773,
463950,
465849,
467914,
470062,
472143,
474175,
476320,
478489,
480708,
482887,
485017,
487274,
489350,
491529,
493694,
495791,
498035,
500274,
502633,
504966,
507418,
509892,
512357,
514786,
517205,
519715,
522193,
524642,
527207,
529789,
532326,
534846,
537417,
539848,
542376,
544838,
547304,
549754,
552302,
554896,
557411,
560110,
562820,
565669,
568636,
571666,
574570,
577333,
580307,
583318,
586367,
589283,
592164,
595189,
598064,
601120,
604136,
607044,
610099,
613195,
616228,
619163,
622309,
625483,
628457,
631466,
634698,
637961,
641217,
644414,
647869,
651216,
654600,
658134,
661678,
665135,
668620,
672135,
675586,
679032,
682687,
686229,
689772,
693495,
697023,
700598,
704164,
707890,
711496,
714997,
718752,
722395,
726256,
730026,
733878,
737592,
741549,
745618,
749742,
753804,
758014,
762141,
766194,
770486,
774652,
778750,
782910,
787055,
791257,
795491,
799772,
804068,
808541,
812852,
817226,
821643,
826234,
830708,
835174,
839765,
844134,
848872,
853435,
858123,
862758,
867382,
872162,
877000,
882087,
887046,
892040,
896924,
901914,
906910,
911941,
916855,
921818,
927006,
932099,
937168,
942246,
947457,
952817,
958124,
963397,
968776,
974268,
979643,
984930,
990382,
995678,
1.00105e+06,
1.00673e+06,
1.01239e+06,
1.01809e+06,
1.02375e+06,
1.02934e+06,
1.03526e+06,
1.04097e+06,
1.0467e+06,
1.05277e+06,
1.05884e+06,
1.06484e+06,
1.07074e+06,
1.07672e+06,
1.08259e+06,
1.08865e+06,
1.09471e+06,
1.1006e+06,
1.10681e+06,
1.11306e+06,
1.11912e+06,
1.12525e+06,
1.13145e+06,
1.13766e+06,
1.14411e+06,
1.15053e+06,
1.1569e+06,
1.1634e+06,
1.16988e+06,
1.17647e+06,
1.18296e+06,
1.18993e+06,
1.19668e+06,
1.20341e+06,
1.2102e+06,
1.21713e+06,
1.22403e+06,
1.23125e+06,
1.23841e+06,
1.24552e+06,
1.25273e+06,
1.25991e+06,
1.26686e+06,
1.27409e+06,
1.28123e+06,
1.28856e+06,
1.29593e+06,
1.30332e+06,
1.31073e+06,
1.31826e+06,
1.32597e+06,
1.33363e+06,
1.34137e+06,
1.34912e+06,
1.35681e+06,
1.36472e+06,
1.37257e+06,
1.38038e+06,
1.38859e+06,
1.39704e+06,
1.40548e+06,
1.41364e+06,
1.422e+06,
1.43025e+06,
1.43867e+06,
1.4469e+06,
1.45556e+06,
1.46385e+06,
1.47242e+06,
1.48115e+06,
1.48993e+06,
1.49874e+06,
1.50765e+06,
1.51647e+06,
1.52551e+06,
1.53468e+06,
1.54375e+06,
1.55313e+06,
1.56257e+06,
1.5719e+06,
1.58154e+06,
1.5908e+06,
1.60006e+06,
1.60952e+06,
1.61895e+06,
1.62844e+06,
1.63822e+06,
1.6481e+06,
1.65805e+06,
1.66818e+06,
1.67808e+06,
1.68812e+06,
1.69822e+06,
1.70838e+06,
1.7185e+06,
1.72907e+06,
1.7395e+06,
1.75019e+06,
1.76092e+06,
1.77154e+06,
1.78245e+06,
1.79329e+06,
1.80429e+06,
1.81535e+06,
1.82632e+06,
1.83748e+06,
1.84844e+06,
1.85998e+06,
1.87127e+06,
1.88293e+06,
1.89444e+06,
1.90608e+06,
1.91786e+06,
1.92961e+06,
1.94159e+06,
1.95409e+06,
1.96626e+06,
1.97888e+06,
1.99132e+06,
2.00397e+06,
2.01672e+06,
2.02971e+06,
2.04272e+06,
2.05585e+06,
2.06904e+06,
2.08221e+06,
2.09569e+06,
2.10917e+06,
2.12282e+06,
2.13655e+06,
2.15048e+06,
2.16428e+06,
2.17851e+06,
2.19266e+06,
2.20693e+06,
2.22158e+06,
2.23646e+06,
2.25159e+06,
2.26656e+06,
2.28194e+06,
2.29755e+06,
2.31281e+06,
2.32833e+06,
2.3438e+06,
2.35979e+06,
2.37611e+06,
2.39267e+06,
2.40936e+06,
2.42619e+06,
2.44361e+06,
2.46066e+06,
2.47785e+06,
2.49516e+06,
2.51271e+06,
2.53045e+06,
2.54843e+06,
2.56639e+06,
2.58497e+06,
2.60395e+06,
2.62329e+06,
2.64258e+06,
2.66216e+06,
2.68172e+06,
2.70182e+06,
2.72175e+06,
2.74229e+06,
2.76299e+06,
2.78397e+06,
2.80546e+06,
2.82749e+06,
2.84978e+06,
2.87261e+06,
2.89638e+06,
2.92006e+06,
2.9433e+06,
2.96702e+06,
2.99077e+06,
3.01452e+06,
3.03878e+06,
3.06333e+06,
3.08822e+06,
3.113e+06,
3.13827e+06,
3.16357e+06,
3.18934e+06,
3.21482e+06,
3.2411e+06,
3.26755e+06,
3.29397e+06,
3.3214e+06,
3.34937e+06,
3.37741e+06,
3.40638e+06,
3.43515e+06,
3.46417e+06,
3.49358e+06,
3.52339e+06,
3.55413e+06,
3.58605e+06,
3.61819e+06,
3.65054e+06,
3.68337e+06,
3.71745e+06,
3.75182e+06,
3.78645e+06,
3.82134e+06,
3.85767e+06,
3.89412e+06,
3.93201e+06,
3.97003e+06,
4.00932e+06,
4.04943e+06,
4.09025e+06,
4.13244e+06,
4.17602e+06,
4.22193e+06,
4.26914e+06,
4.31767e+06,
4.36813e+06,
4.42081e+06,
4.47648e+06,
4.53454e+06,
4.6008e+06,
4.69548e+06,
4.78662e+06,
4.87793e+06,
4.96888e+06,
5.0604e+06,
5.15267e+06,
5.24551e+06,
5.34094e+06,
5.43878e+06,
5.54026e+06,
5.64885e+06,
5.75669e+06,
5.86673e+06,
5.98068e+06,
6.09592e+06,
6.21384e+06,
6.33414e+06,
6.45706e+06,
6.59395e+06,
6.73895e+06,
6.89367e+06,
7.05071e+06,
7.21214e+06,
7.37946e+06,
7.55608e+06,
7.73869e+06,
7.92921e+06,
8.13316e+06,
8.36695e+06,
8.5899e+06,
8.81043e+06,
9.0312e+06,
9.25675e+06,
9.496e+06,
9.74553e+06,
9.97183e+06,
1.019e+07,
1.04033e+07,
1.06175e+07,
1.08347e+07,
1.10548e+07,
1.12733e+07,
1.14863e+07,
1.16957e+07,
1.18928e+07,
1.20878e+07,
1.22846e+07,
1.24844e+07,
1.26944e+07,
1.29056e+07,
1.31202e+07,
1.33296e+07,
1.3538e+07,
1.37502e+07,
1.39638e+07,
1.41874e+07,
1.44102e+07,
1.46476e+07,
1.4879e+07,
1.51002e+07,
1.53241e+07,
1.55445e+07,
1.57651e+07,
1.59881e+07,
1.62008e+07,
1.64115e+07,
1.66221e+07,
1.68343e+07,
1.70509e+07,
1.72685e+07,
1.74982e+07,
1.77196e+07,
1.79333e+07,
1.81446e+07,
1.8352e+07,
1.85603e+07,
1.87703e+07,
1.8983e+07,
1.92004e+07,
1.94179e+07,
1.96413e+07,
1.98604e+07,
2.0072e+07,
2.02833e+07,
2.04928e+07,
2.07033e+07,
2.09053e+07,
2.11013e+07,
2.12955e+07,
2.14918e+07,
2.16966e+07,
2.18968e+07,
2.20935e+07,
2.22895e+07,
2.24867e+07,
2.26759e+07,
2.2861e+07,
2.30443e+07,
2.32291e+07,
2.34155e+07,
2.36099e+07,
2.38085e+07,
2.40156e+07,
2.42112e+07,
2.44004e+07,
2.45843e+07,
2.47686e+07,
2.49498e+07,
2.51317e+07,
2.53179e+07,
2.55133e+07,
2.57141e+07,
2.59121e+07,
2.61063e+07,
2.62946e+07,
2.6479e+07,
2.66643e+07,
2.68482e+07,
2.7035e+07,
2.72278e+07,
2.74204e+07,
2.76083e+07,
2.77988e+07,
2.79921e+07,
2.81783e+07,
2.83608e+07,
2.8543e+07,
2.87284e+07,
2.89163e+07,
2.90978e+07,
2.92738e+07,
2.94485e+07,
2.9624e+07,
2.98005e+07,
2.9976e+07,
3.01499e+07,
3.03253e+07,
3.04985e+07,
3.06672e+07,
3.08333e+07,
3.10029e+07,
3.11714e+07,
3.13405e+07,
3.15099e+07,
3.16834e+07,
3.18608e+07,
3.2033e+07,
3.21968e+07,
3.23589e+07,
3.25224e+07,
3.26973e+07,
3.28691e+07,
3.30431e+07,
3.32193e+07,
3.34079e+07,
3.3592e+07,
3.37691e+07,
3.39426e+07,
3.41114e+07,
3.42809e+07,
3.44606e+07,
3.46353e+07,
3.48117e+07,
3.49961e+07,
3.51772e+07,
3.53529e+07,
3.55251e+07,
3.56954e+07,
3.58645e+07,
3.6033e+07,
3.62117e+07,
3.63902e+07,
3.65718e+07,
3.67585e+07,
3.69356e+07,
3.71054e+07,
3.72728e+07,
3.74364e+07,
3.76013e+07,
3.77647e+07,
3.79346e+07,
3.81047e+07,
3.82796e+07,
3.84453e+07,
3.86081e+07,
3.87678e+07,
3.89259e+07,
3.90829e+07,
3.92397e+07,
3.93999e+07,
3.95697e+07,
3.97427e+07,
3.99141e+07,
4.00779e+07,
4.02382e+07,
4.03999e+07,
4.05584e+07,
4.07181e+07,
4.08746e+07,
375246,
375105,
374987,
374851,
374743,
374651,
374539,
374428,
374303,
374191,
374106,
373998,
373956,
373865,
373790,
373682,
373618,
373535,
373442,
373337,
373251,
373192,
373128,
373055,
372992,
372986,
372872,
372743,
372672,
372577,
372464,
372402,
372274,
372188,
372106,
372024,
371991,
371863,
371801,
371704,
371608,
371556,
371486,
371426,
371331,
371210,
371121,
370970,
370845,
370713,
370631,
370571,
370441,
370349,
370301,
370183,
370022,
369913,
369728,
369582,
369431,
369318,
369098,
369023,
369065,
369059,
369046,
369032,
369021,
369073,
369064,
369094,
369076,
369127,
369141,
369228,
369239,
369280,
369317,
369370,
369423,
369464,
369510,
369539,
369636,
369686,
369732,
369756,
369847,
369896,
369992,
370103,
370204,
370248,
370255,
370317,
370366,
370423,
370506,
370588,
370691,
370794,
370837,
370930,
370997,
371052,
371116,
371198,
371236,
371308,
371309,
371317,
371370,
371393,
371513,
371646,
371713,
371815,
371919,
372010,
372076,
372105,
372118,
372250,
372331,
372437,
372527,
372675,
372817,
372936,
373000,
373006,
373040,
373120,
373233,
373357,
373460,
373538,
373651,
373825,
373925,
374088,
374155,
374257,
374355,
374430,
374542,
374621,
374777,
374940,
375075,
375183,
375277,
375419,
375520,
375693,
375857,
375976,
376183,
376358,
376464,
376547,
376677,
376809,
376917,
377178,
377354,
377512,
377678,
377818,
378046,
378219,
378398,
379530,
380754,
382092,
383377,
384613,
385898,
387163,
388620,
389981,
391197,
392509,
393737,
395077,
396432,
397674,
399123,
400489,
401795,
403087,
404478,
405758,
407125,
408601,
410026,
411651,
413377,
414987,
416759,
418335,
420007,
421580,
423294,
425005,
426907,
428673,
430376,
432180,
433815,
435506,
437266,
439091,
440828,
442678,
444565,
446349,
448157,
449959,
451841,
453879,
455905,
457965,
460075,
462171,
464223,
466510,
468521,
470676,
472804,
474963,
477000,
479211,
481504,
483632,
485904,
488100,
490268,
492401,
494704,
496837,
499011,
501232,
503439,
505727,
508129,
510639,
513024,
515427,
517891,
520325,
522871,
525382,
527950,
530596,
533141,
535749,
538243,
540800,
543327,
545877,
548468,
550988,
553625,
556180,
558777,
561415,
563973,
566663,
569419,
572336,
575340,
578294,
581199,
584072,
587081,
589763,
592838,
595929,
598871,
601970,
605066,
608159,
611191,
614261,
617376,
620541,
623559,
626791,
629706,
633040,
636235,
639380,
642573,
645757,
648978,
652184,
655671,
659284,
662732,
666238,
669764,
673324,
676830,
680469,
684048,
687619,
691222,
694788,
698484,
702055,
705880,
709515,
713340,
717053,
720721,
724504,
728095,
731837,
735704,
739405,
743249,
747125,
751133,
755287,
759491,
763724,
767806,
771890,
776049,
780218,
784349,
788661,
793019,
797333,
801479,
806025,
810361,
814853,
819319,
823712,
828149,
832696,
837328,
841827,
846309,
850844,
855508,
859976,
864711,
869444,
874223,
879102,
884030,
888942,
893714,
898827,
903827,
908899,
914210,
919284,
924360,
929444,
934557,
939732,
944904,
950094,
955481,
960737,
966075,
971503,
977081,
982518,
987881,
993275,
998318,
1.00386e+06,
1.00935e+06,
1.01472e+06,
1.02047e+06,
1.02609e+06,
1.03174e+06,
1.03754e+06,
1.04346e+06,
1.04923e+06,
1.05513e+06,
1.06121e+06,
1.06721e+06,
1.07319e+06,
1.07926e+06,
1.08516e+06,
1.09132e+06,
1.09754e+06,
1.10372e+06,
1.10997e+06,
1.11608e+06,
1.12207e+06,
1.12835e+06,
1.13475e+06,
1.14099e+06,
1.14723e+06,
1.15354e+06,
1.15983e+06,
1.16603e+06,
1.17258e+06,
1.17914e+06,
1.18569e+06,
1.19256e+06,
1.1993e+06,
1.20624e+06,
1.21315e+06,
1.2202e+06,
1.22754e+06,
1.23467e+06,
1.24165e+06,
1.24882e+06,
1.25587e+06,
1.26293e+06,
1.27011e+06,
1.27733e+06,
1.28465e+06,
1.29194e+06,
1.29956e+06,
1.30699e+06,
1.31447e+06,
1.32206e+06,
1.32962e+06,
1.3373e+06,
1.34481e+06,
1.35243e+06,
1.36031e+06,
1.36806e+06,
1.37599e+06,
1.38395e+06,
1.39182e+06,
1.39998e+06,
1.40835e+06,
1.41682e+06,
1.42502e+06,
1.4334e+06,
1.44156e+06,
1.45013e+06,
1.4587e+06,
1.46744e+06,
1.4762e+06,
1.48474e+06,
1.49362e+06,
1.5024e+06,
1.51146e+06,
1.52039e+06,
1.52942e+06,
1.53837e+06,
1.54741e+06,
1.55654e+06,
1.56574e+06,
1.57495e+06,
1.58423e+06,
1.59366e+06,
1.6031e+06,
1.61282e+06,
1.62223e+06,
1.63158e+06,
1.64125e+06,
1.65112e+06,
1.66108e+06,
1.67096e+06,
1.68124e+06,
1.69126e+06,
1.70154e+06,
1.71172e+06,
1.72183e+06,
1.73197e+06,
1.74251e+06,
1.75299e+06,
1.76347e+06,
1.77427e+06,
1.78501e+06,
1.79588e+06,
1.8066e+06,
1.81761e+06,
1.82867e+06,
1.83973e+06,
1.85091e+06,
1.8622e+06,
1.87352e+06,
1.88487e+06,
1.89651e+06,
1.90798e+06,
1.91954e+06,
1.93125e+06,
1.94309e+06,
1.95489e+06,
1.96732e+06,
1.97982e+06,
1.99218e+06,
2.00457e+06,
2.01743e+06,
2.0303e+06,
2.04302e+06,
2.05597e+06,
2.06873e+06,
2.08204e+06,
2.09552e+06,
2.10899e+06,
2.12247e+06,
2.13595e+06,
2.15004e+06,
2.16399e+06,
2.1785e+06,
2.1928e+06,
2.20694e+06,
2.22164e+06,
2.23621e+06,
2.25105e+06,
2.26585e+06,
2.28073e+06,
2.29596e+06,
2.3114e+06,
2.3269e+06,
2.34238e+06,
2.35831e+06,
2.37442e+06,
2.39076e+06,
2.40732e+06,
2.42385e+06,
2.44073e+06,
2.45761e+06,
2.47456e+06,
2.49208e+06,
2.50986e+06,
2.52765e+06,
2.5453e+06,
2.56336e+06,
2.58169e+06,
2.60022e+06,
2.6191e+06,
2.63794e+06,
2.65722e+06,
2.67683e+06,
2.69668e+06,
2.71626e+06,
2.73639e+06,
2.75693e+06,
2.77801e+06,
2.79899e+06,
2.82039e+06,
2.84245e+06,
2.86494e+06,
2.88797e+06,
2.91178e+06,
2.9355e+06,
2.95908e+06,
2.98279e+06,
3.00656e+06,
3.03036e+06,
3.05428e+06,
3.07871e+06,
3.1034e+06,
3.12805e+06,
3.15318e+06,
3.17835e+06,
3.20377e+06,
3.22958e+06,
3.25608e+06,
3.28307e+06,
3.30982e+06,
3.33697e+06,
3.36509e+06,
3.39338e+06,
3.42195e+06,
3.45052e+06,
3.47971e+06,
3.50971e+06,
3.54036e+06,
3.57152e+06,
3.60273e+06,
3.63466e+06,
3.66765e+06,
3.70101e+06,
3.73587e+06,
3.77047e+06,
3.80545e+06,
3.84112e+06,
3.87738e+06,
3.91408e+06,
3.95253e+06,
3.99194e+06,
4.03154e+06,
4.07166e+06,
4.11277e+06,
4.15527e+06,
4.20031e+06,
4.24709e+06,
4.29521e+06,
4.34465e+06,
4.39554e+06,
4.44853e+06,
4.50485e+06,
4.56489e+06,
4.63318e+06,
4.73124e+06,
4.82411e+06,
4.91729e+06,
5.01175e+06,
5.10701e+06,
5.20348e+06,
5.30095e+06,
5.40137e+06,
5.5042e+06,
5.61144e+06,
5.72621e+06,
5.84099e+06,
5.95774e+06,
6.07767e+06,
6.20117e+06,
6.32831e+06,
6.45846e+06,
6.59385e+06,
6.74283e+06,
6.90364e+06,
7.07519e+06,
7.2545e+06,
7.44989e+06,
7.67182e+06,
7.87292e+06,
8.06647e+06,
8.2571e+06,
8.44603e+06,
8.63619e+06,
8.82894e+06,
9.03314e+06,
9.24063e+06,
9.45651e+06,
9.70247e+06,
9.93653e+06,
1.01451e+07,
1.03388e+07,
1.05273e+07,
1.07134e+07,
1.09e+07,
1.10963e+07,
1.12895e+07,
1.14813e+07,
1.16742e+07,
1.18703e+07,
1.20605e+07,
1.22502e+07,
1.24426e+07,
1.26357e+07,
1.2826e+07,
1.30223e+07,
1.32157e+07,
1.34096e+07,
1.36056e+07,
1.38082e+07,
1.40146e+07,
1.42159e+07,
1.44155e+07,
1.46171e+07,
1.48184e+07,
1.50268e+07,
1.52369e+07,
1.54545e+07,
1.56778e+07,
1.59042e+07,
1.61419e+07,
1.63763e+07,
1.66009e+07,
1.68173e+07,
1.70355e+07,
1.72643e+07,
1.74859e+07,
1.77027e+07,
1.79146e+07,
1.81286e+07,
1.83474e+07,
1.85633e+07,
1.8776e+07,
1.89795e+07,
1.91756e+07,
1.93762e+07,
1.95736e+07,
1.97705e+07,
1.99683e+07,
2.01668e+07,
2.03704e+07,
2.05774e+07,
2.07733e+07,
2.09669e+07,
2.11589e+07,
2.13563e+07,
2.15517e+07,
2.17478e+07,
2.19458e+07,
2.21493e+07,
2.23488e+07,
2.25459e+07,
2.27363e+07,
2.29264e+07,
2.31181e+07,
2.33139e+07,
2.35063e+07,
2.37062e+07,
2.39012e+07,
2.40875e+07,
2.4271e+07,
2.4459e+07,
2.46441e+07,
2.48282e+07,
2.50156e+07,
2.52132e+07,
2.54078e+07,
2.55938e+07,
2.57785e+07,
2.59633e+07,
2.61453e+07,
2.633e+07,
2.65167e+07,
2.67026e+07,
2.68938e+07,
2.7086e+07,
2.72743e+07,
2.74605e+07,
2.76419e+07,
2.78216e+07,
2.8001e+07,
2.81814e+07,
2.83694e+07,
2.8558e+07,
2.87399e+07,
2.89263e+07,
2.9109e+07,
2.92942e+07,
2.94767e+07,
2.96563e+07,
2.98347e+07,
3.00187e+07,
3.02017e+07,
3.0382e+07,
3.05575e+07,
3.0737e+07,
3.09146e+07,
3.10839e+07,
3.12533e+07,
3.14218e+07,
3.15941e+07,
3.17617e+07,
3.19275e+07,
3.20946e+07,
3.22608e+07,
3.2437e+07,
3.26124e+07,
3.27865e+07,
3.29622e+07,
3.31494e+07,
3.33302e+07,
3.35047e+07,
3.36743e+07,
3.38455e+07,
3.40193e+07,
3.42013e+07,
3.43801e+07,
3.45594e+07,
3.47439e+07,
3.49235e+07,
3.5098e+07,
3.52699e+07,
3.54409e+07,
3.561e+07,
3.57873e+07,
3.5971e+07,
3.61515e+07,
3.63344e+07,
3.65206e+07,
3.66916e+07,
3.6858e+07,
3.70217e+07,
3.71844e+07,
3.73475e+07,
3.75116e+07,
3.76846e+07,
3.7855e+07,
3.8031e+07,
3.81976e+07,
3.83605e+07,
3.85181e+07,
3.86741e+07,
3.88302e+07,
3.89883e+07,
3.91501e+07,
3.93258e+07,
3.95018e+07,
3.96726e+07,
3.98336e+07,
3.99912e+07,
4.01465e+07,
4.0298e+07,
4.04501e+07,
4.06027e+07,
375246,
375112,
375009,
374877,
374780,
374678,
374574,
374475,
374367,
374251,
374189,
374139,
374041,
373967,
373933,
373840,
373746,
373695,
373636,
373501,
373451,
373411,
373369,
373303,
373250,
373190,
373099,
372974,
372910,
372862,
372764,
372682,
372611,
372520,
372381,
372351,
372289,
372206,
372145,
372104,
372009,
371910,
371835,
371775,
371724,
371630,
371512,
371383,
371250,
371175,
371132,
371040,
370938,
370856,
370786,
370657,
370588,
370429,
370242,
370117,
369930,
369805,
369637,
369571,
369553,
369567,
369585,
369584,
369589,
369624,
369614,
369685,
369682,
369708,
369736,
369872,
369904,
369921,
369885,
369969,
370027,
370091,
370124,
370216,
370246,
370343,
370441,
370533,
370620,
370688,
370777,
370868,
370901,
370981,
371065,
371151,
371244,
371364,
371427,
371569,
371648,
371709,
371777,
371884,
372000,
372046,
372134,
372217,
372278,
372333,
372393,
372518,
372580,
372634,
372668,
372792,
372919,
373018,
373069,
373157,
373235,
373316,
373351,
373439,
373594,
373780,
373880,
373964,
374122,
374245,
374338,
374387,
374396,
374490,
374616,
374769,
374912,
375017,
375146,
375248,
375410,
375506,
375555,
375651,
375810,
375948,
376070,
376251,
376405,
376541,
376660,
376781,
376894,
377064,
377230,
377401,
377571,
377730,
377895,
378055,
378266,
378376,
378477,
378613,
378791,
378965,
379151,
379353,
379587,
379780,
379961,
380156,
380406,
380814,
382035,
383284,
384618,
385905,
387209,
388533,
389911,
391271,
392608,
393931,
395283,
396621,
398007,
399354,
400839,
402217,
403762,
405043,
406254,
407686,
409123,
410553,
411951,
413536,
415198,
416869,
418535,
420235,
421891,
423512,
425235,
426986,
428783,
430586,
432432,
434189,
436035,
437769,
439537,
441358,
443097,
444958,
446797,
448486,
450333,
452236,
454038,
456114,
458248,
460379,
462665,
464801,
466933,
469015,
471046,
473387,
475479,
477675,
479909,
482037,
484277,
486414,
488575,
490868,
493148,
495335,
497574,
499899,
502133,
504319,
506528,
508735,
511139,
513763,
516221,
518726,
521222,
523739,
526119,
528869,
531345,
533919,
536556,
538964,
541480,
544091,
546666,
549232,
551756,
554319,
557085,
559781,
562435,
565130,
567802,
570696,
573374,
576069,
579004,
581999,
584889,
587832,
590876,
593872,
596808,
599828,
602802,
605859,
608987,
612105,
615133,
618200,
621437,
624566,
627827,
631024,
634291,
637551,
640692,
643918,
647295,
650457,
653772,
657080,
660422,
664023,
667566,
671094,
674669,
678249,
681752,
685287,
688812,
692528,
696178,
699842,
703555,
707235,
710958,
714668,
718454,
722127,
725936,
729692,
733595,
737479,
741290,
745143,
748938,
752908,
756966,
760794,
765094,
769000,
773234,
777401,
781676,
785800,
790039,
794313,
798709,
803116,
807422,
811944,
816255,
820709,
825350,
829944,
834659,
839092,
843795,
848273,
852963,
857550,
862136,
866908,
871593,
876279,
880959,
885750,
890820,
895804,
900815,
905837,
910783,
915837,
920721,
925798,
931059,
936104,
941469,
946783,
952157,
957482,
962572,
967952,
973513,
979094,
984516,
989812,
995315,
1.00087e+06,
1.00609e+06,
1.01164e+06,
1.01708e+06,
1.02265e+06,
1.0283e+06,
1.03399e+06,
1.03968e+06,
1.04551e+06,
1.05123e+06,
1.05727e+06,
1.06326e+06,
1.06913e+06,
1.07512e+06,
1.08115e+06,
1.08708e+06,
1.09316e+06,
1.09928e+06,
1.10539e+06,
1.11173e+06,
1.11789e+06,
1.12409e+06,
1.13037e+06,
1.1367e+06,
1.14331e+06,
1.14978e+06,
1.15628e+06,
1.16241e+06,
1.16879e+06,
1.1751e+06,
1.18166e+06,
1.18835e+06,
1.19507e+06,
1.2018e+06,
1.20871e+06,
1.21576e+06,
1.2225e+06,
1.22957e+06,
1.23658e+06,
1.24371e+06,
1.25061e+06,
1.25781e+06,
1.26513e+06,
1.27233e+06,
1.2796e+06,
1.28706e+06,
1.29459e+06,
1.30215e+06,
1.30943e+06,
1.31707e+06,
1.32448e+06,
1.33208e+06,
1.33961e+06,
1.34723e+06,
1.35494e+06,
1.36264e+06,
1.37064e+06,
1.37829e+06,
1.38633e+06,
1.39423e+06,
1.40238e+06,
1.41051e+06,
1.41861e+06,
1.42705e+06,
1.43547e+06,
1.44384e+06,
1.45217e+06,
1.46075e+06,
1.46913e+06,
1.47788e+06,
1.48651e+06,
1.49542e+06,
1.50437e+06,
1.51317e+06,
1.52212e+06,
1.53109e+06,
1.53995e+06,
1.549e+06,
1.55805e+06,
1.5671e+06,
1.57636e+06,
1.58584e+06,
1.59528e+06,
1.60464e+06,
1.61415e+06,
1.62384e+06,
1.63322e+06,
1.64275e+06,
1.65228e+06,
1.66198e+06,
1.67168e+06,
1.68183e+06,
1.69191e+06,
1.70205e+06,
1.71214e+06,
1.7223e+06,
1.73256e+06,
1.74295e+06,
1.75336e+06,
1.76386e+06,
1.77465e+06,
1.78543e+06,
1.79627e+06,
1.80709e+06,
1.81789e+06,
1.82873e+06,
1.83987e+06,
1.85095e+06,
1.86207e+06,
1.87337e+06,
1.88468e+06,
1.89614e+06,
1.90762e+06,
1.91925e+06,
1.93111e+06,
1.94266e+06,
1.95453e+06,
1.96659e+06,
1.97843e+06,
1.99041e+06,
2.00307e+06,
2.01592e+06,
2.02856e+06,
2.04121e+06,
2.0541e+06,
2.06715e+06,
2.0802e+06,
2.09346e+06,
2.10677e+06,
2.12004e+06,
2.13376e+06,
2.14759e+06,
2.1616e+06,
2.17583e+06,
2.18983e+06,
2.2042e+06,
2.21844e+06,
2.23303e+06,
2.24787e+06,
2.26256e+06,
2.27764e+06,
2.29296e+06,
2.308e+06,
2.32347e+06,
2.33887e+06,
2.35443e+06,
2.37021e+06,
2.38602e+06,
2.40231e+06,
2.41869e+06,
2.43523e+06,
2.45233e+06,
2.46925e+06,
2.48662e+06,
2.50386e+06,
2.52185e+06,
2.53961e+06,
2.55738e+06,
2.57519e+06,
2.59376e+06,
2.61223e+06,
2.63095e+06,
2.64988e+06,
2.66933e+06,
2.68897e+06,
2.70865e+06,
2.72867e+06,
2.74848e+06,
2.76931e+06,
2.79023e+06,
2.8114e+06,
2.83278e+06,
2.85483e+06,
2.8775e+06,
2.90042e+06,
2.92416e+06,
2.94834e+06,
2.97207e+06,
2.99573e+06,
3.01947e+06,
3.04345e+06,
3.06775e+06,
3.09179e+06,
3.11591e+06,
3.14074e+06,
3.16574e+06,
3.1915e+06,
3.217e+06,
3.24289e+06,
3.26921e+06,
3.29628e+06,
3.32316e+06,
3.35023e+06,
3.37818e+06,
3.40665e+06,
3.43549e+06,
3.46474e+06,
3.49466e+06,
3.52452e+06,
3.55524e+06,
3.58655e+06,
3.61831e+06,
3.65061e+06,
3.68344e+06,
3.71705e+06,
3.75184e+06,
3.78718e+06,
3.82295e+06,
3.8586e+06,
3.89603e+06,
3.93387e+06,
3.9727e+06,
4.01209e+06,
4.05201e+06,
4.09343e+06,
4.13593e+06,
4.17968e+06,
4.22541e+06,
4.27291e+06,
4.32194e+06,
4.37295e+06,
4.42616e+06,
4.48104e+06,
4.53831e+06,
4.60005e+06,
4.67067e+06,
4.77241e+06,
4.86993e+06,
4.96702e+06,
5.06536e+06,
5.16574e+06,
5.26854e+06,
5.37366e+06,
5.48061e+06,
5.59152e+06,
5.70659e+06,
5.83203e+06,
5.95811e+06,
6.08781e+06,
6.2211e+06,
6.36086e+06,
6.50733e+06,
6.65999e+06,
6.82631e+06,
7.03596e+06,
7.2325e+06,
7.419e+06,
7.59885e+06,
7.77537e+06,
7.94801e+06,
8.12237e+06,
8.29876e+06,
8.47662e+06,
8.65651e+06,
8.82957e+06,
9.00666e+06,
9.18864e+06,
9.37419e+06,
9.57066e+06,
9.79384e+06,
9.99402e+06,
1.01837e+07,
1.03703e+07,
1.05541e+07,
1.07408e+07,
1.0933e+07,
1.11269e+07,
1.13123e+07,
1.14944e+07,
1.16738e+07,
1.18533e+07,
1.20324e+07,
1.22131e+07,
1.23988e+07,
1.25838e+07,
1.27744e+07,
1.2967e+07,
1.31554e+07,
1.33403e+07,
1.35255e+07,
1.37115e+07,
1.39026e+07,
1.40918e+07,
1.42803e+07,
1.44716e+07,
1.46684e+07,
1.48732e+07,
1.50753e+07,
1.52824e+07,
1.54855e+07,
1.56837e+07,
1.58806e+07,
1.60802e+07,
1.62807e+07,
1.64833e+07,
1.66971e+07,
1.69132e+07,
1.71182e+07,
1.73212e+07,
1.75237e+07,
1.77374e+07,
1.79514e+07,
1.81607e+07,
1.83632e+07,
1.85671e+07,
1.8765e+07,
1.89735e+07,
1.91758e+07,
1.93709e+07,
1.95655e+07,
1.97612e+07,
1.99604e+07,
2.01653e+07,
2.03606e+07,
2.05488e+07,
2.07371e+07,
2.09355e+07,
2.11362e+07,
2.13316e+07,
2.15268e+07,
2.17258e+07,
2.19177e+07,
2.21095e+07,
2.22983e+07,
2.24868e+07,
2.26757e+07,
2.2873e+07,
2.30716e+07,
2.32719e+07,
2.34634e+07,
2.36506e+07,
2.38371e+07,
2.40194e+07,
2.42034e+07,
2.43895e+07,
2.45802e+07,
2.47816e+07,
2.49824e+07,
2.51773e+07,
2.53661e+07,
2.55517e+07,
2.57354e+07,
2.59171e+07,
2.60998e+07,
2.6283e+07,
2.64735e+07,
2.66644e+07,
2.68522e+07,
2.70383e+07,
2.72187e+07,
2.73992e+07,
2.75766e+07,
2.77525e+07,
2.79316e+07,
2.81138e+07,
2.82913e+07,
2.84757e+07,
2.86606e+07,
2.88473e+07,
2.90278e+07,
2.92058e+07,
2.93823e+07,
2.95631e+07,
2.97407e+07,
2.99132e+07,
3.00856e+07,
3.0262e+07,
3.04386e+07,
3.06226e+07,
3.08028e+07,
3.09814e+07,
3.11595e+07,
3.13342e+07,
3.15046e+07,
3.16738e+07,
3.1846e+07,
3.20301e+07,
3.22134e+07,
3.24e+07,
3.25943e+07,
3.27944e+07,
3.29745e+07,
3.31461e+07,
3.33134e+07,
3.34792e+07,
3.36474e+07,
3.38277e+07,
3.40071e+07,
3.41899e+07,
3.43836e+07,
3.45732e+07,
3.47545e+07,
3.49308e+07,
3.50992e+07,
3.5265e+07,
3.54325e+07,
3.56093e+07,
3.57877e+07,
3.59704e+07,
3.61584e+07,
3.63366e+07,
3.65086e+07,
3.66771e+07,
3.68399e+07,
3.70006e+07,
3.71606e+07,
3.73287e+07,
3.74975e+07,
3.76735e+07,
3.78428e+07,
3.8012e+07,
3.8175e+07,
3.83341e+07,
3.84909e+07,
3.86464e+07,
3.88027e+07,
3.89691e+07,
3.91406e+07,
3.93086e+07,
3.94696e+07,
3.96297e+07,
3.97874e+07,
3.99406e+07,
4.00916e+07,
4.02429e+07,
375246,
375116,
375035,
374922,
374824,
374715,
374637,
374568,
374472,
374329,
374281,
374242,
374135,
374101,
374034,
374003,
373925,
373859,
373798,
373734,
373641,
373636,
373560,
373509,
373441,
373404,
373317,
373231,
373136,
373112,
373088,
373056,
372945,
372834,
372772,
372671,
372551,
372511,
372483,
372484,
372381,
372310,
372195,
372174,
372053,
371996,
371938,
371841,
371768,
371657,
371566,
371504,
371416,
371298,
371262,
371129,
371053,
370868,
370753,
370625,
370413,
370290,
370196,
370104,
370047,
370083,
370143,
370177,
370210,
370255,
370333,
370359,
370409,
370448,
370501,
370504,
370548,
370625,
370634,
370718,
370780,
370844,
370895,
370966,
371033,
371151,
371261,
371410,
371456,
371588,
371645,
371703,
371818,
371931,
371980,
372075,
372254,
372302,
372374,
372454,
372556,
372636,
372714,
372772,
372839,
372965,
373088,
373148,
373265,
373360,
373453,
373504,
373588,
373688,
373751,
373857,
373978,
374098,
374252,
374351,
374376,
374496,
374564,
374698,
374807,
374954,
375146,
375213,
375373,
375460,
375560,
375645,
375739,
375824,
375928,
376061,
376153,
376308,
376504,
376626,
376755,
376854,
376961,
377055,
377186,
377316,
377453,
377592,
377842,
377987,
378119,
378268,
378400,
378551,
378788,
378979,
379151,
379348,
379558,
379770,
379931,
380094,
380161,
380347,
380567,
380748,
380965,
381119,
381337,
381589,
381809,
382035,
382241,
382500,
383078,
384392,
385687,
387021,
388339,
389707,
391067,
392406,
393825,
395301,
396651,
397996,
399372,
400765,
402211,
403732,
405243,
406670,
407956,
409431,
410834,
412195,
413639,
415126,
416777,
418509,
420239,
421914,
423607,
425389,
427055,
428895,
430655,
432507,
434370,
436205,
438114,
439885,
441635,
443434,
445388,
447246,
449167,
450956,
452803,
454622,
456617,
458371,
460262,
462372,
464515,
466747,
469022,
471293,
473491,
475793,
478019,
480202,
482490,
484775,
486892,
489071,
491312,
493682,
495876,
498232,
500466,
502555,
504852,
507173,
509430,
511765,
514049,
516447,
519038,
521554,
524080,
526672,
529298,
531891,
534419,
537132,
539737,
542272,
544790,
547325,
549711,
552451,
555105,
557871,
560502,
563170,
565946,
568648,
571432,
574132,
576830,
579617,
582487,
585306,
588333,
591457,
594464,
597648,
600766,
603903,
606884,
609901,
613052,
616142,
619202,
622407,
625460,
628654,
631786,
635043,
638325,
641517,
644768,
648149,
651464,
654787,
658144,
661481,
664818,
668254,
671939,
675539,
679152,
682820,
686415,
690198,
693768,
697466,
701080,
704674,
708305,
712028,
715663,
719391,
723173,
727086,
731006,
734831,
738703,
742582,
746441,
750442,
754392,
758356,
762352,
766248,
770297,
774621,
778999,
783206,
787294,
791527,
795806,
800125,
804400,
808763,
813102,
817507,
822027,
826349,
831029,
835454,
840004,
844637,
849232,
854049,
858796,
863537,
868029,
872826,
877698,
882360,
887126,
892021,
896891,
901949,
906912,
911896,
916981,
922253,
927288,
932445,
937594,
942817,
947985,
953296,
958728,
963877,
969406,
974773,
980156,
985671,
991152,
996572,
1.00213e+06,
1.00751e+06,
1.01305e+06,
1.01867e+06,
1.0244e+06,
1.03011e+06,
1.03565e+06,
1.04128e+06,
1.04685e+06,
1.05264e+06,
1.05851e+06,
1.06446e+06,
1.07048e+06,
1.07625e+06,
1.08235e+06,
1.08837e+06,
1.09453e+06,
1.10053e+06,
1.10671e+06,
1.11301e+06,
1.11932e+06,
1.12563e+06,
1.13171e+06,
1.13818e+06,
1.14458e+06,
1.15106e+06,
1.15743e+06,
1.16375e+06,
1.17036e+06,
1.17694e+06,
1.18361e+06,
1.19023e+06,
1.19678e+06,
1.20355e+06,
1.21032e+06,
1.21714e+06,
1.22392e+06,
1.23099e+06,
1.23789e+06,
1.24478e+06,
1.25192e+06,
1.2591e+06,
1.26653e+06,
1.27398e+06,
1.28149e+06,
1.28889e+06,
1.29622e+06,
1.30366e+06,
1.31116e+06,
1.3184e+06,
1.32584e+06,
1.33332e+06,
1.34087e+06,
1.34861e+06,
1.35616e+06,
1.36387e+06,
1.37167e+06,
1.37945e+06,
1.38732e+06,
1.39532e+06,
1.40331e+06,
1.41156e+06,
1.41968e+06,
1.42779e+06,
1.43606e+06,
1.44436e+06,
1.45293e+06,
1.46176e+06,
1.47014e+06,
1.47886e+06,
1.48751e+06,
1.49626e+06,
1.50499e+06,
1.51364e+06,
1.52254e+06,
1.53149e+06,
1.54057e+06,
1.5496e+06,
1.55872e+06,
1.56781e+06,
1.5769e+06,
1.58588e+06,
1.59526e+06,
1.60452e+06,
1.61392e+06,
1.62351e+06,
1.63313e+06,
1.64266e+06,
1.65212e+06,
1.66176e+06,
1.67141e+06,
1.68105e+06,
1.69132e+06,
1.70105e+06,
1.71114e+06,
1.72159e+06,
1.73186e+06,
1.7423e+06,
1.75234e+06,
1.76287e+06,
1.77315e+06,
1.78396e+06,
1.7947e+06,
1.80544e+06,
1.81609e+06,
1.82704e+06,
1.83805e+06,
1.84935e+06,
1.86073e+06,
1.87165e+06,
1.88306e+06,
1.89432e+06,
1.90591e+06,
1.9174e+06,
1.92887e+06,
1.9405e+06,
1.95213e+06,
1.96396e+06,
1.97568e+06,
1.98791e+06,
2.00013e+06,
2.01273e+06,
2.02527e+06,
2.03814e+06,
2.05122e+06,
2.06413e+06,
2.07702e+06,
2.09023e+06,
2.10333e+06,
2.11662e+06,
2.13019e+06,
2.14382e+06,
2.15753e+06,
2.17154e+06,
2.18544e+06,
2.1996e+06,
2.21392e+06,
2.22824e+06,
2.24247e+06,
2.25716e+06,
2.27188e+06,
2.28671e+06,
2.30166e+06,
2.31703e+06,
2.33243e+06,
2.34835e+06,
2.36405e+06,
2.37969e+06,
2.39553e+06,
2.41142e+06,
2.42801e+06,
2.44465e+06,
2.4615e+06,
2.4785e+06,
2.496e+06,
2.51319e+06,
2.53074e+06,
2.54818e+06,
2.56625e+06,
2.58472e+06,
2.60304e+06,
2.62169e+06,
2.64044e+06,
2.65951e+06,
2.67884e+06,
2.69822e+06,
2.71816e+06,
2.73804e+06,
2.75829e+06,
2.77917e+06,
2.7997e+06,
2.8209e+06,
2.84276e+06,
2.86508e+06,
2.88738e+06,
2.91013e+06,
2.93403e+06,
2.95795e+06,
2.9816e+06,
3.00529e+06,
3.02858e+06,
3.05213e+06,
3.07652e+06,
3.10106e+06,
3.12612e+06,
3.15108e+06,
3.17681e+06,
3.20228e+06,
3.22765e+06,
3.25346e+06,
3.27976e+06,
3.30675e+06,
3.3339e+06,
3.36149e+06,
3.38978e+06,
3.41793e+06,
3.44673e+06,
3.47619e+06,
3.50601e+06,
3.53639e+06,
3.5673e+06,
3.5988e+06,
3.63048e+06,
3.6626e+06,
3.6961e+06,
3.73067e+06,
3.76595e+06,
3.80154e+06,
3.83744e+06,
3.87393e+06,
3.91173e+06,
3.95024e+06,
3.98983e+06,
4.03002e+06,
4.07121e+06,
4.11304e+06,
4.15674e+06,
4.20158e+06,
4.24909e+06,
4.29852e+06,
4.34877e+06,
4.4011e+06,
4.45541e+06,
4.5128e+06,
4.57362e+06,
4.63758e+06,
4.71085e+06,
4.81825e+06,
4.92129e+06,
5.0264e+06,
5.13213e+06,
5.24054e+06,
5.35148e+06,
5.46667e+06,
5.58529e+06,
5.70834e+06,
5.839e+06,
5.98057e+06,
6.12776e+06,
6.28253e+06,
6.45363e+06,
6.66581e+06,
6.84844e+06,
7.01206e+06,
7.16748e+06,
7.32495e+06,
7.48581e+06,
7.6523e+06,
7.80882e+06,
7.95417e+06,
8.10185e+06,
8.25989e+06,
8.41729e+06,
8.57313e+06,
8.73038e+06,
8.89219e+06,
9.05746e+06,
9.23582e+06,
9.42208e+06,
9.62493e+06,
9.84561e+06,
1.00426e+07,
1.0234e+07,
1.04146e+07,
1.0592e+07,
1.07667e+07,
1.09442e+07,
1.11298e+07,
1.13083e+07,
1.14842e+07,
1.16617e+07,
1.18397e+07,
1.2019e+07,
1.2196e+07,
1.2376e+07,
1.2551e+07,
1.2726e+07,
1.29081e+07,
1.30888e+07,
1.32696e+07,
1.34524e+07,
1.36411e+07,
1.38361e+07,
1.4022e+07,
1.42033e+07,
1.43848e+07,
1.45657e+07,
1.4755e+07,
1.4945e+07,
1.51402e+07,
1.53185e+07,
1.54953e+07,
1.56761e+07,
1.58566e+07,
1.60336e+07,
1.62079e+07,
1.63881e+07,
1.65789e+07,
1.67598e+07,
1.69386e+07,
1.7118e+07,
1.72983e+07,
1.74851e+07,
1.76754e+07,
1.78657e+07,
1.80583e+07,
1.82463e+07,
1.84386e+07,
1.86292e+07,
1.88211e+07,
1.90171e+07,
1.92305e+07,
1.94468e+07,
1.96633e+07,
1.98611e+07,
2.00539e+07,
2.02449e+07,
2.04399e+07,
2.06351e+07,
2.08272e+07,
2.10215e+07,
2.122e+07,
2.14147e+07,
2.16143e+07,
2.18074e+07,
2.1993e+07,
2.21769e+07,
2.23673e+07,
2.25564e+07,
2.27524e+07,
2.29401e+07,
2.31245e+07,
2.33091e+07,
2.34977e+07,
2.3689e+07,
2.38739e+07,
2.40568e+07,
2.42518e+07,
2.44411e+07,
2.46252e+07,
2.48082e+07,
2.49906e+07,
2.51736e+07,
2.53603e+07,
2.55468e+07,
2.57319e+07,
2.59238e+07,
2.6113e+07,
2.62958e+07,
2.64768e+07,
2.66577e+07,
2.68384e+07,
2.70206e+07,
2.72051e+07,
2.73961e+07,
2.7583e+07,
2.7765e+07,
2.79509e+07,
2.8133e+07,
2.83112e+07,
2.8491e+07,
2.86655e+07,
2.88403e+07,
2.90219e+07,
2.92022e+07,
2.93752e+07,
2.95458e+07,
2.97215e+07,
2.98949e+07,
3.00683e+07,
3.02418e+07,
3.04145e+07,
3.05926e+07,
3.0766e+07,
3.09381e+07,
3.11115e+07,
3.12834e+07,
3.14647e+07,
3.16452e+07,
3.18289e+07,
3.20161e+07,
3.22124e+07,
3.24e+07,
3.25794e+07,
3.27577e+07,
3.29371e+07,
3.31162e+07,
3.3307e+07,
3.34974e+07,
3.36945e+07,
3.38967e+07,
3.4091e+07,
3.42779e+07,
3.44587e+07,
3.46341e+07,
3.48084e+07,
3.49759e+07,
3.51536e+07,
3.53305e+07,
3.55131e+07,
3.56976e+07,
3.58705e+07,
3.60416e+07,
3.62112e+07,
3.63783e+07,
3.65466e+07,
3.67143e+07,
3.68829e+07,
3.70516e+07,
3.72259e+07,
3.73914e+07,
3.75516e+07,
3.771e+07,
3.78679e+07,
3.80249e+07,
3.81833e+07,
3.83458e+07,
3.85147e+07,
3.8685e+07,
3.88499e+07,
3.90071e+07,
3.91616e+07,
3.93128e+07,
3.94625e+07,
3.96114e+07,
3.97622e+07,
375246,
375130,
375048,
374955,
374845,
374763,
374701,
374616,
374529,
374410,
374367,
374337,
374248,
374199,
374170,
374168,
374093,
374059,
373991,
373913,
373840,
373807,
373754,
373728,
373685,
373642,
373572,
373500,
373377,
373383,
373343,
373342,
373226,
373142,
373073,
372950,
372891,
372832,
372812,
372753,
372695,
372632,
372592,
372542,
372468,
372390,
372383,
372300,
372190,
372082,
372010,
371935,
371840,
371813,
371781,
371691,
371534,
371387,
371319,
371178,
371044,
370945,
370817,
370743,
370664,
370711,
370731,
370753,
370858,
370908,
371004,
371024,
371088,
371091,
371160,
371224,
371301,
371322,
371379,
371440,
371523,
371591,
371636,
371746,
371869,
371945,
372029,
372139,
372229,
372320,
372458,
372575,
372650,
372793,
372886,
372941,
373057,
373160,
373249,
373373,
373452,
373492,
373576,
373655,
373791,
373890,
374051,
374187,
374315,
374479,
374562,
374637,
374681,
374769,
374848,
374991,
375115,
375253,
375414,
375582,
375694,
375770,
375845,
375996,
376099,
376218,
376380,
376560,
376689,
376844,
376947,
377070,
377136,
377213,
377312,
377447,
377553,
377672,
377805,
377985,
378132,
378251,
378403,
378588,
378738,
378882,
379104,
379268,
379437,
379565,
379728,
379950,
380113,
380244,
380498,
380718,
380888,
381073,
381263,
381472,
381616,
381799,
381938,
382179,
382446,
382691,
382878,
383168,
383422,
383675,
383948,
384217,
384470,
384732,
385046,
385577,
386953,
388310,
389650,
390974,
392394,
393809,
395151,
396574,
398019,
399515,
400967,
402444,
403794,
405231,
406743,
408255,
409667,
411186,
412586,
414088,
415611,
417142,
418626,
420167,
421850,
423519,
425260,
427150,
429066,
431036,
432886,
434716,
436626,
438367,
440111,
442047,
443788,
445641,
447438,
449350,
451267,
453175,
455148,
457114,
459015,
460964,
462798,
464616,
466912,
469065,
471147,
473437,
475666,
477975,
480287,
482619,
484847,
487171,
489463,
491623,
494032,
496259,
498520,
500674,
502851,
505175,
507488,
509761,
512134,
514613,
516987,
519526,
521879,
524363,
526852,
529455,
532098,
534671,
537339,
539831,
542484,
545219,
547898,
550597,
553310,
555961,
558503,
561071,
563890,
566605,
569375,
572256,
575056,
577698,
580531,
583351,
586109,
588940,
591785,
594755,
597796,
601037,
604233,
607388,
610552,
613681,
616865,
619932,
623146,
626358,
629579,
632821,
635962,
639064,
642191,
645398,
648672,
652146,
655426,
658878,
662247,
665656,
669223,
672785,
676234,
679644,
683384,
687013,
690670,
694262,
698055,
701794,
705564,
709423,
713101,
716833,
720595,
724249,
728018,
731867,
735580,
739580,
743437,
747285,
751214,
755196,
759073,
763075,
767230,
771250,
775394,
779603,
783691,
787898,
792230,
796557,
800804,
805127,
809525,
813942,
818522,
822975,
827541,
832065,
836465,
841110,
845558,
850084,
854574,
859417,
864114,
868773,
873555,
878400,
883204,
887926,
892715,
897425,
902330,
907381,
912182,
917328,
922521,
927774,
932987,
938281,
943368,
948539,
953854,
959217,
964431,
969789,
975135,
980803,
986256,
991688,
997157,
1.00266e+06,
1.00824e+06,
1.01379e+06,
1.01928e+06,
1.02489e+06,
1.03065e+06,
1.03634e+06,
1.04189e+06,
1.04769e+06,
1.05325e+06,
1.05914e+06,
1.06502e+06,
1.07096e+06,
1.07688e+06,
1.08287e+06,
1.08878e+06,
1.09499e+06,
1.10105e+06,
1.10734e+06,
1.11364e+06,
1.1199e+06,
1.12627e+06,
1.13255e+06,
1.13878e+06,
1.14519e+06,
1.1518e+06,
1.15817e+06,
1.16481e+06,
1.17133e+06,
1.17777e+06,
1.18453e+06,
1.19103e+06,
1.19758e+06,
1.20427e+06,
1.21105e+06,
1.21779e+06,
1.22456e+06,
1.2313e+06,
1.23803e+06,
1.24484e+06,
1.25204e+06,
1.25918e+06,
1.26648e+06,
1.2738e+06,
1.2812e+06,
1.28871e+06,
1.29609e+06,
1.30351e+06,
1.31085e+06,
1.31817e+06,
1.32568e+06,
1.33333e+06,
1.34115e+06,
1.34883e+06,
1.3566e+06,
1.36439e+06,
1.37225e+06,
1.37995e+06,
1.3879e+06,
1.39569e+06,
1.40351e+06,
1.41159e+06,
1.41967e+06,
1.42798e+06,
1.43597e+06,
1.44418e+06,
1.45243e+06,
1.46087e+06,
1.46918e+06,
1.47769e+06,
1.48621e+06,
1.49512e+06,
1.50407e+06,
1.51288e+06,
1.52189e+06,
1.5307e+06,
1.53963e+06,
1.54852e+06,
1.55735e+06,
1.56634e+06,
1.57529e+06,
1.58463e+06,
1.59408e+06,
1.60332e+06,
1.61273e+06,
1.62212e+06,
1.63179e+06,
1.64135e+06,
1.65091e+06,
1.66064e+06,
1.67009e+06,
1.67979e+06,
1.6896e+06,
1.69923e+06,
1.70915e+06,
1.71901e+06,
1.7292e+06,
1.7393e+06,
1.74955e+06,
1.75985e+06,
1.77033e+06,
1.78095e+06,
1.79161e+06,
1.80249e+06,
1.81318e+06,
1.82393e+06,
1.8349e+06,
1.8462e+06,
1.85734e+06,
1.86835e+06,
1.87951e+06,
1.89069e+06,
1.90225e+06,
1.91379e+06,
1.9252e+06,
1.93687e+06,
1.94853e+06,
1.96047e+06,
1.97229e+06,
1.98405e+06,
1.99632e+06,
2.00857e+06,
2.02069e+06,
2.03321e+06,
2.04599e+06,
2.05887e+06,
2.07168e+06,
2.08489e+06,
2.09796e+06,
2.11129e+06,
2.12465e+06,
2.13838e+06,
2.15186e+06,
2.16569e+06,
2.17949e+06,
2.19323e+06,
2.20723e+06,
2.22146e+06,
2.23583e+06,
2.25028e+06,
2.26507e+06,
2.27991e+06,
2.29494e+06,
2.31003e+06,
2.3252e+06,
2.3403e+06,
2.35587e+06,
2.3714e+06,
2.38725e+06,
2.40308e+06,
2.41917e+06,
2.43543e+06,
2.45202e+06,
2.46867e+06,
2.48564e+06,
2.50268e+06,
2.5201e+06,
2.53756e+06,
2.55541e+06,
2.57304e+06,
2.59135e+06,
2.60993e+06,
2.62826e+06,
2.64695e+06,
2.6662e+06,
2.68579e+06,
2.70541e+06,
2.72541e+06,
2.7452e+06,
2.76551e+06,
2.78618e+06,
2.80704e+06,
2.82828e+06,
2.84988e+06,
2.87188e+06,
2.89428e+06,
2.91701e+06,
2.94074e+06,
2.96451e+06,
2.98786e+06,
3.01154e+06,
3.0352e+06,
3.05925e+06,
3.08372e+06,
3.10841e+06,
3.13335e+06,
3.15868e+06,
3.1842e+06,
3.20974e+06,
3.23551e+06,
3.26156e+06,
3.28796e+06,
3.31497e+06,
3.34224e+06,
3.36989e+06,
3.39785e+06,
3.42655e+06,
3.45621e+06,
3.48578e+06,
3.51534e+06,
3.54536e+06,
3.57625e+06,
3.60795e+06,
3.64028e+06,
3.67332e+06,
3.70713e+06,
3.74122e+06,
3.77654e+06,
3.81218e+06,
3.84861e+06,
3.88614e+06,
3.92468e+06,
3.96364e+06,
4.00391e+06,
4.04475e+06,
4.08734e+06,
4.13113e+06,
4.17603e+06,
4.22192e+06,
4.27034e+06,
4.32115e+06,
4.37425e+06,
4.42903e+06,
4.48592e+06,
4.54494e+06,
4.60852e+06,
4.67676e+06,
4.7553e+06,
4.87065e+06,
4.98258e+06,
5.09804e+06,
5.21515e+06,
5.33606e+06,
5.46059e+06,
5.59223e+06,
5.73059e+06,
5.87839e+06,
6.04164e+06,
6.24966e+06,
6.4581e+06,
6.62914e+06,
6.78908e+06,
6.94113e+06,
7.08261e+06,
7.20008e+06,
7.31797e+06,
7.44032e+06,
7.57414e+06,
7.72252e+06,
7.87587e+06,
8.02048e+06,
8.16529e+06,
8.31261e+06,
8.46189e+06,
8.61331e+06,
8.76579e+06,
8.92302e+06,
9.08864e+06,
9.27077e+06,
9.47178e+06,
9.69606e+06,
9.89535e+06,
1.00804e+07,
1.02557e+07,
1.0429e+07,
1.06002e+07,
1.07698e+07,
1.09436e+07,
1.11241e+07,
1.13046e+07,
1.1478e+07,
1.1649e+07,
1.18188e+07,
1.19887e+07,
1.21606e+07,
1.23365e+07,
1.25081e+07,
1.26803e+07,
1.28608e+07,
1.3047e+07,
1.32288e+07,
1.34073e+07,
1.35883e+07,
1.37643e+07,
1.39305e+07,
1.40878e+07,
1.42449e+07,
1.44064e+07,
1.458e+07,
1.47573e+07,
1.49363e+07,
1.51061e+07,
1.52711e+07,
1.54315e+07,
1.55931e+07,
1.57538e+07,
1.59159e+07,
1.60895e+07,
1.62705e+07,
1.64483e+07,
1.663e+07,
1.68005e+07,
1.69653e+07,
1.71308e+07,
1.72973e+07,
1.74711e+07,
1.76436e+07,
1.78149e+07,
1.79951e+07,
1.81771e+07,
1.83636e+07,
1.85429e+07,
1.87235e+07,
1.89074e+07,
1.90863e+07,
1.92631e+07,
1.94412e+07,
1.96214e+07,
1.98119e+07,
2.00066e+07,
2.02081e+07,
2.04115e+07,
2.06209e+07,
2.08255e+07,
2.10245e+07,
2.12111e+07,
2.13946e+07,
2.15786e+07,
2.17719e+07,
2.19631e+07,
2.21658e+07,
2.23565e+07,
2.25398e+07,
2.27206e+07,
2.29018e+07,
2.30846e+07,
2.32654e+07,
2.3445e+07,
2.36381e+07,
2.38252e+07,
2.40126e+07,
2.42001e+07,
2.43811e+07,
2.45594e+07,
2.4738e+07,
2.49198e+07,
2.51057e+07,
2.52948e+07,
2.5482e+07,
2.56635e+07,
2.58438e+07,
2.6027e+07,
2.62047e+07,
2.6382e+07,
2.65587e+07,
2.67396e+07,
2.6919e+07,
2.70944e+07,
2.72763e+07,
2.74551e+07,
2.76339e+07,
2.78162e+07,
2.79934e+07,
2.81704e+07,
2.83527e+07,
2.85295e+07,
2.87001e+07,
2.88707e+07,
2.90474e+07,
2.92246e+07,
2.94031e+07,
2.95868e+07,
2.97669e+07,
2.99473e+07,
3.01215e+07,
3.02924e+07,
3.04611e+07,
3.06308e+07,
3.08133e+07,
3.09916e+07,
3.11752e+07,
3.13665e+07,
3.15668e+07,
3.17544e+07,
3.19353e+07,
3.21136e+07,
3.22895e+07,
3.24728e+07,
3.26626e+07,
3.28496e+07,
3.30382e+07,
3.32392e+07,
3.34341e+07,
3.36194e+07,
3.37983e+07,
3.39724e+07,
3.4145e+07,
3.432e+07,
3.45035e+07,
3.46895e+07,
3.48795e+07,
3.5073e+07,
3.52604e+07,
3.5439e+07,
3.56131e+07,
3.57847e+07,
3.59537e+07,
3.61233e+07,
3.63014e+07,
3.64787e+07,
3.66593e+07,
3.68261e+07,
3.69893e+07,
3.71474e+07,
3.73013e+07,
3.74552e+07,
3.76089e+07,
3.77654e+07,
3.79335e+07,
3.81056e+07,
3.82712e+07,
3.84305e+07,
3.85881e+07,
3.87425e+07,
3.8893e+07,
3.90414e+07,
3.91905e+07,
375246,
375136,
375075,
374972,
374882,
374831,
374766,
374688,
374603,
374502,
374463,
374417,
374344,
374299,
374293,
374273,
374252,
374201,
374146,
374081,
374011,
374023,
374000,
373973,
373918,
373869,
373821,
373704,
373685,
373632,
373601,
373552,
373460,
373379,
373321,
373262,
373219,
373158,
373136,
373098,
373042,
373032,
373002,
372910,
372916,
372943,
372889,
372788,
372678,
372604,
372539,
372447,
372448,
372417,
372321,
372248,
372118,
371993,
371878,
371795,
371711,
371587,
371446,
371395,
371341,
371321,
371391,
371387,
371396,
371481,
371535,
371625,
371694,
371781,
371907,
371939,
372026,
372136,
372189,
372246,
372266,
372380,
372488,
372601,
372669,
372816,
372998,
373086,
373188,
373282,
373390,
373478,
373588,
373731,
373837,
373996,
374163,
374271,
374412,
374502,
374604,
374677,
374770,
374882,
374974,
375190,
375350,
375476,
375655,
375793,
375885,
375966,
376031,
376071,
376198,
376289,
376420,
376558,
376697,
376808,
376938,
377064,
377171,
377267,
377346,
377520,
377662,
377872,
378039,
378222,
378298,
378477,
378577,
378660,
378795,
378948,
379114,
379296,
379432,
379561,
379637,
379773,
379862,
380041,
380226,
380437,
380664,
380891,
381090,
381247,
381374,
381591,
381756,
381934,
382165,
382389,
382630,
382916,
383159,
383388,
383575,
383783,
383917,
384157,
384432,
384715,
385034,
385316,
385623,
385954,
386267,
386548,
386795,
387112,
387504,
387818,
388150,
389402,
390751,
392177,
393598,
395085,
396593,
398081,
399397,
400926,
402484,
403857,
405334,
406815,
408330,
409748,
411199,
412621,
414238,
415754,
417357,
418780,
420539,
422166,
423637,
425382,
427121,
428732,
430633,
432660,
434727,
436572,
438424,
440385,
442176,
444071,
445875,
447772,
449577,
451572,
453495,
455534,
457523,
459391,
461322,
463306,
465284,
467233,
469264,
471263,
473470,
475698,
477951,
480148,
482429,
484728,
486954,
489375,
491699,
493847,
496004,
498464,
500846,
503112,
505415,
507759,
510120,
512448,
514869,
517330,
519776,
522199,
524608,
527057,
529464,
532017,
534612,
537330,
540055,
542614,
545259,
548063,
550733,
553420,
556217,
558829,
561613,
564350,
566942,
569633,
572496,
575431,
578158,
580952,
583785,
586548,
589340,
592296,
595187,
598121,
600987,
604054,
607390,
610698,
613871,
616983,
620124,
623414,
626776,
629951,
633065,
636348,
639596,
642906,
646181,
649436,
652768,
656123,
659470,
662833,
666307,
669677,
673228,
676747,
680220,
683691,
687132,
690738,
694634,
698320,
702127,
705722,
709633,
713406,
717092,
720907,
724773,
728598,
732379,
736359,
740290,
744093,
748161,
752187,
756108,
759886,
764016,
767947,
772054,
776252,
780307,
784371,
788373,
792462,
796510,
800817,
805160,
809615,
814149,
818626,
823163,
827725,
832210,
836843,
841325,
845818,
850467,
855051,
859788,
864473,
869053,
874134,
878824,
883632,
888503,
893400,
898209,
903025,
907844,
912716,
917511,
922349,
927355,
932516,
937757,
942916,
948241,
953622,
959027,
964548,
969960,
975281,
980755,
986210,
991741,
997375,
1.00302e+06,
1.00857e+06,
1.01423e+06,
1.01989e+06,
1.02537e+06,
1.03092e+06,
1.03666e+06,
1.04238e+06,
1.04809e+06,
1.05387e+06,
1.05965e+06,
1.06529e+06,
1.07102e+06,
1.07682e+06,
1.08274e+06,
1.08864e+06,
1.09488e+06,
1.10104e+06,
1.10727e+06,
1.11344e+06,
1.1195e+06,
1.12556e+06,
1.13183e+06,
1.13837e+06,
1.14476e+06,
1.15127e+06,
1.15782e+06,
1.16424e+06,
1.17084e+06,
1.17746e+06,
1.18387e+06,
1.19038e+06,
1.1971e+06,
1.20382e+06,
1.21037e+06,
1.21723e+06,
1.22413e+06,
1.23115e+06,
1.23805e+06,
1.24486e+06,
1.25162e+06,
1.25858e+06,
1.26555e+06,
1.27273e+06,
1.28005e+06,
1.2873e+06,
1.29465e+06,
1.30225e+06,
1.3097e+06,
1.31718e+06,
1.32473e+06,
1.33219e+06,
1.33975e+06,
1.34752e+06,
1.35534e+06,
1.36295e+06,
1.37086e+06,
1.3788e+06,
1.38674e+06,
1.39469e+06,
1.40241e+06,
1.41047e+06,
1.41841e+06,
1.42648e+06,
1.43479e+06,
1.44306e+06,
1.45123e+06,
1.45958e+06,
1.46798e+06,
1.47648e+06,
1.48476e+06,
1.49309e+06,
1.50195e+06,
1.5108e+06,
1.51962e+06,
1.52866e+06,
1.53762e+06,
1.5465e+06,
1.55538e+06,
1.56421e+06,
1.5731e+06,
1.58219e+06,
1.59148e+06,
1.60066e+06,
1.61e+06,
1.61972e+06,
1.62895e+06,
1.63835e+06,
1.64789e+06,
1.65747e+06,
1.66694e+06,
1.67654e+06,
1.68622e+06,
1.69596e+06,
1.70592e+06,
1.71572e+06,
1.72578e+06,
1.73605e+06,
1.74604e+06,
1.75637e+06,
1.76668e+06,
1.77685e+06,
1.78728e+06,
1.79793e+06,
1.80862e+06,
1.81961e+06,
1.83048e+06,
1.8414e+06,
1.85253e+06,
1.86364e+06,
1.8745e+06,
1.88535e+06,
1.89678e+06,
1.90842e+06,
1.91989e+06,
1.93156e+06,
1.9429e+06,
1.95458e+06,
1.96637e+06,
1.97835e+06,
1.99032e+06,
2.00228e+06,
2.01466e+06,
2.02718e+06,
2.03968e+06,
2.05206e+06,
2.06486e+06,
2.07774e+06,
2.09074e+06,
2.10417e+06,
2.11741e+06,
2.1308e+06,
2.14434e+06,
2.15776e+06,
2.17164e+06,
2.18564e+06,
2.19933e+06,
2.2136e+06,
2.22766e+06,
2.24188e+06,
2.25638e+06,
2.27094e+06,
2.28591e+06,
2.30068e+06,
2.31545e+06,
2.3305e+06,
2.34609e+06,
2.36149e+06,
2.3772e+06,
2.39293e+06,
2.40874e+06,
2.42477e+06,
2.44113e+06,
2.45736e+06,
2.47398e+06,
2.49094e+06,
2.50784e+06,
2.5252e+06,
2.54278e+06,
2.56036e+06,
2.57825e+06,
2.59598e+06,
2.61435e+06,
2.63289e+06,
2.652e+06,
2.67129e+06,
2.69059e+06,
2.7104e+06,
2.73015e+06,
2.75002e+06,
2.76982e+06,
2.79054e+06,
2.81137e+06,
2.83278e+06,
2.85466e+06,
2.87664e+06,
2.89939e+06,
2.92203e+06,
2.94563e+06,
2.96867e+06,
2.99195e+06,
3.01548e+06,
3.03899e+06,
3.06324e+06,
3.08749e+06,
3.11194e+06,
3.1369e+06,
3.16239e+06,
3.18819e+06,
3.21417e+06,
3.24019e+06,
3.26676e+06,
3.29296e+06,
3.32039e+06,
3.34802e+06,
3.37619e+06,
3.40408e+06,
3.43277e+06,
3.46216e+06,
3.49167e+06,
3.52167e+06,
3.5523e+06,
3.58377e+06,
3.61528e+06,
3.64813e+06,
3.68112e+06,
3.71491e+06,
3.7496e+06,
3.78528e+06,
3.82128e+06,
3.85814e+06,
3.8958e+06,
3.93499e+06,
3.97512e+06,
4.01621e+06,
4.05825e+06,
4.10141e+06,
4.14539e+06,
4.19188e+06,
4.23976e+06,
4.29084e+06,
4.34295e+06,
4.39812e+06,
4.45558e+06,
4.51548e+06,
4.57896e+06,
4.646e+06,
4.71858e+06,
4.80446e+06,
4.93176e+06,
5.05726e+06,
5.18541e+06,
5.31974e+06,
5.46197e+06,
5.61396e+06,
5.78159e+06,
6.00242e+06,
6.20596e+06,
6.37638e+06,
6.53881e+06,
6.65828e+06,
6.77207e+06,
6.88567e+06,
7.00118e+06,
7.11651e+06,
7.23442e+06,
7.36133e+06,
7.49086e+06,
7.62539e+06,
7.76824e+06,
7.9077e+06,
8.04297e+06,
8.18013e+06,
8.32126e+06,
8.46841e+06,
8.62131e+06,
8.78422e+06,
8.9586e+06,
9.13013e+06,
9.31396e+06,
9.51518e+06,
9.72848e+06,
9.90852e+06,
1.00814e+07,
1.02488e+07,
1.04155e+07,
1.05858e+07,
1.07646e+07,
1.09409e+07,
1.11149e+07,
1.12843e+07,
1.14511e+07,
1.16173e+07,
1.17815e+07,
1.19474e+07,
1.2122e+07,
1.22944e+07,
1.24741e+07,
1.26445e+07,
1.28156e+07,
1.29691e+07,
1.31217e+07,
1.32777e+07,
1.34349e+07,
1.35858e+07,
1.3737e+07,
1.38932e+07,
1.40592e+07,
1.42173e+07,
1.43786e+07,
1.45429e+07,
1.47031e+07,
1.48594e+07,
1.5015e+07,
1.51719e+07,
1.53286e+07,
1.54859e+07,
1.56511e+07,
1.58185e+07,
1.59846e+07,
1.61477e+07,
1.63071e+07,
1.64658e+07,
1.66252e+07,
1.67854e+07,
1.69483e+07,
1.71179e+07,
1.72881e+07,
1.74539e+07,
1.76229e+07,
1.77898e+07,
1.79538e+07,
1.81191e+07,
1.82875e+07,
1.84612e+07,
1.86288e+07,
1.87969e+07,
1.89709e+07,
1.91472e+07,
1.93216e+07,
1.94948e+07,
1.96682e+07,
1.98485e+07,
2.00235e+07,
2.0194e+07,
2.0364e+07,
2.05349e+07,
2.07133e+07,
2.08967e+07,
2.10825e+07,
2.12679e+07,
2.14565e+07,
2.16364e+07,
2.1814e+07,
2.2e+07,
2.21911e+07,
2.23813e+07,
2.2569e+07,
2.27622e+07,
2.29628e+07,
2.31525e+07,
2.33369e+07,
2.35166e+07,
2.36915e+07,
2.38653e+07,
2.40399e+07,
2.42224e+07,
2.44095e+07,
2.46057e+07,
2.47938e+07,
2.49746e+07,
2.51491e+07,
2.5322e+07,
2.54934e+07,
2.56664e+07,
2.5839e+07,
2.6019e+07,
2.61964e+07,
2.63793e+07,
2.65647e+07,
2.67435e+07,
2.69145e+07,
2.70848e+07,
2.72551e+07,
2.74294e+07,
2.76098e+07,
2.77831e+07,
2.79523e+07,
2.81266e+07,
2.83071e+07,
2.84804e+07,
2.8651e+07,
2.88192e+07,
2.89893e+07,
2.9164e+07,
2.93338e+07,
2.95009e+07,
2.96706e+07,
2.98454e+07,
3.00345e+07,
3.02172e+07,
3.04019e+07,
3.05914e+07,
3.07932e+07,
3.09848e+07,
3.11733e+07,
3.13587e+07,
3.15388e+07,
3.17222e+07,
3.19215e+07,
3.21108e+07,
3.22994e+07,
3.24973e+07,
3.26879e+07,
3.28718e+07,
3.3053e+07,
3.32315e+07,
3.34066e+07,
3.35815e+07,
3.37748e+07,
3.39606e+07,
3.41478e+07,
3.43331e+07,
3.45073e+07,
3.46783e+07,
3.48488e+07,
3.50195e+07,
3.51862e+07,
3.53547e+07,
3.55387e+07,
3.57153e+07,
3.5894e+07,
3.60626e+07,
3.62256e+07,
3.63856e+07,
3.65443e+07,
3.67026e+07,
3.68624e+07,
3.70266e+07,
3.72077e+07,
3.73899e+07,
3.75625e+07,
3.77257e+07,
3.78865e+07,
3.80456e+07,
3.82042e+07,
3.83623e+07,
3.85159e+07,
375246,
375139,
375080,
374989,
374928,
374861,
374817,
374717,
374656,
374554,
374533,
374509,
374442,
374413,
374429,
374387,
374406,
374375,
374304,
374236,
374170,
374214,
374228,
374186,
374153,
374136,
374054,
373954,
373950,
373850,
373849,
373756,
373742,
373652,
373588,
373549,
373506,
373472,
373461,
373517,
373474,
373454,
373461,
373428,
373398,
373316,
373272,
373206,
373124,
373055,
372943,
372945,
372923,
372917,
372861,
372763,
372665,
372603,
372570,
372429,
372286,
372215,
372119,
372050,
372007,
371984,
372028,
372082,
372131,
372162,
372223,
372281,
372406,
372544,
372659,
372749,
372838,
372926,
373007,
373078,
373184,
373295,
373436,
373549,
373681,
373828,
373939,
374098,
374164,
374282,
374368,
374498,
374639,
374725,
374896,
375044,
375211,
375336,
375481,
375567,
375650,
375802,
375906,
375990,
376177,
376331,
376444,
376624,
376747,
376867,
377006,
377073,
377124,
377190,
377395,
377476,
377622,
377744,
377914,
378027,
378172,
378321,
378413,
378527,
378694,
378818,
378964,
379137,
379380,
379496,
379645,
379747,
379778,
379910,
380137,
380306,
380475,
380655,
380851,
381020,
381134,
381288,
381410,
381581,
381781,
381977,
382154,
382431,
382625,
382865,
383014,
383256,
383385,
383678,
383952,
384220,
384451,
384696,
385005,
385280,
385536,
385846,
386111,
386353,
386650,
386944,
387200,
387480,
387828,
388194,
388516,
388824,
389174,
389611,
389980,
390373,
390813,
391138,
391960,
393462,
394922,
396337,
397862,
399357,
400863,
402364,
403777,
405278,
406818,
408353,
409891,
411495,
412949,
414337,
415961,
417447,
419031,
420673,
422235,
423886,
425411,
426975,
428696,
430537,
432329,
434359,
436316,
438215,
440306,
442144,
444050,
445807,
447751,
449711,
451642,
453553,
455679,
457570,
459635,
461513,
463325,
465296,
467308,
469370,
471369,
473375,
475436,
477552,
479841,
482126,
484415,
486708,
488847,
491159,
493557,
496002,
498371,
500600,
502914,
505157,
507531,
509889,
512183,
514585,
516953,
519434,
521985,
524559,
527053,
529438,
531955,
534420,
536897,
539521,
542096,
544797,
547619,
550393,
552965,
555938,
558659,
561462,
564211,
566884,
569731,
572431,
575344,
578138,
581089,
584000,
586788,
589568,
592472,
595453,
598376,
601266,
604164,
607203,
610166,
613415,
616538,
619792,
623070,
626359,
629607,
632694,
635881,
639241,
642513,
645727,
649264,
652547,
655947,
659348,
662953,
666314,
669776,
673242,
676648,
680175,
683707,
687169,
690815,
694314,
698035,
701580,
705404,
709076,
712820,
716683,
720488,
724299,
728298,
732204,
736205,
740059,
744082,
748028,
752067,
756080,
760034,
764101,
768217,
772251,
776408,
780532,
784625,
788729,
792880,
796984,
801145,
805285,
809507,
813795,
818341,
822854,
827216,
831800,
836292,
840973,
845566,
850132,
854692,
859316,
863926,
868701,
873505,
878259,
883076,
887941,
892828,
897834,
902752,
907617,
912590,
917721,
922739,
927647,
932629,
937601,
942581,
947761,
953041,
958227,
963647,
969019,
974457,
979963,
985502,
991077,
996630,
1.00221e+06,
1.00778e+06,
1.01351e+06,
1.01919e+06,
1.02496e+06,
1.03049e+06,
1.03628e+06,
1.04222e+06,
1.04792e+06,
1.05352e+06,
1.05923e+06,
1.06492e+06,
1.0707e+06,
1.07631e+06,
1.08234e+06,
1.08815e+06,
1.09409e+06,
1.09999e+06,
1.10616e+06,
1.11232e+06,
1.1185e+06,
1.12481e+06,
1.1312e+06,
1.13746e+06,
1.14385e+06,
1.15033e+06,
1.15671e+06,
1.16311e+06,
1.16967e+06,
1.17608e+06,
1.18268e+06,
1.18925e+06,
1.19583e+06,
1.20248e+06,
1.20914e+06,
1.21598e+06,
1.22276e+06,
1.22983e+06,
1.23666e+06,
1.24344e+06,
1.25031e+06,
1.25718e+06,
1.26426e+06,
1.27132e+06,
1.27825e+06,
1.28528e+06,
1.29247e+06,
1.29978e+06,
1.30743e+06,
1.31519e+06,
1.32268e+06,
1.33046e+06,
1.33803e+06,
1.34554e+06,
1.3532e+06,
1.3611e+06,
1.36883e+06,
1.37668e+06,
1.38455e+06,
1.39241e+06,
1.40046e+06,
1.4084e+06,
1.41629e+06,
1.4243e+06,
1.4324e+06,
1.44066e+06,
1.44876e+06,
1.45709e+06,
1.46534e+06,
1.47375e+06,
1.48214e+06,
1.49051e+06,
1.49902e+06,
1.50753e+06,
1.51629e+06,
1.52515e+06,
1.5338e+06,
1.54289e+06,
1.55185e+06,
1.56062e+06,
1.5697e+06,
1.57888e+06,
1.58825e+06,
1.59749e+06,
1.60682e+06,
1.61618e+06,
1.62564e+06,
1.6348e+06,
1.64419e+06,
1.65361e+06,
1.66313e+06,
1.67277e+06,
1.68255e+06,
1.69219e+06,
1.70181e+06,
1.7116e+06,
1.72158e+06,
1.73156e+06,
1.74157e+06,
1.75176e+06,
1.7618e+06,
1.772e+06,
1.78212e+06,
1.79265e+06,
1.8031e+06,
1.81391e+06,
1.82472e+06,
1.83556e+06,
1.84636e+06,
1.85728e+06,
1.86851e+06,
1.87966e+06,
1.89063e+06,
1.90206e+06,
1.91359e+06,
1.92508e+06,
1.93674e+06,
1.94858e+06,
1.96034e+06,
1.97202e+06,
1.98397e+06,
1.99567e+06,
2.00788e+06,
2.02008e+06,
2.03231e+06,
2.04457e+06,
2.05715e+06,
2.06974e+06,
2.08262e+06,
2.09575e+06,
2.10861e+06,
2.12152e+06,
2.13467e+06,
2.1482e+06,
2.16187e+06,
2.17566e+06,
2.18937e+06,
2.20344e+06,
2.21751e+06,
2.23179e+06,
2.24604e+06,
2.26037e+06,
2.27461e+06,
2.28946e+06,
2.30444e+06,
2.31974e+06,
2.33481e+06,
2.35015e+06,
2.36565e+06,
2.38133e+06,
2.39707e+06,
2.41283e+06,
2.42861e+06,
2.44466e+06,
2.46102e+06,
2.47763e+06,
2.49432e+06,
2.51113e+06,
2.52831e+06,
2.54567e+06,
2.56327e+06,
2.58064e+06,
2.5984e+06,
2.61686e+06,
2.63554e+06,
2.65447e+06,
2.6738e+06,
2.69302e+06,
2.71231e+06,
2.73198e+06,
2.75219e+06,
2.77254e+06,
2.79301e+06,
2.8138e+06,
2.83518e+06,
2.85684e+06,
2.87913e+06,
2.90151e+06,
2.92409e+06,
2.94698e+06,
2.9701e+06,
2.99333e+06,
3.01712e+06,
3.04049e+06,
3.06438e+06,
3.08851e+06,
3.11289e+06,
3.13801e+06,
3.16358e+06,
3.18954e+06,
3.21523e+06,
3.24119e+06,
3.26739e+06,
3.29451e+06,
3.3222e+06,
3.34994e+06,
3.37778e+06,
3.40654e+06,
3.43555e+06,
3.46513e+06,
3.49527e+06,
3.52525e+06,
3.55613e+06,
3.58792e+06,
3.6196e+06,
3.65201e+06,
3.68585e+06,
3.71999e+06,
3.75499e+06,
3.79023e+06,
3.82693e+06,
3.86402e+06,
3.90206e+06,
3.9415e+06,
3.9824e+06,
4.02405e+06,
4.06673e+06,
4.11125e+06,
4.15718e+06,
4.20455e+06,
4.25367e+06,
4.30629e+06,
4.36218e+06,
4.42024e+06,
4.48056e+06,
4.54369e+06,
4.6119e+06,
4.68552e+06,
4.76534e+06,
4.85954e+06,
5.0027e+06,
5.14737e+06,
5.30002e+06,
5.46635e+06,
5.66331e+06,
5.91776e+06,
6.1037e+06,
6.22155e+06,
6.3326e+06,
6.44143e+06,
6.55631e+06,
6.67117e+06,
6.7858e+06,
6.90181e+06,
7.02389e+06,
7.15663e+06,
7.27708e+06,
7.39058e+06,
7.49862e+06,
7.61777e+06,
7.75264e+06,
7.88735e+06,
8.0257e+06,
8.16909e+06,
8.31934e+06,
8.48705e+06,
8.64737e+06,
8.8079e+06,
8.96513e+06,
9.12929e+06,
9.31343e+06,
9.52795e+06,
9.71498e+06,
9.89117e+06,
1.00644e+07,
1.02438e+07,
1.0413e+07,
1.05784e+07,
1.07487e+07,
1.09092e+07,
1.10745e+07,
1.12366e+07,
1.13986e+07,
1.15622e+07,
1.17314e+07,
1.19058e+07,
1.20634e+07,
1.22082e+07,
1.23487e+07,
1.24894e+07,
1.26352e+07,
1.27816e+07,
1.29299e+07,
1.3085e+07,
1.32374e+07,
1.33987e+07,
1.35512e+07,
1.36984e+07,
1.3843e+07,
1.39885e+07,
1.41476e+07,
1.4305e+07,
1.44519e+07,
1.45988e+07,
1.47476e+07,
1.49061e+07,
1.50625e+07,
1.52133e+07,
1.53649e+07,
1.55229e+07,
1.56819e+07,
1.58354e+07,
1.59869e+07,
1.61382e+07,
1.62917e+07,
1.64548e+07,
1.66223e+07,
1.67825e+07,
1.6935e+07,
1.70893e+07,
1.72488e+07,
1.74039e+07,
1.75608e+07,
1.77213e+07,
1.78826e+07,
1.80542e+07,
1.82254e+07,
1.83843e+07,
1.85387e+07,
1.86894e+07,
1.88516e+07,
1.9013e+07,
1.91769e+07,
1.93478e+07,
1.95174e+07,
1.96845e+07,
1.98555e+07,
2.00151e+07,
2.01707e+07,
2.03264e+07,
2.04918e+07,
2.06622e+07,
2.08316e+07,
2.09974e+07,
2.11636e+07,
2.13346e+07,
2.1509e+07,
2.16702e+07,
2.18309e+07,
2.19962e+07,
2.21784e+07,
2.23525e+07,
2.25273e+07,
2.27049e+07,
2.28848e+07,
2.30666e+07,
2.32532e+07,
2.34421e+07,
2.36351e+07,
2.38228e+07,
2.40109e+07,
2.41898e+07,
2.43655e+07,
2.45397e+07,
2.47155e+07,
2.48913e+07,
2.50742e+07,
2.52546e+07,
2.54266e+07,
2.55973e+07,
2.57746e+07,
2.59488e+07,
2.61213e+07,
2.62919e+07,
2.64632e+07,
2.6635e+07,
2.68215e+07,
2.69946e+07,
2.716e+07,
2.73236e+07,
2.74939e+07,
2.7665e+07,
2.78334e+07,
2.80032e+07,
2.8171e+07,
2.83439e+07,
2.85148e+07,
2.86818e+07,
2.88454e+07,
2.90145e+07,
2.9197e+07,
2.93803e+07,
2.95671e+07,
2.97616e+07,
2.9971e+07,
3.01612e+07,
3.03449e+07,
3.05215e+07,
3.0694e+07,
3.08683e+07,
3.1057e+07,
3.12452e+07,
3.14345e+07,
3.16333e+07,
3.182e+07,
3.20017e+07,
3.21841e+07,
3.23645e+07,
3.2536e+07,
3.27081e+07,
3.28939e+07,
3.30796e+07,
3.32727e+07,
3.34604e+07,
3.36373e+07,
3.38096e+07,
3.39833e+07,
3.41596e+07,
3.43281e+07,
3.44959e+07,
3.46726e+07,
3.48497e+07,
3.503e+07,
3.5199e+07,
3.53641e+07,
3.55275e+07,
3.56897e+07,
3.58534e+07,
3.601e+07,
3.61691e+07,
3.63426e+07,
3.65233e+07,
3.66934e+07,
3.68554e+07,
3.70124e+07,
3.71681e+07,
3.73254e+07,
3.74853e+07,
3.76404e+07,
375246,
375165,
375102,
375027,
374961,
374905,
374868,
374762,
374726,
374671,
374611,
374594,
374557,
374543,
374554,
374542,
374547,
374529,
374470,
374450,
374371,
374410,
374419,
374413,
374392,
374328,
374262,
374242,
374228,
374167,
374136,
374045,
374039,
373948,
373963,
373906,
373848,
373776,
373807,
373829,
373867,
373920,
373914,
373860,
373860,
373787,
373740,
373682,
373603,
373534,
373538,
373516,
373520,
373497,
373456,
373344,
373322,
373343,
373292,
373211,
373092,
372974,
372890,
372714,
372733,
372687,
372748,
372811,
372829,
372879,
372927,
373021,
373167,
373311,
373413,
373490,
373606,
373679,
373792,
373901,
374008,
374114,
374266,
374388,
374541,
374678,
374803,
374927,
375026,
375174,
375296,
375416,
375560,
375698,
375851,
375974,
376136,
376278,
376405,
376522,
376668,
376804,
376934,
377074,
377181,
377312,
377496,
377637,
377777,
377934,
378031,
378232,
378337,
378414,
378571,
378683,
378817,
378950,
379081,
379228,
379335,
379470,
379589,
379678,
379814,
380039,
380269,
380480,
380629,
380807,
381003,
381164,
381275,
381404,
381490,
381743,
381868,
382036,
382225,
382372,
382606,
382770,
382918,
383057,
383242,
383505,
383745,
384045,
384279,
384522,
384788,
385052,
385275,
385521,
385846,
386172,
386518,
386768,
387066,
387365,
387718,
388019,
388254,
388557,
388935,
389239,
389615,
389978,
390370,
390789,
391163,
391569,
391900,
392292,
392705,
393189,
393657,
394148,
394633,
395150,
396268,
397732,
399072,
400473,
402128,
403660,
405241,
406803,
408379,
409941,
411421,
412998,
414514,
416094,
417581,
419164,
420695,
422327,
423909,
425530,
427140,
428778,
430404,
432109,
433780,
435600,
437548,
439400,
441422,
443580,
445548,
447498,
449399,
451244,
453176,
455319,
457309,
459253,
461380,
463372,
465435,
467396,
469368,
471344,
473438,
475474,
477562,
479742,
481703,
483863,
486122,
488510,
490859,
493266,
495695,
497917,
500119,
502389,
504785,
507151,
509435,
511970,
514316,
516707,
519117,
521576,
524080,
526466,
528972,
531492,
533957,
536483,
539046,
541598,
544234,
546925,
549652,
552262,
554963,
557645,
560581,
563439,
566275,
569071,
571947,
574774,
577561,
580346,
583154,
586161,
589035,
592024,
594974,
597938,
600961,
603832,
606854,
610090,
613025,
615927,
618938,
622085,
625356,
628690,
632002,
635209,
638511,
641793,
645098,
648502,
651807,
655227,
658598,
662142,
665547,
669054,
672403,
675932,
679433,
683053,
686663,
690260,
693851,
697348,
700974,
704642,
708294,
711936,
715745,
719640,
723471,
727524,
731382,
735292,
739184,
743273,
747246,
751196,
755203,
759157,
763130,
767274,
771210,
775483,
779690,
783894,
788033,
792228,
796522,
800750,
804963,
809263,
813559,
817878,
822248,
826462,
830999,
835521,
840117,
844645,
849361,
853946,
858683,
863215,
867887,
872568,
877181,
882060,
886969,
891920,
896802,
901655,
906423,
911346,
916320,
921476,
926577,
931563,
936791,
941962,
947120,
952384,
957404,
962664,
967932,
973504,
979029,
984477,
989805,
995353,
1.00083e+06,
1.0064e+06,
1.01196e+06,
1.01759e+06,
1.0233e+06,
1.02911e+06,
1.03497e+06,
1.04088e+06,
1.04662e+06,
1.05236e+06,
1.05813e+06,
1.06386e+06,
1.06949e+06,
1.07537e+06,
1.08101e+06,
1.08719e+06,
1.09309e+06,
1.09894e+06,
1.10486e+06,
1.11101e+06,
1.11694e+06,
1.12304e+06,
1.12922e+06,
1.13553e+06,
1.14205e+06,
1.14857e+06,
1.15492e+06,
1.16139e+06,
1.16777e+06,
1.17413e+06,
1.18061e+06,
1.18746e+06,
1.19405e+06,
1.20075e+06,
1.20728e+06,
1.21414e+06,
1.22097e+06,
1.22783e+06,
1.23473e+06,
1.24167e+06,
1.24866e+06,
1.25554e+06,
1.26233e+06,
1.26929e+06,
1.27616e+06,
1.28342e+06,
1.29059e+06,
1.29778e+06,
1.30526e+06,
1.31251e+06,
1.31996e+06,
1.32744e+06,
1.33478e+06,
1.34223e+06,
1.34977e+06,
1.35774e+06,
1.36535e+06,
1.37332e+06,
1.3812e+06,
1.38919e+06,
1.39721e+06,
1.40538e+06,
1.41347e+06,
1.42149e+06,
1.42951e+06,
1.43755e+06,
1.44569e+06,
1.4539e+06,
1.46232e+06,
1.4707e+06,
1.47899e+06,
1.48721e+06,
1.4957e+06,
1.50415e+06,
1.51253e+06,
1.52125e+06,
1.5299e+06,
1.53869e+06,
1.54744e+06,
1.55626e+06,
1.56528e+06,
1.57429e+06,
1.58347e+06,
1.59271e+06,
1.60163e+06,
1.61076e+06,
1.62005e+06,
1.62971e+06,
1.63914e+06,
1.64858e+06,
1.65816e+06,
1.66765e+06,
1.67724e+06,
1.68695e+06,
1.69675e+06,
1.70633e+06,
1.71627e+06,
1.7261e+06,
1.73634e+06,
1.74653e+06,
1.75639e+06,
1.76666e+06,
1.77662e+06,
1.78682e+06,
1.79713e+06,
1.80761e+06,
1.8183e+06,
1.82876e+06,
1.83947e+06,
1.85064e+06,
1.86167e+06,
1.87254e+06,
1.88343e+06,
1.89443e+06,
1.9058e+06,
1.91706e+06,
1.92874e+06,
1.94029e+06,
1.95177e+06,
1.96363e+06,
1.97538e+06,
1.98729e+06,
1.99932e+06,
2.01154e+06,
2.02384e+06,
2.0361e+06,
2.04853e+06,
2.06105e+06,
2.0736e+06,
2.08607e+06,
2.099e+06,
2.112e+06,
2.1248e+06,
2.13779e+06,
2.15084e+06,
2.16457e+06,
2.17825e+06,
2.19182e+06,
2.2059e+06,
2.22019e+06,
2.23415e+06,
2.24847e+06,
2.26261e+06,
2.27692e+06,
2.29158e+06,
2.30618e+06,
2.32127e+06,
2.33643e+06,
2.35166e+06,
2.36697e+06,
2.38256e+06,
2.39824e+06,
2.41402e+06,
2.43011e+06,
2.44635e+06,
2.46281e+06,
2.47925e+06,
2.49558e+06,
2.51246e+06,
2.52953e+06,
2.54682e+06,
2.56414e+06,
2.58147e+06,
2.59933e+06,
2.61757e+06,
2.63579e+06,
2.6547e+06,
2.67384e+06,
2.69347e+06,
2.71298e+06,
2.73273e+06,
2.75264e+06,
2.7726e+06,
2.79311e+06,
2.81406e+06,
2.83553e+06,
2.85675e+06,
2.87855e+06,
2.90078e+06,
2.92367e+06,
2.94641e+06,
2.96944e+06,
2.99255e+06,
3.01575e+06,
3.03944e+06,
3.06356e+06,
3.08786e+06,
3.11266e+06,
3.13732e+06,
3.16262e+06,
3.18787e+06,
3.21343e+06,
3.23958e+06,
3.26622e+06,
3.29356e+06,
3.32106e+06,
3.34869e+06,
3.37651e+06,
3.4054e+06,
3.43505e+06,
3.46471e+06,
3.49502e+06,
3.5258e+06,
3.55657e+06,
3.58828e+06,
3.62044e+06,
3.65376e+06,
3.68779e+06,
3.72187e+06,
3.75684e+06,
3.79299e+06,
3.8299e+06,
3.86761e+06,
3.90654e+06,
3.94572e+06,
3.98599e+06,
4.02853e+06,
4.07225e+06,
4.11749e+06,
4.16445e+06,
4.21292e+06,
4.26451e+06,
4.32001e+06,
4.37806e+06,
4.43828e+06,
4.50304e+06,
4.57215e+06,
4.64552e+06,
4.72387e+06,
4.81097e+06,
4.91891e+06,
5.08782e+06,
5.26333e+06,
5.47785e+06,
5.75785e+06,
5.88845e+06,
6.00455e+06,
6.11505e+06,
6.22105e+06,
6.3253e+06,
6.43267e+06,
6.54997e+06,
6.66677e+06,
6.79099e+06,
6.92796e+06,
7.03944e+06,
7.1459e+06,
7.25057e+06,
7.35586e+06,
7.46242e+06,
7.57813e+06,
7.71665e+06,
7.85693e+06,
8.00748e+06,
8.17508e+06,
8.32581e+06,
8.46725e+06,
8.61411e+06,
8.76548e+06,
8.92465e+06,
9.09872e+06,
9.31507e+06,
9.50991e+06,
9.69445e+06,
9.88464e+06,
1.00576e+07,
1.02162e+07,
1.0371e+07,
1.05277e+07,
1.06864e+07,
1.08428e+07,
1.10058e+07,
1.11476e+07,
1.12943e+07,
1.14565e+07,
1.16059e+07,
1.17545e+07,
1.18884e+07,
1.2019e+07,
1.2148e+07,
1.22779e+07,
1.24209e+07,
1.25664e+07,
1.27232e+07,
1.28966e+07,
1.30494e+07,
1.31942e+07,
1.33298e+07,
1.34594e+07,
1.35893e+07,
1.37238e+07,
1.3877e+07,
1.40284e+07,
1.41805e+07,
1.43439e+07,
1.44946e+07,
1.46401e+07,
1.47807e+07,
1.49195e+07,
1.50624e+07,
1.5204e+07,
1.53552e+07,
1.55055e+07,
1.5658e+07,
1.5827e+07,
1.59848e+07,
1.61323e+07,
1.62823e+07,
1.64278e+07,
1.65676e+07,
1.67064e+07,
1.68598e+07,
1.70151e+07,
1.71727e+07,
1.73434e+07,
1.75072e+07,
1.76625e+07,
1.78086e+07,
1.79534e+07,
1.80967e+07,
1.82427e+07,
1.83985e+07,
1.85557e+07,
1.87185e+07,
1.88944e+07,
1.90542e+07,
1.92069e+07,
1.93565e+07,
1.95037e+07,
1.96494e+07,
1.97989e+07,
1.99621e+07,
2.01249e+07,
2.02816e+07,
2.04476e+07,
2.06064e+07,
2.07583e+07,
2.09071e+07,
2.10556e+07,
2.12062e+07,
2.13637e+07,
2.15357e+07,
2.16997e+07,
2.18651e+07,
2.20383e+07,
2.22042e+07,
2.23627e+07,
2.25188e+07,
2.26778e+07,
2.28426e+07,
2.30037e+07,
2.31722e+07,
2.33404e+07,
2.3509e+07,
2.36828e+07,
2.38545e+07,
2.40204e+07,
2.41874e+07,
2.43592e+07,
2.45264e+07,
2.46942e+07,
2.48818e+07,
2.50669e+07,
2.52525e+07,
2.54357e+07,
2.56172e+07,
2.57914e+07,
2.59638e+07,
2.6129e+07,
2.62907e+07,
2.64508e+07,
2.66179e+07,
2.67844e+07,
2.69537e+07,
2.7127e+07,
2.73051e+07,
2.74789e+07,
2.76423e+07,
2.78022e+07,
2.79591e+07,
2.81218e+07,
2.83073e+07,
2.84959e+07,
2.86936e+07,
2.88945e+07,
2.91013e+07,
2.9285e+07,
2.94622e+07,
2.96339e+07,
2.97988e+07,
2.9965e+07,
3.01493e+07,
3.0335e+07,
3.05254e+07,
3.07281e+07,
3.09221e+07,
3.10989e+07,
3.12705e+07,
3.1439e+07,
3.16051e+07,
3.1772e+07,
3.1955e+07,
3.21382e+07,
3.233e+07,
3.25198e+07,
3.27036e+07,
3.28736e+07,
3.30381e+07,
3.3198e+07,
3.33585e+07,
3.35205e+07,
3.36969e+07,
3.38741e+07,
3.40523e+07,
3.4222e+07,
3.43898e+07,
3.45491e+07,
3.47044e+07,
3.48575e+07,
3.50082e+07,
3.51636e+07,
3.53395e+07,
3.55226e+07,
3.56988e+07,
3.58692e+07,
3.60362e+07,
3.61944e+07,
3.63472e+07,
3.64988e+07,
3.66494e+07,
375246,
375181,
375117,
375048,
375000,
374933,
374890,
374817,
374793,
374754,
374698,
374676,
374681,
374653,
374688,
374649,
374698,
374696,
374633,
374587,
374595,
374589,
374618,
374608,
374593,
374590,
374512,
374500,
374467,
374443,
374394,
374404,
374376,
374331,
374301,
374242,
374235,
374207,
374177,
374153,
374280,
374331,
374316,
374297,
374260,
374259,
374239,
374170,
374135,
374078,
374078,
374081,
374106,
374116,
374084,
374021,
373976,
373930,
373900,
373864,
373780,
373651,
373500,
373463,
373401,
373421,
373413,
373459,
373514,
373589,
373665,
373709,
373884,
373941,
374043,
374155,
374263,
374350,
374503,
374614,
374777,
374890,
375041,
375199,
375324,
375477,
375610,
375714,
375859,
376004,
376181,
376336,
376476,
376644,
376788,
376922,
377132,
377245,
377369,
377545,
377679,
377792,
377931,
378049,
378259,
378408,
378591,
378770,
378961,
379104,
379257,
379356,
379443,
379591,
379725,
379882,
380035,
380234,
380364,
380433,
380562,
380655,
380838,
381024,
381189,
381328,
381506,
381713,
381883,
382059,
382284,
382485,
382642,
382732,
382963,
383118,
383335,
383578,
383704,
383889,
384109,
384324,
384499,
384731,
384959,
385172,
385434,
385696,
385947,
386268,
386621,
386914,
387270,
387565,
387912,
388232,
388592,
388878,
389127,
389480,
389864,
390181,
390493,
390893,
391344,
391743,
392128,
392547,
392955,
393323,
393705,
394173,
394643,
395094,
395570,
396052,
396639,
397064,
397561,
398100,
398637,
399121,
400234,
401801,
403311,
404788,
406299,
407902,
409536,
410988,
412677,
414242,
415760,
417261,
418963,
420694,
422337,
423924,
425504,
427094,
428790,
430415,
432100,
433683,
435418,
437077,
438841,
440792,
442767,
444654,
446627,
448659,
450725,
452640,
454706,
456720,
458731,
460790,
462939,
464942,
467014,
469038,
471056,
472975,
475135,
477136,
479168,
481357,
483494,
485600,
487829,
489999,
492331,
494725,
497114,
499478,
501804,
504071,
506526,
508897,
511287,
513679,
516122,
518446,
521002,
523372,
525860,
528351,
530832,
533341,
535777,
538294,
540916,
543451,
545993,
548628,
551275,
553931,
556646,
559494,
562343,
565223,
567995,
570698,
573479,
576371,
579278,
582241,
585105,
588001,
591064,
593973,
596882,
599866,
602819,
605811,
608849,
611922,
614941,
618043,
621246,
624375,
627708,
630864,
634127,
637329,
640596,
644021,
647406,
650758,
654111,
657582,
660955,
664577,
667968,
671471,
675012,
678516,
682094,
685496,
688982,
692645,
696169,
699823,
703504,
707253,
711013,
714680,
718390,
722150,
725950,
729647,
733718,
737695,
741705,
745683,
749827,
753852,
757945,
762091,
766211,
770162,
774308,
778419,
782410,
786654,
790844,
795028,
799324,
803526,
807842,
812264,
816590,
820886,
825398,
829797,
834137,
838654,
843179,
847656,
852149,
856724,
861551,
866181,
870950,
875834,
880662,
885601,
890482,
895481,
900370,
905249,
910135,
915015,
920115,
925069,
930179,
935186,
940169,
945383,
950643,
955725,
960844,
966124,
971487,
976803,
982192,
987784,
993256,
998837,
1.00445e+06,
1.01007e+06,
1.01574e+06,
1.02156e+06,
1.0273e+06,
1.03309e+06,
1.03883e+06,
1.04473e+06,
1.0503e+06,
1.05606e+06,
1.06202e+06,
1.06791e+06,
1.07363e+06,
1.07953e+06,
1.08543e+06,
1.09135e+06,
1.09737e+06,
1.1034e+06,
1.1095e+06,
1.11551e+06,
1.12153e+06,
1.12763e+06,
1.13367e+06,
1.13972e+06,
1.14607e+06,
1.15233e+06,
1.15861e+06,
1.16505e+06,
1.17152e+06,
1.17825e+06,
1.18497e+06,
1.19163e+06,
1.1982e+06,
1.2049e+06,
1.21158e+06,
1.21818e+06,
1.22519e+06,
1.232e+06,
1.23888e+06,
1.24564e+06,
1.25247e+06,
1.25936e+06,
1.26624e+06,
1.27328e+06,
1.28054e+06,
1.28776e+06,
1.29506e+06,
1.30254e+06,
1.30968e+06,
1.31693e+06,
1.32445e+06,
1.33193e+06,
1.33944e+06,
1.34667e+06,
1.35411e+06,
1.36166e+06,
1.36936e+06,
1.3772e+06,
1.38536e+06,
1.39327e+06,
1.40128e+06,
1.40936e+06,
1.41729e+06,
1.42525e+06,
1.43346e+06,
1.44157e+06,
1.44967e+06,
1.45793e+06,
1.46629e+06,
1.47475e+06,
1.48305e+06,
1.4914e+06,
1.49993e+06,
1.5085e+06,
1.51708e+06,
1.52561e+06,
1.5343e+06,
1.54295e+06,
1.55166e+06,
1.56028e+06,
1.56906e+06,
1.57769e+06,
1.58662e+06,
1.5959e+06,
1.6051e+06,
1.61429e+06,
1.62375e+06,
1.63322e+06,
1.64261e+06,
1.65221e+06,
1.66162e+06,
1.67096e+06,
1.68043e+06,
1.68998e+06,
1.70002e+06,
1.70996e+06,
1.71982e+06,
1.7297e+06,
1.73949e+06,
1.74946e+06,
1.75952e+06,
1.7697e+06,
1.77991e+06,
1.79001e+06,
1.80043e+06,
1.81082e+06,
1.82142e+06,
1.83206e+06,
1.84255e+06,
1.85325e+06,
1.86402e+06,
1.87482e+06,
1.88568e+06,
1.89681e+06,
1.90824e+06,
1.91943e+06,
1.93098e+06,
1.94269e+06,
1.9543e+06,
1.96637e+06,
1.97821e+06,
1.98985e+06,
2.00186e+06,
2.01359e+06,
2.02558e+06,
2.03785e+06,
2.05005e+06,
2.06243e+06,
2.07508e+06,
2.08747e+06,
2.1002e+06,
2.11308e+06,
2.12606e+06,
2.13908e+06,
2.15222e+06,
2.16558e+06,
2.17897e+06,
2.19253e+06,
2.20611e+06,
2.22041e+06,
2.23443e+06,
2.2487e+06,
2.26278e+06,
2.27734e+06,
2.2919e+06,
2.30647e+06,
2.32118e+06,
2.33644e+06,
2.3517e+06,
2.36718e+06,
2.38282e+06,
2.39822e+06,
2.4139e+06,
2.42967e+06,
2.44606e+06,
2.46248e+06,
2.47902e+06,
2.49539e+06,
2.51205e+06,
2.52918e+06,
2.54613e+06,
2.5634e+06,
2.58076e+06,
2.59833e+06,
2.61625e+06,
2.63467e+06,
2.65274e+06,
2.67148e+06,
2.69068e+06,
2.7103e+06,
2.72985e+06,
2.74974e+06,
2.76988e+06,
2.79012e+06,
2.811e+06,
2.83185e+06,
2.85345e+06,
2.87535e+06,
2.89768e+06,
2.91976e+06,
2.94251e+06,
2.96553e+06,
2.98868e+06,
3.01207e+06,
3.03568e+06,
3.05979e+06,
3.08393e+06,
3.10841e+06,
3.13316e+06,
3.1581e+06,
3.18337e+06,
3.20906e+06,
3.23537e+06,
3.26192e+06,
3.28878e+06,
3.31619e+06,
3.3441e+06,
3.37217e+06,
3.40091e+06,
3.43021e+06,
3.45965e+06,
3.49009e+06,
3.52088e+06,
3.55232e+06,
3.58421e+06,
3.61719e+06,
3.65075e+06,
3.68419e+06,
3.71889e+06,
3.75412e+06,
3.79074e+06,
3.82816e+06,
3.86601e+06,
3.90441e+06,
3.9452e+06,
3.98651e+06,
4.02955e+06,
4.07418e+06,
4.11996e+06,
4.16755e+06,
4.21689e+06,
4.2707e+06,
4.32788e+06,
4.38793e+06,
4.4519e+06,
4.52173e+06,
4.59357e+06,
4.66989e+06,
4.75427e+06,
4.85039e+06,
4.97274e+06,
5.18418e+06,
5.49003e+06,
5.63729e+06,
5.75903e+06,
5.87413e+06,
5.98226e+06,
6.08605e+06,
6.18968e+06,
6.29413e+06,
6.40074e+06,
6.52553e+06,
6.66867e+06,
6.77967e+06,
6.88511e+06,
6.98877e+06,
7.09242e+06,
7.19685e+06,
7.30137e+06,
7.41008e+06,
7.52342e+06,
7.67123e+06,
7.84009e+06,
7.98504e+06,
8.12229e+06,
8.26005e+06,
8.40233e+06,
8.5506e+06,
8.7076e+06,
8.87686e+06,
9.08147e+06,
9.29146e+06,
9.49347e+06,
9.67064e+06,
9.83072e+06,
9.98741e+06,
1.01412e+07,
1.02921e+07,
1.04233e+07,
1.0549e+07,
1.06804e+07,
1.08292e+07,
1.09959e+07,
1.11471e+07,
1.12784e+07,
1.14144e+07,
1.15426e+07,
1.16663e+07,
1.1791e+07,
1.19163e+07,
1.20478e+07,
1.22019e+07,
1.23747e+07,
1.25414e+07,
1.26759e+07,
1.28027e+07,
1.29275e+07,
1.30519e+07,
1.31775e+07,
1.33059e+07,
1.34438e+07,
1.3607e+07,
1.37777e+07,
1.39326e+07,
1.407e+07,
1.41992e+07,
1.43278e+07,
1.44587e+07,
1.45944e+07,
1.47393e+07,
1.48803e+07,
1.50341e+07,
1.52005e+07,
1.53579e+07,
1.55027e+07,
1.56399e+07,
1.5777e+07,
1.59185e+07,
1.60544e+07,
1.61881e+07,
1.63214e+07,
1.64742e+07,
1.66422e+07,
1.68072e+07,
1.69595e+07,
1.71127e+07,
1.72515e+07,
1.73857e+07,
1.75185e+07,
1.76486e+07,
1.77856e+07,
1.79436e+07,
1.81145e+07,
1.82893e+07,
1.84459e+07,
1.85924e+07,
1.87354e+07,
1.88708e+07,
1.90018e+07,
1.91357e+07,
1.92755e+07,
1.94354e+07,
1.96084e+07,
1.97732e+07,
1.99229e+07,
2.00672e+07,
2.02088e+07,
2.03459e+07,
2.04809e+07,
2.06177e+07,
2.07666e+07,
2.09327e+07,
2.11046e+07,
2.12749e+07,
2.14295e+07,
2.15783e+07,
2.1721e+07,
2.18652e+07,
2.20098e+07,
2.21614e+07,
2.23086e+07,
2.24729e+07,
2.26413e+07,
2.28124e+07,
2.2968e+07,
2.31166e+07,
2.32642e+07,
2.34127e+07,
2.35662e+07,
2.37139e+07,
2.3866e+07,
2.4032e+07,
2.42039e+07,
2.43782e+07,
2.45374e+07,
2.46931e+07,
2.48489e+07,
2.50071e+07,
2.51589e+07,
2.53117e+07,
2.54692e+07,
2.56422e+07,
2.5817e+07,
2.59949e+07,
2.61683e+07,
2.63412e+07,
2.65167e+07,
2.66825e+07,
2.68405e+07,
2.70007e+07,
2.71701e+07,
2.73717e+07,
2.7588e+07,
2.77927e+07,
2.798e+07,
2.8168e+07,
2.83409e+07,
2.85043e+07,
2.8666e+07,
2.8829e+07,
2.89969e+07,
2.91927e+07,
2.93945e+07,
2.95983e+07,
2.97944e+07,
2.99701e+07,
3.01376e+07,
3.0296e+07,
3.0452e+07,
3.0611e+07,
3.07772e+07,
3.09707e+07,
3.11708e+07,
3.13754e+07,
3.15562e+07,
3.17234e+07,
3.18829e+07,
3.20355e+07,
3.21882e+07,
3.23404e+07,
3.24969e+07,
3.26749e+07,
3.28583e+07,
3.3042e+07,
3.32056e+07,
3.3361e+07,
3.35095e+07,
3.3656e+07,
3.38009e+07,
3.39474e+07,
3.4102e+07,
3.42833e+07,
3.4472e+07,
3.46513e+07,
3.48125e+07,
3.49678e+07,
3.51181e+07,
3.52647e+07,
3.54094e+07,
3.5556e+07,
375246,
375190,
375129,
375072,
375050,
374977,
374903,
374883,
374855,
374834,
374774,
374780,
374816,
374796,
374774,
374781,
374849,
374871,
374818,
374815,
374773,
374788,
374828,
374798,
374838,
374795,
374753,
374731,
374728,
374717,
374721,
374762,
374693,
374610,
374597,
374560,
374562,
374573,
374587,
374624,
374670,
374722,
374770,
374730,
374776,
374796,
374732,
374651,
374653,
374573,
374568,
374599,
374624,
374617,
374624,
374615,
374566,
374518,
374464,
374447,
374420,
374311,
374264,
374168,
374137,
374065,
374076,
374068,
374175,
374266,
374392,
374518,
374595,
374724,
374790,
374932,
375022,
375145,
375282,
375380,
375529,
375702,
375862,
376012,
376155,
376308,
376453,
376588,
376743,
376873,
377107,
377294,
377475,
377635,
377772,
377940,
378123,
378228,
378364,
378526,
378650,
378810,
378988,
379151,
379295,
379469,
379635,
379805,
379973,
380115,
380293,
380459,
380582,
380717,
380889,
381056,
381199,
381391,
381551,
381677,
381784,
381960,
382123,
382291,
382427,
382593,
382795,
383029,
383279,
383425,
383599,
383788,
383970,
384169,
384440,
384621,
384832,
385115,
385371,
385595,
385844,
386030,
386275,
386537,
386777,
386962,
387196,
387504,
387829,
388154,
388433,
388767,
389147,
389464,
389852,
390234,
390601,
390923,
391287,
391683,
392080,
392481,
392864,
393267,
393672,
394117,
394627,
395040,
395459,
395939,
396431,
396866,
397371,
397920,
398372,
398943,
399514,
400113,
400656,
401137,
401657,
402140,
402663,
403168,
404204,
405800,
407386,
408988,
410594,
412169,
413754,
415531,
417105,
418759,
420402,
421855,
423581,
425196,
426810,
428509,
430216,
431834,
433562,
435225,
436999,
438697,
440418,
442153,
443874,
445813,
447822,
449723,
451723,
453720,
455852,
457926,
459962,
461953,
464023,
466142,
468128,
470195,
472269,
474318,
476575,
478644,
480812,
482998,
485090,
487241,
489302,
491423,
493644,
495917,
498123,
500603,
503102,
505389,
507741,
510186,
512426,
514914,
517492,
519901,
522370,
524849,
527320,
529898,
532444,
534929,
537438,
539812,
542347,
544957,
547633,
550133,
552778,
555620,
558258,
560979,
563712,
566530,
569255,
572086,
575015,
577877,
580804,
583601,
586543,
589520,
592533,
595483,
598359,
601421,
604599,
607541,
610482,
613525,
616595,
619686,
622789,
626169,
629446,
632594,
635655,
638801,
641958,
645330,
648882,
652244,
655696,
659227,
662734,
666311,
669980,
673570,
677089,
680690,
684140,
687731,
691224,
694784,
698441,
702110,
705795,
709522,
713251,
716998,
720780,
724461,
728317,
732188,
735978,
739677,
743557,
747546,
751609,
755734,
759815,
763920,
768283,
772286,
776342,
780606,
784805,
789123,
793332,
797655,
802106,
806309,
810531,
814861,
819363,
823689,
828316,
832736,
837115,
841521,
845831,
850459,
854925,
859387,
863886,
868637,
873450,
878233,
883240,
887992,
892925,
897890,
902891,
907995,
912964,
917952,
922978,
928154,
933118,
938282,
943396,
948354,
953655,
958970,
964075,
969547,
974792,
980001,
985286,
990653,
996134,
1.0016e+06,
1.00714e+06,
1.01271e+06,
1.01834e+06,
1.02415e+06,
1.02999e+06,
1.03576e+06,
1.04155e+06,
1.04735e+06,
1.05329e+06,
1.05909e+06,
1.06504e+06,
1.07099e+06,
1.07674e+06,
1.0827e+06,
1.08867e+06,
1.09468e+06,
1.10059e+06,
1.10655e+06,
1.11272e+06,
1.11893e+06,
1.12509e+06,
1.13125e+06,
1.13726e+06,
1.14321e+06,
1.14933e+06,
1.15565e+06,
1.16215e+06,
1.16856e+06,
1.17495e+06,
1.1814e+06,
1.18793e+06,
1.19451e+06,
1.20111e+06,
1.20785e+06,
1.21454e+06,
1.22139e+06,
1.22834e+06,
1.2352e+06,
1.24217e+06,
1.24924e+06,
1.2561e+06,
1.26317e+06,
1.27007e+06,
1.27702e+06,
1.28417e+06,
1.2915e+06,
1.29864e+06,
1.30586e+06,
1.31317e+06,
1.32053e+06,
1.32783e+06,
1.33511e+06,
1.34264e+06,
1.35002e+06,
1.35749e+06,
1.36526e+06,
1.37286e+06,
1.38065e+06,
1.38852e+06,
1.39636e+06,
1.40427e+06,
1.41255e+06,
1.42065e+06,
1.42867e+06,
1.43679e+06,
1.44478e+06,
1.45313e+06,
1.46123e+06,
1.46953e+06,
1.47805e+06,
1.48629e+06,
1.49476e+06,
1.50316e+06,
1.51178e+06,
1.52021e+06,
1.52887e+06,
1.53743e+06,
1.5461e+06,
1.55504e+06,
1.5636e+06,
1.57247e+06,
1.58125e+06,
1.58992e+06,
1.59897e+06,
1.60809e+06,
1.61705e+06,
1.62618e+06,
1.63543e+06,
1.64474e+06,
1.65437e+06,
1.66363e+06,
1.6733e+06,
1.68287e+06,
1.69255e+06,
1.70237e+06,
1.71205e+06,
1.72189e+06,
1.73157e+06,
1.74166e+06,
1.75172e+06,
1.76178e+06,
1.77193e+06,
1.78228e+06,
1.79252e+06,
1.80301e+06,
1.81331e+06,
1.82383e+06,
1.83454e+06,
1.84511e+06,
1.85584e+06,
1.86645e+06,
1.87735e+06,
1.88797e+06,
1.89904e+06,
1.9102e+06,
1.92175e+06,
1.9333e+06,
1.94461e+06,
1.95625e+06,
1.96777e+06,
1.9793e+06,
1.99102e+06,
2.00276e+06,
2.01456e+06,
2.02649e+06,
2.03872e+06,
2.05116e+06,
2.06352e+06,
2.07605e+06,
2.08874e+06,
2.10131e+06,
2.11413e+06,
2.12691e+06,
2.13974e+06,
2.15265e+06,
2.16604e+06,
2.17925e+06,
2.19255e+06,
2.20638e+06,
2.2199e+06,
2.23394e+06,
2.24796e+06,
2.26185e+06,
2.27608e+06,
2.29085e+06,
2.30536e+06,
2.32035e+06,
2.33545e+06,
2.35036e+06,
2.36545e+06,
2.3809e+06,
2.39646e+06,
2.41228e+06,
2.42798e+06,
2.44376e+06,
2.45999e+06,
2.47639e+06,
2.49311e+06,
2.50995e+06,
2.52664e+06,
2.54357e+06,
2.56077e+06,
2.57815e+06,
2.59563e+06,
2.61339e+06,
2.6312e+06,
2.6493e+06,
2.668e+06,
2.68687e+06,
2.70587e+06,
2.7251e+06,
2.74486e+06,
2.76475e+06,
2.78513e+06,
2.8055e+06,
2.8266e+06,
2.84809e+06,
2.8697e+06,
2.89154e+06,
2.91329e+06,
2.93551e+06,
2.95797e+06,
2.98052e+06,
3.00368e+06,
3.02721e+06,
3.0514e+06,
3.07547e+06,
3.10005e+06,
3.1248e+06,
3.14955e+06,
3.1747e+06,
3.20039e+06,
3.22637e+06,
3.25263e+06,
3.27971e+06,
3.30695e+06,
3.33472e+06,
3.36278e+06,
3.39157e+06,
3.42101e+06,
3.45047e+06,
3.48068e+06,
3.51161e+06,
3.54257e+06,
3.57492e+06,
3.60778e+06,
3.64099e+06,
3.6748e+06,
3.7094e+06,
3.74538e+06,
3.78204e+06,
3.81942e+06,
3.85712e+06,
3.89644e+06,
3.93702e+06,
3.97902e+06,
4.02269e+06,
4.06746e+06,
4.11423e+06,
4.16265e+06,
4.21356e+06,
4.26768e+06,
4.32601e+06,
4.38892e+06,
4.4576e+06,
4.52665e+06,
4.59767e+06,
4.67585e+06,
4.76399e+06,
4.86594e+06,
5.01122e+06,
5.32531e+06,
5.47667e+06,
5.60172e+06,
5.71801e+06,
5.82621e+06,
5.92937e+06,
6.03334e+06,
6.13661e+06,
6.2393e+06,
6.35116e+06,
6.49544e+06,
6.60546e+06,
6.71048e+06,
6.81362e+06,
6.91604e+06,
7.01924e+06,
7.12288e+06,
7.22868e+06,
7.33764e+06,
7.45693e+06,
7.62141e+06,
7.76066e+06,
7.89684e+06,
8.03445e+06,
8.17571e+06,
8.32027e+06,
8.47326e+06,
8.63963e+06,
8.83451e+06,
9.0462e+06,
9.25781e+06,
9.42707e+06,
9.587e+06,
9.7222e+06,
9.84517e+06,
9.96963e+06,
1.01009e+07,
1.02272e+07,
1.03536e+07,
1.04871e+07,
1.06658e+07,
1.07987e+07,
1.09247e+07,
1.10516e+07,
1.11811e+07,
1.13052e+07,
1.14266e+07,
1.15512e+07,
1.16796e+07,
1.18163e+07,
1.19992e+07,
1.21389e+07,
1.22695e+07,
1.23952e+07,
1.25195e+07,
1.26443e+07,
1.27693e+07,
1.28957e+07,
1.30237e+07,
1.31669e+07,
1.3352e+07,
1.34914e+07,
1.36233e+07,
1.37516e+07,
1.38784e+07,
1.4007e+07,
1.4136e+07,
1.42703e+07,
1.44047e+07,
1.45436e+07,
1.47289e+07,
1.48745e+07,
1.50078e+07,
1.51382e+07,
1.52691e+07,
1.54042e+07,
1.55356e+07,
1.56621e+07,
1.57923e+07,
1.59311e+07,
1.61175e+07,
1.62717e+07,
1.64091e+07,
1.65495e+07,
1.66867e+07,
1.68144e+07,
1.69415e+07,
1.70695e+07,
1.71993e+07,
1.73396e+07,
1.7528e+07,
1.76934e+07,
1.78458e+07,
1.79788e+07,
1.8107e+07,
1.82353e+07,
1.83625e+07,
1.84911e+07,
1.86238e+07,
1.87673e+07,
1.89585e+07,
1.91231e+07,
1.92624e+07,
1.9392e+07,
1.95204e+07,
1.96474e+07,
1.97756e+07,
1.99068e+07,
2.0044e+07,
2.01985e+07,
2.03905e+07,
2.05484e+07,
2.06926e+07,
2.08326e+07,
2.09648e+07,
2.10976e+07,
2.1231e+07,
2.13703e+07,
2.15185e+07,
2.16659e+07,
2.18466e+07,
2.20062e+07,
2.21521e+07,
2.2294e+07,
2.24345e+07,
2.25701e+07,
2.27102e+07,
2.28531e+07,
2.29903e+07,
2.31312e+07,
2.33115e+07,
2.34724e+07,
2.36217e+07,
2.37677e+07,
2.39113e+07,
2.40589e+07,
2.42034e+07,
2.43415e+07,
2.44784e+07,
2.46191e+07,
2.47934e+07,
2.49533e+07,
2.51042e+07,
2.52527e+07,
2.54044e+07,
2.55561e+07,
2.57016e+07,
2.58476e+07,
2.59928e+07,
2.6154e+07,
2.63837e+07,
2.65794e+07,
2.67613e+07,
2.69381e+07,
2.7117e+07,
2.72822e+07,
2.74437e+07,
2.761e+07,
2.77785e+07,
2.79578e+07,
2.81942e+07,
2.83994e+07,
2.85879e+07,
2.87761e+07,
2.89449e+07,
2.91065e+07,
2.92634e+07,
2.94194e+07,
2.95751e+07,
2.97418e+07,
2.99616e+07,
3.01583e+07,
3.03476e+07,
3.05208e+07,
3.06824e+07,
3.0836e+07,
3.09852e+07,
3.113e+07,
3.12757e+07,
3.14322e+07,
3.16273e+07,
3.18063e+07,
3.1974e+07,
3.21295e+07,
3.22799e+07,
3.24269e+07,
3.25701e+07,
3.27087e+07,
3.28493e+07,
3.30019e+07,
3.32037e+07,
3.33935e+07,
3.35578e+07,
3.37114e+07,
3.38576e+07,
3.40029e+07,
3.41462e+07,
3.42873e+07,
3.44306e+07,
375246,
375194,
375148,
375103,
375078,
375023,
374971,
374976,
374937,
374924,
374862,
374879,
374912,
374923,
374900,
374936,
374983,
375024,
374988,
374980,
374988,
375025,
375006,
375048,
375027,
375015,
375077,
374981,
375007,
375027,
374962,
375001,
374994,
374932,
374899,
374931,
374957,
374998,
375034,
375040,
375088,
375127,
375175,
375186,
375209,
375161,
375126,
375106,
375086,
375081,
375145,
375143,
375182,
375199,
375196,
375222,
375240,
375136,
375082,
375046,
375060,
375042,
375017,
375013,
374910,
374875,
374841,
374832,
374872,
374987,
375093,
375195,
375340,
375475,
375570,
375647,
375756,
375908,
376059,
376258,
376427,
376557,
376707,
376841,
376975,
377114,
377280,
377455,
377639,
377842,
378020,
378244,
378394,
378548,
378685,
378840,
379019,
379139,
379274,
379471,
379695,
379868,
380051,
380230,
380392,
380548,
380723,
380915,
381102,
381324,
381495,
381677,
381871,
381974,
382151,
382298,
382481,
382611,
382741,
382955,
383127,
383294,
383392,
383569,
383785,
383984,
384155,
384342,
384529,
384806,
385027,
385205,
385402,
385602,
385829,
386150,
386484,
386711,
386914,
387201,
387521,
387829,
387979,
388271,
388561,
388884,
389144,
389454,
389828,
390154,
390497,
390733,
391045,
391420,
391829,
392303,
392764,
393238,
393659,
394122,
394519,
394902,
395336,
395806,
396244,
396720,
397180,
397668,
398161,
398663,
399159,
399722,
400223,
400734,
401276,
401880,
402449,
403097,
403655,
404202,
404717,
405241,
405804,
406358,
406923,
407590,
408319,
409957,
411539,
413155,
414785,
416301,
417856,
419477,
421312,
422989,
424612,
426196,
427752,
429478,
431217,
432917,
434833,
436488,
438239,
439977,
441759,
443491,
445271,
447127,
448899,
450796,
452743,
454778,
456685,
458724,
460838,
462902,
464952,
467029,
469175,
471353,
473411,
475411,
477563,
479580,
481770,
483921,
486110,
488357,
490593,
492745,
494850,
497089,
499364,
501478,
503570,
505952,
508434,
510859,
513288,
515759,
518289,
520908,
523420,
525908,
528401,
530852,
533541,
536187,
538825,
541447,
544047,
546568,
549152,
551835,
554333,
557024,
559791,
562286,
564946,
567687,
570579,
573275,
576034,
579093,
581905,
584887,
587836,
590772,
593700,
596733,
599727,
602689,
605742,
608787,
612002,
615096,
618208,
621386,
624543,
627584,
630828,
633958,
637238,
640507,
643716,
646865,
650174,
653484,
656803,
660332,
663853,
667479,
671055,
674534,
678134,
681709,
685208,
688975,
692491,
696286,
699946,
703655,
707418,
711223,
715061,
718801,
722643,
726408,
730331,
734045,
737895,
741594,
745524,
749478,
753325,
757359,
761416,
765445,
769543,
773737,
777933,
782210,
786455,
790711,
795195,
799505,
803768,
808137,
812575,
817024,
821606,
825943,
830408,
834812,
839312,
843772,
848429,
852986,
857630,
862288,
866922,
871399,
875946,
880506,
885021,
889913,
894777,
899878,
904765,
909795,
914833,
919975,
925008,
930200,
935292,
940312,
945411,
950567,
955840,
961258,
966423,
971737,
977088,
982354,
987724,
993090,
998582,
1.00419e+06,
1.00965e+06,
1.01506e+06,
1.02067e+06,
1.0263e+06,
1.03183e+06,
1.03754e+06,
1.04344e+06,
1.04936e+06,
1.05514e+06,
1.06115e+06,
1.06714e+06,
1.0732e+06,
1.07908e+06,
1.085e+06,
1.09093e+06,
1.09683e+06,
1.10279e+06,
1.1088e+06,
1.11489e+06,
1.12109e+06,
1.12731e+06,
1.13327e+06,
1.13956e+06,
1.14579e+06,
1.15206e+06,
1.15849e+06,
1.16499e+06,
1.17132e+06,
1.17776e+06,
1.18417e+06,
1.19076e+06,
1.19734e+06,
1.20379e+06,
1.21034e+06,
1.21714e+06,
1.2238e+06,
1.23063e+06,
1.23756e+06,
1.24461e+06,
1.25152e+06,
1.25844e+06,
1.26544e+06,
1.27255e+06,
1.27973e+06,
1.28671e+06,
1.29406e+06,
1.30153e+06,
1.30887e+06,
1.31616e+06,
1.32338e+06,
1.33102e+06,
1.33853e+06,
1.34577e+06,
1.3533e+06,
1.36079e+06,
1.3684e+06,
1.37603e+06,
1.3837e+06,
1.39134e+06,
1.39916e+06,
1.40713e+06,
1.41494e+06,
1.42298e+06,
1.43092e+06,
1.43899e+06,
1.44721e+06,
1.45536e+06,
1.46345e+06,
1.47164e+06,
1.47999e+06,
1.48833e+06,
1.49669e+06,
1.50515e+06,
1.51357e+06,
1.52229e+06,
1.53079e+06,
1.53944e+06,
1.54831e+06,
1.55684e+06,
1.56545e+06,
1.57429e+06,
1.58316e+06,
1.59205e+06,
1.60123e+06,
1.6101e+06,
1.61917e+06,
1.62841e+06,
1.63769e+06,
1.64701e+06,
1.65625e+06,
1.66546e+06,
1.67484e+06,
1.68445e+06,
1.69404e+06,
1.70379e+06,
1.71346e+06,
1.72315e+06,
1.73296e+06,
1.74319e+06,
1.75339e+06,
1.76357e+06,
1.7739e+06,
1.78408e+06,
1.79434e+06,
1.80449e+06,
1.81504e+06,
1.8255e+06,
1.8361e+06,
1.8471e+06,
1.85792e+06,
1.86888e+06,
1.87979e+06,
1.89057e+06,
1.90135e+06,
1.91244e+06,
1.92343e+06,
1.93462e+06,
1.94586e+06,
1.95757e+06,
1.96899e+06,
1.98073e+06,
1.99239e+06,
2.00411e+06,
2.01604e+06,
2.02804e+06,
2.04012e+06,
2.05236e+06,
2.06498e+06,
2.07746e+06,
2.09014e+06,
2.10249e+06,
2.1151e+06,
2.1277e+06,
2.14055e+06,
2.15337e+06,
2.16667e+06,
2.17999e+06,
2.19343e+06,
2.20674e+06,
2.22022e+06,
2.2341e+06,
2.24804e+06,
2.26194e+06,
2.27599e+06,
2.29013e+06,
2.3046e+06,
2.31901e+06,
2.33359e+06,
2.34884e+06,
2.36378e+06,
2.37887e+06,
2.39431e+06,
2.4097e+06,
2.4253e+06,
2.44115e+06,
2.45708e+06,
2.4734e+06,
2.48989e+06,
2.50642e+06,
2.52314e+06,
2.5402e+06,
2.5572e+06,
2.57423e+06,
2.59131e+06,
2.60892e+06,
2.62673e+06,
2.64455e+06,
2.66286e+06,
2.6812e+06,
2.69993e+06,
2.71898e+06,
2.73854e+06,
2.75832e+06,
2.77788e+06,
2.798e+06,
2.81873e+06,
2.83979e+06,
2.86109e+06,
2.88275e+06,
2.90463e+06,
2.92685e+06,
2.9488e+06,
2.97109e+06,
2.9936e+06,
3.0171e+06,
3.04083e+06,
3.06506e+06,
3.0893e+06,
3.11378e+06,
3.13864e+06,
3.16348e+06,
3.18913e+06,
3.21481e+06,
3.2411e+06,
3.26746e+06,
3.29446e+06,
3.32183e+06,
3.34963e+06,
3.37844e+06,
3.40746e+06,
3.43677e+06,
3.46671e+06,
3.49709e+06,
3.52812e+06,
3.56041e+06,
3.59306e+06,
3.62587e+06,
3.65964e+06,
3.69455e+06,
3.73033e+06,
3.76673e+06,
3.80395e+06,
3.8418e+06,
3.88112e+06,
3.9217e+06,
3.96381e+06,
4.00657e+06,
4.05149e+06,
4.09805e+06,
4.14693e+06,
4.19745e+06,
4.25355e+06,
4.3155e+06,
4.37729e+06,
4.43973e+06,
4.50536e+06,
4.57679e+06,
4.65578e+06,
4.74323e+06,
4.84651e+06,
5.01932e+06,
5.27219e+06,
5.41055e+06,
5.53272e+06,
5.64578e+06,
5.75111e+06,
5.85505e+06,
5.95763e+06,
6.05816e+06,
6.16034e+06,
6.27653e+06,
6.40764e+06,
6.51471e+06,
6.61934e+06,
6.72121e+06,
6.82392e+06,
6.92564e+06,
7.03009e+06,
7.13603e+06,
7.24518e+06,
7.37173e+06,
7.51623e+06,
7.65173e+06,
7.78843e+06,
7.92787e+06,
8.07077e+06,
8.22206e+06,
8.38449e+06,
8.57309e+06,
8.78801e+06,
8.97556e+06,
9.1457e+06,
9.27097e+06,
9.39311e+06,
9.51273e+06,
9.63675e+06,
9.76798e+06,
9.89397e+06,
1.00177e+07,
1.01399e+07,
1.02717e+07,
1.0424e+07,
1.05508e+07,
1.06779e+07,
1.08109e+07,
1.09351e+07,
1.10559e+07,
1.11741e+07,
1.12898e+07,
1.14109e+07,
1.15518e+07,
1.17156e+07,
1.18531e+07,
1.19806e+07,
1.21031e+07,
1.22257e+07,
1.23442e+07,
1.2465e+07,
1.25889e+07,
1.27202e+07,
1.2873e+07,
1.30342e+07,
1.31666e+07,
1.32959e+07,
1.34193e+07,
1.35391e+07,
1.36625e+07,
1.379e+07,
1.39252e+07,
1.40577e+07,
1.42071e+07,
1.43712e+07,
1.45053e+07,
1.46301e+07,
1.47528e+07,
1.48779e+07,
1.50096e+07,
1.51378e+07,
1.5266e+07,
1.53978e+07,
1.5548e+07,
1.5715e+07,
1.58468e+07,
1.59762e+07,
1.61125e+07,
1.6244e+07,
1.63718e+07,
1.64985e+07,
1.66263e+07,
1.6759e+07,
1.691e+07,
1.70769e+07,
1.72181e+07,
1.73587e+07,
1.74896e+07,
1.76166e+07,
1.77417e+07,
1.78682e+07,
1.79959e+07,
1.81257e+07,
1.82753e+07,
1.84553e+07,
1.85939e+07,
1.87222e+07,
1.88489e+07,
1.8973e+07,
1.90987e+07,
1.92253e+07,
1.93517e+07,
1.94848e+07,
1.96443e+07,
1.98292e+07,
1.9968e+07,
2.01015e+07,
2.02307e+07,
2.03596e+07,
2.04896e+07,
2.06184e+07,
2.07531e+07,
2.08933e+07,
2.10442e+07,
2.12308e+07,
2.13724e+07,
2.15054e+07,
2.1636e+07,
2.17664e+07,
2.18967e+07,
2.20319e+07,
2.21641e+07,
2.22951e+07,
2.24423e+07,
2.26277e+07,
2.27741e+07,
2.291e+07,
2.30428e+07,
2.31762e+07,
2.3314e+07,
2.34466e+07,
2.35763e+07,
2.37065e+07,
2.38494e+07,
2.40252e+07,
2.41703e+07,
2.43121e+07,
2.44497e+07,
2.4588e+07,
2.47243e+07,
2.48571e+07,
2.49919e+07,
2.5131e+07,
2.52975e+07,
2.55293e+07,
2.56982e+07,
2.58604e+07,
2.60251e+07,
2.61847e+07,
2.63308e+07,
2.64755e+07,
2.6619e+07,
2.67662e+07,
2.69368e+07,
2.71667e+07,
2.73431e+07,
2.7516e+07,
2.76901e+07,
2.78475e+07,
2.79946e+07,
2.81388e+07,
2.82877e+07,
2.84378e+07,
2.86088e+07,
2.88414e+07,
2.90262e+07,
2.92169e+07,
2.93899e+07,
2.95548e+07,
2.97142e+07,
2.98642e+07,
3.00087e+07,
3.01543e+07,
3.03138e+07,
3.05173e+07,
3.06897e+07,
3.08548e+07,
3.10038e+07,
3.11474e+07,
3.12896e+07,
3.14305e+07,
3.15719e+07,
3.17135e+07,
3.18706e+07,
3.20827e+07,
3.22615e+07,
3.24204e+07,
3.25682e+07,
3.27112e+07,
3.28518e+07,
3.29914e+07,
3.31312e+07,
3.32744e+07,
375246,
375197,
375162,
375132,
375120,
375074,
375017,
375037,
375004,
375017,
374981,
375004,
375019,
375016,
375022,
375065,
375159,
375200,
375186,
375192,
375239,
375249,
375216,
375240,
375286,
375266,
375297,
375271,
375335,
375321,
375258,
375262,
375317,
375357,
375368,
375308,
375332,
375372,
375396,
375400,
375438,
375524,
375581,
375593,
375596,
375592,
375545,
375606,
375648,
375614,
375671,
375716,
375754,
375741,
375776,
375858,
375855,
375821,
375809,
375784,
375792,
375804,
375777,
375756,
375731,
375664,
375566,
375605,
375667,
375665,
375796,
375903,
376078,
376203,
376345,
376464,
376637,
376732,
376908,
377057,
377195,
377338,
377487,
377677,
377823,
377971,
378207,
378354,
378516,
378676,
378869,
379048,
379182,
379410,
379596,
379776,
379894,
380090,
380324,
380511,
380773,
380961,
381112,
381240,
381423,
381632,
381846,
382008,
382224,
382423,
382604,
382783,
382901,
383077,
383254,
383431,
383614,
383840,
384043,
384237,
384418,
384640,
384796,
384957,
385141,
385355,
385572,
385796,
386064,
386251,
386486,
386678,
386946,
387204,
387529,
387759,
388049,
388359,
388750,
389019,
389295,
389551,
389849,
390135,
390479,
390765,
391107,
391506,
391875,
392258,
392583,
392943,
393306,
393636,
394039,
394471,
394925,
395469,
395928,
396440,
396920,
397399,
397878,
398299,
398818,
399307,
399845,
400383,
400899,
401463,
402068,
402579,
403120,
403624,
404199,
404741,
405291,
405944,
406604,
407215,
407772,
408374,
409022,
409647,
410343,
410970,
411647,
412205,
412843,
413865,
415520,
417143,
418741,
420385,
422072,
423703,
425426,
427197,
428937,
430614,
432281,
433982,
435678,
437503,
439343,
441117,
442895,
444756,
446606,
448400,
450099,
451964,
453708,
455510,
457413,
459444,
461558,
463556,
465615,
467773,
469838,
472130,
474361,
476507,
478662,
480783,
482877,
485067,
487183,
489293,
491471,
493661,
495778,
497897,
500194,
502572,
504819,
507033,
509226,
511526,
513941,
516454,
519031,
521558,
524083,
526587,
529236,
531772,
534312,
536968,
539624,
542188,
544818,
547592,
550356,
553035,
555681,
558351,
561039,
563710,
566411,
569104,
571832,
574508,
577248,
580093,
582872,
585725,
588701,
591728,
594710,
597720,
600723,
603937,
606908,
610018,
613073,
616336,
619335,
622505,
625647,
628942,
632093,
635377,
638519,
641776,
644949,
648199,
651564,
654929,
658278,
661548,
664831,
668285,
671833,
675416,
678932,
682655,
686360,
689758,
693458,
697177,
700866,
704552,
708360,
712166,
716026,
719847,
723732,
727618,
731444,
735316,
739090,
743033,
747093,
751116,
755269,
759303,
763232,
767060,
771102,
775087,
779053,
783173,
787583,
791980,
796307,
800563,
804952,
809312,
813773,
818344,
822828,
827283,
831803,
836072,
840711,
845325,
849909,
854493,
859037,
863809,
868459,
873276,
877796,
882437,
887110,
891911,
896726,
901428,
906253,
911269,
916211,
921020,
926213,
931308,
936436,
941618,
946755,
952108,
957349,
962619,
967878,
973054,
978453,
983602,
988972,
994353,
999963,
1.00558e+06,
1.01105e+06,
1.0167e+06,
1.02227e+06,
1.02795e+06,
1.03363e+06,
1.03936e+06,
1.04508e+06,
1.05092e+06,
1.05658e+06,
1.06239e+06,
1.06829e+06,
1.07428e+06,
1.08018e+06,
1.08645e+06,
1.09227e+06,
1.09847e+06,
1.10452e+06,
1.11052e+06,
1.11678e+06,
1.12291e+06,
1.12916e+06,
1.13546e+06,
1.14172e+06,
1.14793e+06,
1.15421e+06,
1.16069e+06,
1.16714e+06,
1.17352e+06,
1.17991e+06,
1.18623e+06,
1.19283e+06,
1.19925e+06,
1.20577e+06,
1.21233e+06,
1.219e+06,
1.2257e+06,
1.23265e+06,
1.23954e+06,
1.2463e+06,
1.25336e+06,
1.26045e+06,
1.2676e+06,
1.27483e+06,
1.28195e+06,
1.28908e+06,
1.29624e+06,
1.30338e+06,
1.31091e+06,
1.31823e+06,
1.32555e+06,
1.33316e+06,
1.34055e+06,
1.34798e+06,
1.3555e+06,
1.36304e+06,
1.37062e+06,
1.37817e+06,
1.38588e+06,
1.3936e+06,
1.40142e+06,
1.40933e+06,
1.41717e+06,
1.42492e+06,
1.43271e+06,
1.44058e+06,
1.4485e+06,
1.45652e+06,
1.46464e+06,
1.47294e+06,
1.48128e+06,
1.48953e+06,
1.49807e+06,
1.50639e+06,
1.51497e+06,
1.52369e+06,
1.5323e+06,
1.54084e+06,
1.54947e+06,
1.55807e+06,
1.56662e+06,
1.57538e+06,
1.58433e+06,
1.59327e+06,
1.60237e+06,
1.61133e+06,
1.62028e+06,
1.62944e+06,
1.63874e+06,
1.64814e+06,
1.65739e+06,
1.66658e+06,
1.67612e+06,
1.6853e+06,
1.69477e+06,
1.70437e+06,
1.71413e+06,
1.72412e+06,
1.73398e+06,
1.74401e+06,
1.75442e+06,
1.76447e+06,
1.77455e+06,
1.78486e+06,
1.79527e+06,
1.80561e+06,
1.81623e+06,
1.82684e+06,
1.83766e+06,
1.84832e+06,
1.85924e+06,
1.87002e+06,
1.88079e+06,
1.89165e+06,
1.90253e+06,
1.91351e+06,
1.92467e+06,
1.93599e+06,
1.94735e+06,
1.95875e+06,
1.97027e+06,
1.98166e+06,
1.99325e+06,
2.00466e+06,
2.0164e+06,
2.02842e+06,
2.04057e+06,
2.05299e+06,
2.06517e+06,
2.07763e+06,
2.0902e+06,
2.10267e+06,
2.11526e+06,
2.12793e+06,
2.14085e+06,
2.15353e+06,
2.16652e+06,
2.17981e+06,
2.19292e+06,
2.20633e+06,
2.21977e+06,
2.23347e+06,
2.24738e+06,
2.26107e+06,
2.27497e+06,
2.28916e+06,
2.30372e+06,
2.31804e+06,
2.33228e+06,
2.34687e+06,
2.36171e+06,
2.37669e+06,
2.39172e+06,
2.40696e+06,
2.42254e+06,
2.438e+06,
2.45372e+06,
2.46989e+06,
2.48611e+06,
2.50243e+06,
2.51886e+06,
2.53554e+06,
2.55232e+06,
2.56929e+06,
2.58622e+06,
2.60369e+06,
2.62137e+06,
2.63917e+06,
2.65714e+06,
2.67534e+06,
2.69403e+06,
2.71292e+06,
2.73195e+06,
2.75133e+06,
2.77062e+06,
2.79034e+06,
2.81046e+06,
2.83091e+06,
2.85175e+06,
2.87351e+06,
2.89511e+06,
2.91675e+06,
2.93852e+06,
2.96075e+06,
2.98343e+06,
3.00629e+06,
3.02974e+06,
3.05332e+06,
3.0772e+06,
3.10145e+06,
3.12587e+06,
3.151e+06,
3.17611e+06,
3.20163e+06,
3.2274e+06,
3.25379e+06,
3.28066e+06,
3.30806e+06,
3.33595e+06,
3.36423e+06,
3.39273e+06,
3.42171e+06,
3.4507e+06,
3.4806e+06,
3.51169e+06,
3.54347e+06,
3.57577e+06,
3.60798e+06,
3.64109e+06,
3.67552e+06,
3.71134e+06,
3.74769e+06,
3.78479e+06,
3.82195e+06,
3.86078e+06,
3.9009e+06,
3.94203e+06,
3.98372e+06,
4.02774e+06,
4.07394e+06,
4.12226e+06,
4.17309e+06,
4.23067e+06,
4.28627e+06,
4.34379e+06,
4.40432e+06,
4.46693e+06,
4.53541e+06,
4.61032e+06,
4.693e+06,
4.78664e+06,
4.93947e+06,
5.17288e+06,
5.31162e+06,
5.43395e+06,
5.54706e+06,
5.65326e+06,
5.75563e+06,
5.85658e+06,
5.95558e+06,
6.05615e+06,
6.16743e+06,
6.2935e+06,
6.40111e+06,
6.50559e+06,
6.60705e+06,
6.70851e+06,
6.8098e+06,
6.91254e+06,
7.01806e+06,
7.12608e+06,
7.24864e+06,
7.38853e+06,
7.51394e+06,
7.65296e+06,
7.79493e+06,
7.94335e+06,
8.10408e+06,
8.29167e+06,
8.50964e+06,
8.64425e+06,
8.77633e+06,
8.91981e+06,
9.0441e+06,
9.16574e+06,
9.28697e+06,
9.4161e+06,
9.54284e+06,
9.65674e+06,
9.7697e+06,
9.88501e+06,
1.00118e+07,
1.01592e+07,
1.0288e+07,
1.04234e+07,
1.05493e+07,
1.06639e+07,
1.07749e+07,
1.08854e+07,
1.09988e+07,
1.11158e+07,
1.12521e+07,
1.14165e+07,
1.15498e+07,
1.16715e+07,
1.17875e+07,
1.1902e+07,
1.20178e+07,
1.2138e+07,
1.2263e+07,
1.24006e+07,
1.25411e+07,
1.26937e+07,
1.2817e+07,
1.29373e+07,
1.30574e+07,
1.31786e+07,
1.33035e+07,
1.34382e+07,
1.35677e+07,
1.36951e+07,
1.38268e+07,
1.39757e+07,
1.41037e+07,
1.42276e+07,
1.43524e+07,
1.44836e+07,
1.4613e+07,
1.47368e+07,
1.48609e+07,
1.49812e+07,
1.51159e+07,
1.52716e+07,
1.54051e+07,
1.55367e+07,
1.56738e+07,
1.58023e+07,
1.59283e+07,
1.60507e+07,
1.61698e+07,
1.62946e+07,
1.64319e+07,
1.65912e+07,
1.67361e+07,
1.68713e+07,
1.70011e+07,
1.71282e+07,
1.7249e+07,
1.7367e+07,
1.74877e+07,
1.76139e+07,
1.77555e+07,
1.79224e+07,
1.80587e+07,
1.81863e+07,
1.83122e+07,
1.84323e+07,
1.85498e+07,
1.86698e+07,
1.87937e+07,
1.89303e+07,
1.90797e+07,
1.92448e+07,
1.93827e+07,
1.95145e+07,
1.9639e+07,
1.97601e+07,
1.98827e+07,
2.00098e+07,
2.01492e+07,
2.02893e+07,
2.04361e+07,
2.05967e+07,
2.07339e+07,
2.08617e+07,
2.09836e+07,
2.11065e+07,
2.12311e+07,
2.13677e+07,
2.14996e+07,
2.16329e+07,
2.17812e+07,
2.19426e+07,
2.2077e+07,
2.22031e+07,
2.23289e+07,
2.2456e+07,
2.25922e+07,
2.27225e+07,
2.28518e+07,
2.2982e+07,
2.31296e+07,
2.32847e+07,
2.34139e+07,
2.3543e+07,
2.3672e+07,
2.38085e+07,
2.39407e+07,
2.40703e+07,
2.42027e+07,
2.43437e+07,
2.45179e+07,
2.47141e+07,
2.48664e+07,
2.50161e+07,
2.51766e+07,
2.53302e+07,
2.54716e+07,
2.56104e+07,
2.57494e+07,
2.58892e+07,
2.60641e+07,
2.62658e+07,
2.6425e+07,
2.65818e+07,
2.67434e+07,
2.68884e+07,
2.70307e+07,
2.71693e+07,
2.73073e+07,
2.74481e+07,
2.76172e+07,
2.78168e+07,
2.79837e+07,
2.81505e+07,
2.82989e+07,
2.84399e+07,
2.85783e+07,
2.87155e+07,
2.88527e+07,
2.89896e+07,
2.91443e+07,
2.93264e+07,
2.94852e+07,
2.96431e+07,
2.97883e+07,
2.99282e+07,
3.00667e+07,
3.02051e+07,
3.03448e+07,
3.04917e+07,
3.06656e+07,
3.08782e+07,
3.10628e+07,
3.12248e+07,
3.13752e+07,
3.15187e+07,
3.16601e+07,
3.17996e+07,
3.19377e+07,
3.20777e+07,
375246,
375197,
375176,
375162,
375148,
375145,
375074,
375090,
375099,
375057,
375082,
375096,
375110,
375142,
375165,
375221,
375293,
375355,
375382,
375379,
375435,
375444,
375472,
375467,
375524,
375523,
375523,
375563,
375619,
375639,
375662,
375652,
375698,
375700,
375706,
375718,
375701,
375709,
375779,
375769,
375816,
375968,
376012,
376040,
376072,
376069,
376108,
376138,
376158,
376133,
376208,
376208,
376233,
376275,
376337,
376405,
376472,
376524,
376570,
376559,
376533,
376532,
376567,
376584,
376560,
376515,
376450,
376371,
376377,
376448,
376537,
376667,
376800,
376923,
377077,
377226,
377338,
377489,
377649,
377780,
377917,
378096,
378257,
378422,
378634,
378875,
379072,
379293,
379449,
379642,
379866,
380013,
380214,
380391,
380547,
380700,
380996,
381256,
381419,
381661,
381907,
382059,
382212,
382331,
382572,
382696,
382864,
383064,
383277,
383547,
383784,
384027,
384214,
384406,
384651,
384830,
385032,
385183,
385370,
385604,
385849,
386013,
386199,
386396,
386633,
386855,
387068,
387341,
387528,
387876,
388169,
388404,
388663,
388900,
389168,
389515,
389858,
390141,
390459,
390805,
391108,
391435,
391761,
392029,
392367,
392774,
393163,
393571,
393959,
394302,
394733,
395239,
395637,
395977,
396379,
396842,
397341,
397845,
398282,
398804,
399329,
399892,
400377,
400886,
401461,
401993,
402511,
403080,
403681,
404300,
404861,
405462,
406023,
406574,
407246,
407778,
408407,
409065,
409690,
410378,
411043,
411724,
412336,
412987,
413677,
414340,
415037,
415755,
416485,
417241,
417919,
418547,
419561,
421246,
422894,
424558,
426188,
427842,
429520,
431422,
433244,
434979,
436646,
438505,
440315,
442105,
443984,
445692,
447487,
449350,
451193,
453099,
454960,
456881,
458781,
460498,
462450,
464353,
466342,
468508,
470607,
472756,
474774,
476968,
479016,
481384,
483664,
485855,
487993,
490221,
492454,
494538,
496694,
498958,
501148,
503521,
505814,
508036,
510422,
512692,
515023,
517397,
519690,
522050,
524421,
526988,
529604,
532315,
534766,
537458,
540153,
542798,
545513,
548333,
551040,
553700,
556351,
559022,
561819,
564659,
567477,
570264,
572915,
575593,
578506,
581401,
584294,
587206,
590048,
592940,
595772,
598660,
601703,
604807,
607950,
610930,
614075,
617119,
620192,
623252,
626410,
629718,
632929,
636297,
639613,
642757,
646151,
649501,
652864,
656169,
659533,
662837,
666190,
669724,
673032,
676509,
680143,
683566,
686932,
690632,
694447,
697983,
701660,
705573,
709344,
713112,
716912,
720631,
724402,
728292,
732176,
736098,
739981,
743995,
748109,
752133,
756152,
760074,
764110,
768018,
771989,
776136,
780298,
784309,
788509,
792664,
796895,
801193,
805611,
810164,
814509,
818922,
823401,
827836,
832269,
836877,
841416,
846119,
850779,
855298,
859999,
864719,
869374,
873861,
878632,
883391,
888059,
892853,
897764,
902598,
907436,
912372,
917125,
921936,
926861,
931881,
936893,
942063,
947473,
952762,
957907,
963209,
968516,
973913,
979235,
984669,
990258,
995844,
1.00124e+06,
1.00667e+06,
1.01227e+06,
1.01767e+06,
1.02349e+06,
1.02909e+06,
1.03498e+06,
1.04061e+06,
1.04637e+06,
1.05227e+06,
1.05797e+06,
1.06404e+06,
1.06993e+06,
1.07573e+06,
1.08152e+06,
1.08725e+06,
1.09317e+06,
1.09938e+06,
1.10558e+06,
1.11181e+06,
1.11802e+06,
1.12424e+06,
1.13043e+06,
1.13658e+06,
1.14293e+06,
1.14932e+06,
1.15583e+06,
1.16218e+06,
1.16893e+06,
1.17535e+06,
1.18184e+06,
1.18847e+06,
1.19496e+06,
1.20134e+06,
1.20787e+06,
1.21444e+06,
1.22106e+06,
1.22792e+06,
1.23486e+06,
1.24164e+06,
1.24849e+06,
1.25542e+06,
1.26233e+06,
1.2692e+06,
1.27616e+06,
1.2832e+06,
1.29043e+06,
1.29767e+06,
1.30511e+06,
1.31219e+06,
1.31956e+06,
1.32688e+06,
1.33437e+06,
1.34201e+06,
1.3493e+06,
1.357e+06,
1.36473e+06,
1.37219e+06,
1.37991e+06,
1.38762e+06,
1.39523e+06,
1.40321e+06,
1.4109e+06,
1.41874e+06,
1.42648e+06,
1.43436e+06,
1.44233e+06,
1.4503e+06,
1.4582e+06,
1.46636e+06,
1.47455e+06,
1.48275e+06,
1.49079e+06,
1.49902e+06,
1.50751e+06,
1.51586e+06,
1.52438e+06,
1.53288e+06,
1.54158e+06,
1.55037e+06,
1.55916e+06,
1.56794e+06,
1.57687e+06,
1.58569e+06,
1.59451e+06,
1.60337e+06,
1.61261e+06,
1.62165e+06,
1.63081e+06,
1.63996e+06,
1.6493e+06,
1.6587e+06,
1.66805e+06,
1.67748e+06,
1.68682e+06,
1.69638e+06,
1.70594e+06,
1.71573e+06,
1.72563e+06,
1.73542e+06,
1.74536e+06,
1.75535e+06,
1.76535e+06,
1.77561e+06,
1.7859e+06,
1.7963e+06,
1.80656e+06,
1.81714e+06,
1.82761e+06,
1.83823e+06,
1.84889e+06,
1.85951e+06,
1.87018e+06,
1.88123e+06,
1.89211e+06,
1.90322e+06,
1.91434e+06,
1.92543e+06,
1.93679e+06,
1.94814e+06,
1.95934e+06,
1.9707e+06,
1.98227e+06,
1.99387e+06,
2.00535e+06,
2.01672e+06,
2.02859e+06,
2.04014e+06,
2.05207e+06,
2.06416e+06,
2.07626e+06,
2.08887e+06,
2.10171e+06,
2.11409e+06,
2.1268e+06,
2.13934e+06,
2.15229e+06,
2.16498e+06,
2.17811e+06,
2.19148e+06,
2.20493e+06,
2.21825e+06,
2.23182e+06,
2.24507e+06,
2.25873e+06,
2.27249e+06,
2.28635e+06,
2.30066e+06,
2.31483e+06,
2.32931e+06,
2.34383e+06,
2.35848e+06,
2.37317e+06,
2.38798e+06,
2.40281e+06,
2.41836e+06,
2.43353e+06,
2.4494e+06,
2.46494e+06,
2.48069e+06,
2.49669e+06,
2.51291e+06,
2.52937e+06,
2.54598e+06,
2.56301e+06,
2.57998e+06,
2.59744e+06,
2.61492e+06,
2.63256e+06,
2.65043e+06,
2.66849e+06,
2.68667e+06,
2.70516e+06,
2.72387e+06,
2.74264e+06,
2.76199e+06,
2.78133e+06,
2.801e+06,
2.8212e+06,
2.8418e+06,
2.86283e+06,
2.88435e+06,
2.90574e+06,
2.92716e+06,
2.94901e+06,
2.97087e+06,
2.99345e+06,
3.016e+06,
3.03935e+06,
3.06286e+06,
3.08666e+06,
3.11084e+06,
3.13538e+06,
3.16048e+06,
3.18587e+06,
3.21134e+06,
3.23735e+06,
3.26374e+06,
3.29069e+06,
3.31804e+06,
3.34619e+06,
3.37419e+06,
3.40299e+06,
3.4318e+06,
3.46157e+06,
3.49205e+06,
3.52283e+06,
3.5542e+06,
3.58582e+06,
3.6181e+06,
3.65186e+06,
3.68636e+06,
3.72181e+06,
3.75763e+06,
3.79436e+06,
3.83203e+06,
3.8714e+06,
3.91176e+06,
3.95291e+06,
3.99532e+06,
4.03999e+06,
4.08725e+06,
4.13794e+06,
4.18802e+06,
4.24025e+06,
4.29441e+06,
4.35122e+06,
4.40951e+06,
4.47229e+06,
4.54107e+06,
4.61492e+06,
4.6959e+06,
4.79562e+06,
5.0211e+06,
5.17435e+06,
5.3018e+06,
5.41773e+06,
5.52506e+06,
5.62727e+06,
5.72796e+06,
5.82649e+06,
5.92419e+06,
6.02536e+06,
6.1516e+06,
6.26158e+06,
6.36589e+06,
6.46841e+06,
6.56842e+06,
6.66858e+06,
6.77051e+06,
6.87402e+06,
6.98021e+06,
7.09008e+06,
7.22818e+06,
7.35362e+06,
7.48828e+06,
7.63437e+06,
7.79185e+06,
7.98002e+06,
8.16538e+06,
8.29148e+06,
8.41003e+06,
8.53002e+06,
8.67036e+06,
8.79678e+06,
8.9204e+06,
9.05095e+06,
9.16829e+06,
9.27716e+06,
9.38748e+06,
9.49741e+06,
9.61054e+06,
9.72581e+06,
9.87294e+06,
1.00157e+07,
1.01378e+07,
1.02502e+07,
1.03615e+07,
1.04719e+07,
1.05809e+07,
1.06932e+07,
1.08079e+07,
1.09348e+07,
1.1087e+07,
1.12133e+07,
1.13334e+07,
1.14495e+07,
1.15634e+07,
1.16797e+07,
1.17978e+07,
1.19295e+07,
1.20561e+07,
1.21723e+07,
1.2314e+07,
1.24408e+07,
1.2562e+07,
1.26808e+07,
1.2804e+07,
1.29348e+07,
1.30682e+07,
1.31833e+07,
1.32965e+07,
1.3411e+07,
1.35555e+07,
1.36859e+07,
1.38134e+07,
1.39419e+07,
1.40763e+07,
1.41988e+07,
1.43126e+07,
1.44244e+07,
1.45384e+07,
1.46569e+07,
1.48099e+07,
1.49495e+07,
1.50915e+07,
1.52238e+07,
1.53456e+07,
1.546e+07,
1.55749e+07,
1.56916e+07,
1.58107e+07,
1.59346e+07,
1.60946e+07,
1.6246e+07,
1.63802e+07,
1.65007e+07,
1.6617e+07,
1.6733e+07,
1.68504e+07,
1.69694e+07,
1.70917e+07,
1.72251e+07,
1.73836e+07,
1.75209e+07,
1.76404e+07,
1.7759e+07,
1.78756e+07,
1.79924e+07,
1.81111e+07,
1.82347e+07,
1.83673e+07,
1.84963e+07,
1.86545e+07,
1.87887e+07,
1.89151e+07,
1.90384e+07,
1.91609e+07,
1.92844e+07,
1.94121e+07,
1.95512e+07,
1.96812e+07,
1.9808e+07,
1.99559e+07,
2.00879e+07,
2.02133e+07,
2.03365e+07,
2.04597e+07,
2.05857e+07,
2.07219e+07,
2.08518e+07,
2.09779e+07,
2.10974e+07,
2.12451e+07,
2.13783e+07,
2.15057e+07,
2.16313e+07,
2.176e+07,
2.18962e+07,
2.20244e+07,
2.21509e+07,
2.22721e+07,
2.23906e+07,
2.25346e+07,
2.26667e+07,
2.27942e+07,
2.29227e+07,
2.30588e+07,
2.31893e+07,
2.33184e+07,
2.34476e+07,
2.35773e+07,
2.37106e+07,
2.38973e+07,
2.40561e+07,
2.42075e+07,
2.43683e+07,
2.45172e+07,
2.46597e+07,
2.47929e+07,
2.49219e+07,
2.50602e+07,
2.51958e+07,
2.53797e+07,
2.55422e+07,
2.57014e+07,
2.5861e+07,
2.60042e+07,
2.61416e+07,
2.62717e+07,
2.63995e+07,
2.65356e+07,
2.66789e+07,
2.68596e+07,
2.70211e+07,
2.71843e+07,
2.73303e+07,
2.74688e+07,
2.76012e+07,
2.77249e+07,
2.78481e+07,
2.79763e+07,
2.8117e+07,
2.82835e+07,
2.8438e+07,
2.85841e+07,
2.87186e+07,
2.88492e+07,
2.89758e+07,
2.91002e+07,
2.92255e+07,
2.93566e+07,
2.95042e+07,
2.96885e+07,
2.9858e+07,
3.00071e+07,
3.01469e+07,
3.02819e+07,
3.04118e+07,
3.05388e+07,
3.06685e+07,
3.08062e+07,
375246,
375207,
375183,
375189,
375179,
375197,
375148,
375153,
375183,
375162,
375195,
375210,
375219,
375237,
375317,
375359,
375471,
375517,
375515,
375580,
375590,
375656,
375693,
375696,
375718,
375707,
375763,
375827,
375902,
375943,
375928,
375972,
376040,
376023,
376053,
376066,
376066,
376108,
376135,
376156,
376223,
376370,
376449,
376512,
376488,
376576,
376580,
376629,
376653,
376705,
376717,
376749,
376772,
376817,
376884,
376986,
376979,
377070,
377140,
377165,
377262,
377275,
377326,
377346,
377382,
377392,
377391,
377344,
377359,
377364,
377375,
377478,
377584,
377715,
377874,
377979,
378177,
378351,
378517,
378679,
378838,
378988,
379204,
379411,
379624,
379786,
379981,
380173,
380389,
380592,
380800,
380947,
381132,
381325,
381553,
381760,
381992,
382231,
382405,
382626,
382838,
383082,
383236,
383393,
383619,
383875,
384082,
384303,
384523,
384787,
384935,
385156,
385445,
385700,
385875,
386144,
386336,
386550,
386797,
386963,
387185,
387424,
387665,
387856,
388057,
388330,
388549,
388918,
389181,
389423,
389707,
390038,
390260,
390549,
390818,
391193,
391577,
391924,
392269,
392623,
392927,
393297,
393647,
394026,
394402,
394830,
395220,
395633,
396118,
396509,
396928,
397326,
397825,
398272,
398798,
399209,
399680,
400234,
400780,
401268,
401804,
402382,
402956,
403497,
404134,
404698,
405328,
405941,
406518,
407183,
407798,
408426,
408984,
409545,
410198,
410786,
411452,
412165,
412856,
413576,
414219,
414855,
415529,
416287,
417036,
417767,
418531,
419220,
419951,
420674,
421478,
422152,
422834,
423578,
424380,
425201,
426917,
428584,
430229,
431922,
433702,
435529,
437396,
439126,
440945,
442698,
444558,
446475,
448307,
450175,
452029,
453856,
455842,
457746,
459608,
461447,
463425,
465269,
467268,
469216,
471043,
472940,
475110,
477284,
479530,
481745,
483823,
486201,
488351,
490744,
493083,
495364,
497644,
499823,
502046,
504364,
506413,
508647,
511042,
513395,
515876,
518218,
520607,
522870,
525326,
527614,
530150,
532626,
534997,
537625,
540305,
542992,
545842,
548544,
551356,
554051,
556836,
559581,
562188,
565023,
567852,
570800,
573626,
576342,
579018,
581973,
584850,
587706,
590732,
593555,
596490,
599417,
602389,
605555,
608570,
611537,
614691,
617760,
620828,
624089,
627281,
630577,
633941,
637148,
640481,
643716,
647073,
650378,
653658,
657003,
660415,
663800,
667042,
670602,
674017,
677569,
681191,
684709,
688243,
691691,
695168,
698636,
702186,
705878,
709756,
713561,
717454,
721264,
725092,
728855,
732743,
736685,
740671,
744677,
748585,
752591,
756668,
760719,
764884,
768754,
772987,
777059,
780980,
785230,
789254,
793404,
797607,
801792,
806265,
810564,
814715,
819069,
823605,
827891,
832386,
837085,
841653,
846089,
850782,
855549,
860187,
864949,
869669,
874356,
879102,
883927,
888651,
893468,
898346,
903225,
908161,
913086,
917799,
922613,
927648,
932685,
937691,
942600,
947835,
952929,
958156,
963342,
968714,
974120,
979422,
985013,
990695,
996187,
1.00178e+06,
1.00735e+06,
1.01309e+06,
1.01879e+06,
1.02471e+06,
1.03062e+06,
1.03633e+06,
1.04201e+06,
1.04772e+06,
1.05354e+06,
1.05935e+06,
1.06518e+06,
1.07106e+06,
1.07691e+06,
1.08278e+06,
1.08865e+06,
1.0948e+06,
1.10102e+06,
1.10719e+06,
1.11335e+06,
1.11943e+06,
1.1257e+06,
1.13182e+06,
1.13802e+06,
1.14453e+06,
1.15092e+06,
1.15735e+06,
1.16378e+06,
1.17026e+06,
1.17688e+06,
1.18339e+06,
1.1902e+06,
1.1968e+06,
1.20324e+06,
1.20982e+06,
1.21637e+06,
1.22309e+06,
1.23006e+06,
1.237e+06,
1.2439e+06,
1.25077e+06,
1.25764e+06,
1.26447e+06,
1.27168e+06,
1.27859e+06,
1.28573e+06,
1.29268e+06,
1.29979e+06,
1.3068e+06,
1.31376e+06,
1.32085e+06,
1.32836e+06,
1.33582e+06,
1.34329e+06,
1.35096e+06,
1.35838e+06,
1.366e+06,
1.37391e+06,
1.38179e+06,
1.38944e+06,
1.39713e+06,
1.40472e+06,
1.41262e+06,
1.42047e+06,
1.42842e+06,
1.4362e+06,
1.44413e+06,
1.45229e+06,
1.46035e+06,
1.46837e+06,
1.47654e+06,
1.48455e+06,
1.49276e+06,
1.50102e+06,
1.50923e+06,
1.51762e+06,
1.52589e+06,
1.53436e+06,
1.54285e+06,
1.55154e+06,
1.56045e+06,
1.56935e+06,
1.57827e+06,
1.58709e+06,
1.59591e+06,
1.60466e+06,
1.61351e+06,
1.62275e+06,
1.63193e+06,
1.64121e+06,
1.65053e+06,
1.66007e+06,
1.66958e+06,
1.67893e+06,
1.6883e+06,
1.69771e+06,
1.70752e+06,
1.71723e+06,
1.72707e+06,
1.73688e+06,
1.74668e+06,
1.75662e+06,
1.7665e+06,
1.77651e+06,
1.78652e+06,
1.79648e+06,
1.8068e+06,
1.81696e+06,
1.82725e+06,
1.83784e+06,
1.84842e+06,
1.85908e+06,
1.86981e+06,
1.88076e+06,
1.89199e+06,
1.90287e+06,
1.91379e+06,
1.92488e+06,
1.9361e+06,
1.94721e+06,
1.95867e+06,
1.97021e+06,
1.9817e+06,
1.99301e+06,
2.00459e+06,
2.016e+06,
2.02793e+06,
2.03948e+06,
2.05131e+06,
2.06358e+06,
2.07551e+06,
2.08765e+06,
2.09988e+06,
2.11225e+06,
2.12458e+06,
2.13672e+06,
2.14927e+06,
2.16202e+06,
2.17505e+06,
2.18833e+06,
2.20158e+06,
2.21514e+06,
2.22846e+06,
2.24204e+06,
2.25535e+06,
2.2689e+06,
2.2825e+06,
2.29639e+06,
2.31036e+06,
2.32456e+06,
2.33901e+06,
2.35355e+06,
2.36826e+06,
2.38287e+06,
2.3978e+06,
2.4128e+06,
2.4281e+06,
2.44347e+06,
2.45873e+06,
2.4745e+06,
2.49021e+06,
2.5061e+06,
2.52224e+06,
2.53837e+06,
2.55471e+06,
2.57109e+06,
2.58812e+06,
2.60553e+06,
2.62287e+06,
2.64069e+06,
2.65816e+06,
2.67601e+06,
2.6942e+06,
2.71274e+06,
2.73142e+06,
2.75034e+06,
2.76939e+06,
2.7887e+06,
2.8083e+06,
2.82849e+06,
2.84866e+06,
2.86915e+06,
2.89041e+06,
2.91225e+06,
2.93345e+06,
2.95503e+06,
2.97698e+06,
2.99957e+06,
3.02226e+06,
3.04532e+06,
3.06827e+06,
3.09187e+06,
3.11554e+06,
3.13976e+06,
3.16516e+06,
3.19017e+06,
3.21561e+06,
3.24133e+06,
3.26755e+06,
3.29426e+06,
3.32165e+06,
3.34963e+06,
3.37779e+06,
3.40612e+06,
3.43506e+06,
3.46439e+06,
3.4946e+06,
3.52533e+06,
3.55673e+06,
3.58863e+06,
3.62095e+06,
3.65421e+06,
3.68884e+06,
3.7237e+06,
3.75861e+06,
3.79494e+06,
3.83209e+06,
3.87101e+06,
3.9109e+06,
3.95168e+06,
3.99423e+06,
4.03963e+06,
4.08614e+06,
4.13301e+06,
4.18106e+06,
4.23093e+06,
4.28365e+06,
4.3381e+06,
4.39463e+06,
4.45497e+06,
4.51981e+06,
4.58931e+06,
4.6657e+06,
4.76017e+06,
4.98165e+06,
5.12894e+06,
5.25381e+06,
5.36714e+06,
5.47241e+06,
5.57317e+06,
5.67252e+06,
5.77009e+06,
5.86657e+06,
5.96631e+06,
6.09095e+06,
6.19898e+06,
6.30223e+06,
6.40452e+06,
6.50452e+06,
6.60489e+06,
6.70789e+06,
6.81061e+06,
6.91502e+06,
7.0257e+06,
7.16544e+06,
7.2912e+06,
7.44277e+06,
7.62249e+06,
7.79568e+06,
7.92625e+06,
8.04597e+06,
8.15968e+06,
8.27162e+06,
8.38755e+06,
8.52581e+06,
8.66128e+06,
8.78001e+06,
8.88982e+06,
8.99704e+06,
9.10239e+06,
9.21009e+06,
9.3199e+06,
9.43264e+06,
9.55824e+06,
9.69835e+06,
9.81852e+06,
9.92996e+06,
1.00408e+07,
1.01504e+07,
1.02598e+07,
1.03701e+07,
1.0489e+07,
1.06001e+07,
1.07071e+07,
1.08488e+07,
1.09738e+07,
1.10932e+07,
1.12089e+07,
1.1326e+07,
1.14483e+07,
1.15684e+07,
1.16781e+07,
1.17868e+07,
1.18973e+07,
1.20392e+07,
1.21655e+07,
1.22876e+07,
1.24121e+07,
1.25461e+07,
1.26586e+07,
1.27679e+07,
1.28785e+07,
1.29876e+07,
1.31001e+07,
1.32448e+07,
1.33766e+07,
1.3516e+07,
1.36367e+07,
1.37504e+07,
1.38621e+07,
1.39726e+07,
1.40837e+07,
1.41968e+07,
1.43137e+07,
1.44717e+07,
1.46202e+07,
1.47416e+07,
1.4859e+07,
1.49732e+07,
1.50862e+07,
1.51993e+07,
1.5315e+07,
1.5436e+07,
1.55701e+07,
1.5726e+07,
1.58546e+07,
1.59746e+07,
1.60915e+07,
1.62066e+07,
1.63219e+07,
1.644e+07,
1.65616e+07,
1.66955e+07,
1.68118e+07,
1.69517e+07,
1.70748e+07,
1.71939e+07,
1.73097e+07,
1.74262e+07,
1.75441e+07,
1.76673e+07,
1.7798e+07,
1.79109e+07,
1.80227e+07,
1.81727e+07,
1.83053e+07,
1.84314e+07,
1.8555e+07,
1.8679e+07,
1.8809e+07,
1.89472e+07,
1.90627e+07,
1.91734e+07,
1.92846e+07,
1.94306e+07,
1.95632e+07,
1.9689e+07,
1.98142e+07,
1.99439e+07,
2.00792e+07,
2.0196e+07,
2.03073e+07,
2.04172e+07,
2.05296e+07,
2.0679e+07,
2.08126e+07,
2.09413e+07,
2.10725e+07,
2.12102e+07,
2.1331e+07,
2.14435e+07,
2.15549e+07,
2.16675e+07,
2.17821e+07,
2.19268e+07,
2.20595e+07,
2.21907e+07,
2.23287e+07,
2.24559e+07,
2.25736e+07,
2.26915e+07,
2.28104e+07,
2.2932e+07,
2.30718e+07,
2.32529e+07,
2.34131e+07,
2.35809e+07,
2.37292e+07,
2.3856e+07,
2.39805e+07,
2.41066e+07,
2.42313e+07,
2.43565e+07,
2.44923e+07,
2.46734e+07,
2.48465e+07,
2.5009e+07,
2.51462e+07,
2.52715e+07,
2.53967e+07,
2.5523e+07,
2.56489e+07,
2.57749e+07,
2.59143e+07,
2.60929e+07,
2.62667e+07,
2.6413e+07,
2.65382e+07,
2.66603e+07,
2.67839e+07,
2.69071e+07,
2.70311e+07,
2.71529e+07,
2.72876e+07,
2.74552e+07,
2.76045e+07,
2.77345e+07,
2.78548e+07,
2.79741e+07,
2.80942e+07,
2.82173e+07,
2.83458e+07,
2.84728e+07,
2.86184e+07,
2.87984e+07,
2.89478e+07,
2.90762e+07,
2.91994e+07,
2.93222e+07,
2.94466e+07,
2.95726e+07,
2.97083e+07,
375246,
375224,
375215,
375219,
375219,
375234,
375238,
375250,
375250,
375249,
375295,
375335,
375325,
375349,
375447,
375488,
375573,
375634,
375641,
375736,
375815,
375838,
375804,
375914,
375909,
375981,
376074,
376082,
376157,
376194,
376216,
376266,
376314,
376388,
376394,
376397,
376493,
376495,
376545,
376530,
376648,
376717,
376803,
376901,
376969,
377028,
377022,
377086,
377155,
377178,
377269,
377293,
377303,
377380,
377477,
377556,
377666,
377680,
377747,
377846,
377968,
378054,
378123,
378208,
378261,
378323,
378317,
378367,
378380,
378381,
378330,
378367,
378441,
378520,
378642,
378851,
378979,
379157,
379369,
379523,
379680,
379856,
380032,
380222,
380452,
380657,
380835,
381032,
381212,
381466,
381669,
381833,
382089,
382330,
382524,
382794,
383060,
383236,
383439,
383692,
383943,
384163,
384378,
384557,
384793,
385055,
385269,
385520,
385712,
385948,
386147,
386406,
386610,
386844,
387090,
387299,
387600,
387868,
388103,
388423,
388650,
388877,
389031,
389245,
389562,
389871,
390119,
390396,
390646,
390946,
391252,
391579,
391874,
392218,
392603,
392983,
393336,
393719,
394090,
394447,
394920,
395310,
395645,
395999,
396429,
396816,
397274,
397736,
398185,
398598,
399121,
399614,
400040,
400497,
401059,
401508,
402021,
402647,
403176,
403702,
404285,
404894,
405432,
406018,
406637,
407203,
407857,
408498,
409182,
409831,
410575,
411259,
411809,
412408,
413083,
413782,
414477,
415185,
415875,
416514,
417320,
418039,
418753,
419470,
420171,
421017,
421759,
422495,
423318,
424107,
424929,
425776,
426541,
427320,
428111,
428937,
429786,
430554,
431296,
432402,
434195,
435900,
437686,
439530,
441346,
443213,
444994,
446924,
448728,
450673,
452615,
454474,
456307,
458247,
460122,
462048,
464045,
465984,
468003,
469880,
471898,
473788,
475797,
477890,
479981,
482007,
484128,
486472,
488486,
490799,
493067,
495482,
497740,
500009,
502377,
504917,
507104,
509446,
511771,
514067,
516430,
518801,
521258,
523620,
526060,
528564,
530986,
533553,
535997,
538403,
540864,
543438,
545945,
548588,
551227,
553939,
556828,
559698,
562456,
565373,
568251,
571133,
573937,
576650,
579493,
582301,
585104,
588111,
591007,
593909,
596807,
599946,
603042,
606122,
609282,
612354,
615415,
618431,
621595,
624549,
627640,
630864,
634094,
637400,
640757,
644086,
647387,
650694,
654063,
657574,
660932,
664228,
667686,
671278,
674693,
678190,
681672,
685263,
688803,
692434,
696016,
699700,
703201,
706685,
710413,
714161,
717840,
721512,
725075,
728971,
732935,
736871,
740888,
744796,
748826,
752893,
757002,
760930,
765087,
769240,
773374,
777578,
781802,
785840,
790086,
794271,
798459,
802690,
807075,
811290,
815528,
819800,
824046,
828242,
832655,
837071,
841484,
846030,
850692,
855378,
860213,
864893,
869514,
874381,
879217,
884262,
889042,
893991,
899068,
903967,
908939,
913942,
918854,
923937,
928786,
933727,
938960,
943971,
949254,
954428,
959680,
964927,
970042,
975294,
980712,
986053,
991600,
997279,
1.00295e+06,
1.00861e+06,
1.01425e+06,
1.01996e+06,
1.02563e+06,
1.03142e+06,
1.03732e+06,
1.04318e+06,
1.0492e+06,
1.05516e+06,
1.06115e+06,
1.06714e+06,
1.07327e+06,
1.07916e+06,
1.08498e+06,
1.09087e+06,
1.0969e+06,
1.103e+06,
1.10903e+06,
1.11525e+06,
1.12142e+06,
1.12762e+06,
1.13391e+06,
1.14014e+06,
1.14647e+06,
1.15271e+06,
1.15884e+06,
1.16532e+06,
1.17195e+06,
1.17855e+06,
1.18523e+06,
1.19191e+06,
1.19859e+06,
1.20541e+06,
1.21212e+06,
1.21886e+06,
1.22562e+06,
1.23229e+06,
1.2392e+06,
1.24631e+06,
1.25318e+06,
1.25999e+06,
1.26689e+06,
1.27385e+06,
1.28081e+06,
1.2878e+06,
1.29504e+06,
1.30211e+06,
1.30926e+06,
1.31653e+06,
1.32353e+06,
1.33084e+06,
1.33807e+06,
1.34541e+06,
1.3526e+06,
1.35994e+06,
1.36755e+06,
1.37528e+06,
1.38313e+06,
1.39083e+06,
1.39857e+06,
1.40652e+06,
1.41435e+06,
1.42223e+06,
1.43018e+06,
1.43813e+06,
1.44594e+06,
1.45403e+06,
1.46203e+06,
1.47041e+06,
1.47854e+06,
1.4867e+06,
1.49495e+06,
1.50312e+06,
1.51133e+06,
1.51978e+06,
1.52796e+06,
1.53635e+06,
1.54495e+06,
1.55349e+06,
1.56205e+06,
1.5707e+06,
1.57938e+06,
1.58824e+06,
1.59689e+06,
1.60564e+06,
1.61464e+06,
1.62389e+06,
1.63287e+06,
1.64235e+06,
1.65195e+06,
1.6613e+06,
1.6707e+06,
1.67986e+06,
1.68944e+06,
1.69888e+06,
1.70838e+06,
1.71792e+06,
1.72747e+06,
1.73711e+06,
1.74697e+06,
1.75702e+06,
1.76698e+06,
1.77697e+06,
1.78687e+06,
1.79686e+06,
1.80692e+06,
1.81714e+06,
1.82743e+06,
1.83793e+06,
1.84834e+06,
1.85885e+06,
1.8695e+06,
1.88014e+06,
1.89076e+06,
1.90156e+06,
1.91242e+06,
1.92339e+06,
1.9345e+06,
1.9455e+06,
1.95665e+06,
1.96823e+06,
1.97978e+06,
1.99135e+06,
2.0027e+06,
2.01385e+06,
2.02545e+06,
2.0371e+06,
2.04907e+06,
2.06114e+06,
2.07329e+06,
2.0853e+06,
2.09734e+06,
2.10932e+06,
2.12164e+06,
2.13383e+06,
2.14633e+06,
2.15883e+06,
2.17155e+06,
2.18431e+06,
2.19728e+06,
2.21029e+06,
2.22358e+06,
2.23706e+06,
2.25053e+06,
2.26395e+06,
2.27766e+06,
2.29127e+06,
2.30522e+06,
2.31948e+06,
2.33343e+06,
2.34771e+06,
2.36245e+06,
2.3767e+06,
2.39116e+06,
2.40565e+06,
2.42078e+06,
2.43582e+06,
2.4511e+06,
2.46652e+06,
2.48204e+06,
2.498e+06,
2.51381e+06,
2.52957e+06,
2.54564e+06,
2.56181e+06,
2.5783e+06,
2.59494e+06,
2.61167e+06,
2.62854e+06,
2.64593e+06,
2.66345e+06,
2.68125e+06,
2.69929e+06,
2.71747e+06,
2.73577e+06,
2.75437e+06,
2.77355e+06,
2.79275e+06,
2.812e+06,
2.83177e+06,
2.8518e+06,
2.87236e+06,
2.89327e+06,
2.9145e+06,
2.93622e+06,
2.95783e+06,
2.9796e+06,
3.00185e+06,
3.02441e+06,
3.04686e+06,
3.06989e+06,
3.0932e+06,
3.1166e+06,
3.1406e+06,
3.16487e+06,
3.18946e+06,
3.21448e+06,
3.23971e+06,
3.26566e+06,
3.29243e+06,
3.31922e+06,
3.34645e+06,
3.37417e+06,
3.40201e+06,
3.43033e+06,
3.4594e+06,
3.48948e+06,
3.52035e+06,
3.55116e+06,
3.58268e+06,
3.61447e+06,
3.64733e+06,
3.68073e+06,
3.71497e+06,
3.74936e+06,
3.78491e+06,
3.8218e+06,
3.85982e+06,
3.89883e+06,
3.93858e+06,
3.97979e+06,
4.02289e+06,
4.06687e+06,
4.11177e+06,
4.15749e+06,
4.2048e+06,
4.25477e+06,
4.30643e+06,
4.35966e+06,
4.41564e+06,
4.4759e+06,
4.53929e+06,
4.60717e+06,
4.68581e+06,
4.87172e+06,
5.0369e+06,
5.16546e+06,
5.28159e+06,
5.3883e+06,
5.48873e+06,
5.58726e+06,
5.68439e+06,
5.78012e+06,
5.8756e+06,
5.99213e+06,
6.10526e+06,
6.20937e+06,
6.31153e+06,
6.41249e+06,
6.51277e+06,
6.61428e+06,
6.71795e+06,
6.82249e+06,
6.92996e+06,
7.06248e+06,
7.20681e+06,
7.3948e+06,
7.53588e+06,
7.66075e+06,
7.77776e+06,
7.88931e+06,
7.99826e+06,
8.10557e+06,
8.21979e+06,
8.3539e+06,
8.47695e+06,
8.5889e+06,
8.69707e+06,
8.80184e+06,
8.90502e+06,
9.01175e+06,
9.12437e+06,
9.23782e+06,
9.3415e+06,
9.46434e+06,
9.58744e+06,
9.69965e+06,
9.8089e+06,
9.91866e+06,
1.00308e+07,
1.01429e+07,
1.02468e+07,
1.03491e+07,
1.04502e+07,
1.05754e+07,
1.07089e+07,
1.08304e+07,
1.09513e+07,
1.10749e+07,
1.11844e+07,
1.12894e+07,
1.13933e+07,
1.14997e+07,
1.16079e+07,
1.17351e+07,
1.18731e+07,
1.20089e+07,
1.21243e+07,
1.22323e+07,
1.23397e+07,
1.24474e+07,
1.25545e+07,
1.2662e+07,
1.2773e+07,
1.29077e+07,
1.30515e+07,
1.31691e+07,
1.3284e+07,
1.33959e+07,
1.3506e+07,
1.3615e+07,
1.3726e+07,
1.384e+07,
1.39651e+07,
1.4093e+07,
1.42312e+07,
1.43516e+07,
1.44686e+07,
1.45817e+07,
1.46953e+07,
1.48094e+07,
1.49279e+07,
1.50532e+07,
1.51621e+07,
1.52898e+07,
1.54265e+07,
1.55486e+07,
1.56651e+07,
1.57808e+07,
1.58978e+07,
1.60214e+07,
1.61434e+07,
1.62494e+07,
1.63544e+07,
1.64779e+07,
1.66103e+07,
1.67304e+07,
1.68472e+07,
1.69659e+07,
1.70951e+07,
1.72102e+07,
1.73168e+07,
1.74222e+07,
1.75323e+07,
1.76669e+07,
1.78065e+07,
1.79342e+07,
1.80618e+07,
1.82025e+07,
1.83221e+07,
1.8432e+07,
1.85394e+07,
1.86462e+07,
1.87546e+07,
1.88867e+07,
1.90264e+07,
1.91565e+07,
1.92956e+07,
1.94169e+07,
1.95284e+07,
1.96376e+07,
1.97455e+07,
1.98529e+07,
1.99616e+07,
2.00961e+07,
2.02394e+07,
2.03807e+07,
2.05109e+07,
2.06243e+07,
2.07344e+07,
2.0844e+07,
2.09534e+07,
2.10633e+07,
2.11774e+07,
2.13111e+07,
2.14553e+07,
2.15935e+07,
2.17115e+07,
2.1827e+07,
2.19415e+07,
2.20552e+07,
2.21704e+07,
2.22883e+07,
2.24335e+07,
2.26068e+07,
2.27903e+07,
2.29265e+07,
2.3053e+07,
2.31763e+07,
2.32966e+07,
2.34166e+07,
2.35373e+07,
2.3658e+07,
2.38024e+07,
2.39843e+07,
2.41477e+07,
2.42838e+07,
2.44123e+07,
2.45359e+07,
2.46574e+07,
2.47774e+07,
2.48983e+07,
2.50197e+07,
2.51724e+07,
2.53468e+07,
2.54913e+07,
2.56223e+07,
2.57464e+07,
2.5868e+07,
2.59876e+07,
2.61074e+07,
2.62262e+07,
2.63459e+07,
2.65007e+07,
2.66393e+07,
2.67715e+07,
2.68961e+07,
2.70165e+07,
2.71357e+07,
2.72544e+07,
2.73734e+07,
2.74927e+07,
2.76167e+07,
2.77833e+07,
2.79184e+07,
2.80537e+07,
2.81808e+07,
2.83027e+07,
2.84247e+07,
2.85478e+07,
2.86724e+07,
375246,
375237,
375241,
375255,
375279,
375291,
375279,
375301,
375313,
375351,
375392,
375424,
375422,
375488,
375577,
375641,
375712,
375756,
375810,
375923,
375990,
376005,
376022,
376144,
376192,
376197,
376254,
376364,
376384,
376473,
376496,
376594,
376617,
376674,
376679,
376804,
376879,
376935,
376978,
376959,
377058,
377139,
377214,
377336,
377429,
377531,
377605,
377647,
377710,
377779,
377814,
377821,
377913,
378018,
378092,
378206,
378335,
378363,
378416,
378516,
378593,
378726,
378822,
378888,
378970,
379112,
379189,
379234,
379311,
379336,
379351,
379392,
379392,
379431,
379542,
379621,
379808,
380018,
380154,
380329,
380524,
380714,
380896,
381030,
381272,
381477,
381679,
381845,
382065,
382295,
382631,
382879,
383130,
383392,
383601,
383837,
384092,
384248,
384510,
384709,
384976,
385221,
385451,
385651,
385877,
386083,
386313,
386594,
386885,
387119,
387386,
387588,
387845,
388068,
388392,
388615,
388843,
389132,
389376,
389629,
389912,
390213,
390450,
390721,
391027,
391378,
391642,
391941,
392257,
392565,
392901,
393200,
393556,
393814,
394204,
394638,
395040,
395470,
395873,
396285,
396660,
397182,
397574,
397916,
398355,
398828,
399302,
399762,
400231,
400713,
401148,
401743,
402248,
402699,
403269,
403810,
404369,
404926,
405535,
406078,
406725,
407305,
407951,
408534,
409186,
409884,
410600,
411245,
411956,
412657,
413291,
413964,
414574,
415267,
415893,
416640,
417360,
418222,
418971,
419733,
420493,
421220,
422008,
422770,
423437,
424220,
425068,
425883,
426690,
427450,
428234,
429059,
429880,
430709,
431547,
432458,
433249,
434056,
435034,
436004,
436939,
437774,
438651,
439681,
441546,
443309,
445133,
447049,
448924,
450860,
452801,
454685,
456577,
458479,
460491,
462510,
464387,
466330,
468275,
470347,
472262,
474371,
476438,
478566,
480508,
482508,
484526,
486699,
488791,
490737,
492991,
495302,
497570,
499893,
502238,
504594,
507058,
509577,
511942,
514456,
516938,
519301,
521693,
524079,
526503,
528832,
531277,
533864,
536381,
538853,
541324,
543870,
546417,
548970,
551660,
554308,
556855,
559413,
562255,
565096,
568004,
570882,
573750,
576479,
579491,
582350,
585347,
588328,
591373,
594290,
597249,
600247,
603304,
606427,
609556,
612711,
615616,
618708,
621818,
624950,
627959,
631101,
634114,
637381,
640647,
643891,
647269,
650786,
654237,
657725,
661195,
664604,
668130,
671394,
674979,
678566,
682210,
685699,
689339,
693055,
696621,
700304,
704161,
707851,
711509,
715355,
719075,
722696,
726512,
730321,
734004,
737718,
741512,
745270,
749281,
753248,
757262,
761511,
765634,
769920,
774078,
778305,
782568,
786665,
790748,
794901,
799276,
803684,
808145,
812582,
816988,
821315,
825787,
830212,
834641,
839155,
843596,
848156,
852701,
857303,
861826,
866410,
870951,
875779,
880744,
885616,
890452,
895339,
900418,
905481,
910647,
915681,
920887,
925878,
931019,
936202,
941579,
946928,
952096,
957237,
962650,
967977,
973280,
978438,
983709,
989010,
994458,
1.00013e+06,
1.00577e+06,
1.01128e+06,
1.01673e+06,
1.02226e+06,
1.02791e+06,
1.03391e+06,
1.03966e+06,
1.04549e+06,
1.05168e+06,
1.05771e+06,
1.06379e+06,
1.0697e+06,
1.07558e+06,
1.08144e+06,
1.08755e+06,
1.09342e+06,
1.09958e+06,
1.10581e+06,
1.11181e+06,
1.11794e+06,
1.12412e+06,
1.1303e+06,
1.13661e+06,
1.14305e+06,
1.14928e+06,
1.15534e+06,
1.16165e+06,
1.16806e+06,
1.17433e+06,
1.18094e+06,
1.18757e+06,
1.1941e+06,
1.20074e+06,
1.20729e+06,
1.21396e+06,
1.22077e+06,
1.2276e+06,
1.2345e+06,
1.24144e+06,
1.2482e+06,
1.25505e+06,
1.2621e+06,
1.26898e+06,
1.27601e+06,
1.28292e+06,
1.28999e+06,
1.29702e+06,
1.30421e+06,
1.31141e+06,
1.31875e+06,
1.32596e+06,
1.33327e+06,
1.34053e+06,
1.3478e+06,
1.35508e+06,
1.36228e+06,
1.36971e+06,
1.37733e+06,
1.38492e+06,
1.39254e+06,
1.40029e+06,
1.40782e+06,
1.41545e+06,
1.42336e+06,
1.43141e+06,
1.43896e+06,
1.44704e+06,
1.45515e+06,
1.46331e+06,
1.47147e+06,
1.4796e+06,
1.48782e+06,
1.49628e+06,
1.50445e+06,
1.51281e+06,
1.52094e+06,
1.52921e+06,
1.53766e+06,
1.54604e+06,
1.55447e+06,
1.56335e+06,
1.57218e+06,
1.58104e+06,
1.58962e+06,
1.59857e+06,
1.60732e+06,
1.61637e+06,
1.62538e+06,
1.63429e+06,
1.64324e+06,
1.65229e+06,
1.66135e+06,
1.67048e+06,
1.67974e+06,
1.6892e+06,
1.69856e+06,
1.70812e+06,
1.71771e+06,
1.72738e+06,
1.73703e+06,
1.74697e+06,
1.75651e+06,
1.76624e+06,
1.77617e+06,
1.78601e+06,
1.79605e+06,
1.80623e+06,
1.81647e+06,
1.82672e+06,
1.837e+06,
1.84735e+06,
1.8577e+06,
1.86813e+06,
1.87865e+06,
1.88918e+06,
1.89959e+06,
1.91061e+06,
1.92135e+06,
1.93226e+06,
1.94304e+06,
1.9541e+06,
1.96531e+06,
1.97647e+06,
1.98772e+06,
1.99932e+06,
2.01069e+06,
2.02229e+06,
2.03389e+06,
2.04577e+06,
2.05753e+06,
2.06947e+06,
2.08143e+06,
2.09333e+06,
2.10558e+06,
2.11761e+06,
2.12991e+06,
2.14222e+06,
2.15473e+06,
2.16729e+06,
2.17961e+06,
2.1924e+06,
2.20528e+06,
2.21842e+06,
2.23139e+06,
2.24444e+06,
2.2575e+06,
2.27105e+06,
2.28462e+06,
2.29813e+06,
2.31183e+06,
2.32562e+06,
2.33995e+06,
2.3542e+06,
2.36884e+06,
2.38321e+06,
2.39777e+06,
2.41227e+06,
2.42699e+06,
2.44165e+06,
2.45695e+06,
2.47238e+06,
2.48774e+06,
2.50369e+06,
2.51933e+06,
2.53489e+06,
2.55059e+06,
2.56643e+06,
2.58282e+06,
2.59931e+06,
2.61606e+06,
2.63306e+06,
2.64999e+06,
2.66734e+06,
2.68433e+06,
2.70192e+06,
2.71964e+06,
2.73753e+06,
2.75598e+06,
2.77454e+06,
2.79348e+06,
2.81277e+06,
2.83196e+06,
2.85181e+06,
2.87226e+06,
2.89235e+06,
2.91289e+06,
2.93392e+06,
2.95577e+06,
2.97776e+06,
3.00006e+06,
3.02223e+06,
3.0447e+06,
3.06723e+06,
3.0901e+06,
3.11297e+06,
3.13626e+06,
3.16027e+06,
3.18471e+06,
3.20934e+06,
3.23434e+06,
3.25914e+06,
3.28457e+06,
3.31071e+06,
3.33725e+06,
3.36449e+06,
3.39191e+06,
3.41965e+06,
3.44782e+06,
3.47737e+06,
3.50732e+06,
3.53753e+06,
3.56788e+06,
3.59924e+06,
3.63096e+06,
3.66378e+06,
3.69651e+06,
3.73095e+06,
3.76515e+06,
3.80084e+06,
3.83764e+06,
3.87558e+06,
3.91405e+06,
3.95305e+06,
3.99353e+06,
4.03497e+06,
4.07744e+06,
4.12035e+06,
4.16461e+06,
4.21094e+06,
4.25943e+06,
4.30902e+06,
4.36008e+06,
4.4143e+06,
4.47203e+06,
4.53246e+06,
4.59649e+06,
4.67168e+06,
4.87761e+06,
5.03037e+06,
5.15434e+06,
5.26748e+06,
5.37189e+06,
5.4714e+06,
5.56882e+06,
5.66439e+06,
5.75805e+06,
5.85274e+06,
5.97297e+06,
6.08403e+06,
6.18809e+06,
6.28984e+06,
6.39223e+06,
6.49364e+06,
6.59528e+06,
6.69909e+06,
6.80578e+06,
6.92018e+06,
7.09111e+06,
7.23796e+06,
7.36547e+06,
7.48313e+06,
7.59466e+06,
7.70259e+06,
7.80844e+06,
7.9145e+06,
8.02711e+06,
8.13135e+06,
8.25336e+06,
8.36876e+06,
8.47659e+06,
8.58091e+06,
8.68316e+06,
8.79376e+06,
8.90123e+06,
9.00251e+06,
9.10004e+06,
9.19776e+06,
9.32076e+06,
9.43971e+06,
9.5509e+06,
9.66593e+06,
9.77525e+06,
9.87781e+06,
9.97729e+06,
1.00765e+07,
1.0174e+07,
1.02728e+07,
1.04047e+07,
1.05415e+07,
1.06652e+07,
1.07774e+07,
1.08831e+07,
1.09866e+07,
1.10891e+07,
1.11915e+07,
1.12969e+07,
1.14079e+07,
1.15474e+07,
1.16761e+07,
1.17892e+07,
1.18971e+07,
1.20014e+07,
1.21077e+07,
1.22136e+07,
1.23208e+07,
1.24357e+07,
1.25439e+07,
1.26691e+07,
1.27951e+07,
1.29083e+07,
1.302e+07,
1.31305e+07,
1.32411e+07,
1.33531e+07,
1.34692e+07,
1.35738e+07,
1.36795e+07,
1.3804e+07,
1.39359e+07,
1.40548e+07,
1.41713e+07,
1.42859e+07,
1.44075e+07,
1.45208e+07,
1.46255e+07,
1.47279e+07,
1.48374e+07,
1.49632e+07,
1.50952e+07,
1.52176e+07,
1.5337e+07,
1.54628e+07,
1.55734e+07,
1.56788e+07,
1.57826e+07,
1.58829e+07,
1.59923e+07,
1.61155e+07,
1.62451e+07,
1.63691e+07,
1.64961e+07,
1.66055e+07,
1.67125e+07,
1.68178e+07,
1.69233e+07,
1.70291e+07,
1.71502e+07,
1.72814e+07,
1.74208e+07,
1.75609e+07,
1.76793e+07,
1.77913e+07,
1.79002e+07,
1.80065e+07,
1.81114e+07,
1.82165e+07,
1.83378e+07,
1.84686e+07,
1.86157e+07,
1.8739e+07,
1.8853e+07,
1.89633e+07,
1.9071e+07,
1.91764e+07,
1.92817e+07,
1.93876e+07,
1.95159e+07,
1.96586e+07,
1.97903e+07,
1.99099e+07,
2.00228e+07,
2.01317e+07,
2.02396e+07,
2.03473e+07,
2.04555e+07,
2.05672e+07,
2.07025e+07,
2.08317e+07,
2.09572e+07,
2.10775e+07,
2.11922e+07,
2.13049e+07,
2.14164e+07,
2.15284e+07,
2.16426e+07,
2.17929e+07,
2.19655e+07,
2.21064e+07,
2.22412e+07,
2.23696e+07,
2.24907e+07,
2.26094e+07,
2.27273e+07,
2.2844e+07,
2.29652e+07,
2.31269e+07,
2.32694e+07,
2.34042e+07,
2.35404e+07,
2.36737e+07,
2.37974e+07,
2.39174e+07,
2.40364e+07,
2.41557e+07,
2.42811e+07,
2.44381e+07,
2.45716e+07,
2.47012e+07,
2.48309e+07,
2.49607e+07,
2.50814e+07,
2.51998e+07,
2.5317e+07,
2.54354e+07,
2.55696e+07,
2.56985e+07,
2.58235e+07,
2.59458e+07,
2.60682e+07,
2.61926e+07,
2.63105e+07,
2.64263e+07,
2.65424e+07,
2.66626e+07,
2.68012e+07,
2.69289e+07,
2.70548e+07,
2.71786e+07,
2.73028e+07,
2.74297e+07,
2.75511e+07,
2.767e+07,
375246,
375252,
375266,
375284,
375332,
375328,
375348,
375352,
375380,
375440,
375469,
375508,
375570,
375627,
375720,
375769,
375843,
375896,
375955,
376091,
376122,
376170,
376296,
376372,
376407,
376478,
376490,
376599,
376629,
376688,
376769,
376875,
376946,
377056,
377056,
377190,
377270,
377310,
377363,
377440,
377520,
377651,
377781,
377866,
377949,
378047,
378060,
378172,
378227,
378316,
378372,
378448,
378526,
378680,
378749,
378867,
378926,
378979,
379109,
379191,
379305,
379441,
379570,
379608,
379757,
379863,
379964,
380021,
380124,
380251,
380346,
380433,
380405,
380409,
380418,
380495,
380650,
380760,
380977,
381173,
381375,
381512,
381780,
381949,
382133,
382312,
382524,
382766,
382997,
383266,
383523,
383749,
384010,
384275,
384529,
384805,
385058,
385278,
385516,
385711,
385995,
386221,
386514,
386700,
386952,
387199,
387399,
387678,
387930,
388186,
388469,
388707,
389030,
389261,
389500,
389732,
390054,
390318,
390611,
390953,
391251,
391529,
391857,
392149,
392430,
392775,
393065,
393408,
393727,
394140,
394502,
394887,
395248,
395659,
395973,
396340,
396734,
397159,
397587,
398100,
398584,
398988,
399451,
399822,
400344,
400876,
401364,
401785,
402265,
402850,
403379,
403872,
404403,
404922,
405486,
406068,
406650,
407237,
407879,
408596,
409109,
409772,
410401,
410976,
411576,
412293,
413032,
413782,
414468,
415175,
415969,
416668,
417336,
417990,
418785,
419522,
420357,
421100,
421964,
422758,
423604,
424274,
425054,
425752,
426512,
427328,
428141,
428985,
429914,
430715,
431528,
432384,
433259,
434111,
434934,
435830,
436757,
437727,
438661,
439615,
440507,
441479,
442321,
443157,
444093,
445063,
446061,
447224,
448964,
450832,
452656,
454652,
456548,
458506,
460416,
462518,
464508,
466561,
468616,
470627,
472622,
474678,
476606,
478540,
480630,
482725,
484873,
486959,
489096,
491220,
493365,
495604,
497821,
499953,
502176,
504474,
506840,
509238,
511660,
514066,
516628,
519113,
521658,
524140,
526473,
528955,
531497,
534042,
536699,
539206,
541874,
544561,
547201,
549740,
552234,
554850,
557402,
560049,
562654,
565382,
568104,
570926,
573676,
576534,
579420,
582377,
585433,
588469,
591397,
594163,
597335,
600353,
603419,
606543,
609646,
612780,
615921,
619273,
622365,
625562,
628850,
632129,
635398,
638644,
641693,
645093,
648349,
651589,
654954,
658383,
661664,
665156,
668665,
672068,
675560,
679215,
682702,
686449,
690190,
693974,
697526,
701223,
705049,
708890,
712602,
716600,
720368,
724187,
727850,
731913,
735865,
739661,
743555,
747610,
751420,
755308,
759278,
763333,
767279,
771431,
775692,
779922,
784140,
788345,
792769,
797190,
801632,
806128,
810517,
814846,
819373,
823816,
828383,
832996,
837405,
842007,
846758,
851417,
856061,
860747,
865483,
870145,
874847,
879590,
884315,
889110,
893932,
898801,
903595,
908650,
913946,
919029,
923970,
929210,
934282,
939387,
944757,
950074,
955458,
960659,
965932,
971297,
976580,
981855,
987310,
992749,
998279,
1.00379e+06,
1.00947e+06,
1.01508e+06,
1.02053e+06,
1.0263e+06,
1.03205e+06,
1.03776e+06,
1.04347e+06,
1.04909e+06,
1.0549e+06,
1.06078e+06,
1.06658e+06,
1.0727e+06,
1.07875e+06,
1.08473e+06,
1.09087e+06,
1.09677e+06,
1.10301e+06,
1.10908e+06,
1.11514e+06,
1.12123e+06,
1.12752e+06,
1.13354e+06,
1.13962e+06,
1.146e+06,
1.15238e+06,
1.15867e+06,
1.16499e+06,
1.17138e+06,
1.17786e+06,
1.18438e+06,
1.19086e+06,
1.19752e+06,
1.20398e+06,
1.21048e+06,
1.21703e+06,
1.22351e+06,
1.23022e+06,
1.23683e+06,
1.2436e+06,
1.25024e+06,
1.25695e+06,
1.26388e+06,
1.271e+06,
1.27798e+06,
1.28492e+06,
1.29191e+06,
1.29906e+06,
1.30615e+06,
1.31324e+06,
1.32026e+06,
1.32763e+06,
1.33508e+06,
1.34239e+06,
1.34977e+06,
1.35698e+06,
1.36427e+06,
1.37164e+06,
1.37884e+06,
1.38648e+06,
1.39421e+06,
1.40189e+06,
1.40963e+06,
1.41704e+06,
1.42496e+06,
1.43276e+06,
1.44044e+06,
1.44809e+06,
1.45592e+06,
1.46414e+06,
1.47217e+06,
1.48026e+06,
1.48867e+06,
1.49687e+06,
1.50517e+06,
1.51345e+06,
1.52175e+06,
1.53007e+06,
1.53856e+06,
1.54719e+06,
1.55582e+06,
1.56429e+06,
1.57299e+06,
1.58166e+06,
1.59027e+06,
1.59889e+06,
1.60761e+06,
1.6164e+06,
1.62533e+06,
1.63448e+06,
1.6435e+06,
1.65256e+06,
1.66168e+06,
1.6708e+06,
1.68006e+06,
1.68935e+06,
1.69832e+06,
1.70755e+06,
1.71695e+06,
1.7264e+06,
1.73586e+06,
1.74562e+06,
1.75532e+06,
1.7649e+06,
1.77461e+06,
1.78448e+06,
1.79433e+06,
1.80451e+06,
1.81454e+06,
1.82462e+06,
1.83504e+06,
1.84519e+06,
1.85547e+06,
1.86575e+06,
1.87591e+06,
1.88655e+06,
1.89698e+06,
1.90767e+06,
1.91846e+06,
1.92913e+06,
1.9401e+06,
1.95143e+06,
1.96233e+06,
1.97326e+06,
1.98429e+06,
1.99542e+06,
2.00641e+06,
2.01755e+06,
2.02888e+06,
2.04071e+06,
2.05246e+06,
2.06447e+06,
2.07626e+06,
2.088e+06,
2.09977e+06,
2.11165e+06,
2.12387e+06,
2.13631e+06,
2.1486e+06,
2.1612e+06,
2.17354e+06,
2.18592e+06,
2.19858e+06,
2.21133e+06,
2.22457e+06,
2.23723e+06,
2.25031e+06,
2.26346e+06,
2.2766e+06,
2.28982e+06,
2.3034e+06,
2.31691e+06,
2.33058e+06,
2.34479e+06,
2.35871e+06,
2.37303e+06,
2.38683e+06,
2.40135e+06,
2.41602e+06,
2.4307e+06,
2.44547e+06,
2.46043e+06,
2.47559e+06,
2.49098e+06,
2.50621e+06,
2.52166e+06,
2.53708e+06,
2.55276e+06,
2.56843e+06,
2.58458e+06,
2.60076e+06,
2.6173e+06,
2.63369e+06,
2.65072e+06,
2.66752e+06,
2.68453e+06,
2.70153e+06,
2.71892e+06,
2.73645e+06,
2.75408e+06,
2.7723e+06,
2.79089e+06,
2.80945e+06,
2.82824e+06,
2.84753e+06,
2.86683e+06,
2.88665e+06,
2.90689e+06,
2.92745e+06,
2.9482e+06,
2.9694e+06,
2.99178e+06,
3.01377e+06,
3.03602e+06,
3.05818e+06,
3.08101e+06,
3.10336e+06,
3.12622e+06,
3.14946e+06,
3.17302e+06,
3.19683e+06,
3.22171e+06,
3.2462e+06,
3.27105e+06,
3.2965e+06,
3.32203e+06,
3.34862e+06,
3.37546e+06,
3.40212e+06,
3.42916e+06,
3.457e+06,
3.48589e+06,
3.5153e+06,
3.54524e+06,
3.57541e+06,
3.60557e+06,
3.63659e+06,
3.66856e+06,
3.70156e+06,
3.73507e+06,
3.76882e+06,
3.80393e+06,
3.83987e+06,
3.87687e+06,
3.9138e+06,
3.9517e+06,
3.99025e+06,
4.03032e+06,
4.07124e+06,
4.11232e+06,
4.15483e+06,
4.19903e+06,
4.24517e+06,
4.29265e+06,
4.3412e+06,
4.39178e+06,
4.44533e+06,
4.50175e+06,
4.56132e+06,
4.62731e+06,
4.79102e+06,
4.97108e+06,
5.09912e+06,
5.21424e+06,
5.3199e+06,
5.41985e+06,
5.51633e+06,
5.61119e+06,
5.70552e+06,
5.79853e+06,
5.90881e+06,
6.02606e+06,
6.13296e+06,
6.2363e+06,
6.33807e+06,
6.44046e+06,
6.5432e+06,
6.64993e+06,
6.76509e+06,
6.8877e+06,
7.0196e+06,
7.15312e+06,
7.2703e+06,
7.38133e+06,
7.48794e+06,
7.59133e+06,
7.69684e+06,
7.80006e+06,
7.90025e+06,
7.99799e+06,
8.1089e+06,
8.22527e+06,
8.3307e+06,
8.43451e+06,
8.54273e+06,
8.64483e+06,
8.74184e+06,
8.83704e+06,
8.932e+06,
9.02538e+06,
9.13782e+06,
9.25903e+06,
9.3772e+06,
9.48382e+06,
9.5854e+06,
9.68446e+06,
9.78078e+06,
9.87718e+06,
9.97336e+06,
1.00744e+07,
1.02044e+07,
1.03334e+07,
1.04479e+07,
1.05557e+07,
1.06598e+07,
1.07606e+07,
1.08606e+07,
1.09651e+07,
1.10777e+07,
1.11835e+07,
1.13002e+07,
1.14219e+07,
1.15345e+07,
1.16405e+07,
1.17446e+07,
1.18504e+07,
1.19606e+07,
1.20663e+07,
1.21664e+07,
1.22691e+07,
1.23836e+07,
1.25028e+07,
1.26185e+07,
1.27315e+07,
1.28436e+07,
1.29602e+07,
1.30649e+07,
1.31653e+07,
1.32628e+07,
1.33678e+07,
1.34842e+07,
1.36084e+07,
1.37326e+07,
1.38538e+07,
1.39723e+07,
1.40788e+07,
1.41809e+07,
1.42798e+07,
1.43778e+07,
1.44899e+07,
1.46097e+07,
1.47348e+07,
1.48698e+07,
1.49863e+07,
1.50951e+07,
1.51975e+07,
1.52952e+07,
1.53956e+07,
1.54946e+07,
1.56097e+07,
1.57291e+07,
1.58571e+07,
1.59805e+07,
1.60911e+07,
1.61981e+07,
1.63035e+07,
1.64071e+07,
1.65096e+07,
1.66188e+07,
1.6746e+07,
1.68825e+07,
1.70061e+07,
1.71282e+07,
1.724e+07,
1.7349e+07,
1.74557e+07,
1.75609e+07,
1.76657e+07,
1.77775e+07,
1.79091e+07,
1.803e+07,
1.81464e+07,
1.82677e+07,
1.83803e+07,
1.84892e+07,
1.85948e+07,
1.87002e+07,
1.88057e+07,
1.89322e+07,
1.90554e+07,
1.9171e+07,
1.9286e+07,
1.94045e+07,
1.95174e+07,
1.96266e+07,
1.97327e+07,
1.98397e+07,
1.99494e+07,
2.00761e+07,
2.0193e+07,
2.03076e+07,
2.04223e+07,
2.05399e+07,
2.06548e+07,
2.0767e+07,
2.08788e+07,
2.09938e+07,
2.11428e+07,
2.1278e+07,
2.14155e+07,
2.15435e+07,
2.16674e+07,
2.1792e+07,
2.19142e+07,
2.20323e+07,
2.21488e+07,
2.22734e+07,
2.24115e+07,
2.25409e+07,
2.26691e+07,
2.27939e+07,
2.29176e+07,
2.30433e+07,
2.31711e+07,
2.32917e+07,
2.3413e+07,
2.35458e+07,
2.36758e+07,
2.38001e+07,
2.3924e+07,
2.4045e+07,
2.41654e+07,
2.42863e+07,
2.44121e+07,
2.45312e+07,
2.46508e+07,
2.47757e+07,
2.48971e+07,
2.50156e+07,
2.51341e+07,
2.5251e+07,
2.53673e+07,
2.54846e+07,
2.56047e+07,
2.57228e+07,
2.58446e+07,
2.59671e+07,
2.60876e+07,
2.62066e+07,
2.63257e+07,
2.64437e+07,
2.65603e+07,
2.66792e+07,
375246,
375261,
375289,
375299,
375363,
375370,
375401,
375416,
375463,
375554,
375549,
375585,
375710,
375729,
375853,
375914,
376010,
376044,
376156,
376264,
376317,
376419,
376508,
376557,
376674,
376713,
376764,
376858,
376893,
376970,
377035,
377153,
377255,
377352,
377443,
377564,
377689,
377778,
377894,
377939,
378007,
378120,
378207,
378297,
378387,
378496,
378596,
378658,
378758,
378872,
378944,
379014,
379176,
379322,
379430,
379539,
379605,
379737,
379824,
379871,
379989,
380067,
380132,
380270,
380476,
380681,
380791,
380862,
381002,
381051,
381186,
381289,
381376,
381469,
381538,
381580,
381643,
381754,
381859,
381999,
382185,
382396,
382615,
382847,
383030,
383260,
383481,
383729,
383866,
384108,
384382,
384602,
384882,
385151,
385383,
385672,
385985,
386268,
386522,
386819,
387111,
387349,
387572,
387798,
388032,
388278,
388501,
388751,
389032,
389335,
389623,
389873,
390211,
390472,
390715,
391025,
391271,
391603,
391920,
392246,
392525,
392865,
393224,
393512,
393819,
394217,
394537,
394914,
395312,
395680,
396115,
396508,
396878,
397254,
397640,
398051,
398464,
398947,
399399,
399896,
400422,
400771,
401227,
401666,
402225,
402724,
403266,
403747,
404328,
404959,
405565,
406124,
406646,
407101,
407608,
408183,
408827,
409481,
410084,
410763,
411423,
412025,
412706,
413338,
414069,
414800,
415582,
416393,
417140,
417861,
418592,
419381,
420162,
420894,
421577,
422379,
423207,
424057,
424800,
425579,
426388,
427248,
428019,
428779,
429657,
430514,
431433,
432310,
433222,
434067,
434976,
435853,
436684,
437541,
438425,
439369,
440291,
441228,
442198,
443094,
444085,
445068,
445918,
446817,
447832,
448900,
450007,
451072,
452141,
453252,
454305,
455400,
456610,
458393,
460430,
462420,
464444,
466490,
468526,
470624,
472709,
474726,
476675,
478689,
480849,
482993,
485069,
487233,
489428,
491648,
493876,
496086,
498282,
500510,
502833,
505127,
507367,
509638,
511879,
514122,
516514,
519071,
521552,
524070,
526574,
529159,
531663,
534288,
536825,
539488,
542047,
544639,
547332,
550102,
552794,
555610,
558304,
560940,
563680,
566324,
569129,
571896,
574618,
577378,
580234,
583106,
586037,
588837,
591719,
594748,
597719,
600790,
603979,
607041,
610290,
613510,
616718,
619889,
623278,
626566,
629853,
633088,
636307,
639685,
642919,
646237,
649548,
652939,
656338,
659895,
663524,
666956,
670439,
673865,
677398,
680884,
684388,
687919,
691611,
695192,
699047,
702800,
706652,
710425,
714374,
718330,
722287,
726214,
730003,
734006,
737933,
742057,
746180,
750305,
754409,
758410,
762476,
766710,
770677,
774738,
779032,
783185,
787400,
791524,
795726,
799977,
804044,
808378,
813046,
817655,
822378,
827030,
831646,
836161,
840855,
845708,
850421,
855152,
859948,
864616,
869349,
874244,
879043,
883730,
888624,
893545,
898402,
903368,
908175,
913088,
917925,
922838,
927826,
932883,
937794,
942884,
948179,
953459,
958867,
964460,
969813,
975157,
980501,
985961,
991554,
997076,
1.00254e+06,
1.00803e+06,
1.01364e+06,
1.01925e+06,
1.02504e+06,
1.03074e+06,
1.03643e+06,
1.0421e+06,
1.04778e+06,
1.05349e+06,
1.05932e+06,
1.06522e+06,
1.07098e+06,
1.07692e+06,
1.08291e+06,
1.08877e+06,
1.09473e+06,
1.10042e+06,
1.10627e+06,
1.11237e+06,
1.11844e+06,
1.1247e+06,
1.13093e+06,
1.13721e+06,
1.14334e+06,
1.14975e+06,
1.15593e+06,
1.16207e+06,
1.16851e+06,
1.17493e+06,
1.18123e+06,
1.18791e+06,
1.19429e+06,
1.20079e+06,
1.20738e+06,
1.21403e+06,
1.22055e+06,
1.227e+06,
1.23363e+06,
1.24027e+06,
1.24683e+06,
1.25361e+06,
1.2603e+06,
1.26716e+06,
1.27395e+06,
1.28074e+06,
1.28736e+06,
1.29413e+06,
1.30106e+06,
1.30828e+06,
1.31548e+06,
1.3226e+06,
1.3299e+06,
1.33714e+06,
1.34448e+06,
1.35178e+06,
1.35925e+06,
1.36648e+06,
1.3738e+06,
1.38102e+06,
1.38844e+06,
1.39601e+06,
1.40363e+06,
1.41135e+06,
1.41888e+06,
1.42661e+06,
1.43452e+06,
1.44213e+06,
1.44974e+06,
1.45777e+06,
1.46565e+06,
1.47352e+06,
1.48159e+06,
1.48962e+06,
1.49765e+06,
1.50578e+06,
1.51397e+06,
1.52224e+06,
1.53049e+06,
1.53887e+06,
1.54743e+06,
1.55599e+06,
1.56449e+06,
1.57313e+06,
1.58186e+06,
1.59047e+06,
1.59897e+06,
1.60769e+06,
1.61663e+06,
1.62574e+06,
1.63475e+06,
1.64384e+06,
1.65268e+06,
1.66171e+06,
1.67083e+06,
1.67994e+06,
1.6889e+06,
1.69764e+06,
1.7069e+06,
1.71618e+06,
1.72558e+06,
1.73502e+06,
1.74436e+06,
1.75386e+06,
1.76343e+06,
1.77272e+06,
1.78227e+06,
1.7917e+06,
1.80152e+06,
1.81158e+06,
1.82159e+06,
1.83179e+06,
1.84184e+06,
1.85221e+06,
1.86245e+06,
1.87259e+06,
1.88299e+06,
1.89327e+06,
1.90383e+06,
1.91421e+06,
1.92481e+06,
1.93567e+06,
1.94651e+06,
1.95725e+06,
1.9682e+06,
1.97926e+06,
1.99038e+06,
2.00113e+06,
2.0123e+06,
2.02344e+06,
2.03478e+06,
2.0463e+06,
2.05782e+06,
2.06946e+06,
2.0813e+06,
2.09303e+06,
2.10467e+06,
2.11612e+06,
2.12788e+06,
2.14021e+06,
2.15261e+06,
2.16507e+06,
2.17765e+06,
2.19028e+06,
2.20296e+06,
2.2154e+06,
2.22776e+06,
2.24024e+06,
2.25305e+06,
2.26639e+06,
2.27956e+06,
2.29287e+06,
2.30629e+06,
2.31985e+06,
2.3334e+06,
2.34717e+06,
2.36067e+06,
2.37434e+06,
2.38847e+06,
2.40263e+06,
2.41723e+06,
2.43152e+06,
2.44589e+06,
2.46052e+06,
2.47519e+06,
2.49023e+06,
2.50511e+06,
2.52022e+06,
2.53527e+06,
2.55078e+06,
2.56643e+06,
2.58221e+06,
2.59823e+06,
2.6144e+06,
2.63055e+06,
2.64683e+06,
2.66327e+06,
2.67962e+06,
2.6966e+06,
2.71406e+06,
2.73147e+06,
2.74887e+06,
2.76655e+06,
2.78444e+06,
2.80274e+06,
2.82132e+06,
2.83972e+06,
2.85839e+06,
2.87724e+06,
2.89703e+06,
2.91633e+06,
2.93656e+06,
2.95673e+06,
2.97759e+06,
2.9989e+06,
3.02113e+06,
3.04336e+06,
3.06528e+06,
3.08751e+06,
3.10977e+06,
3.13224e+06,
3.1549e+06,
3.17822e+06,
3.20221e+06,
3.2265e+06,
3.2512e+06,
3.2752e+06,
3.29947e+06,
3.32479e+06,
3.35057e+06,
3.3771e+06,
3.40373e+06,
3.43048e+06,
3.4574e+06,
3.48501e+06,
3.51355e+06,
3.54259e+06,
3.57174e+06,
3.60095e+06,
3.63115e+06,
3.6624e+06,
3.69474e+06,
3.72707e+06,
3.75977e+06,
3.79298e+06,
3.82763e+06,
3.86344e+06,
3.89904e+06,
3.9353e+06,
3.97219e+06,
4.01056e+06,
4.04979e+06,
4.08902e+06,
4.12953e+06,
4.17101e+06,
4.21441e+06,
4.25953e+06,
4.30489e+06,
4.35177e+06,
4.40099e+06,
4.45292e+06,
4.50765e+06,
4.56438e+06,
4.66528e+06,
4.83199e+06,
4.99442e+06,
5.11655e+06,
5.2276e+06,
5.33148e+06,
5.42992e+06,
5.5254e+06,
5.61973e+06,
5.71305e+06,
5.81366e+06,
5.92525e+06,
6.0393e+06,
6.14528e+06,
6.24876e+06,
6.35225e+06,
6.45784e+06,
6.56652e+06,
6.6757e+06,
6.78199e+06,
6.89284e+06,
7.01145e+06,
7.13187e+06,
7.24032e+06,
7.34507e+06,
7.44851e+06,
7.54913e+06,
7.64598e+06,
7.7413e+06,
7.83539e+06,
7.93561e+06,
8.04152e+06,
8.1526e+06,
8.25959e+06,
8.35988e+06,
8.45768e+06,
8.55165e+06,
8.64444e+06,
8.73628e+06,
8.82606e+06,
8.9302e+06,
9.04207e+06,
9.15895e+06,
9.26494e+06,
9.36488e+06,
9.46282e+06,
9.5587e+06,
9.65225e+06,
9.74875e+06,
9.8508e+06,
9.96083e+06,
1.00739e+07,
1.01916e+07,
1.0301e+07,
1.04054e+07,
1.05069e+07,
1.06081e+07,
1.07174e+07,
1.08171e+07,
1.09144e+07,
1.10232e+07,
1.11315e+07,
1.12438e+07,
1.13538e+07,
1.14579e+07,
1.15704e+07,
1.16739e+07,
1.17714e+07,
1.18672e+07,
1.19648e+07,
1.20734e+07,
1.21815e+07,
1.22931e+07,
1.24158e+07,
1.25312e+07,
1.26362e+07,
1.27366e+07,
1.2834e+07,
1.29297e+07,
1.30304e+07,
1.31395e+07,
1.32568e+07,
1.33823e+07,
1.3505e+07,
1.36139e+07,
1.3717e+07,
1.38174e+07,
1.39146e+07,
1.40099e+07,
1.41185e+07,
1.42358e+07,
1.43596e+07,
1.4475e+07,
1.45908e+07,
1.46938e+07,
1.47954e+07,
1.48932e+07,
1.49914e+07,
1.50903e+07,
1.52053e+07,
1.53261e+07,
1.54382e+07,
1.55485e+07,
1.56633e+07,
1.57705e+07,
1.58741e+07,
1.59776e+07,
1.60821e+07,
1.61975e+07,
1.63257e+07,
1.64419e+07,
1.65541e+07,
1.66636e+07,
1.67752e+07,
1.68861e+07,
1.69921e+07,
1.70962e+07,
1.72018e+07,
1.73261e+07,
1.74408e+07,
1.75511e+07,
1.76595e+07,
1.77678e+07,
1.78796e+07,
1.79927e+07,
1.81003e+07,
1.8207e+07,
1.83228e+07,
1.84388e+07,
1.85488e+07,
1.86577e+07,
1.8767e+07,
1.88762e+07,
1.89864e+07,
1.90993e+07,
1.92074e+07,
1.93181e+07,
1.94349e+07,
1.95465e+07,
1.96565e+07,
1.97661e+07,
1.98762e+07,
1.99863e+07,
2.00985e+07,
2.02152e+07,
2.03352e+07,
2.04656e+07,
2.05895e+07,
2.07109e+07,
2.08376e+07,
2.09623e+07,
2.10814e+07,
2.11988e+07,
2.13167e+07,
2.14383e+07,
2.15624e+07,
2.16875e+07,
2.18094e+07,
2.19298e+07,
2.205e+07,
2.21686e+07,
2.2287e+07,
2.24049e+07,
2.25244e+07,
2.26519e+07,
2.27814e+07,
2.29052e+07,
2.30251e+07,
2.31446e+07,
2.32628e+07,
2.33803e+07,
2.3497e+07,
2.36124e+07,
2.37291e+07,
2.38505e+07,
2.39752e+07,
2.40923e+07,
2.42086e+07,
2.43249e+07,
2.44401e+07,
2.45541e+07,
2.46672e+07,
2.47803e+07,
2.48945e+07,
2.50123e+07,
2.51337e+07,
2.52503e+07,
2.53665e+07,
2.54814e+07,
2.55956e+07,
2.57105e+07,
375246,
375255,
375314,
375328,
375423,
375425,
375467,
375489,
375531,
375638,
375646,
375704,
375806,
375860,
375963,
376063,
376155,
376211,
376346,
376456,
376571,
376615,
376687,
376764,
376870,
376922,
377035,
377111,
377175,
377257,
377336,
377454,
377565,
377681,
377831,
377934,
378074,
378187,
378337,
378425,
378470,
378550,
378661,
378756,
378808,
378919,
379035,
379139,
379253,
379405,
379533,
379673,
379805,
379964,
380052,
380220,
380303,
380426,
380478,
380582,
380670,
380751,
380856,
380979,
381202,
381398,
381514,
381657,
381775,
381973,
382072,
382147,
382239,
382422,
382524,
382611,
382756,
382871,
382964,
383082,
383230,
383401,
383539,
383750,
383964,
384147,
384368,
384636,
384883,
385118,
385365,
385585,
385799,
386156,
386447,
386757,
387018,
387288,
387540,
387814,
388059,
388329,
388653,
388882,
389122,
389358,
389690,
389975,
390222,
390517,
390765,
391094,
391392,
391651,
391936,
392199,
392513,
392852,
393155,
393522,
393833,
394204,
394522,
394824,
395207,
395579,
395973,
396330,
396799,
397165,
397618,
398038,
398433,
398819,
399268,
399760,
400258,
400687,
401202,
401698,
402213,
402773,
403265,
403690,
404124,
404675,
405144,
405738,
406338,
406916,
407542,
408168,
408776,
409268,
409892,
410441,
411060,
411761,
412382,
413081,
413727,
414361,
415046,
415731,
416550,
417366,
418151,
418878,
419600,
420375,
421132,
422001,
422812,
423656,
424457,
425291,
426134,
426972,
427758,
428576,
429370,
430184,
431022,
431868,
432755,
433662,
434582,
435523,
436442,
437440,
438368,
439292,
440216,
441046,
441962,
442884,
443880,
444872,
445866,
446847,
447857,
448878,
449872,
450804,
451922,
452985,
454140,
455153,
456192,
457244,
458362,
459629,
460689,
461727,
462808,
464068,
465245,
466591,
468483,
470551,
472741,
474812,
476812,
478919,
481147,
483263,
485448,
487621,
489839,
492113,
494377,
496621,
499005,
501224,
503470,
505749,
508063,
510424,
512658,
515060,
517432,
519815,
522372,
524642,
527061,
529545,
532055,
534628,
537307,
539907,
542672,
545380,
548171,
550861,
553637,
556401,
559230,
561931,
564665,
567478,
570353,
573206,
575960,
578778,
581608,
584491,
587358,
590405,
593458,
596385,
599303,
602404,
605419,
608491,
611574,
614761,
617960,
621222,
624522,
627798,
630999,
634406,
637795,
641149,
644692,
648086,
651705,
655083,
658560,
661995,
665635,
669117,
672636,
676175,
679859,
683524,
687195,
690942,
694565,
698248,
701868,
705619,
709334,
713037,
716878,
720888,
724878,
728894,
732872,
737044,
741176,
745203,
749245,
753334,
757324,
761606,
765768,
769929,
774138,
778446,
782774,
787034,
791320,
795494,
799907,
804362,
808818,
813323,
817776,
822298,
826783,
831163,
835649,
840006,
844642,
849244,
853845,
858912,
863736,
868631,
873658,
878526,
883415,
888162,
893050,
898065,
903177,
908136,
913102,
918003,
922975,
927966,
933053,
937966,
943096,
948084,
953199,
958429,
963629,
968809,
974067,
979493,
984820,
989886,
995234,
1.00072e+06,
1.00625e+06,
1.01194e+06,
1.0176e+06,
1.02326e+06,
1.02889e+06,
1.03475e+06,
1.04057e+06,
1.04638e+06,
1.05246e+06,
1.05814e+06,
1.06407e+06,
1.0698e+06,
1.07548e+06,
1.08129e+06,
1.08717e+06,
1.09301e+06,
1.09892e+06,
1.10485e+06,
1.11061e+06,
1.11655e+06,
1.12272e+06,
1.1287e+06,
1.1347e+06,
1.14061e+06,
1.14668e+06,
1.1531e+06,
1.1592e+06,
1.16537e+06,
1.17147e+06,
1.17793e+06,
1.18427e+06,
1.19076e+06,
1.19738e+06,
1.20396e+06,
1.2105e+06,
1.21726e+06,
1.22388e+06,
1.23027e+06,
1.23685e+06,
1.24365e+06,
1.25016e+06,
1.25687e+06,
1.26352e+06,
1.27029e+06,
1.27705e+06,
1.2839e+06,
1.29082e+06,
1.29764e+06,
1.30447e+06,
1.31152e+06,
1.31852e+06,
1.32554e+06,
1.33258e+06,
1.33974e+06,
1.3467e+06,
1.35377e+06,
1.3607e+06,
1.36788e+06,
1.37536e+06,
1.3829e+06,
1.39037e+06,
1.39796e+06,
1.40548e+06,
1.41296e+06,
1.42066e+06,
1.4283e+06,
1.43605e+06,
1.44376e+06,
1.45155e+06,
1.45941e+06,
1.46726e+06,
1.47523e+06,
1.48345e+06,
1.49157e+06,
1.49979e+06,
1.50779e+06,
1.51593e+06,
1.52393e+06,
1.53209e+06,
1.5402e+06,
1.54839e+06,
1.55648e+06,
1.56488e+06,
1.57324e+06,
1.58174e+06,
1.5903e+06,
1.59864e+06,
1.60706e+06,
1.61569e+06,
1.62468e+06,
1.63359e+06,
1.64265e+06,
1.65157e+06,
1.66025e+06,
1.66916e+06,
1.67818e+06,
1.68705e+06,
1.69584e+06,
1.70494e+06,
1.71412e+06,
1.72348e+06,
1.73292e+06,
1.74239e+06,
1.75169e+06,
1.76107e+06,
1.77033e+06,
1.77968e+06,
1.78927e+06,
1.79889e+06,
1.80851e+06,
1.81817e+06,
1.8279e+06,
1.83756e+06,
1.8474e+06,
1.85741e+06,
1.86751e+06,
1.87763e+06,
1.88782e+06,
1.89833e+06,
1.90858e+06,
1.91913e+06,
1.92966e+06,
1.94034e+06,
1.95116e+06,
1.96207e+06,
1.97304e+06,
1.98368e+06,
1.99464e+06,
2.00545e+06,
2.01648e+06,
2.0278e+06,
2.03894e+06,
2.05038e+06,
2.06153e+06,
2.07301e+06,
2.08459e+06,
2.09628e+06,
2.10784e+06,
2.11964e+06,
2.13142e+06,
2.14349e+06,
2.15528e+06,
2.16726e+06,
2.17943e+06,
2.19164e+06,
2.20398e+06,
2.21691e+06,
2.2295e+06,
2.24217e+06,
2.25482e+06,
2.26757e+06,
2.28031e+06,
2.29372e+06,
2.30714e+06,
2.32059e+06,
2.33419e+06,
2.34757e+06,
2.36109e+06,
2.37457e+06,
2.38813e+06,
2.40189e+06,
2.41617e+06,
2.43025e+06,
2.4447e+06,
2.45903e+06,
2.47353e+06,
2.48783e+06,
2.50227e+06,
2.51682e+06,
2.5319e+06,
2.54711e+06,
2.5624e+06,
2.57757e+06,
2.5932e+06,
2.60877e+06,
2.62438e+06,
2.64034e+06,
2.65639e+06,
2.67294e+06,
2.68965e+06,
2.70669e+06,
2.72351e+06,
2.74015e+06,
2.75718e+06,
2.77498e+06,
2.79296e+06,
2.8112e+06,
2.82907e+06,
2.84741e+06,
2.86568e+06,
2.88435e+06,
2.90311e+06,
2.92258e+06,
2.94219e+06,
2.96191e+06,
2.98203e+06,
3.00215e+06,
3.02267e+06,
3.04416e+06,
3.06604e+06,
3.08833e+06,
3.11059e+06,
3.13288e+06,
3.15516e+06,
3.17788e+06,
3.20108e+06,
3.22445e+06,
3.24783e+06,
3.2718e+06,
3.29636e+06,
3.3208e+06,
3.34601e+06,
3.37182e+06,
3.3975e+06,
3.42355e+06,
3.44963e+06,
3.47638e+06,
3.50368e+06,
3.53173e+06,
3.56045e+06,
3.58939e+06,
3.61845e+06,
3.64789e+06,
3.67819e+06,
3.70941e+06,
3.74092e+06,
3.77277e+06,
3.805e+06,
3.83833e+06,
3.87296e+06,
3.90778e+06,
3.94283e+06,
3.97882e+06,
4.01581e+06,
4.0533e+06,
4.09181e+06,
4.13049e+06,
4.17017e+06,
4.21118e+06,
4.25445e+06,
4.29835e+06,
4.34334e+06,
4.39018e+06,
4.43918e+06,
4.49038e+06,
4.54507e+06,
4.65358e+06,
4.79254e+06,
4.96113e+06,
5.08806e+06,
5.20038e+06,
5.30528e+06,
5.40507e+06,
5.50055e+06,
5.59436e+06,
5.6875e+06,
5.79072e+06,
5.89774e+06,
6.01105e+06,
6.11882e+06,
6.22489e+06,
6.33004e+06,
6.43361e+06,
6.53604e+06,
6.63529e+06,
6.73211e+06,
6.83841e+06,
6.94522e+06,
7.0589e+06,
7.16716e+06,
7.26807e+06,
7.3666e+06,
7.46136e+06,
7.55393e+06,
7.64514e+06,
7.73511e+06,
7.83572e+06,
7.93687e+06,
8.04167e+06,
8.14453e+06,
8.24083e+06,
8.33447e+06,
8.42574e+06,
8.51569e+06,
8.60369e+06,
8.69667e+06,
8.80021e+06,
8.90135e+06,
9.00535e+06,
9.11236e+06,
9.21176e+06,
9.30858e+06,
9.40305e+06,
9.49862e+06,
9.59332e+06,
9.68992e+06,
9.7953e+06,
9.90034e+06,
1.00065e+07,
1.0118e+07,
1.02225e+07,
1.03271e+07,
1.04292e+07,
1.05256e+07,
1.06192e+07,
1.07182e+07,
1.08213e+07,
1.09246e+07,
1.1029e+07,
1.11413e+07,
1.1253e+07,
1.13546e+07,
1.14506e+07,
1.15444e+07,
1.16362e+07,
1.1739e+07,
1.18424e+07,
1.19471e+07,
1.20611e+07,
1.21734e+07,
1.2282e+07,
1.23815e+07,
1.2478e+07,
1.25718e+07,
1.26652e+07,
1.27723e+07,
1.28878e+07,
1.30009e+07,
1.31091e+07,
1.32173e+07,
1.33262e+07,
1.34268e+07,
1.35243e+07,
1.36191e+07,
1.37226e+07,
1.38418e+07,
1.39521e+07,
1.40554e+07,
1.41591e+07,
1.42627e+07,
1.43694e+07,
1.44679e+07,
1.4564e+07,
1.46629e+07,
1.4782e+07,
1.48932e+07,
1.4999e+07,
1.51032e+07,
1.52071e+07,
1.53108e+07,
1.54184e+07,
1.55238e+07,
1.5632e+07,
1.57498e+07,
1.58655e+07,
1.59748e+07,
1.60814e+07,
1.61864e+07,
1.62891e+07,
1.6393e+07,
1.65023e+07,
1.66122e+07,
1.67238e+07,
1.68381e+07,
1.69464e+07,
1.70517e+07,
1.71561e+07,
1.72585e+07,
1.7363e+07,
1.74689e+07,
1.75775e+07,
1.76915e+07,
1.78067e+07,
1.79175e+07,
1.80244e+07,
1.8129e+07,
1.82326e+07,
1.83374e+07,
1.84426e+07,
1.8549e+07,
1.86573e+07,
1.87721e+07,
1.88843e+07,
1.8993e+07,
1.90989e+07,
1.92057e+07,
1.93129e+07,
1.94195e+07,
1.9528e+07,
1.96412e+07,
1.97608e+07,
1.98829e+07,
2.00029e+07,
2.01197e+07,
2.02362e+07,
2.03586e+07,
2.04769e+07,
2.05921e+07,
2.07069e+07,
2.08242e+07,
2.09435e+07,
2.10642e+07,
2.11836e+07,
2.12988e+07,
2.14136e+07,
2.15292e+07,
2.16445e+07,
2.17595e+07,
2.18753e+07,
2.19926e+07,
2.21119e+07,
2.22307e+07,
2.2353e+07,
2.24711e+07,
2.25872e+07,
2.27019e+07,
2.28163e+07,
2.29294e+07,
2.30424e+07,
2.31567e+07,
2.32713e+07,
2.33863e+07,
2.3503e+07,
2.36186e+07,
2.37318e+07,
2.38444e+07,
2.39561e+07,
2.40683e+07,
2.41807e+07,
2.42928e+07,
2.44041e+07,
2.45155e+07,
2.4629e+07,
2.47439e+07,
375246,
375269,
375332,
375354,
375462,
375478,
375514,
375546,
375618,
375711,
375753,
375825,
375923,
375997,
376133,
376193,
376311,
376391,
376507,
376658,
376750,
376833,
376860,
376984,
377089,
377178,
377266,
377327,
377436,
377565,
377675,
377789,
377909,
378076,
378169,
378267,
378458,
378567,
378681,
378828,
378916,
379028,
379155,
379218,
379359,
379440,
379535,
379602,
379686,
379888,
380047,
380171,
380380,
380510,
380673,
380797,
380938,
381082,
381189,
381324,
381398,
381528,
381648,
381766,
381915,
382083,
382264,
382482,
382669,
382809,
382904,
383011,
383196,
383334,
383507,
383635,
383852,
384020,
384120,
384285,
384454,
384575,
384645,
384766,
384935,
385111,
385283,
385524,
385805,
386102,
386433,
386644,
386908,
387160,
387421,
387665,
387886,
388183,
388485,
388820,
389101,
389337,
389645,
389825,
390063,
390336,
390682,
391070,
391399,
391715,
391986,
392301,
392614,
392837,
393119,
393360,
393706,
394053,
394428,
394789,
395161,
395538,
395886,
396257,
396628,
397024,
397447,
397871,
398247,
398738,
399243,
399705,
400107,
400485,
400993,
401490,
402082,
402582,
403025,
403500,
404028,
404574,
405049,
405577,
406082,
406677,
407260,
407871,
408438,
409014,
409521,
410146,
410757,
411357,
411990,
412716,
413383,
414117,
414722,
415358,
416085,
416802,
417501,
418193,
418933,
419804,
420683,
421397,
422279,
423103,
423989,
424808,
425601,
426380,
427189,
428074,
428868,
429784,
430731,
431565,
432490,
433447,
434343,
435211,
436053,
436997,
437973,
438917,
439835,
440778,
441756,
442643,
443635,
444629,
445583,
446618,
447677,
448810,
449833,
450834,
451883,
452890,
453951,
455066,
456195,
457286,
458368,
459540,
460637,
461766,
462867,
464025,
465112,
466303,
467518,
468827,
469945,
471220,
472497,
473693,
475105,
476446,
477851,
479388,
481519,
483808,
486068,
488351,
490586,
492866,
495096,
497236,
499608,
501848,
504268,
506678,
509127,
511544,
513972,
516469,
518827,
521344,
523875,
526155,
528740,
531140,
533470,
536037,
538682,
541105,
543614,
546273,
549063,
551859,
554653,
557464,
560263,
563099,
565971,
568712,
571721,
574555,
577382,
580257,
583355,
586335,
589393,
592298,
595290,
598256,
601417,
604560,
607706,
610839,
614174,
617372,
620468,
623596,
626861,
630049,
633209,
636361,
639863,
643360,
646721,
650330,
653994,
657627,
661073,
664496,
668170,
671763,
675422,
679148,
682758,
686410,
690184,
694031,
697836,
701788,
705724,
709450,
713165,
717124,
720973,
724849,
728696,
732629,
736569,
740428,
744436,
748562,
752721,
756906,
761143,
765589,
769821,
774016,
778327,
782660,
786888,
791292,
795829,
800136,
804548,
808988,
813642,
818154,
822448,
827094,
831631,
836076,
840573,
845088,
849739,
854203,
858762,
863573,
868146,
873001,
877768,
882559,
887501,
892387,
897335,
902218,
907129,
912179,
917089,
922251,
927411,
932693,
937832,
942901,
948015,
953178,
958296,
963578,
968813,
974089,
979320,
984408,
989678,
994834,
1.00017e+06,
1.00538e+06,
1.01084e+06,
1.01632e+06,
1.02152e+06,
1.02697e+06,
1.03258e+06,
1.03812e+06,
1.04393e+06,
1.04976e+06,
1.05562e+06,
1.06161e+06,
1.06745e+06,
1.07327e+06,
1.07924e+06,
1.08527e+06,
1.09111e+06,
1.09706e+06,
1.10276e+06,
1.10847e+06,
1.11451e+06,
1.12052e+06,
1.12644e+06,
1.13243e+06,
1.13859e+06,
1.14482e+06,
1.15093e+06,
1.15693e+06,
1.16319e+06,
1.16944e+06,
1.17565e+06,
1.18206e+06,
1.18813e+06,
1.19454e+06,
1.20084e+06,
1.20727e+06,
1.21368e+06,
1.22004e+06,
1.22661e+06,
1.23328e+06,
1.23998e+06,
1.24656e+06,
1.25326e+06,
1.25993e+06,
1.26672e+06,
1.27331e+06,
1.28011e+06,
1.28684e+06,
1.29371e+06,
1.30051e+06,
1.30742e+06,
1.31442e+06,
1.32133e+06,
1.3285e+06,
1.33552e+06,
1.34272e+06,
1.35005e+06,
1.35698e+06,
1.36409e+06,
1.37109e+06,
1.37823e+06,
1.38539e+06,
1.39282e+06,
1.40013e+06,
1.40755e+06,
1.41499e+06,
1.42268e+06,
1.43017e+06,
1.43769e+06,
1.44544e+06,
1.45315e+06,
1.46107e+06,
1.46891e+06,
1.47668e+06,
1.48444e+06,
1.4924e+06,
1.50032e+06,
1.50814e+06,
1.51628e+06,
1.52434e+06,
1.53243e+06,
1.54074e+06,
1.54898e+06,
1.55717e+06,
1.56563e+06,
1.57375e+06,
1.58183e+06,
1.59033e+06,
1.59863e+06,
1.60712e+06,
1.61578e+06,
1.62417e+06,
1.63279e+06,
1.64156e+06,
1.65025e+06,
1.65882e+06,
1.66769e+06,
1.67643e+06,
1.68543e+06,
1.69416e+06,
1.70325e+06,
1.71228e+06,
1.72143e+06,
1.73058e+06,
1.73986e+06,
1.74909e+06,
1.75832e+06,
1.76766e+06,
1.77698e+06,
1.78648e+06,
1.79591e+06,
1.80528e+06,
1.81488e+06,
1.82471e+06,
1.83452e+06,
1.84444e+06,
1.85424e+06,
1.86376e+06,
1.87356e+06,
1.88342e+06,
1.89376e+06,
1.90399e+06,
1.91395e+06,
1.92438e+06,
1.93455e+06,
1.94489e+06,
1.95518e+06,
1.96567e+06,
1.97633e+06,
1.98701e+06,
1.99805e+06,
2.00896e+06,
2.01989e+06,
2.03095e+06,
2.04242e+06,
2.05377e+06,
2.06482e+06,
2.0761e+06,
2.08736e+06,
2.09872e+06,
2.11029e+06,
2.12178e+06,
2.13336e+06,
2.14519e+06,
2.15687e+06,
2.16894e+06,
2.18086e+06,
2.19299e+06,
2.20508e+06,
2.21702e+06,
2.22902e+06,
2.24148e+06,
2.25405e+06,
2.26672e+06,
2.2795e+06,
2.29226e+06,
2.30542e+06,
2.31833e+06,
2.33145e+06,
2.34461e+06,
2.35791e+06,
2.37155e+06,
2.38529e+06,
2.39881e+06,
2.41249e+06,
2.4262e+06,
2.44005e+06,
2.45412e+06,
2.46823e+06,
2.48248e+06,
2.49703e+06,
2.51132e+06,
2.52569e+06,
2.54016e+06,
2.5549e+06,
2.56999e+06,
2.58509e+06,
2.60065e+06,
2.61577e+06,
2.63105e+06,
2.6465e+06,
2.66211e+06,
2.67786e+06,
2.69397e+06,
2.71053e+06,
2.72698e+06,
2.74389e+06,
2.7609e+06,
2.77796e+06,
2.79516e+06,
2.81251e+06,
2.8304e+06,
2.84851e+06,
2.86677e+06,
2.88488e+06,
2.90339e+06,
2.92212e+06,
2.94113e+06,
2.96012e+06,
2.9795e+06,
2.99913e+06,
3.01867e+06,
3.03883e+06,
3.05959e+06,
3.08189e+06,
3.10421e+06,
3.12618e+06,
3.14762e+06,
3.16965e+06,
3.19162e+06,
3.21412e+06,
3.23742e+06,
3.26111e+06,
3.28483e+06,
3.30845e+06,
3.33239e+06,
3.35733e+06,
3.38253e+06,
3.40791e+06,
3.43336e+06,
3.45903e+06,
3.48512e+06,
3.51156e+06,
3.53895e+06,
3.56727e+06,
3.59553e+06,
3.62428e+06,
3.65288e+06,
3.68277e+06,
3.71258e+06,
3.74283e+06,
3.77326e+06,
3.80463e+06,
3.83647e+06,
3.86965e+06,
3.90312e+06,
3.93687e+06,
3.97102e+06,
4.00595e+06,
4.04169e+06,
4.07803e+06,
4.11539e+06,
4.15316e+06,
4.19246e+06,
4.23341e+06,
4.27519e+06,
4.31765e+06,
4.36143e+06,
4.40677e+06,
4.4539e+06,
4.50353e+06,
4.59735e+06,
4.71589e+06,
4.84958e+06,
5.00641e+06,
5.12838e+06,
5.23773e+06,
5.3406e+06,
5.43906e+06,
5.53309e+06,
5.62569e+06,
5.72736e+06,
5.8317e+06,
5.93756e+06,
6.04968e+06,
6.15571e+06,
6.25894e+06,
6.35777e+06,
6.4538e+06,
6.54648e+06,
6.63817e+06,
6.73884e+06,
6.84059e+06,
6.94174e+06,
7.04618e+06,
7.14987e+06,
7.24545e+06,
7.33749e+06,
7.4278e+06,
7.5156e+06,
7.60408e+06,
7.70027e+06,
7.79598e+06,
7.89109e+06,
7.98834e+06,
8.08693e+06,
8.17844e+06,
8.26878e+06,
8.35676e+06,
8.44352e+06,
8.53211e+06,
8.62842e+06,
8.72626e+06,
8.82384e+06,
8.92165e+06,
9.02538e+06,
9.12192e+06,
9.21639e+06,
9.30908e+06,
9.39774e+06,
9.49102e+06,
9.59322e+06,
9.69346e+06,
9.7944e+06,
9.89715e+06,
1.00052e+07,
1.01091e+07,
1.02053e+07,
1.02991e+07,
1.03893e+07,
1.0487e+07,
1.05872e+07,
1.06885e+07,
1.07907e+07,
1.08928e+07,
1.09953e+07,
1.10974e+07,
1.11926e+07,
1.12848e+07,
1.13767e+07,
1.14799e+07,
1.15822e+07,
1.16878e+07,
1.17902e+07,
1.18895e+07,
1.19901e+07,
1.20925e+07,
1.21877e+07,
1.22799e+07,
1.23799e+07,
1.249e+07,
1.25975e+07,
1.26996e+07,
1.28003e+07,
1.28991e+07,
1.29984e+07,
1.31012e+07,
1.31993e+07,
1.32938e+07,
1.34084e+07,
1.35145e+07,
1.36163e+07,
1.37159e+07,
1.38133e+07,
1.39106e+07,
1.40072e+07,
1.41081e+07,
1.42119e+07,
1.43273e+07,
1.44364e+07,
1.4541e+07,
1.46418e+07,
1.47414e+07,
1.48401e+07,
1.49388e+07,
1.5039e+07,
1.51472e+07,
1.52649e+07,
1.53769e+07,
1.54845e+07,
1.55889e+07,
1.56912e+07,
1.57917e+07,
1.58909e+07,
1.59908e+07,
1.6095e+07,
1.62036e+07,
1.63181e+07,
1.64273e+07,
1.6532e+07,
1.66348e+07,
1.67354e+07,
1.68348e+07,
1.69365e+07,
1.704e+07,
1.71456e+07,
1.72546e+07,
1.73647e+07,
1.74736e+07,
1.75789e+07,
1.76813e+07,
1.7782e+07,
1.7884e+07,
1.79869e+07,
1.80906e+07,
1.81964e+07,
1.83033e+07,
1.84107e+07,
1.8521e+07,
1.86265e+07,
1.87314e+07,
1.88373e+07,
1.89455e+07,
1.90558e+07,
1.91669e+07,
1.92791e+07,
1.9391e+07,
1.95026e+07,
1.96167e+07,
1.97309e+07,
1.98495e+07,
1.99669e+07,
2.0081e+07,
2.01943e+07,
2.03076e+07,
2.042e+07,
2.05328e+07,
2.06445e+07,
2.07561e+07,
2.08711e+07,
2.09848e+07,
2.10981e+07,
2.12092e+07,
2.13218e+07,
2.14351e+07,
2.15474e+07,
2.16592e+07,
2.17706e+07,
2.18835e+07,
2.20022e+07,
2.21168e+07,
2.22308e+07,
2.23427e+07,
2.24535e+07,
2.25628e+07,
2.26723e+07,
2.278e+07,
2.2888e+07,
2.2999e+07,
2.31133e+07,
2.32277e+07,
2.33399e+07,
2.34507e+07,
2.35594e+07,
2.36674e+07,
2.37748e+07,
375246,
375271,
375357,
375381,
375524,
375529,
375568,
375621,
375705,
375806,
375830,
375921,
376063,
376120,
376258,
376335,
376463,
376544,
376696,
376813,
376966,
377061,
377107,
377176,
377295,
377363,
377524,
377637,
377760,
377891,
377974,
378091,
378262,
378418,
378516,
378673,
378839,
378958,
379104,
379265,
379338,
379511,
379617,
379675,
379779,
379896,
380012,
380149,
380235,
380403,
380547,
380729,
380897,
381050,
381221,
381411,
381542,
381666,
381829,
382026,
382129,
382322,
382470,
382539,
382727,
382893,
383020,
383215,
383381,
383574,
383682,
383857,
384039,
384214,
384427,
384590,
384872,
385057,
385252,
385429,
385540,
385684,
385828,
386029,
386145,
386326,
386486,
386602,
386832,
387109,
387345,
387584,
387828,
388061,
388392,
388630,
388861,
389173,
389416,
389722,
390008,
390370,
390660,
390897,
391181,
391467,
391874,
392169,
392498,
392806,
393111,
393439,
393762,
394039,
394374,
394693,
395022,
395440,
395800,
396147,
396541,
396919,
397300,
397629,
398039,
398466,
398859,
399266,
399738,
400223,
400716,
401178,
401681,
402086,
402646,
403197,
403702,
404199,
404794,
405307,
405822,
406357,
406890,
407340,
407916,
408604,
409191,
409822,
410408,
411034,
411661,
412383,
413041,
413586,
414280,
414987,
415705,
416331,
417079,
417769,
418593,
419416,
420202,
420946,
421762,
422511,
423348,
424142,
424950,
425794,
426570,
427433,
428392,
429152,
430120,
430988,
431864,
432832,
433816,
434836,
435790,
436784,
437675,
438523,
439489,
440493,
441483,
442493,
443493,
444464,
445514,
446619,
447605,
448543,
449527,
450549,
451576,
452622,
453724,
454859,
456013,
457148,
458307,
459355,
460541,
461709,
462906,
464104,
465154,
466377,
467667,
468892,
470177,
471372,
472711,
473929,
475148,
476483,
477832,
479237,
480540,
481865,
483306,
484686,
486317,
487832,
489359,
490895,
492294,
493932,
496291,
498523,
500845,
503084,
505485,
507978,
510378,
512787,
515273,
517914,
520385,
522785,
525292,
527619,
530136,
532644,
535200,
537790,
540338,
542991,
545625,
548215,
550961,
553758,
556463,
558990,
561777,
564558,
567317,
570207,
573073,
576128,
579226,
582182,
585181,
588120,
591235,
594322,
597396,
600632,
603752,
607000,
610214,
613305,
616650,
619899,
623175,
626513,
629693,
633058,
636383,
639684,
643084,
646472,
649889,
653387,
656893,
660410,
663798,
667404,
671179,
674820,
678491,
682245,
685994,
689741,
693496,
697165,
701184,
705022,
709048,
713195,
717158,
721046,
725105,
729129,
732986,
736969,
741050,
745069,
749125,
753323,
757466,
761459,
765696,
769849,
774183,
778243,
782435,
786824,
791371,
795712,
799935,
804350,
808937,
813410,
817868,
822295,
826842,
831343,
835918,
840578,
845205,
849844,
854669,
859440,
864246,
869009,
873788,
878517,
883250,
887889,
892576,
897325,
902190,
906932,
911869,
916643,
921516,
926314,
931531,
936607,
941643,
946707,
951801,
957045,
962303,
967576,
972795,
978104,
983462,
988742,
994060,
999327,
1.00466e+06,
1.01012e+06,
1.01548e+06,
1.02099e+06,
1.02645e+06,
1.03205e+06,
1.03743e+06,
1.04298e+06,
1.04859e+06,
1.05427e+06,
1.05993e+06,
1.06558e+06,
1.07128e+06,
1.07695e+06,
1.08268e+06,
1.08829e+06,
1.09423e+06,
1.10015e+06,
1.10617e+06,
1.11213e+06,
1.11806e+06,
1.12407e+06,
1.13013e+06,
1.13619e+06,
1.14227e+06,
1.14833e+06,
1.15448e+06,
1.16059e+06,
1.16674e+06,
1.17281e+06,
1.1791e+06,
1.18528e+06,
1.19163e+06,
1.19814e+06,
1.20465e+06,
1.21113e+06,
1.21756e+06,
1.22397e+06,
1.23036e+06,
1.23677e+06,
1.24336e+06,
1.24998e+06,
1.25666e+06,
1.26313e+06,
1.26989e+06,
1.2766e+06,
1.28333e+06,
1.29003e+06,
1.29677e+06,
1.30369e+06,
1.31063e+06,
1.31756e+06,
1.32457e+06,
1.33152e+06,
1.33857e+06,
1.34562e+06,
1.35298e+06,
1.35991e+06,
1.36693e+06,
1.37403e+06,
1.38137e+06,
1.38867e+06,
1.3961e+06,
1.40338e+06,
1.41071e+06,
1.41822e+06,
1.4256e+06,
1.43307e+06,
1.44046e+06,
1.44786e+06,
1.45534e+06,
1.46278e+06,
1.47025e+06,
1.47779e+06,
1.48528e+06,
1.49295e+06,
1.50069e+06,
1.50864e+06,
1.51662e+06,
1.52451e+06,
1.53262e+06,
1.54066e+06,
1.54877e+06,
1.55704e+06,
1.56527e+06,
1.57337e+06,
1.58171e+06,
1.58998e+06,
1.5984e+06,
1.60657e+06,
1.61489e+06,
1.62324e+06,
1.63181e+06,
1.64058e+06,
1.6493e+06,
1.658e+06,
1.66673e+06,
1.67532e+06,
1.68392e+06,
1.69237e+06,
1.70099e+06,
1.70994e+06,
1.7187e+06,
1.72773e+06,
1.73652e+06,
1.74565e+06,
1.7545e+06,
1.76385e+06,
1.77306e+06,
1.78221e+06,
1.79147e+06,
1.80088e+06,
1.81031e+06,
1.81987e+06,
1.82951e+06,
1.83919e+06,
1.84895e+06,
1.85889e+06,
1.86854e+06,
1.87821e+06,
1.88792e+06,
1.89793e+06,
1.90809e+06,
1.91806e+06,
1.92834e+06,
1.93839e+06,
1.94872e+06,
1.95899e+06,
1.96929e+06,
1.9795e+06,
1.98976e+06,
2.00005e+06,
2.0107e+06,
2.02141e+06,
2.03231e+06,
2.04318e+06,
2.0543e+06,
2.06561e+06,
2.07667e+06,
2.08738e+06,
2.09869e+06,
2.11002e+06,
2.12171e+06,
2.13332e+06,
2.14497e+06,
2.15677e+06,
2.16843e+06,
2.1802e+06,
2.19212e+06,
2.20381e+06,
2.21584e+06,
2.22771e+06,
2.23999e+06,
2.25209e+06,
2.26452e+06,
2.27698e+06,
2.28955e+06,
2.30231e+06,
2.3148e+06,
2.32727e+06,
2.33995e+06,
2.35274e+06,
2.36552e+06,
2.37853e+06,
2.39194e+06,
2.40582e+06,
2.41932e+06,
2.43294e+06,
2.44669e+06,
2.46019e+06,
2.47392e+06,
2.48802e+06,
2.50213e+06,
2.51647e+06,
2.53074e+06,
2.54505e+06,
2.5597e+06,
2.57432e+06,
2.58895e+06,
2.60321e+06,
2.61809e+06,
2.63335e+06,
2.64905e+06,
2.66458e+06,
2.68011e+06,
2.69601e+06,
2.71192e+06,
2.72813e+06,
2.74417e+06,
2.76051e+06,
2.77715e+06,
2.79388e+06,
2.81062e+06,
2.82793e+06,
2.84535e+06,
2.86295e+06,
2.8807e+06,
2.89878e+06,
2.91681e+06,
2.93489e+06,
2.95326e+06,
2.97238e+06,
2.99176e+06,
3.01093e+06,
3.03028e+06,
3.04978e+06,
3.06988e+06,
3.09058e+06,
3.11237e+06,
3.13427e+06,
3.15592e+06,
3.17779e+06,
3.19925e+06,
3.22118e+06,
3.244e+06,
3.26663e+06,
3.28975e+06,
3.31313e+06,
3.33606e+06,
3.35976e+06,
3.38387e+06,
3.40881e+06,
3.43395e+06,
3.45939e+06,
3.48454e+06,
3.51015e+06,
3.53653e+06,
3.56331e+06,
3.59071e+06,
3.61806e+06,
3.64562e+06,
3.67417e+06,
3.70326e+06,
3.73309e+06,
3.76313e+06,
3.79337e+06,
3.82317e+06,
3.85454e+06,
3.88622e+06,
3.91828e+06,
3.95118e+06,
3.98412e+06,
4.01809e+06,
4.05259e+06,
4.0879e+06,
4.12368e+06,
4.15974e+06,
4.19715e+06,
4.23656e+06,
4.27649e+06,
4.31751e+06,
4.35953e+06,
4.40237e+06,
4.44753e+06,
4.50971e+06,
4.61516e+06,
4.72392e+06,
4.84298e+06,
4.986e+06,
5.11919e+06,
5.22933e+06,
5.33271e+06,
5.4313e+06,
5.52552e+06,
5.62212e+06,
5.72482e+06,
5.82801e+06,
5.93091e+06,
6.03445e+06,
6.13823e+06,
6.23553e+06,
6.32938e+06,
6.42045e+06,
6.50806e+06,
6.60065e+06,
6.69766e+06,
6.79397e+06,
6.8903e+06,
6.98493e+06,
7.08401e+06,
7.17707e+06,
7.26687e+06,
7.35421e+06,
7.43979e+06,
7.53035e+06,
7.62306e+06,
7.71414e+06,
7.80508e+06,
7.89423e+06,
7.98646e+06,
8.07768e+06,
8.16453e+06,
8.25069e+06,
8.33409e+06,
8.42788e+06,
8.52195e+06,
8.61401e+06,
8.70649e+06,
8.79911e+06,
8.89272e+06,
8.99094e+06,
9.08297e+06,
9.17071e+06,
9.26189e+06,
9.36021e+06,
9.45783e+06,
9.55454e+06,
9.65186e+06,
9.74883e+06,
9.84472e+06,
9.94457e+06,
1.00394e+07,
1.01296e+07,
1.02256e+07,
1.03238e+07,
1.04219e+07,
1.05197e+07,
1.06148e+07,
1.07084e+07,
1.08016e+07,
1.08979e+07,
1.09936e+07,
1.10849e+07,
1.11872e+07,
1.12894e+07,
1.13882e+07,
1.14846e+07,
1.15798e+07,
1.16742e+07,
1.1767e+07,
1.18605e+07,
1.19574e+07,
1.2061e+07,
1.21681e+07,
1.22704e+07,
1.23674e+07,
1.24622e+07,
1.25572e+07,
1.26508e+07,
1.27403e+07,
1.28321e+07,
1.29363e+07,
1.30481e+07,
1.31498e+07,
1.32486e+07,
1.33459e+07,
1.3443e+07,
1.35384e+07,
1.36336e+07,
1.37281e+07,
1.38303e+07,
1.3941e+07,
1.40502e+07,
1.41529e+07,
1.42528e+07,
1.43514e+07,
1.44474e+07,
1.45434e+07,
1.46412e+07,
1.47457e+07,
1.48533e+07,
1.49602e+07,
1.5068e+07,
1.51715e+07,
1.52723e+07,
1.53717e+07,
1.54693e+07,
1.55662e+07,
1.56685e+07,
1.57724e+07,
1.58762e+07,
1.59787e+07,
1.60833e+07,
1.61877e+07,
1.62876e+07,
1.63854e+07,
1.64841e+07,
1.65862e+07,
1.66893e+07,
1.67925e+07,
1.68955e+07,
1.69964e+07,
1.70987e+07,
1.72034e+07,
1.73047e+07,
1.74053e+07,
1.75074e+07,
1.76096e+07,
1.7711e+07,
1.78132e+07,
1.79162e+07,
1.8019e+07,
1.81217e+07,
1.82281e+07,
1.83374e+07,
1.84454e+07,
1.85535e+07,
1.86608e+07,
1.87686e+07,
1.88741e+07,
1.89806e+07,
1.90868e+07,
1.91932e+07,
1.93053e+07,
1.94264e+07,
1.95417e+07,
1.96542e+07,
1.97644e+07,
1.98733e+07,
1.99809e+07,
2.00879e+07,
2.01941e+07,
2.03e+07,
2.04114e+07,
2.0525e+07,
2.06369e+07,
2.07467e+07,
2.08557e+07,
2.09624e+07,
2.10695e+07,
2.11767e+07,
2.12829e+07,
2.13915e+07,
2.15015e+07,
2.16135e+07,
2.17284e+07,
2.18383e+07,
2.19469e+07,
2.2054e+07,
2.21594e+07,
2.22642e+07,
2.23696e+07,
2.24765e+07,
2.2584e+07,
2.26924e+07,
2.28041e+07,
375246,
375294,
375377,
375408,
375548,
375569,
375610,
375664,
375766,
375864,
375940,
376030,
376164,
376259,
376389,
376501,
376623,
376740,
376899,
377013,
377141,
377252,
377322,
377437,
377540,
377698,
377812,
377909,
378008,
378139,
378268,
378365,
378557,
378759,
378915,
379070,
379238,
379334,
379446,
379610,
379726,
379885,
379983,
380097,
380244,
380354,
380457,
380589,
380740,
380878,
381035,
381232,
381412,
381579,
381764,
381936,
382145,
382295,
382461,
382657,
382845,
383024,
383227,
383403,
383561,
383714,
383855,
384020,
384200,
384340,
384546,
384739,
384967,
385153,
385346,
385541,
385832,
386022,
386172,
386419,
386563,
386748,
386986,
387155,
387279,
387436,
387681,
387808,
387993,
388267,
388506,
388690,
388875,
389107,
389381,
389572,
389843,
390111,
390453,
390798,
391124,
391431,
391722,
391997,
392275,
392614,
392926,
393288,
393577,
393931,
394251,
394599,
394944,
395276,
395640,
396020,
396419,
396815,
397160,
397566,
397923,
398320,
398770,
399116,
399589,
400023,
400412,
400797,
401299,
401791,
402263,
402780,
403289,
403775,
404293,
404797,
405360,
405915,
406493,
407014,
407498,
408077,
408651,
409218,
409847,
410447,
411174,
411827,
412489,
413220,
413887,
414520,
415204,
415812,
416516,
417201,
417920,
418672,
419521,
420373,
421207,
421906,
422729,
423504,
424339,
425169,
426007,
426889,
427836,
428763,
429598,
430484,
431334,
432173,
433120,
434077,
435080,
435992,
436929,
437972,
438983,
439934,
441020,
442004,
443076,
444087,
445015,
446131,
447218,
448300,
449232,
450310,
451351,
452485,
453565,
454724,
455811,
456985,
458209,
459411,
460506,
461755,
462809,
463935,
465097,
466354,
467498,
468776,
470041,
471393,
472678,
473967,
475314,
476539,
477825,
479339,
480774,
482234,
483738,
485217,
486663,
488131,
489569,
490978,
492449,
493919,
495356,
496912,
498506,
500052,
501664,
503325,
504878,
506426,
507950,
509594,
511532,
514002,
516460,
518993,
521468,
523905,
526470,
529025,
531645,
534271,
536907,
539528,
542202,
544925,
547678,
550421,
553203,
556000,
558649,
561373,
564150,
566903,
569627,
572689,
575455,
578403,
581297,
584171,
587257,
590308,
593196,
596359,
599491,
602689,
605904,
609013,
612410,
615781,
619110,
622328,
625781,
629176,
632574,
636124,
639576,
643042,
646430,
649847,
653507,
657036,
660532,
664213,
667795,
671426,
675005,
678492,
682193,
685843,
689499,
693259,
696951,
700924,
704859,
708688,
712613,
716580,
720678,
724780,
728835,
732932,
737075,
741279,
745325,
749459,
753646,
757856,
762131,
766336,
770687,
774831,
778880,
783088,
787654,
791739,
796069,
800362,
804710,
808861,
813242,
817689,
822045,
826551,
831053,
835639,
840266,
844970,
849598,
854288,
858914,
863650,
868226,
873184,
878103,
882953,
887706,
892520,
897342,
901925,
906828,
911780,
916546,
921663,
926566,
931535,
936526,
941374,
946285,
951336,
956302,
961324,
966491,
971728,
976750,
982088,
987394,
992839,
998173,
1.00349e+06,
1.00876e+06,
1.0143e+06,
1.01984e+06,
1.0254e+06,
1.03102e+06,
1.03646e+06,
1.04196e+06,
1.04767e+06,
1.05327e+06,
1.05911e+06,
1.06496e+06,
1.07063e+06,
1.07635e+06,
1.08209e+06,
1.08771e+06,
1.0934e+06,
1.09921e+06,
1.10506e+06,
1.11085e+06,
1.11647e+06,
1.12214e+06,
1.12796e+06,
1.13389e+06,
1.13979e+06,
1.14575e+06,
1.15187e+06,
1.15818e+06,
1.16425e+06,
1.1706e+06,
1.17689e+06,
1.18306e+06,
1.18924e+06,
1.19562e+06,
1.202e+06,
1.20839e+06,
1.2147e+06,
1.22122e+06,
1.22764e+06,
1.23419e+06,
1.24061e+06,
1.24709e+06,
1.25356e+06,
1.25992e+06,
1.26629e+06,
1.27298e+06,
1.27981e+06,
1.28656e+06,
1.29333e+06,
1.30004e+06,
1.30669e+06,
1.31345e+06,
1.32024e+06,
1.32695e+06,
1.33381e+06,
1.34065e+06,
1.34761e+06,
1.35471e+06,
1.36182e+06,
1.36896e+06,
1.37607e+06,
1.38345e+06,
1.39081e+06,
1.39804e+06,
1.40512e+06,
1.41232e+06,
1.41953e+06,
1.4269e+06,
1.43437e+06,
1.44159e+06,
1.44854e+06,
1.45598e+06,
1.46358e+06,
1.47122e+06,
1.47883e+06,
1.48642e+06,
1.49403e+06,
1.50153e+06,
1.50923e+06,
1.51698e+06,
1.52484e+06,
1.53251e+06,
1.54033e+06,
1.54823e+06,
1.55587e+06,
1.56393e+06,
1.57199e+06,
1.57987e+06,
1.58814e+06,
1.5964e+06,
1.60455e+06,
1.61302e+06,
1.62144e+06,
1.63002e+06,
1.63815e+06,
1.64651e+06,
1.655e+06,
1.66361e+06,
1.67215e+06,
1.68084e+06,
1.68935e+06,
1.69802e+06,
1.70671e+06,
1.71546e+06,
1.72427e+06,
1.73316e+06,
1.74207e+06,
1.75109e+06,
1.76001e+06,
1.76913e+06,
1.77825e+06,
1.7873e+06,
1.79609e+06,
1.80527e+06,
1.81465e+06,
1.82399e+06,
1.83298e+06,
1.84249e+06,
1.85201e+06,
1.86167e+06,
1.8711e+06,
1.88073e+06,
1.89057e+06,
1.90044e+06,
1.91068e+06,
1.92056e+06,
1.93039e+06,
1.94044e+06,
1.9505e+06,
1.9605e+06,
1.97096e+06,
1.98124e+06,
1.99164e+06,
2.00207e+06,
2.01248e+06,
2.02303e+06,
2.03331e+06,
2.04374e+06,
2.05432e+06,
2.06497e+06,
2.07584e+06,
2.08671e+06,
2.09795e+06,
2.10891e+06,
2.11978e+06,
2.13111e+06,
2.14226e+06,
2.15374e+06,
2.16523e+06,
2.17688e+06,
2.18824e+06,
2.20008e+06,
2.21212e+06,
2.22392e+06,
2.2357e+06,
2.24759e+06,
2.25935e+06,
2.27175e+06,
2.28421e+06,
2.29642e+06,
2.30879e+06,
2.32123e+06,
2.33344e+06,
2.34605e+06,
2.3586e+06,
2.37146e+06,
2.3843e+06,
2.39744e+06,
2.41056e+06,
2.42322e+06,
2.43634e+06,
2.44936e+06,
2.46281e+06,
2.47617e+06,
2.48993e+06,
2.50351e+06,
2.51729e+06,
2.53154e+06,
2.54569e+06,
2.55988e+06,
2.57406e+06,
2.58824e+06,
2.60253e+06,
2.61716e+06,
2.63204e+06,
2.64731e+06,
2.66253e+06,
2.67762e+06,
2.69291e+06,
2.70826e+06,
2.7238e+06,
2.73945e+06,
2.75548e+06,
2.77171e+06,
2.78807e+06,
2.80445e+06,
2.82068e+06,
2.8375e+06,
2.85443e+06,
2.87132e+06,
2.88869e+06,
2.90619e+06,
2.92379e+06,
2.94122e+06,
2.95884e+06,
2.97734e+06,
2.99597e+06,
3.01509e+06,
3.03439e+06,
3.05349e+06,
3.07275e+06,
3.09197e+06,
3.11177e+06,
3.13271e+06,
3.15431e+06,
3.17666e+06,
3.19838e+06,
3.22009e+06,
3.24168e+06,
3.2637e+06,
3.28609e+06,
3.30832e+06,
3.33125e+06,
3.35398e+06,
3.37695e+06,
3.40103e+06,
3.42557e+06,
3.44999e+06,
3.47463e+06,
3.49912e+06,
3.52375e+06,
3.54952e+06,
3.57605e+06,
3.60265e+06,
3.62973e+06,
3.65676e+06,
3.68415e+06,
3.71219e+06,
3.74081e+06,
3.76984e+06,
3.7986e+06,
3.82801e+06,
3.85786e+06,
3.88872e+06,
3.91968e+06,
3.9513e+06,
3.98332e+06,
4.01532e+06,
4.04868e+06,
4.08263e+06,
4.11712e+06,
4.15166e+06,
4.18707e+06,
4.2235e+06,
4.26119e+06,
4.29962e+06,
4.33912e+06,
4.37998e+06,
4.42211e+06,
4.49191e+06,
4.58986e+06,
4.69081e+06,
4.79626e+06,
4.90867e+06,
5.04182e+06,
5.1717e+06,
5.27908e+06,
5.38019e+06,
5.47709e+06,
5.57701e+06,
5.6767e+06,
5.77517e+06,
5.87314e+06,
5.97014e+06,
6.06707e+06,
6.16488e+06,
6.25626e+06,
6.34398e+06,
6.43023e+06,
6.52257e+06,
6.61406e+06,
6.70447e+06,
6.79512e+06,
6.88496e+06,
6.97581e+06,
7.06842e+06,
7.15881e+06,
7.24432e+06,
7.32934e+06,
7.41903e+06,
7.50645e+06,
7.59279e+06,
7.67923e+06,
7.76607e+06,
7.85133e+06,
7.93824e+06,
8.02675e+06,
8.10949e+06,
8.19569e+06,
8.28761e+06,
8.37532e+06,
8.46499e+06,
8.55365e+06,
8.64146e+06,
8.72987e+06,
8.81847e+06,
8.91003e+06,
8.99953e+06,
9.09525e+06,
9.19141e+06,
9.28486e+06,
9.37772e+06,
9.4702e+06,
9.56159e+06,
9.65154e+06,
9.74158e+06,
9.83285e+06,
9.92792e+06,
1.00268e+07,
1.0124e+07,
1.02181e+07,
1.031e+07,
1.03995e+07,
1.04887e+07,
1.0578e+07,
1.06657e+07,
1.07549e+07,
1.08574e+07,
1.09594e+07,
1.10572e+07,
1.11515e+07,
1.1243e+07,
1.13339e+07,
1.14238e+07,
1.15121e+07,
1.16e+07,
1.16965e+07,
1.18022e+07,
1.1906e+07,
1.20021e+07,
1.20928e+07,
1.21842e+07,
1.22739e+07,
1.23624e+07,
1.24504e+07,
1.2543e+07,
1.26462e+07,
1.27494e+07,
1.28536e+07,
1.2953e+07,
1.30492e+07,
1.31438e+07,
1.32365e+07,
1.33284e+07,
1.34247e+07,
1.35277e+07,
1.36275e+07,
1.37259e+07,
1.38269e+07,
1.39287e+07,
1.40262e+07,
1.41227e+07,
1.42182e+07,
1.43175e+07,
1.44197e+07,
1.4521e+07,
1.46207e+07,
1.47191e+07,
1.48178e+07,
1.49191e+07,
1.50175e+07,
1.51143e+07,
1.52145e+07,
1.53155e+07,
1.54154e+07,
1.55136e+07,
1.56115e+07,
1.57096e+07,
1.58071e+07,
1.59054e+07,
1.60049e+07,
1.61056e+07,
1.62067e+07,
1.63077e+07,
1.64069e+07,
1.65044e+07,
1.6602e+07,
1.66989e+07,
1.67949e+07,
1.68924e+07,
1.69962e+07,
1.70984e+07,
1.71992e+07,
1.73006e+07,
1.74013e+07,
1.7501e+07,
1.76011e+07,
1.77022e+07,
1.78038e+07,
1.79077e+07,
1.80146e+07,
1.81232e+07,
1.82284e+07,
1.8333e+07,
1.84365e+07,
1.85396e+07,
1.86416e+07,
1.87447e+07,
1.88529e+07,
1.89657e+07,
1.90766e+07,
1.91879e+07,
1.92978e+07,
1.94043e+07,
1.95093e+07,
1.96123e+07,
1.97149e+07,
1.98189e+07,
1.99258e+07,
2.00335e+07,
2.014e+07,
2.02468e+07,
2.03551e+07,
2.04606e+07,
2.05641e+07,
2.06678e+07,
2.07707e+07,
2.08767e+07,
2.09822e+07,
2.10877e+07,
2.11939e+07,
2.12996e+07,
2.1407e+07,
2.15145e+07,
2.16191e+07,
2.17225e+07,
2.18267e+07,
375246,
375306,
375395,
375441,
375578,
375616,
375655,
375711,
375836,
375924,
376036,
376148,
376276,
376410,
376492,
376640,
376783,
376965,
377102,
377184,
377312,
377379,
377502,
377651,
377818,
377978,
378073,
378188,
378326,
378429,
378548,
378681,
378885,
379043,
379218,
379384,
379558,
379676,
379860,
380010,
380127,
380255,
380409,
380482,
380661,
380839,
380988,
381135,
381239,
381431,
381606,
381819,
381951,
382118,
382292,
382508,
382717,
382862,
383128,
383342,
383540,
383709,
383906,
384112,
384241,
384457,
384650,
384811,
385044,
385312,
385545,
385689,
385807,
386032,
386196,
386437,
386667,
386836,
387093,
387294,
387562,
387725,
388016,
388127,
388353,
388568,
388787,
389040,
389280,
389488,
389685,
389919,
390160,
390383,
390607,
390839,
391099,
391372,
391594,
391854,
392104,
392430,
392736,
393023,
393278,
393621,
393967,
394331,
394721,
395121,
395512,
395905,
396244,
396498,
396884,
397284,
397677,
398096,
398517,
398911,
399375,
399743,
400113,
400537,
400942,
401406,
401843,
402331,
402840,
403371,
403833,
404404,
404947,
405420,
405924,
406448,
406955,
407592,
408191,
408797,
409428,
410087,
410774,
411289,
411921,
412610,
413308,
414005,
414705,
415417,
416210,
416899,
417664,
418274,
418986,
419729,
420548,
421389,
422250,
423006,
423819,
424632,
425483,
426342,
427263,
428042,
428940,
429835,
430808,
431794,
432686,
433648,
434559,
435415,
436345,
437443,
438383,
439372,
440446,
441426,
442517,
443588,
444577,
445520,
446518,
447516,
448602,
449719,
450853,
452037,
453130,
454313,
455473,
456525,
457718,
458935,
460110,
461312,
462538,
463842,
465065,
466342,
467571,
468749,
470040,
471293,
472536,
473903,
475214,
476615,
477993,
479367,
480800,
482161,
483560,
485070,
486515,
487975,
489373,
490845,
492326,
493933,
495561,
497018,
498559,
500045,
501701,
503287,
504945,
506503,
508200,
509792,
511500,
513210,
514903,
516613,
518254,
519927,
521604,
523348,
525142,
526928,
528695,
530581,
532985,
535749,
538466,
541250,
544034,
546814,
549579,
552334,
555178,
557870,
560565,
563497,
566367,
569349,
572406,
575330,
578340,
581211,
584222,
587089,
589960,
593016,
596075,
599167,
602281,
605372,
608586,
611761,
614945,
618224,
621566,
625027,
628319,
631842,
635408,
638863,
642380,
645876,
649393,
652977,
656476,
660007,
663777,
667355,
671133,
674959,
678607,
682368,
686158,
689872,
693733,
697545,
701220,
704982,
709205,
713202,
716994,
720930,
724957,
728913,
732811,
736723,
740946,
745084,
749150,
753574,
757647,
761759,
766095,
770298,
774542,
778663,
783031,
787243,
791728,
796115,
800565,
804863,
809290,
813757,
818171,
822650,
827199,
831637,
836086,
840554,
845072,
849724,
854277,
858723,
863284,
867910,
872615,
877386,
882166,
887134,
892027,
897046,
901992,
906986,
911842,
916946,
921868,
926853,
931764,
936836,
941876,
946822,
951839,
956551,
961553,
966708,
971910,
977153,
982378,
987550,
992862,
998007,
1.00324e+06,
1.00847e+06,
1.01368e+06,
1.0189e+06,
1.02428e+06,
1.02961e+06,
1.03505e+06,
1.04067e+06,
1.0463e+06,
1.05225e+06,
1.05794e+06,
1.06363e+06,
1.06929e+06,
1.07492e+06,
1.0806e+06,
1.08632e+06,
1.09211e+06,
1.09782e+06,
1.10368e+06,
1.10947e+06,
1.11521e+06,
1.12085e+06,
1.12645e+06,
1.13251e+06,
1.13827e+06,
1.14423e+06,
1.15026e+06,
1.1561e+06,
1.16211e+06,
1.16815e+06,
1.17412e+06,
1.18004e+06,
1.18619e+06,
1.19232e+06,
1.1985e+06,
1.20459e+06,
1.2109e+06,
1.21724e+06,
1.2237e+06,
1.23018e+06,
1.23639e+06,
1.24288e+06,
1.24933e+06,
1.25582e+06,
1.2624e+06,
1.26893e+06,
1.27562e+06,
1.2822e+06,
1.28869e+06,
1.29533e+06,
1.3021e+06,
1.30887e+06,
1.31566e+06,
1.32241e+06,
1.32931e+06,
1.33621e+06,
1.34319e+06,
1.35019e+06,
1.35714e+06,
1.3641e+06,
1.37109e+06,
1.3778e+06,
1.38478e+06,
1.39192e+06,
1.39884e+06,
1.4059e+06,
1.41288e+06,
1.4199e+06,
1.42703e+06,
1.43441e+06,
1.44168e+06,
1.44886e+06,
1.45632e+06,
1.46396e+06,
1.47131e+06,
1.47862e+06,
1.48611e+06,
1.49368e+06,
1.50128e+06,
1.50895e+06,
1.51655e+06,
1.52424e+06,
1.53195e+06,
1.53956e+06,
1.54725e+06,
1.55516e+06,
1.56299e+06,
1.57091e+06,
1.57888e+06,
1.58681e+06,
1.59491e+06,
1.60282e+06,
1.61074e+06,
1.61863e+06,
1.62693e+06,
1.63509e+06,
1.64318e+06,
1.65156e+06,
1.65988e+06,
1.66809e+06,
1.67654e+06,
1.68488e+06,
1.69327e+06,
1.70187e+06,
1.71059e+06,
1.71942e+06,
1.72807e+06,
1.73701e+06,
1.7459e+06,
1.75477e+06,
1.76354e+06,
1.77234e+06,
1.78123e+06,
1.79026e+06,
1.7994e+06,
1.80874e+06,
1.81773e+06,
1.82697e+06,
1.83618e+06,
1.84554e+06,
1.85494e+06,
1.86399e+06,
1.87343e+06,
1.88285e+06,
1.89221e+06,
1.90171e+06,
1.91125e+06,
1.92079e+06,
1.93037e+06,
1.94034e+06,
1.95036e+06,
1.96004e+06,
1.97e+06,
1.98001e+06,
1.98997e+06,
2.00027e+06,
2.01053e+06,
2.02084e+06,
2.03134e+06,
2.04175e+06,
2.05229e+06,
2.06246e+06,
2.07288e+06,
2.08358e+06,
2.09424e+06,
2.105e+06,
2.11596e+06,
2.12703e+06,
2.13829e+06,
2.14935e+06,
2.16046e+06,
2.17134e+06,
2.18243e+06,
2.19378e+06,
2.20508e+06,
2.21648e+06,
2.22803e+06,
2.23969e+06,
2.25138e+06,
2.26328e+06,
2.27506e+06,
2.28703e+06,
2.29912e+06,
2.31137e+06,
2.3237e+06,
2.33572e+06,
2.34824e+06,
2.36072e+06,
2.37309e+06,
2.38573e+06,
2.39836e+06,
2.41073e+06,
2.42365e+06,
2.43635e+06,
2.44953e+06,
2.4626e+06,
2.47599e+06,
2.48904e+06,
2.50232e+06,
2.51566e+06,
2.52924e+06,
2.54255e+06,
2.55623e+06,
2.57028e+06,
2.58402e+06,
2.59788e+06,
2.61174e+06,
2.62627e+06,
2.64101e+06,
2.65566e+06,
2.67046e+06,
2.68542e+06,
2.70038e+06,
2.71555e+06,
2.73056e+06,
2.74612e+06,
2.76166e+06,
2.77763e+06,
2.79365e+06,
2.80988e+06,
2.82603e+06,
2.84193e+06,
2.85803e+06,
2.87436e+06,
2.89136e+06,
2.90878e+06,
2.92629e+06,
2.9436e+06,
2.96129e+06,
2.97876e+06,
2.99623e+06,
3.01398e+06,
3.03199e+06,
3.05077e+06,
3.06944e+06,
3.08847e+06,
3.10745e+06,
3.12692e+06,
3.14665e+06,
3.16734e+06,
3.18823e+06,
3.20941e+06,
3.23154e+06,
3.2527e+06,
3.27438e+06,
3.29659e+06,
3.31876e+06,
3.34127e+06,
3.36371e+06,
3.3859e+06,
3.40877e+06,
3.43186e+06,
3.45604e+06,
3.48013e+06,
3.50472e+06,
3.52902e+06,
3.5534e+06,
3.57844e+06,
3.60386e+06,
3.62988e+06,
3.65628e+06,
3.68254e+06,
3.70917e+06,
3.73656e+06,
3.76488e+06,
3.7928e+06,
3.8214e+06,
3.8497e+06,
3.87903e+06,
3.90862e+06,
3.93911e+06,
3.96942e+06,
4.00011e+06,
4.03147e+06,
4.06337e+06,
4.09623e+06,
4.12967e+06,
4.16353e+06,
4.19764e+06,
4.23295e+06,
4.26948e+06,
4.30597e+06,
4.34376e+06,
4.38195e+06,
4.43963e+06,
4.5303e+06,
4.62333e+06,
4.71946e+06,
4.81828e+06,
4.92085e+06,
5.03358e+06,
5.16674e+06,
5.27797e+06,
5.378e+06,
5.47921e+06,
5.58118e+06,
5.67855e+06,
5.77344e+06,
5.86598e+06,
5.956e+06,
6.04589e+06,
6.13661e+06,
6.22624e+06,
6.31063e+06,
6.40102e+06,
6.49119e+06,
6.58002e+06,
6.66646e+06,
6.75217e+06,
6.83645e+06,
6.92101e+06,
7.00569e+06,
7.09503e+06,
7.17876e+06,
7.26836e+06,
7.35489e+06,
7.44042e+06,
7.52398e+06,
7.60538e+06,
7.68711e+06,
7.76806e+06,
7.84822e+06,
7.93092e+06,
8.01916e+06,
8.10882e+06,
8.19747e+06,
8.28416e+06,
8.36861e+06,
8.45293e+06,
8.53587e+06,
8.61837e+06,
8.70251e+06,
8.78795e+06,
8.88711e+06,
8.98229e+06,
9.07484e+06,
9.16609e+06,
9.2549e+06,
9.34125e+06,
9.42772e+06,
9.51271e+06,
9.59654e+06,
9.68671e+06,
9.78434e+06,
9.88294e+06,
9.97518e+06,
1.0065e+07,
1.01527e+07,
1.02398e+07,
1.0325e+07,
1.04092e+07,
1.04951e+07,
1.05911e+07,
1.06858e+07,
1.07818e+07,
1.0876e+07,
1.09666e+07,
1.10547e+07,
1.11423e+07,
1.12278e+07,
1.13124e+07,
1.14054e+07,
1.14996e+07,
1.15919e+07,
1.16843e+07,
1.17784e+07,
1.18692e+07,
1.19609e+07,
1.20504e+07,
1.21386e+07,
1.22349e+07,
1.23322e+07,
1.24286e+07,
1.25241e+07,
1.26187e+07,
1.27146e+07,
1.28104e+07,
1.29026e+07,
1.29944e+07,
1.30915e+07,
1.31883e+07,
1.32846e+07,
1.33791e+07,
1.34737e+07,
1.35687e+07,
1.36643e+07,
1.37624e+07,
1.38584e+07,
1.39576e+07,
1.40568e+07,
1.41542e+07,
1.42496e+07,
1.4345e+07,
1.44394e+07,
1.45328e+07,
1.46268e+07,
1.47226e+07,
1.48253e+07,
1.49244e+07,
1.50219e+07,
1.51183e+07,
1.52135e+07,
1.53084e+07,
1.54026e+07,
1.54963e+07,
1.55898e+07,
1.56883e+07,
1.57892e+07,
1.58901e+07,
1.5988e+07,
1.60847e+07,
1.61798e+07,
1.62734e+07,
1.63668e+07,
1.64598e+07,
1.65564e+07,
1.66538e+07,
1.67542e+07,
1.68581e+07,
1.6959e+07,
1.70583e+07,
1.71571e+07,
1.72556e+07,
1.73536e+07,
1.74532e+07,
1.75542e+07,
1.7655e+07,
1.77572e+07,
1.78603e+07,
1.79648e+07,
1.80671e+07,
1.81677e+07,
1.82677e+07,
1.83712e+07,
1.8478e+07,
1.85852e+07,
1.86906e+07,
1.87949e+07,
1.88995e+07,
1.90044e+07,
1.91082e+07,
1.92089e+07,
1.93106e+07,
1.94146e+07,
1.95176e+07,
1.96208e+07,
1.97235e+07,
1.98252e+07,
1.99266e+07,
2.00281e+07,
2.01312e+07,
2.02325e+07,
2.03347e+07,
2.0437e+07,
2.05395e+07,
2.0642e+07,
2.07431e+07,
2.0844e+07,
375246,
375316,
375411,
375484,
375610,
375643,
375715,
375775,
375923,
376029,
376102,
376249,
376370,
376507,
376658,
376772,
376980,
377164,
377269,
377376,
377463,
377592,
377703,
377861,
378036,
378226,
378352,
378448,
378595,
378727,
378899,
379042,
379202,
379361,
379490,
379697,
379872,
380002,
380168,
380380,
380539,
380673,
380779,
380914,
381160,
381322,
381484,
381643,
381817,
381963,
382165,
382336,
382559,
382725,
382884,
383069,
383256,
383460,
383688,
383924,
384142,
384371,
384582,
384828,
384990,
385223,
385460,
385688,
385904,
386144,
386331,
386563,
386774,
386958,
387132,
387370,
387566,
387761,
388024,
388250,
388496,
388733,
389007,
389220,
389447,
389694,
389965,
390229,
390472,
390716,
390991,
391232,
391488,
391691,
391926,
392155,
392421,
392628,
392893,
393208,
393466,
393676,
393945,
394199,
394462,
394789,
395147,
395491,
395838,
396274,
396662,
397024,
397388,
397729,
398120,
398516,
398902,
399336,
399772,
400249,
400685,
401153,
401585,
402027,
402423,
402861,
403277,
403812,
404373,
404944,
405456,
406028,
406577,
407136,
407636,
408207,
408794,
409420,
410110,
410718,
411355,
412025,
412654,
413253,
413891,
414555,
415341,
416116,
416800,
417670,
418411,
419223,
420008,
420661,
421515,
422292,
423100,
424001,
424852,
425691,
426596,
427435,
428410,
429268,
430164,
431090,
432039,
432951,
433904,
434781,
435845,
436870,
437849,
438775,
439801,
440729,
441746,
442867,
443935,
445030,
446034,
447070,
448142,
449140,
450280,
451381,
452591,
453742,
454953,
456187,
457368,
458534,
459590,
460737,
461951,
463152,
464388,
465651,
466930,
468267,
469658,
471035,
472356,
473598,
474788,
476182,
477660,
479055,
480554,
482036,
483410,
484949,
486509,
487931,
489316,
490730,
492178,
493719,
495230,
496788,
498441,
499967,
501534,
503134,
504727,
506353,
508029,
509692,
511382,
513113,
514816,
516549,
518350,
520047,
521799,
523535,
525300,
527081,
528898,
530631,
532621,
534481,
536361,
538156,
540023,
542052,
544062,
546091,
548053,
549994,
552035,
554162,
556825,
559701,
562712,
565574,
568561,
571609,
574618,
577644,
580537,
583485,
586580,
589720,
592773,
595992,
599168,
602265,
605451,
608532,
611786,
615068,
618429,
621866,
625244,
628497,
631769,
634943,
638397,
641862,
645238,
648745,
652190,
655851,
659468,
663202,
666910,
670660,
674446,
678254,
682048,
685739,
689755,
693643,
697537,
701386,
705262,
709259,
713121,
717163,
721239,
725130,
729296,
733392,
737383,
741615,
745484,
749650,
753594,
757848,
761807,
765921,
770007,
774086,
778191,
782473,
787067,
791727,
796242,
800802,
805252,
809786,
814266,
818559,
823087,
827735,
832222,
836859,
841391,
846025,
850652,
855125,
859814,
864348,
868810,
873474,
878108,
882980,
887838,
892602,
897292,
902108,
906880,
911503,
916099,
921194,
925851,
930936,
935899,
940945,
945971,
951138,
956237,
961246,
966365,
971497,
976612,
981774,
986928,
992276,
997447,
1.0028e+06,
1.00806e+06,
1.01318e+06,
1.01859e+06,
1.0239e+06,
1.02911e+06,
1.03445e+06,
1.03975e+06,
1.04527e+06,
1.05072e+06,
1.05602e+06,
1.06159e+06,
1.06733e+06,
1.0729e+06,
1.07865e+06,
1.08426e+06,
1.08992e+06,
1.0955e+06,
1.10116e+06,
1.10679e+06,
1.11272e+06,
1.11851e+06,
1.12415e+06,
1.13e+06,
1.13588e+06,
1.14173e+06,
1.14767e+06,
1.15357e+06,
1.15966e+06,
1.16575e+06,
1.17177e+06,
1.1778e+06,
1.18374e+06,
1.18981e+06,
1.19575e+06,
1.2017e+06,
1.20769e+06,
1.21406e+06,
1.22022e+06,
1.22644e+06,
1.23274e+06,
1.23906e+06,
1.24519e+06,
1.25176e+06,
1.25811e+06,
1.26441e+06,
1.27056e+06,
1.27713e+06,
1.28362e+06,
1.29023e+06,
1.29696e+06,
1.30381e+06,
1.31048e+06,
1.31708e+06,
1.32391e+06,
1.33091e+06,
1.3377e+06,
1.34465e+06,
1.35152e+06,
1.35827e+06,
1.36501e+06,
1.37175e+06,
1.37846e+06,
1.38528e+06,
1.39224e+06,
1.39935e+06,
1.40648e+06,
1.41353e+06,
1.42067e+06,
1.42779e+06,
1.43497e+06,
1.4422e+06,
1.44912e+06,
1.4562e+06,
1.46337e+06,
1.47065e+06,
1.47784e+06,
1.48531e+06,
1.49275e+06,
1.50009e+06,
1.50744e+06,
1.51494e+06,
1.52251e+06,
1.52994e+06,
1.53753e+06,
1.54513e+06,
1.55293e+06,
1.56063e+06,
1.56841e+06,
1.57632e+06,
1.58401e+06,
1.59201e+06,
1.5998e+06,
1.60793e+06,
1.61583e+06,
1.62387e+06,
1.63182e+06,
1.63981e+06,
1.64795e+06,
1.65591e+06,
1.66406e+06,
1.67235e+06,
1.68027e+06,
1.68861e+06,
1.69678e+06,
1.70521e+06,
1.71369e+06,
1.72219e+06,
1.73039e+06,
1.7389e+06,
1.74753e+06,
1.75624e+06,
1.76511e+06,
1.77376e+06,
1.78272e+06,
1.79152e+06,
1.80043e+06,
1.80944e+06,
1.81834e+06,
1.82747e+06,
1.83661e+06,
1.84573e+06,
1.85482e+06,
1.86409e+06,
1.87333e+06,
1.88263e+06,
1.89213e+06,
1.90128e+06,
1.91058e+06,
1.92011e+06,
1.92973e+06,
1.93915e+06,
1.94849e+06,
1.95801e+06,
1.96749e+06,
1.97725e+06,
1.98714e+06,
1.99693e+06,
2.00669e+06,
2.01672e+06,
2.02688e+06,
2.03674e+06,
2.04674e+06,
2.0571e+06,
2.0675e+06,
2.07797e+06,
2.08861e+06,
2.09907e+06,
2.10955e+06,
2.1202e+06,
2.13104e+06,
2.14178e+06,
2.15258e+06,
2.1635e+06,
2.1743e+06,
2.18533e+06,
2.19633e+06,
2.20764e+06,
2.21867e+06,
2.22993e+06,
2.24131e+06,
2.25267e+06,
2.26405e+06,
2.27574e+06,
2.28743e+06,
2.29903e+06,
2.31074e+06,
2.32239e+06,
2.33403e+06,
2.34616e+06,
2.35816e+06,
2.37048e+06,
2.38273e+06,
2.39494e+06,
2.40744e+06,
2.41982e+06,
2.43244e+06,
2.44509e+06,
2.45802e+06,
2.47103e+06,
2.48405e+06,
2.49742e+06,
2.51013e+06,
2.5232e+06,
2.5362e+06,
2.54945e+06,
2.56295e+06,
2.57656e+06,
2.59029e+06,
2.60418e+06,
2.6179e+06,
2.63181e+06,
2.64566e+06,
2.6596e+06,
2.67349e+06,
2.68811e+06,
2.70288e+06,
2.71765e+06,
2.73227e+06,
2.74737e+06,
2.76265e+06,
2.77785e+06,
2.79319e+06,
2.80887e+06,
2.82496e+06,
2.84114e+06,
2.85712e+06,
2.87352e+06,
2.89008e+06,
2.90644e+06,
2.92297e+06,
2.93972e+06,
2.95624e+06,
2.97355e+06,
2.99069e+06,
3.00817e+06,
3.02562e+06,
3.04349e+06,
3.0616e+06,
3.07953e+06,
3.0978e+06,
3.11637e+06,
3.13479e+06,
3.15352e+06,
3.17267e+06,
3.19243e+06,
3.21247e+06,
3.233e+06,
3.25399e+06,
3.27596e+06,
3.29774e+06,
3.31947e+06,
3.34125e+06,
3.36332e+06,
3.38541e+06,
3.40784e+06,
3.42983e+06,
3.45263e+06,
3.4758e+06,
3.49976e+06,
3.52374e+06,
3.54769e+06,
3.57135e+06,
3.59575e+06,
3.6205e+06,
3.6458e+06,
3.67088e+06,
3.69639e+06,
3.72209e+06,
3.74867e+06,
3.77552e+06,
3.80292e+06,
3.83046e+06,
3.85806e+06,
3.88568e+06,
3.91422e+06,
3.94376e+06,
3.97319e+06,
4.00373e+06,
4.0334e+06,
4.06403e+06,
4.09532e+06,
4.12708e+06,
4.15922e+06,
4.19151e+06,
4.22502e+06,
4.25969e+06,
4.29548e+06,
4.33169e+06,
4.36996e+06,
4.44648e+06,
4.5309e+06,
4.61737e+06,
4.70574e+06,
4.79707e+06,
4.88988e+06,
4.98564e+06,
5.09012e+06,
5.21376e+06,
5.32614e+06,
5.43179e+06,
5.53186e+06,
5.62738e+06,
5.71918e+06,
5.80866e+06,
5.89539e+06,
5.98053e+06,
6.06513e+06,
6.15026e+06,
6.24019e+06,
6.33018e+06,
6.4165e+06,
6.50184e+06,
6.58523e+06,
6.66832e+06,
6.74833e+06,
6.82869e+06,
6.90834e+06,
6.98873e+06,
7.0766e+06,
7.16549e+06,
7.24972e+06,
7.33162e+06,
7.41343e+06,
7.49353e+06,
7.57159e+06,
7.64951e+06,
7.72599e+06,
7.80462e+06,
7.89268e+06,
7.98224e+06,
8.06794e+06,
8.15175e+06,
8.23426e+06,
8.31539e+06,
8.39497e+06,
8.47567e+06,
8.55549e+06,
8.64224e+06,
8.73246e+06,
8.82439e+06,
8.91723e+06,
9.00428e+06,
9.08959e+06,
9.17323e+06,
9.25606e+06,
9.33743e+06,
9.4223e+06,
9.51207e+06,
9.60216e+06,
9.69135e+06,
9.78188e+06,
9.87261e+06,
9.95822e+06,
1.00421e+07,
1.01244e+07,
1.02067e+07,
1.02978e+07,
1.03882e+07,
1.04771e+07,
1.05646e+07,
1.06524e+07,
1.07392e+07,
1.08237e+07,
1.09066e+07,
1.09884e+07,
1.10778e+07,
1.11688e+07,
1.12598e+07,
1.13502e+07,
1.14402e+07,
1.15298e+07,
1.16205e+07,
1.17123e+07,
1.18011e+07,
1.18947e+07,
1.19887e+07,
1.20815e+07,
1.21727e+07,
1.22636e+07,
1.23528e+07,
1.24426e+07,
1.25322e+07,
1.26243e+07,
1.27211e+07,
1.28165e+07,
1.29102e+07,
1.30026e+07,
1.30955e+07,
1.31879e+07,
1.32789e+07,
1.33708e+07,
1.34618e+07,
1.35572e+07,
1.36564e+07,
1.37552e+07,
1.38501e+07,
1.39435e+07,
1.40359e+07,
1.41269e+07,
1.42176e+07,
1.43087e+07,
1.44018e+07,
1.44974e+07,
1.45934e+07,
1.46914e+07,
1.47867e+07,
1.48805e+07,
1.49731e+07,
1.50644e+07,
1.5155e+07,
1.52475e+07,
1.5343e+07,
1.54373e+07,
1.55324e+07,
1.56287e+07,
1.5726e+07,
1.58201e+07,
1.5913e+07,
1.60042e+07,
1.60958e+07,
1.61915e+07,
1.62883e+07,
1.63855e+07,
1.64825e+07,
1.65796e+07,
1.66779e+07,
1.67775e+07,
1.68746e+07,
1.69711e+07,
1.70696e+07,
1.71676e+07,
1.72656e+07,
1.73645e+07,
1.74621e+07,
1.75592e+07,
1.7658e+07,
1.77584e+07,
1.78588e+07,
1.79624e+07,
1.80677e+07,
1.81716e+07,
1.82726e+07,
1.8373e+07,
1.84727e+07,
1.85719e+07,
1.86705e+07,
1.87694e+07,
1.88712e+07,
1.89747e+07,
1.90759e+07,
1.91767e+07,
1.92764e+07,
1.93751e+07,
1.94727e+07,
1.95705e+07,
1.96672e+07,
1.97643e+07,
1.98644e+07,
375246,
375324,
375410,
375502,
375661,
375683,
375752,
375857,
376000,
376103,
376212,
376335,
376475,
376611,
376800,
376952,
377147,
377294,
377450,
377592,
377681,
377814,
377962,
378118,
378300,
378474,
378581,
378698,
378841,
379013,
379193,
379326,
379465,
379611,
379848,
379998,
380219,
380348,
380553,
380689,
380931,
381052,
381228,
381410,
381559,
381710,
381911,
382116,
382346,
382503,
382741,
382928,
383146,
383300,
383448,
383660,
383908,
384124,
384383,
384634,
384884,
385064,
385308,
385504,
385737,
385963,
386180,
386463,
386744,
386999,
387252,
387467,
387740,
387922,
388149,
388398,
388615,
388847,
389159,
389380,
389559,
389833,
390123,
390363,
390564,
390779,
391089,
391353,
391643,
391982,
392284,
392539,
392823,
393043,
393361,
393656,
393899,
394184,
394415,
394622,
394881,
395238,
395532,
395767,
396072,
396369,
396714,
397021,
397391,
397726,
398039,
398316,
398732,
399148,
399588,
400033,
400438,
400923,
401372,
401823,
402264,
402750,
403250,
403635,
404095,
404557,
405078,
405665,
406188,
406748,
407349,
407907,
408522,
409072,
409635,
410225,
410827,
411514,
412139,
412770,
413467,
414178,
414851,
415473,
416176,
416944,
417709,
418499,
419271,
420111,
420854,
421761,
422523,
423216,
424056,
425029,
425929,
426909,
427768,
428676,
429584,
430459,
431407,
432281,
433122,
434111,
435101,
436116,
437160,
438139,
439185,
440291,
441335,
442302,
443308,
444351,
445412,
446474,
447629,
448783,
449845,
451018,
452109,
453204,
454243,
455454,
456628,
457721,
458877,
460099,
461334,
462576,
463873,
465072,
466334,
467694,
468971,
470301,
471677,
473014,
474396,
475828,
477253,
478560,
479951,
481337,
482814,
484249,
485726,
487261,
488778,
490293,
491775,
493278,
494830,
496360,
497986,
499595,
501255,
502887,
504474,
506087,
507658,
509386,
511073,
512704,
514537,
516322,
518029,
519755,
521515,
523337,
525036,
526708,
528540,
530440,
532234,
534196,
536126,
538027,
540030,
542026,
543880,
545803,
547773,
549859,
551974,
554007,
556090,
558161,
560347,
562552,
564719,
566910,
569236,
571513,
573794,
576085,
578451,
580815,
583114,
586014,
589270,
592165,
595264,
598538,
601743,
605029,
608203,
611583,
614771,
618204,
621608,
624906,
628359,
631794,
635210,
638790,
642289,
645697,
649220,
652675,
656206,
659733,
663371,
666967,
670644,
674349,
678096,
681803,
685525,
689302,
693107,
697009,
700851,
704943,
709007,
713203,
717370,
721488,
725709,
729724,
733756,
737887,
742019,
746048,
750053,
754243,
758419,
762687,
766743,
771004,
775179,
779388,
783731,
788041,
792481,
796862,
801103,
805375,
809730,
813987,
818228,
822706,
827066,
831687,
836287,
841035,
845676,
850183,
854938,
859511,
864260,
868768,
873405,
878172,
882926,
887650,
892416,
897161,
902042,
906902,
911686,
916307,
921191,
926149,
930922,
935793,
940608,
945642,
950729,
955761,
960693,
965520,
970481,
975358,
980424,
985559,
990751,
996074,
1.00123e+06,
1.00655e+06,
1.01184e+06,
1.01687e+06,
1.02215e+06,
1.02752e+06,
1.03299e+06,
1.03839e+06,
1.04369e+06,
1.04918e+06,
1.05452e+06,
1.06023e+06,
1.06568e+06,
1.07139e+06,
1.07706e+06,
1.08254e+06,
1.08815e+06,
1.09366e+06,
1.09933e+06,
1.10495e+06,
1.11052e+06,
1.11633e+06,
1.12209e+06,
1.12752e+06,
1.13319e+06,
1.13881e+06,
1.14461e+06,
1.15047e+06,
1.15644e+06,
1.1623e+06,
1.16829e+06,
1.17429e+06,
1.18034e+06,
1.18615e+06,
1.19201e+06,
1.1982e+06,
1.20429e+06,
1.21042e+06,
1.21648e+06,
1.22255e+06,
1.22864e+06,
1.23487e+06,
1.24116e+06,
1.24726e+06,
1.25352e+06,
1.26002e+06,
1.2666e+06,
1.27296e+06,
1.27928e+06,
1.28593e+06,
1.29266e+06,
1.29927e+06,
1.30579e+06,
1.3122e+06,
1.31871e+06,
1.32516e+06,
1.33165e+06,
1.33821e+06,
1.34474e+06,
1.35127e+06,
1.35778e+06,
1.36441e+06,
1.37133e+06,
1.37815e+06,
1.38519e+06,
1.3921e+06,
1.39916e+06,
1.40602e+06,
1.41291e+06,
1.41987e+06,
1.42679e+06,
1.43392e+06,
1.44116e+06,
1.44825e+06,
1.45541e+06,
1.46261e+06,
1.46966e+06,
1.47688e+06,
1.48395e+06,
1.49119e+06,
1.49852e+06,
1.50599e+06,
1.51334e+06,
1.52048e+06,
1.52782e+06,
1.53529e+06,
1.5425e+06,
1.54995e+06,
1.55752e+06,
1.56498e+06,
1.5727e+06,
1.58027e+06,
1.58798e+06,
1.59552e+06,
1.6034e+06,
1.61121e+06,
1.61892e+06,
1.62713e+06,
1.63493e+06,
1.64287e+06,
1.65088e+06,
1.65889e+06,
1.66697e+06,
1.67485e+06,
1.68281e+06,
1.69089e+06,
1.69933e+06,
1.70756e+06,
1.71591e+06,
1.72422e+06,
1.73256e+06,
1.74098e+06,
1.74937e+06,
1.75773e+06,
1.76615e+06,
1.77457e+06,
1.78326e+06,
1.79179e+06,
1.80036e+06,
1.8089e+06,
1.81757e+06,
1.82638e+06,
1.835e+06,
1.84383e+06,
1.85299e+06,
1.86208e+06,
1.87116e+06,
1.88037e+06,
1.88945e+06,
1.89849e+06,
1.90769e+06,
1.91679e+06,
1.92601e+06,
1.93529e+06,
1.94465e+06,
1.954e+06,
1.96352e+06,
1.97307e+06,
1.98268e+06,
1.99229e+06,
2.00188e+06,
2.01166e+06,
2.02159e+06,
2.03114e+06,
2.04097e+06,
2.05059e+06,
2.0607e+06,
2.07057e+06,
2.08055e+06,
2.09061e+06,
2.10088e+06,
2.11124e+06,
2.1214e+06,
2.13146e+06,
2.14183e+06,
2.15262e+06,
2.16318e+06,
2.17371e+06,
2.18439e+06,
2.19519e+06,
2.20626e+06,
2.21728e+06,
2.22851e+06,
2.23963e+06,
2.25075e+06,
2.26211e+06,
2.2729e+06,
2.28417e+06,
2.29551e+06,
2.30734e+06,
2.31871e+06,
2.33037e+06,
2.34193e+06,
2.35354e+06,
2.36519e+06,
2.37688e+06,
2.38876e+06,
2.40093e+06,
2.41328e+06,
2.42561e+06,
2.43802e+06,
2.45031e+06,
2.46254e+06,
2.47463e+06,
2.4868e+06,
2.49959e+06,
2.51266e+06,
2.52544e+06,
2.53844e+06,
2.55169e+06,
2.56484e+06,
2.57804e+06,
2.59126e+06,
2.6044e+06,
2.61786e+06,
2.63202e+06,
2.64615e+06,
2.65969e+06,
2.67375e+06,
2.68779e+06,
2.70179e+06,
2.71595e+06,
2.73018e+06,
2.74451e+06,
2.75915e+06,
2.77395e+06,
2.78889e+06,
2.80382e+06,
2.81914e+06,
2.83443e+06,
2.84945e+06,
2.86545e+06,
2.88174e+06,
2.89763e+06,
2.91348e+06,
2.92968e+06,
2.94583e+06,
2.9626e+06,
2.97947e+06,
2.99606e+06,
3.01307e+06,
3.03025e+06,
3.04742e+06,
3.06441e+06,
3.08205e+06,
3.09971e+06,
3.11775e+06,
3.13559e+06,
3.15366e+06,
3.172e+06,
3.19079e+06,
3.21013e+06,
3.22946e+06,
3.24878e+06,
3.26846e+06,
3.28834e+06,
3.30879e+06,
3.33065e+06,
3.35265e+06,
3.37459e+06,
3.39626e+06,
3.4186e+06,
3.44068e+06,
3.46217e+06,
3.48463e+06,
3.50732e+06,
3.53027e+06,
3.55403e+06,
3.57786e+06,
3.60145e+06,
3.62579e+06,
3.65009e+06,
3.67462e+06,
3.69902e+06,
3.72346e+06,
3.74827e+06,
3.77419e+06,
3.80011e+06,
3.82688e+06,
3.85412e+06,
3.88086e+06,
3.90778e+06,
3.9355e+06,
3.96307e+06,
3.99167e+06,
4.02033e+06,
4.04972e+06,
4.07908e+06,
4.10946e+06,
4.14106e+06,
4.17258e+06,
4.20443e+06,
4.2361e+06,
4.26897e+06,
4.30263e+06,
4.34038e+06,
4.41779e+06,
4.49682e+06,
4.57635e+06,
4.65784e+06,
4.74138e+06,
4.82609e+06,
4.9121e+06,
4.99889e+06,
5.09079e+06,
5.19524e+06,
5.32075e+06,
5.42824e+06,
5.52622e+06,
5.61876e+06,
5.70776e+06,
5.79349e+06,
5.8768e+06,
5.95702e+06,
6.03663e+06,
6.12116e+06,
6.21097e+06,
6.30014e+06,
6.38502e+06,
6.46568e+06,
6.54615e+06,
6.62523e+06,
6.7028e+06,
6.77906e+06,
6.85433e+06,
6.93697e+06,
7.01936e+06,
7.10407e+06,
7.18909e+06,
7.26775e+06,
7.3448e+06,
7.422e+06,
7.49749e+06,
7.57218e+06,
7.65123e+06,
7.73302e+06,
7.81496e+06,
7.89794e+06,
7.98116e+06,
8.06341e+06,
8.14237e+06,
8.22179e+06,
8.29944e+06,
8.37721e+06,
8.46323e+06,
8.54849e+06,
8.6325e+06,
8.71622e+06,
8.80137e+06,
8.88785e+06,
8.97152e+06,
9.05236e+06,
9.1325e+06,
9.21697e+06,
9.30281e+06,
9.3872e+06,
9.47169e+06,
9.5558e+06,
9.63962e+06,
9.72431e+06,
9.80965e+06,
9.89235e+06,
9.97608e+06,
1.00596e+07,
1.01435e+07,
1.02266e+07,
1.03082e+07,
1.03891e+07,
1.04733e+07,
1.0558e+07,
1.06434e+07,
1.07317e+07,
1.08227e+07,
1.09114e+07,
1.09992e+07,
1.1086e+07,
1.11724e+07,
1.12576e+07,
1.13429e+07,
1.14279e+07,
1.15143e+07,
1.16088e+07,
1.17033e+07,
1.17943e+07,
1.18838e+07,
1.19722e+07,
1.2059e+07,
1.21448e+07,
1.22311e+07,
1.23174e+07,
1.24094e+07,
1.25012e+07,
1.25957e+07,
1.26895e+07,
1.27807e+07,
1.28705e+07,
1.29592e+07,
1.30474e+07,
1.31347e+07,
1.32266e+07,
1.33196e+07,
1.34126e+07,
1.35054e+07,
1.35997e+07,
1.36924e+07,
1.37827e+07,
1.3872e+07,
1.39607e+07,
1.40513e+07,
1.41427e+07,
1.4235e+07,
1.43266e+07,
1.4418e+07,
1.45103e+07,
1.46033e+07,
1.46939e+07,
1.47832e+07,
1.48745e+07,
1.49663e+07,
1.50584e+07,
1.51502e+07,
1.52414e+07,
1.53321e+07,
1.54229e+07,
1.55145e+07,
1.56076e+07,
1.57019e+07,
1.57979e+07,
1.58933e+07,
1.59881e+07,
1.60809e+07,
1.61749e+07,
1.62676e+07,
1.63605e+07,
1.64549e+07,
1.65504e+07,
1.66501e+07,
1.67474e+07,
1.68441e+07,
1.69398e+07,
1.70342e+07,
1.71284e+07,
1.72235e+07,
1.73181e+07,
1.74132e+07,
1.75133e+07,
1.76159e+07,
1.77221e+07,
1.78227e+07,
1.79205e+07,
1.80174e+07,
1.81132e+07,
1.82084e+07,
1.83039e+07,
1.84002e+07,
1.84985e+07,
1.8597e+07,
1.8696e+07,
1.87961e+07,
1.88937e+07,
375246,
375318,
375433,
375537,
375688,
375723,
375815,
375908,
376059,
376153,
376278,
376455,
376626,
376751,
376952,
377135,
377321,
377490,
377617,
377769,
377862,
378006,
378194,
378357,
378518,
378685,
378810,
378994,
379094,
379318,
379436,
379600,
379785,
379946,
380129,
380318,
380553,
380732,
380944,
381189,
381359,
381495,
381682,
381908,
382036,
382231,
382420,
382670,
382878,
383090,
383333,
383543,
383726,
383901,
384133,
384332,
384576,
384821,
385000,
385262,
385569,
385840,
386070,
386364,
386571,
386770,
387053,
387335,
387580,
387827,
388077,
388337,
388607,
388888,
389125,
389385,
389674,
389936,
390225,
390502,
390725,
391014,
391263,
391560,
391831,
392108,
392380,
392611,
392860,
393203,
393437,
393823,
394188,
394440,
394747,
395022,
395325,
395619,
395993,
396343,
396619,
396878,
397148,
397360,
397698,
398030,
398439,
398785,
399167,
399530,
399890,
400195,
400596,
400916,
401286,
401702,
402189,
402574,
403090,
403495,
403925,
404438,
404923,
405409,
405878,
406340,
406837,
407482,
408081,
408686,
409269,
409924,
410572,
411040,
411606,
412250,
412969,
413643,
414293,
415026,
415757,
416448,
417161,
417793,
418513,
419342,
420090,
420858,
421731,
422598,
423456,
424341,
425190,
426041,
426965,
428002,
428935,
429850,
430649,
431612,
432490,
433470,
434519,
435425,
436350,
437376,
438432,
439487,
440441,
441536,
442611,
443687,
444764,
445812,
446770,
447943,
449122,
450328,
451517,
452663,
453766,
454884,
456062,
457203,
458337,
459479,
460738,
462061,
463351,
464635,
465867,
467058,
468374,
469588,
470932,
472179,
473617,
475073,
476468,
477898,
479327,
480778,
482275,
483649,
485087,
486462,
487933,
489541,
491055,
492628,
494200,
495824,
497395,
498886,
500531,
502131,
503794,
505454,
507156,
508920,
510531,
512178,
513913,
515603,
517319,
519051,
520886,
522636,
524445,
526210,
528100,
530107,
532092,
534029,
535818,
537626,
539660,
541567,
543583,
545495,
547529,
549608,
551743,
553791,
555846,
557918,
559997,
562137,
564302,
566439,
568752,
571023,
573385,
575718,
578071,
580373,
582774,
585244,
587601,
590116,
592432,
594945,
597382,
599895,
602361,
604802,
607384,
609927,
612613,
615125,
618086,
621441,
624797,
628237,
631801,
635287,
638799,
642433,
645864,
649496,
653041,
656894,
660701,
664422,
668198,
671996,
675636,
679551,
683321,
687153,
690915,
694706,
698419,
702309,
706195,
710090,
714015,
717795,
721779,
725738,
729543,
733543,
737609,
741721,
745894,
750095,
754287,
758316,
762468,
766713,
771059,
775503,
779901,
784021,
788254,
792649,
797058,
801384,
805709,
810116,
814399,
818939,
823460,
827807,
832273,
836772,
841189,
845678,
850228,
854743,
859083,
863522,
868020,
872492,
877134,
881821,
886574,
891315,
896106,
900888,
905649,
910618,
915686,
920429,
925327,
930289,
935115,
940033,
944928,
949764,
954818,
959796,
964736,
969565,
974469,
979654,
984751,
989738,
994896,
1.0001e+06,
1.0051e+06,
1.0103e+06,
1.01558e+06,
1.02047e+06,
1.02569e+06,
1.031e+06,
1.03619e+06,
1.0414e+06,
1.04676e+06,
1.05219e+06,
1.05766e+06,
1.06324e+06,
1.06889e+06,
1.0746e+06,
1.0801e+06,
1.08561e+06,
1.09123e+06,
1.09686e+06,
1.10242e+06,
1.10797e+06,
1.11368e+06,
1.11929e+06,
1.12486e+06,
1.1305e+06,
1.13616e+06,
1.1418e+06,
1.14778e+06,
1.15374e+06,
1.15939e+06,
1.16513e+06,
1.17103e+06,
1.17683e+06,
1.18269e+06,
1.18854e+06,
1.1944e+06,
1.20033e+06,
1.20639e+06,
1.21251e+06,
1.21838e+06,
1.22437e+06,
1.23054e+06,
1.23665e+06,
1.24301e+06,
1.24916e+06,
1.25549e+06,
1.26189e+06,
1.26834e+06,
1.27476e+06,
1.28091e+06,
1.2874e+06,
1.29364e+06,
1.29995e+06,
1.30637e+06,
1.31254e+06,
1.31894e+06,
1.32529e+06,
1.33156e+06,
1.33796e+06,
1.34462e+06,
1.35133e+06,
1.35807e+06,
1.36464e+06,
1.37138e+06,
1.37809e+06,
1.38456e+06,
1.39121e+06,
1.39792e+06,
1.4047e+06,
1.41149e+06,
1.41834e+06,
1.42506e+06,
1.43205e+06,
1.43882e+06,
1.4456e+06,
1.4525e+06,
1.45972e+06,
1.46677e+06,
1.47417e+06,
1.48143e+06,
1.48867e+06,
1.49574e+06,
1.50289e+06,
1.50994e+06,
1.51709e+06,
1.52421e+06,
1.53172e+06,
1.53917e+06,
1.54651e+06,
1.5539e+06,
1.5615e+06,
1.56898e+06,
1.57639e+06,
1.58384e+06,
1.59105e+06,
1.59871e+06,
1.60638e+06,
1.61406e+06,
1.62149e+06,
1.62928e+06,
1.63692e+06,
1.64456e+06,
1.65219e+06,
1.65976e+06,
1.66752e+06,
1.67533e+06,
1.68325e+06,
1.69149e+06,
1.69972e+06,
1.70773e+06,
1.71603e+06,
1.72411e+06,
1.73232e+06,
1.74063e+06,
1.74866e+06,
1.75701e+06,
1.76541e+06,
1.7738e+06,
1.78223e+06,
1.79074e+06,
1.79909e+06,
1.80761e+06,
1.81628e+06,
1.82497e+06,
1.83343e+06,
1.84212e+06,
1.85078e+06,
1.8594e+06,
1.86822e+06,
1.87677e+06,
1.88559e+06,
1.89438e+06,
1.90339e+06,
1.91229e+06,
1.92108e+06,
1.92997e+06,
1.93891e+06,
1.94817e+06,
1.95756e+06,
1.96686e+06,
1.97628e+06,
1.98571e+06,
1.99544e+06,
2.00496e+06,
2.01392e+06,
2.02328e+06,
2.03289e+06,
2.0424e+06,
2.05222e+06,
2.06188e+06,
2.07177e+06,
2.08154e+06,
2.0915e+06,
2.10134e+06,
2.11096e+06,
2.12071e+06,
2.13062e+06,
2.14065e+06,
2.15101e+06,
2.16138e+06,
2.17177e+06,
2.18206e+06,
2.19254e+06,
2.20271e+06,
2.21286e+06,
2.22296e+06,
2.23383e+06,
2.24483e+06,
2.25597e+06,
2.26724e+06,
2.27822e+06,
2.28936e+06,
2.30048e+06,
2.31166e+06,
2.32249e+06,
2.33385e+06,
2.34539e+06,
2.35696e+06,
2.36872e+06,
2.38041e+06,
2.39225e+06,
2.40388e+06,
2.41556e+06,
2.42723e+06,
2.43875e+06,
2.45077e+06,
2.4631e+06,
2.47538e+06,
2.48754e+06,
2.50008e+06,
2.51251e+06,
2.52496e+06,
2.53704e+06,
2.54969e+06,
2.56241e+06,
2.57522e+06,
2.58832e+06,
2.60133e+06,
2.6145e+06,
2.62755e+06,
2.64064e+06,
2.65383e+06,
2.66772e+06,
2.68158e+06,
2.69535e+06,
2.70928e+06,
2.72335e+06,
2.73744e+06,
2.7514e+06,
2.76559e+06,
2.78027e+06,
2.79529e+06,
2.80997e+06,
2.82504e+06,
2.83953e+06,
2.8541e+06,
2.86892e+06,
2.88431e+06,
2.89996e+06,
2.91542e+06,
2.93107e+06,
2.94674e+06,
2.96253e+06,
2.97857e+06,
2.99474e+06,
3.01116e+06,
3.0279e+06,
3.04446e+06,
3.06124e+06,
3.07809e+06,
3.09527e+06,
3.11282e+06,
3.13045e+06,
3.14811e+06,
3.16529e+06,
3.18304e+06,
3.20086e+06,
3.2188e+06,
3.23753e+06,
3.25695e+06,
3.27598e+06,
3.29546e+06,
3.31487e+06,
3.33463e+06,
3.35479e+06,
3.37597e+06,
3.39768e+06,
3.41957e+06,
3.44103e+06,
3.46231e+06,
3.48397e+06,
3.50606e+06,
3.52831e+06,
3.55084e+06,
3.5729e+06,
3.59577e+06,
3.61904e+06,
3.64292e+06,
3.66669e+06,
3.69076e+06,
3.71497e+06,
3.73911e+06,
3.76345e+06,
3.78784e+06,
3.81242e+06,
3.8379e+06,
3.86383e+06,
3.89067e+06,
3.91632e+06,
3.94298e+06,
3.96993e+06,
3.99754e+06,
4.02501e+06,
4.05265e+06,
4.08036e+06,
4.10869e+06,
4.13872e+06,
4.16945e+06,
4.20053e+06,
4.2316e+06,
4.26283e+06,
4.2966e+06,
4.35985e+06,
4.43411e+06,
4.50827e+06,
4.58203e+06,
4.65703e+06,
4.73382e+06,
4.81175e+06,
4.89115e+06,
4.97115e+06,
5.05263e+06,
5.14532e+06,
5.24446e+06,
5.35536e+06,
5.46523e+06,
5.55869e+06,
5.64667e+06,
5.73108e+06,
5.81253e+06,
5.89118e+06,
5.97207e+06,
6.05543e+06,
6.13877e+06,
6.22108e+06,
6.30605e+06,
6.38805e+06,
6.46622e+06,
6.54194e+06,
6.61709e+06,
6.69189e+06,
6.77088e+06,
6.85029e+06,
6.92808e+06,
7.00483e+06,
7.08362e+06,
7.16416e+06,
7.2415e+06,
7.31625e+06,
7.38906e+06,
7.46456e+06,
7.54492e+06,
7.62432e+06,
7.70237e+06,
7.77869e+06,
7.85573e+06,
7.93386e+06,
8.01361e+06,
8.09059e+06,
8.16721e+06,
8.24975e+06,
8.33117e+06,
8.41204e+06,
8.49286e+06,
8.57232e+06,
8.65112e+06,
8.72963e+06,
8.80984e+06,
8.89196e+06,
8.97545e+06,
9.05905e+06,
9.14172e+06,
9.22349e+06,
9.30298e+06,
9.37859e+06,
9.45454e+06,
9.53174e+06,
9.60859e+06,
9.6904e+06,
9.77993e+06,
9.86641e+06,
9.95123e+06,
1.00348e+07,
1.01173e+07,
1.01986e+07,
1.02792e+07,
1.03597e+07,
1.0441e+07,
1.05281e+07,
1.06164e+07,
1.07062e+07,
1.07924e+07,
1.08766e+07,
1.09603e+07,
1.10426e+07,
1.1124e+07,
1.12052e+07,
1.12922e+07,
1.13802e+07,
1.14677e+07,
1.15565e+07,
1.16459e+07,
1.1732e+07,
1.18176e+07,
1.19026e+07,
1.19865e+07,
1.20728e+07,
1.2161e+07,
1.22492e+07,
1.23375e+07,
1.24266e+07,
1.25164e+07,
1.26072e+07,
1.26947e+07,
1.27802e+07,
1.28683e+07,
1.29576e+07,
1.30463e+07,
1.31351e+07,
1.32231e+07,
1.33108e+07,
1.33992e+07,
1.34887e+07,
1.35793e+07,
1.36673e+07,
1.37581e+07,
1.38478e+07,
1.39374e+07,
1.40261e+07,
1.41141e+07,
1.4202e+07,
1.42897e+07,
1.43771e+07,
1.44655e+07,
1.45585e+07,
1.46492e+07,
1.47396e+07,
1.48289e+07,
1.49174e+07,
1.50055e+07,
1.50936e+07,
1.51831e+07,
1.52734e+07,
1.53665e+07,
1.54619e+07,
1.55574e+07,
1.56495e+07,
1.57416e+07,
1.5833e+07,
1.59244e+07,
1.60145e+07,
1.61048e+07,
1.61966e+07,
1.62896e+07,
1.63838e+07,
1.64783e+07,
1.65741e+07,
1.66687e+07,
1.67617e+07,
1.68547e+07,
1.69476e+07,
1.70408e+07,
1.71375e+07,
1.72358e+07,
1.73343e+07,
1.74302e+07,
1.75265e+07,
1.7624e+07,
1.77196e+07,
1.7814e+07,
1.7907e+07,
375246,
375323,
375440,
375544,
375716,
375747,
375882,
375989,
376116,
376237,
376372,
376566,
376722,
376880,
377028,
377266,
377472,
377626,
377852,
377988,
378100,
378192,
378385,
378556,
378736,
378913,
379106,
379265,
379465,
379671,
379817,
379992,
380178,
380307,
380492,
380762,
380976,
381201,
381395,
381627,
381827,
382044,
382223,
382395,
382559,
382720,
382929,
383200,
383477,
383708,
383928,
384181,
384413,
384592,
384857,
385069,
385269,
385466,
385784,
386072,
386329,
386638,
386835,
387122,
387386,
387612,
387907,
388182,
388463,
388709,
388926,
389219,
389578,
389874,
390191,
390471,
390805,
391064,
391324,
391606,
391833,
392113,
392409,
392712,
393016,
393306,
393657,
393930,
394249,
394617,
394955,
395284,
395671,
395932,
396253,
396567,
396869,
397188,
397569,
397921,
398263,
398603,
398925,
399236,
399558,
399931,
400262,
400606,
400995,
401405,
401746,
402130,
402511,
402846,
403259,
403687,
404101,
404592,
405026,
405494,
406045,
406578,
407074,
407433,
407926,
408523,
409112,
409712,
410292,
410933,
411513,
412114,
412755,
413337,
413850,
414399,
415114,
415806,
416532,
417314,
418093,
418836,
419616,
420366,
421161,
421984,
422739,
423594,
424509,
425354,
426273,
427163,
428041,
428825,
429788,
430739,
431673,
432637,
433562,
434552,
435539,
436709,
437765,
438730,
439771,
440808,
441846,
442870,
443911,
444936,
446077,
447268,
448440,
449343,
450508,
451761,
452896,
454041,
455290,
456493,
457559,
458744,
460114,
461256,
462538,
463791,
465087,
466386,
467712,
469017,
470350,
471728,
473065,
474421,
475844,
477223,
478620,
480053,
481550,
482926,
484320,
485775,
487130,
488566,
490159,
491752,
493228,
494886,
496457,
498110,
499661,
501394,
503067,
504643,
506248,
507875,
509540,
511332,
513033,
514755,
516599,
518372,
520141,
521871,
523551,
525473,
527381,
529297,
531181,
533085,
535028,
536951,
538963,
540907,
542722,
544647,
546733,
548814,
551023,
553140,
555343,
557460,
559572,
561643,
563733,
565906,
568104,
570391,
572801,
575204,
577513,
579853,
582166,
584701,
587146,
589617,
592059,
594372,
596931,
599510,
602015,
604600,
607160,
609669,
612280,
615022,
617663,
620586,
623532,
626212,
628991,
631863,
634741,
637552,
640578,
643461,
646313,
648988,
651834,
654869,
657833,
661262,
664999,
668807,
672589,
676399,
680185,
683939,
687956,
691759,
695622,
699418,
703373,
707245,
711024,
714997,
718894,
722682,
726689,
730781,
734747,
738553,
742600,
746573,
750712,
754790,
758887,
763038,
767140,
771285,
775528,
779690,
783869,
788108,
792299,
796531,
800904,
805342,
809845,
814185,
818583,
823143,
827675,
832101,
836609,
841055,
845719,
850224,
854650,
859231,
863919,
868412,
872974,
877505,
882115,
886672,
891260,
895959,
900657,
905281,
910041,
914827,
919590,
924310,
929028,
933742,
938479,
943212,
948124,
953059,
957974,
962949,
967983,
972831,
977862,
983165,
988226,
993339,
998391,
1.00358e+06,
1.00864e+06,
1.01389e+06,
1.01912e+06,
1.02426e+06,
1.02933e+06,
1.03452e+06,
1.03969e+06,
1.04513e+06,
1.05045e+06,
1.05581e+06,
1.06114e+06,
1.06652e+06,
1.07194e+06,
1.07743e+06,
1.08294e+06,
1.0884e+06,
1.09385e+06,
1.09943e+06,
1.10506e+06,
1.11063e+06,
1.11613e+06,
1.12177e+06,
1.12764e+06,
1.13324e+06,
1.13868e+06,
1.1445e+06,
1.15034e+06,
1.15619e+06,
1.16197e+06,
1.16773e+06,
1.17368e+06,
1.17957e+06,
1.18545e+06,
1.19119e+06,
1.19713e+06,
1.20293e+06,
1.2089e+06,
1.21484e+06,
1.22082e+06,
1.22698e+06,
1.23314e+06,
1.23923e+06,
1.24533e+06,
1.25154e+06,
1.25773e+06,
1.26377e+06,
1.26974e+06,
1.27602e+06,
1.2822e+06,
1.28825e+06,
1.29436e+06,
1.30052e+06,
1.30653e+06,
1.31239e+06,
1.31861e+06,
1.3251e+06,
1.33163e+06,
1.33818e+06,
1.34478e+06,
1.35136e+06,
1.35781e+06,
1.36424e+06,
1.37084e+06,
1.37727e+06,
1.38378e+06,
1.39028e+06,
1.39703e+06,
1.40361e+06,
1.41024e+06,
1.41688e+06,
1.4235e+06,
1.43033e+06,
1.43711e+06,
1.44393e+06,
1.45076e+06,
1.45758e+06,
1.46439e+06,
1.47137e+06,
1.47813e+06,
1.48502e+06,
1.49193e+06,
1.49894e+06,
1.50596e+06,
1.5129e+06,
1.51992e+06,
1.52707e+06,
1.53416e+06,
1.54129e+06,
1.54849e+06,
1.55598e+06,
1.56338e+06,
1.57078e+06,
1.57817e+06,
1.58555e+06,
1.59301e+06,
1.60039e+06,
1.60761e+06,
1.61512e+06,
1.6227e+06,
1.63036e+06,
1.63797e+06,
1.64562e+06,
1.65339e+06,
1.66108e+06,
1.66856e+06,
1.67622e+06,
1.68393e+06,
1.69175e+06,
1.69941e+06,
1.70728e+06,
1.71541e+06,
1.72349e+06,
1.73148e+06,
1.73942e+06,
1.74732e+06,
1.75526e+06,
1.76308e+06,
1.77107e+06,
1.77904e+06,
1.78723e+06,
1.7957e+06,
1.80425e+06,
1.81271e+06,
1.82105e+06,
1.82926e+06,
1.8378e+06,
1.84618e+06,
1.8549e+06,
1.86351e+06,
1.87219e+06,
1.88075e+06,
1.88942e+06,
1.89825e+06,
1.90681e+06,
1.91552e+06,
1.92433e+06,
1.9334e+06,
1.94229e+06,
1.951e+06,
1.96005e+06,
1.96876e+06,
1.9779e+06,
1.98715e+06,
1.99595e+06,
2.00485e+06,
2.01401e+06,
2.02343e+06,
2.03254e+06,
2.04166e+06,
2.05103e+06,
2.06048e+06,
2.0701e+06,
2.07967e+06,
2.08906e+06,
2.09876e+06,
2.10871e+06,
2.11859e+06,
2.12852e+06,
2.13832e+06,
2.14842e+06,
2.15812e+06,
2.16795e+06,
2.17762e+06,
2.18755e+06,
2.19773e+06,
2.20796e+06,
2.21831e+06,
2.22856e+06,
2.23901e+06,
2.24926e+06,
2.25973e+06,
2.27034e+06,
2.28112e+06,
2.29174e+06,
2.30255e+06,
2.31349e+06,
2.32441e+06,
2.33521e+06,
2.3463e+06,
2.35703e+06,
2.36807e+06,
2.37956e+06,
2.39092e+06,
2.40242e+06,
2.4141e+06,
2.42569e+06,
2.43746e+06,
2.44889e+06,
2.46047e+06,
2.47225e+06,
2.48432e+06,
2.49632e+06,
2.50855e+06,
2.52058e+06,
2.53273e+06,
2.54493e+06,
2.55729e+06,
2.56952e+06,
2.58182e+06,
2.59448e+06,
2.60722e+06,
2.62009e+06,
2.63298e+06,
2.64592e+06,
2.65873e+06,
2.67148e+06,
2.6844e+06,
2.6977e+06,
2.71113e+06,
2.72532e+06,
2.73905e+06,
2.75286e+06,
2.76666e+06,
2.78048e+06,
2.79426e+06,
2.80862e+06,
2.82307e+06,
2.83771e+06,
2.85224e+06,
2.86709e+06,
2.88172e+06,
2.8968e+06,
2.91197e+06,
2.92659e+06,
2.94168e+06,
2.95692e+06,
2.97277e+06,
2.98825e+06,
3.004e+06,
3.01983e+06,
3.03587e+06,
3.05199e+06,
3.0683e+06,
3.08427e+06,
3.10022e+06,
3.11673e+06,
3.13369e+06,
3.15103e+06,
3.16833e+06,
3.18604e+06,
3.20371e+06,
3.2211e+06,
3.23868e+06,
3.2562e+06,
3.27412e+06,
3.2928e+06,
3.3118e+06,
3.33089e+06,
3.35004e+06,
3.36937e+06,
3.3892e+06,
3.40981e+06,
3.43094e+06,
3.45214e+06,
3.47334e+06,
3.49488e+06,
3.51584e+06,
3.53754e+06,
3.55938e+06,
3.58122e+06,
3.60321e+06,
3.62506e+06,
3.64727e+06,
3.66989e+06,
3.69313e+06,
3.71687e+06,
3.74042e+06,
3.76457e+06,
3.78854e+06,
3.81253e+06,
3.83691e+06,
3.86146e+06,
3.88681e+06,
3.912e+06,
3.93731e+06,
3.96313e+06,
3.98916e+06,
4.01626e+06,
4.04327e+06,
4.07035e+06,
4.09759e+06,
4.12513e+06,
4.15379e+06,
4.18262e+06,
4.21206e+06,
4.24176e+06,
4.2775e+06,
4.34617e+06,
4.41464e+06,
4.48349e+06,
4.55238e+06,
4.62202e+06,
4.69179e+06,
4.76211e+06,
4.83341e+06,
4.90631e+06,
4.9837e+06,
5.06625e+06,
5.14937e+06,
5.23518e+06,
5.32815e+06,
5.43115e+06,
5.53467e+06,
5.6214e+06,
5.70415e+06,
5.78391e+06,
5.86743e+06,
5.94913e+06,
6.02852e+06,
6.10677e+06,
6.1842e+06,
6.26274e+06,
6.34228e+06,
6.42068e+06,
6.4943e+06,
6.56868e+06,
6.64578e+06,
6.72227e+06,
6.79794e+06,
6.87313e+06,
6.9471e+06,
7.02045e+06,
7.09471e+06,
7.17001e+06,
7.24512e+06,
7.32208e+06,
7.39906e+06,
7.47418e+06,
7.54984e+06,
7.62492e+06,
7.69913e+06,
7.77366e+06,
7.84764e+06,
7.92164e+06,
7.99839e+06,
8.08015e+06,
8.16e+06,
8.23804e+06,
8.31493e+06,
8.3911e+06,
8.46793e+06,
8.54311e+06,
8.61768e+06,
8.68859e+06,
8.7674e+06,
8.84771e+06,
8.92805e+06,
9.00676e+06,
9.08622e+06,
9.16568e+06,
9.24389e+06,
9.32124e+06,
9.39701e+06,
9.47758e+06,
9.55953e+06,
9.64237e+06,
9.72695e+06,
9.8113e+06,
9.8925e+06,
9.97301e+06,
1.00522e+07,
1.013e+07,
1.02102e+07,
1.02931e+07,
1.03758e+07,
1.04585e+07,
1.05415e+07,
1.06251e+07,
1.07094e+07,
1.07909e+07,
1.08707e+07,
1.09517e+07,
1.10362e+07,
1.11196e+07,
1.12025e+07,
1.12847e+07,
1.13673e+07,
1.14514e+07,
1.15365e+07,
1.16223e+07,
1.17057e+07,
1.17911e+07,
1.18772e+07,
1.19637e+07,
1.20491e+07,
1.21343e+07,
1.22187e+07,
1.23031e+07,
1.23876e+07,
1.24729e+07,
1.25626e+07,
1.26509e+07,
1.27379e+07,
1.28239e+07,
1.29093e+07,
1.29943e+07,
1.30792e+07,
1.31634e+07,
1.32475e+07,
1.33332e+07,
1.34228e+07,
1.35132e+07,
1.36021e+07,
1.36898e+07,
1.37764e+07,
1.38621e+07,
1.3947e+07,
1.40314e+07,
1.41158e+07,
1.42027e+07,
1.42904e+07,
1.43785e+07,
1.44683e+07,
1.45572e+07,
1.46464e+07,
1.47349e+07,
1.48234e+07,
1.49116e+07,
1.50001e+07,
1.50899e+07,
1.51801e+07,
1.527e+07,
1.53601e+07,
1.5452e+07,
1.5544e+07,
1.56337e+07,
1.57225e+07,
1.58115e+07,
1.59018e+07,
1.59916e+07,
1.60811e+07,
1.61709e+07,
1.6261e+07,
1.63532e+07,
1.64463e+07,
1.65399e+07,
1.66324e+07,
1.67256e+07,
1.6821e+07,
1.69174e+07,
375246,
375332,
375471,
375587,
375753,
375796,
375927,
376071,
376187,
376353,
376485,
376663,
376822,
376976,
377166,
377403,
377581,
377838,
378067,
378146,
378282,
378447,
378604,
378839,
379017,
379234,
379427,
379637,
379829,
379997,
380162,
380373,
380526,
380658,
380853,
381111,
381380,
381616,
381821,
382050,
382312,
382500,
382692,
382875,
383063,
383248,
383477,
383792,
384031,
384264,
384489,
384778,
385040,
385358,
385593,
385849,
386095,
386321,
386572,
386884,
387121,
387366,
387611,
387908,
388209,
388454,
388747,
389068,
389302,
389577,
389849,
390186,
390483,
390825,
391139,
391465,
391740,
392097,
392379,
392716,
392926,
393252,
393547,
393894,
394164,
394512,
394862,
395229,
395554,
395892,
396244,
396631,
396990,
397366,
397744,
398076,
398430,
398715,
399080,
399467,
399818,
400144,
400488,
400851,
401209,
401613,
402053,
402450,
402872,
403230,
403627,
404043,
404411,
404718,
405107,
405598,
406003,
406533,
407073,
407559,
408029,
408517,
409033,
409468,
410022,
410595,
411123,
411727,
412303,
412969,
413656,
414289,
414855,
415464,
416112,
416822,
417579,
418361,
419106,
419859,
420703,
421525,
422314,
422883,
423677,
424579,
425398,
426249,
427145,
428070,
428960,
429899,
430826,
431726,
432594,
433523,
434483,
435515,
436540,
437519,
438607,
439684,
440869,
441873,
442863,
443906,
444942,
446021,
447123,
448273,
449441,
450620,
451758,
452784,
453958,
455168,
456353,
457594,
458863,
460080,
461349,
462717,
464099,
465375,
466724,
468005,
469374,
470698,
472046,
473376,
474764,
476128,
477585,
478949,
480311,
481663,
483203,
484708,
486227,
487688,
489281,
490825,
492337,
493835,
495371,
496939,
498568,
500246,
501864,
503458,
505116,
506844,
508510,
510226,
511952,
513646,
515463,
517199,
519001,
520736,
522552,
524337,
526179,
527979,
529899,
531831,
533798,
535801,
537828,
539901,
541783,
543767,
545746,
547796,
549809,
552005,
554192,
556257,
558408,
560634,
562760,
565021,
567233,
569512,
571826,
574178,
576537,
578953,
581417,
583749,
586075,
588540,
590951,
593476,
596189,
598860,
601623,
604328,
606918,
609547,
612147,
614893,
617567,
620051,
622831,
625646,
628511,
631455,
634221,
637057,
640018,
642802,
645763,
648830,
651847,
654855,
657748,
660757,
663791,
666780,
669883,
672894,
676020,
679086,
682121,
685263,
688274,
691408,
694632,
697776,
700950,
704070,
707432,
711362,
715230,
719101,
723146,
727234,
731379,
735450,
739510,
743544,
747732,
751852,
755918,
759947,
764013,
768130,
772425,
776512,
780811,
785273,
789449,
793630,
797768,
802024,
806286,
810570,
814704,
819005,
823307,
827595,
831905,
836151,
840689,
844911,
849335,
853859,
858406,
862875,
867596,
872198,
876833,
881376,
886040,
890781,
895488,
900189,
904939,
909565,
914545,
919323,
924170,
928634,
933493,
938342,
943026,
947927,
952571,
957373,
962288,
967107,
971902,
976660,
981463,
986491,
991442,
996433,
1.00135e+06,
1.00642e+06,
1.01135e+06,
1.01642e+06,
1.02157e+06,
1.02679e+06,
1.03204e+06,
1.03726e+06,
1.04261e+06,
1.04788e+06,
1.05326e+06,
1.05863e+06,
1.06406e+06,
1.06925e+06,
1.07483e+06,
1.08045e+06,
1.08573e+06,
1.09148e+06,
1.09703e+06,
1.10256e+06,
1.10818e+06,
1.11377e+06,
1.11928e+06,
1.1248e+06,
1.13018e+06,
1.13573e+06,
1.14134e+06,
1.14694e+06,
1.15278e+06,
1.15865e+06,
1.16435e+06,
1.17001e+06,
1.17575e+06,
1.18152e+06,
1.18731e+06,
1.19294e+06,
1.19877e+06,
1.20459e+06,
1.21065e+06,
1.21679e+06,
1.2227e+06,
1.22876e+06,
1.23492e+06,
1.24098e+06,
1.24695e+06,
1.25299e+06,
1.25899e+06,
1.26501e+06,
1.27101e+06,
1.27717e+06,
1.28315e+06,
1.28923e+06,
1.29515e+06,
1.30135e+06,
1.30758e+06,
1.31365e+06,
1.31984e+06,
1.32606e+06,
1.33231e+06,
1.33858e+06,
1.34491e+06,
1.35124e+06,
1.35755e+06,
1.36405e+06,
1.37038e+06,
1.37661e+06,
1.38291e+06,
1.38938e+06,
1.39567e+06,
1.40202e+06,
1.40831e+06,
1.41485e+06,
1.42152e+06,
1.42815e+06,
1.43482e+06,
1.4416e+06,
1.44823e+06,
1.45484e+06,
1.46139e+06,
1.46809e+06,
1.47501e+06,
1.48209e+06,
1.48902e+06,
1.49573e+06,
1.50248e+06,
1.50944e+06,
1.51647e+06,
1.52326e+06,
1.53007e+06,
1.53726e+06,
1.54424e+06,
1.55127e+06,
1.55835e+06,
1.56549e+06,
1.57253e+06,
1.57962e+06,
1.58657e+06,
1.59353e+06,
1.60065e+06,
1.60798e+06,
1.61535e+06,
1.62269e+06,
1.63e+06,
1.6374e+06,
1.645e+06,
1.65235e+06,
1.65981e+06,
1.66726e+06,
1.67478e+06,
1.68256e+06,
1.69029e+06,
1.6982e+06,
1.706e+06,
1.71363e+06,
1.72154e+06,
1.72914e+06,
1.73684e+06,
1.74472e+06,
1.75262e+06,
1.76054e+06,
1.76848e+06,
1.77657e+06,
1.78459e+06,
1.79265e+06,
1.80057e+06,
1.80838e+06,
1.81633e+06,
1.82466e+06,
1.83293e+06,
1.84108e+06,
1.84935e+06,
1.85755e+06,
1.86594e+06,
1.87434e+06,
1.88277e+06,
1.89104e+06,
1.89932e+06,
1.90789e+06,
1.91647e+06,
1.92531e+06,
1.93386e+06,
1.94262e+06,
1.95161e+06,
1.96026e+06,
1.96913e+06,
1.97795e+06,
1.98664e+06,
1.99569e+06,
2.00451e+06,
2.01341e+06,
2.02243e+06,
2.03126e+06,
2.04031e+06,
2.04926e+06,
2.05849e+06,
2.06757e+06,
2.07667e+06,
2.08593e+06,
2.09519e+06,
2.1046e+06,
2.11371e+06,
2.12282e+06,
2.13221e+06,
2.14199e+06,
2.15166e+06,
2.16116e+06,
2.17095e+06,
2.18081e+06,
2.19063e+06,
2.20048e+06,
2.21033e+06,
2.22017e+06,
2.23039e+06,
2.2406e+06,
2.25077e+06,
2.26085e+06,
2.27087e+06,
2.28119e+06,
2.29153e+06,
2.30176e+06,
2.31197e+06,
2.32247e+06,
2.33342e+06,
2.3443e+06,
2.3551e+06,
2.36568e+06,
2.37641e+06,
2.38744e+06,
2.39832e+06,
2.40897e+06,
2.42003e+06,
2.43145e+06,
2.4428e+06,
2.45425e+06,
2.46546e+06,
2.47672e+06,
2.48818e+06,
2.49988e+06,
2.51151e+06,
2.52314e+06,
2.53523e+06,
2.54754e+06,
2.55988e+06,
2.57194e+06,
2.58437e+06,
2.59647e+06,
2.60844e+06,
2.62067e+06,
2.63302e+06,
2.6458e+06,
2.65881e+06,
2.67172e+06,
2.68459e+06,
2.69728e+06,
2.71025e+06,
2.72281e+06,
2.73589e+06,
2.74882e+06,
2.76222e+06,
2.77577e+06,
2.78938e+06,
2.80299e+06,
2.81667e+06,
2.83045e+06,
2.84452e+06,
2.85819e+06,
2.87217e+06,
2.88659e+06,
2.90132e+06,
2.91611e+06,
2.93074e+06,
2.9456e+06,
2.96054e+06,
2.97577e+06,
2.99095e+06,
3.00575e+06,
3.021e+06,
3.03633e+06,
3.05201e+06,
3.06771e+06,
3.08364e+06,
3.09997e+06,
3.11583e+06,
3.13256e+06,
3.14848e+06,
3.16416e+06,
3.18051e+06,
3.19737e+06,
3.21435e+06,
3.23137e+06,
3.24872e+06,
3.26592e+06,
3.28338e+06,
3.30099e+06,
3.31899e+06,
3.33707e+06,
3.35546e+06,
3.37438e+06,
3.3932e+06,
3.41234e+06,
3.43226e+06,
3.45222e+06,
3.47293e+06,
3.49358e+06,
3.51495e+06,
3.53541e+06,
3.55631e+06,
3.57768e+06,
3.59918e+06,
3.62121e+06,
3.6428e+06,
3.6644e+06,
3.68598e+06,
3.70806e+06,
3.73081e+06,
3.75344e+06,
3.77618e+06,
3.79927e+06,
3.82256e+06,
3.84628e+06,
3.87001e+06,
3.89429e+06,
3.91855e+06,
3.94363e+06,
3.9687e+06,
3.99303e+06,
4.01876e+06,
4.04493e+06,
4.07131e+06,
4.09792e+06,
4.12442e+06,
4.15108e+06,
4.17909e+06,
4.20745e+06,
4.23966e+06,
4.30347e+06,
4.36633e+06,
4.42893e+06,
4.49228e+06,
4.55575e+06,
4.62002e+06,
4.68469e+06,
4.74941e+06,
4.815e+06,
4.88439e+06,
4.95873e+06,
5.03285e+06,
5.10957e+06,
5.18596e+06,
5.26504e+06,
5.34705e+06,
5.43685e+06,
5.53649e+06,
5.62773e+06,
5.71329e+06,
5.79645e+06,
5.87775e+06,
5.95675e+06,
6.03283e+06,
6.10727e+06,
6.18095e+06,
6.25388e+06,
6.32857e+06,
6.40481e+06,
6.48341e+06,
6.55743e+06,
6.63096e+06,
6.70325e+06,
6.77497e+06,
6.84624e+06,
6.91753e+06,
6.98767e+06,
7.05789e+06,
7.13286e+06,
7.21136e+06,
7.28872e+06,
7.36243e+06,
7.4348e+06,
7.50704e+06,
7.57866e+06,
7.65034e+06,
7.72088e+06,
7.79363e+06,
7.8692e+06,
7.94426e+06,
8.01814e+06,
8.09223e+06,
8.16421e+06,
8.23406e+06,
8.30825e+06,
8.38228e+06,
8.45636e+06,
8.53388e+06,
8.61146e+06,
8.689e+06,
8.76795e+06,
8.84776e+06,
8.92894e+06,
9.00606e+06,
9.08164e+06,
9.15655e+06,
9.2341e+06,
9.31346e+06,
9.39234e+06,
9.47014e+06,
9.54808e+06,
9.62648e+06,
9.7055e+06,
9.78614e+06,
9.865e+06,
9.94318e+06,
1.00239e+07,
1.01043e+07,
1.01844e+07,
1.02636e+07,
1.03426e+07,
1.04208e+07,
1.05e+07,
1.05792e+07,
1.06601e+07,
1.07427e+07,
1.08243e+07,
1.09058e+07,
1.09866e+07,
1.10669e+07,
1.1147e+07,
1.12262e+07,
1.13057e+07,
1.13851e+07,
1.14676e+07,
1.15543e+07,
1.16413e+07,
1.17256e+07,
1.18088e+07,
1.18912e+07,
1.19729e+07,
1.20548e+07,
1.21359e+07,
1.22172e+07,
1.23014e+07,
1.23857e+07,
1.24715e+07,
1.2559e+07,
1.26431e+07,
1.27256e+07,
1.28084e+07,
1.28905e+07,
1.29718e+07,
1.30554e+07,
1.31406e+07,
1.32254e+07,
1.33106e+07,
1.33968e+07,
1.3484e+07,
1.35697e+07,
1.36531e+07,
1.37364e+07,
1.38198e+07,
1.39051e+07,
1.39898e+07,
1.40758e+07,
1.41622e+07,
1.42486e+07,
1.43358e+07,
1.44244e+07,
1.45134e+07,
1.45995e+07,
1.4687e+07,
1.47745e+07,
1.48619e+07,
1.49498e+07,
1.50369e+07,
1.51238e+07,
1.52113e+07,
1.52989e+07,
1.53868e+07,
1.54767e+07,
1.55661e+07,
1.56539e+07,
1.5742e+07,
1.58303e+07,
1.59183e+07,
375246,
375339,
375483,
375612,
375780,
375866,
375972,
376119,
376244,
376421,
376568,
376767,
376899,
377067,
377303,
377527,
377761,
377998,
378208,
378343,
378499,
378665,
378871,
379067,
379263,
379482,
379705,
379957,
380182,
380360,
380502,
380715,
380908,
381056,
381306,
381516,
381777,
382031,
382316,
382559,
382727,
383009,
383169,
383403,
383617,
383808,
384075,
384355,
384596,
384888,
385146,
385412,
385705,
385983,
386194,
386466,
386748,
387010,
387201,
387509,
387763,
388043,
388347,
388634,
388938,
389215,
389513,
389759,
390096,
390443,
390742,
391042,
391322,
391680,
391983,
392251,
392625,
392935,
393229,
393604,
393943,
394321,
394645,
394933,
395319,
395635,
396043,
396445,
396786,
397184,
397560,
397965,
398384,
398771,
399136,
399524,
399912,
400213,
400585,
400975,
401362,
401760,
402131,
402505,
402897,
403328,
403714,
404157,
404597,
405027,
405497,
405938,
406342,
406739,
407136,
407620,
408127,
408607,
409059,
409537,
410095,
410573,
411059,
411550,
412085,
412671,
413345,
413973,
414612,
415163,
415884,
416615,
417382,
418016,
418684,
419371,
420197,
420962,
421748,
422559,
423300,
424156,
424957,
425684,
426484,
427340,
428227,
429066,
429929,
430953,
431866,
432793,
433712,
434603,
435570,
436544,
437553,
438572,
439691,
440771,
441873,
442942,
443929,
445007,
446112,
447288,
448356,
449427,
450575,
451823,
453087,
454217,
455351,
456389,
457624,
458904,
460232,
461518,
462865,
464245,
465543,
466920,
468182,
469361,
470679,
472116,
473506,
474899,
476457,
478029,
479417,
480850,
482273,
483679,
485116,
486509,
488080,
489617,
491208,
492841,
494365,
496024,
497586,
499127,
500671,
502289,
503836,
505584,
507273,
509055,
510815,
512483,
514123,
515854,
517562,
519387,
521095,
522830,
524753,
526726,
528630,
530496,
532457,
534382,
536334,
538352,
540322,
542269,
544312,
546390,
548453,
550657,
552783,
554877,
556984,
559168,
561249,
563617,
565827,
568192,
570479,
572794,
575188,
577674,
580326,
582797,
585325,
587758,
590188,
592566,
595182,
597825,
600373,
603107,
605768,
608522,
611271,
613929,
616471,
619119,
622026,
625017,
627835,
630524,
633299,
636051,
638974,
641772,
644668,
647612,
650626,
653640,
656550,
659581,
662598,
665696,
668813,
672193,
675268,
678455,
681541,
684731,
687816,
690968,
694117,
697365,
700542,
703789,
706833,
710069,
713285,
716606,
719984,
723305,
726561,
729921,
733168,
736565,
740006,
743283,
746739,
750079,
753381,
756817,
760372,
764093,
768325,
772527,
776846,
781239,
785454,
789705,
793964,
798122,
802383,
806625,
810899,
815230,
819510,
823776,
828265,
832585,
836819,
841169,
845507,
850027,
854478,
859126,
863557,
867992,
872452,
877038,
881438,
886013,
890569,
895073,
899622,
904161,
908713,
913231,
917829,
922654,
927485,
932132,
936877,
941758,
946625,
951539,
956295,
961098,
966069,
971023,
976055,
980936,
985841,
990800,
995778,
1.00084e+06,
1.00572e+06,
1.01064e+06,
1.01575e+06,
1.0209e+06,
1.02601e+06,
1.03089e+06,
1.03591e+06,
1.04104e+06,
1.04615e+06,
1.05113e+06,
1.05632e+06,
1.06146e+06,
1.06675e+06,
1.07207e+06,
1.07735e+06,
1.08262e+06,
1.08819e+06,
1.09366e+06,
1.09904e+06,
1.10461e+06,
1.11009e+06,
1.11547e+06,
1.12126e+06,
1.12677e+06,
1.13222e+06,
1.13755e+06,
1.1432e+06,
1.14896e+06,
1.15472e+06,
1.16022e+06,
1.16581e+06,
1.17154e+06,
1.17737e+06,
1.18296e+06,
1.18885e+06,
1.19457e+06,
1.20049e+06,
1.20632e+06,
1.21215e+06,
1.21812e+06,
1.22409e+06,
1.22991e+06,
1.23579e+06,
1.24168e+06,
1.24756e+06,
1.25338e+06,
1.25922e+06,
1.2652e+06,
1.27098e+06,
1.27685e+06,
1.28287e+06,
1.2889e+06,
1.29512e+06,
1.30131e+06,
1.30739e+06,
1.31355e+06,
1.31965e+06,
1.32557e+06,
1.33183e+06,
1.33813e+06,
1.34428e+06,
1.35062e+06,
1.357e+06,
1.36321e+06,
1.36957e+06,
1.37563e+06,
1.38183e+06,
1.38814e+06,
1.39445e+06,
1.40092e+06,
1.4074e+06,
1.4139e+06,
1.42038e+06,
1.42667e+06,
1.43315e+06,
1.43941e+06,
1.44575e+06,
1.45221e+06,
1.45864e+06,
1.4653e+06,
1.47198e+06,
1.47871e+06,
1.48529e+06,
1.49191e+06,
1.49844e+06,
1.50491e+06,
1.51153e+06,
1.51834e+06,
1.52533e+06,
1.5323e+06,
1.53927e+06,
1.54618e+06,
1.55303e+06,
1.56002e+06,
1.567e+06,
1.5738e+06,
1.58075e+06,
1.58797e+06,
1.59515e+06,
1.60227e+06,
1.60941e+06,
1.61658e+06,
1.62372e+06,
1.63082e+06,
1.63795e+06,
1.64507e+06,
1.65238e+06,
1.65942e+06,
1.66649e+06,
1.67371e+06,
1.68094e+06,
1.68822e+06,
1.69567e+06,
1.70306e+06,
1.71048e+06,
1.71784e+06,
1.72536e+06,
1.73284e+06,
1.74058e+06,
1.74819e+06,
1.7561e+06,
1.76397e+06,
1.77175e+06,
1.77941e+06,
1.78743e+06,
1.79532e+06,
1.8031e+06,
1.81102e+06,
1.81889e+06,
1.82708e+06,
1.83519e+06,
1.84334e+06,
1.85125e+06,
1.85939e+06,
1.86738e+06,
1.87555e+06,
1.88383e+06,
1.892e+06,
1.90013e+06,
1.90848e+06,
1.91671e+06,
1.92496e+06,
1.93306e+06,
1.94156e+06,
1.9501e+06,
1.95828e+06,
1.96669e+06,
1.97513e+06,
1.98375e+06,
1.99226e+06,
2.00062e+06,
2.00927e+06,
2.01814e+06,
2.02714e+06,
2.03598e+06,
2.04471e+06,
2.05369e+06,
2.06267e+06,
2.07166e+06,
2.08046e+06,
2.08935e+06,
2.09854e+06,
2.10787e+06,
2.117e+06,
2.12636e+06,
2.13539e+06,
2.14464e+06,
2.15394e+06,
2.16324e+06,
2.17235e+06,
2.18175e+06,
2.19142e+06,
2.20114e+06,
2.21067e+06,
2.22027e+06,
2.22957e+06,
2.23917e+06,
2.24873e+06,
2.25822e+06,
2.26781e+06,
2.27763e+06,
2.28768e+06,
2.29801e+06,
2.30831e+06,
2.3184e+06,
2.32844e+06,
2.33861e+06,
2.34856e+06,
2.35878e+06,
2.36964e+06,
2.38019e+06,
2.39097e+06,
2.40182e+06,
2.41267e+06,
2.42359e+06,
2.43414e+06,
2.44484e+06,
2.45561e+06,
2.46698e+06,
2.47818e+06,
2.4895e+06,
2.50072e+06,
2.51212e+06,
2.52374e+06,
2.53528e+06,
2.5465e+06,
2.55771e+06,
2.56909e+06,
2.58096e+06,
2.59289e+06,
2.60473e+06,
2.61693e+06,
2.62896e+06,
2.64135e+06,
2.65342e+06,
2.66522e+06,
2.67755e+06,
2.69027e+06,
2.70298e+06,
2.71569e+06,
2.72859e+06,
2.74123e+06,
2.75423e+06,
2.76707e+06,
2.77987e+06,
2.79274e+06,
2.80602e+06,
2.81925e+06,
2.83278e+06,
2.84639e+06,
2.85995e+06,
2.87319e+06,
2.88698e+06,
2.90086e+06,
2.91446e+06,
2.92828e+06,
2.94241e+06,
2.95673e+06,
2.97109e+06,
2.98579e+06,
3.00061e+06,
3.0156e+06,
3.0307e+06,
3.04555e+06,
3.06077e+06,
3.07578e+06,
3.09091e+06,
3.10657e+06,
3.12201e+06,
3.13784e+06,
3.1538e+06,
3.16991e+06,
3.18562e+06,
3.20144e+06,
3.21805e+06,
3.2343e+06,
3.25082e+06,
3.26784e+06,
3.28444e+06,
3.30129e+06,
3.31831e+06,
3.33541e+06,
3.35266e+06,
3.37071e+06,
3.38878e+06,
3.40654e+06,
3.42493e+06,
3.4436e+06,
3.46285e+06,
3.48259e+06,
3.50241e+06,
3.52278e+06,
3.54278e+06,
3.56356e+06,
3.58449e+06,
3.60507e+06,
3.62585e+06,
3.64715e+06,
3.66819e+06,
3.68942e+06,
3.71045e+06,
3.7317e+06,
3.75387e+06,
3.77639e+06,
3.79894e+06,
3.82078e+06,
3.84317e+06,
3.86565e+06,
3.88849e+06,
3.91189e+06,
3.93527e+06,
3.95887e+06,
3.98339e+06,
4.00766e+06,
4.03257e+06,
4.0574e+06,
4.08272e+06,
4.1084e+06,
4.13411e+06,
4.15984e+06,
4.1873e+06,
4.23294e+06,
4.29258e+06,
4.35179e+06,
4.41022e+06,
4.46814e+06,
4.52628e+06,
4.58521e+06,
4.64499e+06,
4.70526e+06,
4.76591e+06,
4.83108e+06,
4.89859e+06,
4.96606e+06,
5.03526e+06,
5.10491e+06,
5.1757e+06,
5.24792e+06,
5.32146e+06,
5.39705e+06,
5.48074e+06,
5.57715e+06,
5.67424e+06,
5.75741e+06,
5.83713e+06,
5.91326e+06,
5.98833e+06,
6.06118e+06,
6.13171e+06,
6.20196e+06,
6.27468e+06,
6.34877e+06,
6.42426e+06,
6.50055e+06,
6.57205e+06,
6.6414e+06,
6.70981e+06,
6.77768e+06,
6.84469e+06,
6.91408e+06,
6.98705e+06,
7.05899e+06,
7.13095e+06,
7.2039e+06,
7.27813e+06,
7.34693e+06,
7.41392e+06,
7.47954e+06,
7.54622e+06,
7.61886e+06,
7.69309e+06,
7.76698e+06,
7.83995e+06,
7.91301e+06,
7.98658e+06,
8.0611e+06,
8.13572e+06,
8.20756e+06,
8.27927e+06,
8.35451e+06,
8.43048e+06,
8.50509e+06,
8.57951e+06,
8.65358e+06,
8.72719e+06,
8.80194e+06,
8.87845e+06,
8.95535e+06,
9.03247e+06,
9.10976e+06,
9.18579e+06,
9.26242e+06,
9.33801e+06,
9.41359e+06,
9.48797e+06,
9.56227e+06,
9.6371e+06,
9.71413e+06,
9.79562e+06,
9.87547e+06,
9.95343e+06,
1.00308e+07,
1.01085e+07,
1.0185e+07,
1.0261e+07,
1.03363e+07,
1.04114e+07,
1.04903e+07,
1.05706e+07,
1.0652e+07,
1.0734e+07,
1.08124e+07,
1.08907e+07,
1.09689e+07,
1.10466e+07,
1.11236e+07,
1.1203e+07,
1.12832e+07,
1.13633e+07,
1.14441e+07,
1.15251e+07,
1.16088e+07,
1.16909e+07,
1.17713e+07,
1.18504e+07,
1.19294e+07,
1.20105e+07,
1.20922e+07,
1.21732e+07,
1.22537e+07,
1.23343e+07,
1.24163e+07,
1.24992e+07,
1.25821e+07,
1.26624e+07,
1.27434e+07,
1.28257e+07,
1.29075e+07,
1.29886e+07,
1.30702e+07,
1.31524e+07,
1.32344e+07,
1.33166e+07,
1.33988e+07,
1.34826e+07,
1.35698e+07,
1.36555e+07,
1.37404e+07,
1.38251e+07,
1.39092e+07,
1.39935e+07,
1.40773e+07,
1.41607e+07,
1.42444e+07,
1.43294e+07,
1.4417e+07,
1.45046e+07,
1.45911e+07,
1.46768e+07,
1.47623e+07,
1.48479e+07,
1.49324e+07,
375246,
375341,
375493,
375652,
375818,
375915,
376019,
376189,
376328,
376479,
376649,
376818,
376990,
377163,
377411,
377663,
377941,
378178,
378402,
378560,
378734,
378906,
379152,
379321,
379526,
379791,
380023,
380242,
380504,
380710,
380847,
381069,
381287,
381540,
381723,
381989,
382209,
382496,
382756,
383030,
383204,
383458,
383685,
383896,
384118,
384327,
384580,
384900,
385159,
385426,
385749,
385992,
386244,
386533,
386782,
387047,
387351,
387609,
387876,
388088,
388393,
388635,
388954,
389279,
389589,
389880,
390177,
390549,
390903,
391262,
391607,
391956,
392264,
392596,
392931,
393282,
393577,
393887,
394262,
394595,
394946,
395289,
395685,
396041,
396401,
396841,
397201,
397592,
397980,
398370,
398781,
399211,
399630,
400076,
400529,
400952,
401391,
401749,
402175,
402588,
402989,
403391,
403794,
404154,
404577,
404993,
405474,
405933,
406335,
406780,
407294,
407778,
408237,
408671,
409054,
409592,
409979,
410536,
411093,
411692,
412272,
412805,
413347,
413931,
414506,
415132,
415688,
416272,
416974,
417644,
418345,
419131,
419798,
420510,
421271,
422022,
422884,
423614,
424367,
425195,
425976,
426820,
427635,
428409,
429294,
430201,
431148,
432052,
432946,
433713,
434697,
435743,
436729,
437707,
438630,
439642,
440679,
441805,
442865,
443986,
445063,
446154,
447260,
448353,
449523,
450680,
451816,
452939,
454149,
455428,
456537,
457671,
458887,
460137,
461445,
462838,
464090,
465466,
466804,
468137,
469457,
470851,
472336,
473727,
475131,
476460,
477951,
479444,
480970,
482503,
483936,
485416,
486840,
488276,
489737,
491340,
492950,
494583,
496282,
497855,
499465,
501047,
502745,
504323,
505940,
507716,
509379,
511242,
513046,
514802,
516460,
518171,
519934,
521631,
523425,
525289,
527181,
529070,
531058,
532972,
534914,
536863,
538845,
540767,
542739,
544748,
546817,
549017,
551133,
553313,
555441,
557618,
559854,
562059,
564499,
566759,
569100,
571498,
573891,
576361,
578792,
581339,
583805,
586271,
588722,
591192,
593672,
596240,
598773,
601405,
604089,
606754,
609444,
612222,
614973,
617676,
620423,
623207,
625915,
628935,
631823,
634697,
637452,
640154,
643080,
645910,
648928,
651972,
655035,
657999,
661077,
664189,
667080,
670214,
673415,
676483,
679675,
682807,
685983,
689126,
692339,
695503,
698670,
702038,
705325,
708623,
711865,
715142,
718471,
721859,
725132,
728575,
732004,
735451,
738918,
742280,
745729,
749140,
752623,
756023,
759448,
762995,
766530,
770038,
773620,
777175,
780784,
784343,
787909,
791390,
795013,
798718,
802287,
805863,
809287,
813091,
816676,
820307,
824011,
828114,
832528,
836977,
841239,
845656,
850071,
854580,
859077,
863579,
867981,
872481,
877172,
881730,
886249,
890702,
895240,
899760,
904303,
908861,
913495,
918107,
922740,
927482,
932038,
936544,
941063,
945937,
950702,
955409,
960324,
965248,
969955,
974805,
979374,
984114,
988858,
993509,
998478,
1.00351e+06,
1.0087e+06,
1.01394e+06,
1.01886e+06,
1.02392e+06,
1.02902e+06,
1.03394e+06,
1.03887e+06,
1.04391e+06,
1.04911e+06,
1.05419e+06,
1.05949e+06,
1.06472e+06,
1.07001e+06,
1.07535e+06,
1.08056e+06,
1.08594e+06,
1.09123e+06,
1.09632e+06,
1.10179e+06,
1.10727e+06,
1.1128e+06,
1.11818e+06,
1.12363e+06,
1.12902e+06,
1.13436e+06,
1.13954e+06,
1.1447e+06,
1.15019e+06,
1.15577e+06,
1.16124e+06,
1.16673e+06,
1.17242e+06,
1.17818e+06,
1.18383e+06,
1.18944e+06,
1.19513e+06,
1.20092e+06,
1.20675e+06,
1.21247e+06,
1.21829e+06,
1.22406e+06,
1.22995e+06,
1.23571e+06,
1.24153e+06,
1.24731e+06,
1.2529e+06,
1.25864e+06,
1.26459e+06,
1.27048e+06,
1.27649e+06,
1.28248e+06,
1.2884e+06,
1.2945e+06,
1.30049e+06,
1.30639e+06,
1.31226e+06,
1.31809e+06,
1.32409e+06,
1.33036e+06,
1.33649e+06,
1.34263e+06,
1.34875e+06,
1.35495e+06,
1.3611e+06,
1.36699e+06,
1.37296e+06,
1.37905e+06,
1.38523e+06,
1.39158e+06,
1.39799e+06,
1.40442e+06,
1.41073e+06,
1.41715e+06,
1.42338e+06,
1.42968e+06,
1.43619e+06,
1.44262e+06,
1.44906e+06,
1.45568e+06,
1.46209e+06,
1.46853e+06,
1.47512e+06,
1.48152e+06,
1.48814e+06,
1.49472e+06,
1.50127e+06,
1.50772e+06,
1.51454e+06,
1.52123e+06,
1.52793e+06,
1.53437e+06,
1.54089e+06,
1.54741e+06,
1.55404e+06,
1.56067e+06,
1.56727e+06,
1.57395e+06,
1.58079e+06,
1.58767e+06,
1.59459e+06,
1.60152e+06,
1.6085e+06,
1.6153e+06,
1.62238e+06,
1.62957e+06,
1.63638e+06,
1.64329e+06,
1.65037e+06,
1.65746e+06,
1.66469e+06,
1.67187e+06,
1.67901e+06,
1.68633e+06,
1.69369e+06,
1.70085e+06,
1.70806e+06,
1.71539e+06,
1.72256e+06,
1.73004e+06,
1.73737e+06,
1.74467e+06,
1.75182e+06,
1.75936e+06,
1.76678e+06,
1.77435e+06,
1.7819e+06,
1.78933e+06,
1.79698e+06,
1.80466e+06,
1.8122e+06,
1.81975e+06,
1.82753e+06,
1.83518e+06,
1.84282e+06,
1.85063e+06,
1.85866e+06,
1.86678e+06,
1.87484e+06,
1.88278e+06,
1.8908e+06,
1.89898e+06,
1.90709e+06,
1.91515e+06,
1.92346e+06,
1.93156e+06,
1.93952e+06,
1.94773e+06,
1.95578e+06,
1.96372e+06,
1.97178e+06,
1.98018e+06,
1.98837e+06,
1.99686e+06,
2.00556e+06,
2.01399e+06,
2.02233e+06,
2.03047e+06,
2.03894e+06,
2.04708e+06,
2.05567e+06,
2.06433e+06,
2.073e+06,
2.08187e+06,
2.09062e+06,
2.0993e+06,
2.1079e+06,
2.11666e+06,
2.1254e+06,
2.13429e+06,
2.14331e+06,
2.15252e+06,
2.16176e+06,
2.17114e+06,
2.18059e+06,
2.18977e+06,
2.1988e+06,
2.20772e+06,
2.21692e+06,
2.22619e+06,
2.23551e+06,
2.24492e+06,
2.25456e+06,
2.26413e+06,
2.27366e+06,
2.28328e+06,
2.29258e+06,
2.30163e+06,
2.31126e+06,
2.32102e+06,
2.33078e+06,
2.34073e+06,
2.35071e+06,
2.36087e+06,
2.37086e+06,
2.38084e+06,
2.3907e+06,
2.4005e+06,
2.4109e+06,
2.42166e+06,
2.43236e+06,
2.44324e+06,
2.4542e+06,
2.46513e+06,
2.47595e+06,
2.48673e+06,
2.49743e+06,
2.50818e+06,
2.51918e+06,
2.53027e+06,
2.54158e+06,
2.55279e+06,
2.56414e+06,
2.57563e+06,
2.58697e+06,
2.59841e+06,
2.60963e+06,
2.6211e+06,
2.6326e+06,
2.64433e+06,
2.65591e+06,
2.66778e+06,
2.6795e+06,
2.69123e+06,
2.70316e+06,
2.71498e+06,
2.72673e+06,
2.73908e+06,
2.75174e+06,
2.76454e+06,
2.77736e+06,
2.79003e+06,
2.80301e+06,
2.81571e+06,
2.82849e+06,
2.84174e+06,
2.8549e+06,
2.86793e+06,
2.88133e+06,
2.89483e+06,
2.90815e+06,
2.92157e+06,
2.93507e+06,
2.94876e+06,
2.96263e+06,
2.97682e+06,
2.99064e+06,
3.00448e+06,
3.0186e+06,
3.03286e+06,
3.04705e+06,
3.06172e+06,
3.07611e+06,
3.09082e+06,
3.10576e+06,
3.12084e+06,
3.13566e+06,
3.15084e+06,
3.16628e+06,
3.18189e+06,
3.19754e+06,
3.21326e+06,
3.22876e+06,
3.24454e+06,
3.26072e+06,
3.27723e+06,
3.29308e+06,
3.30903e+06,
3.32584e+06,
3.34249e+06,
3.35903e+06,
3.3761e+06,
3.39353e+06,
3.41112e+06,
3.42922e+06,
3.44727e+06,
3.46444e+06,
3.48262e+06,
3.5013e+06,
3.52018e+06,
3.53948e+06,
3.55879e+06,
3.5785e+06,
3.59852e+06,
3.6191e+06,
3.63967e+06,
3.66005e+06,
3.6804e+06,
3.70144e+06,
3.7221e+06,
3.74258e+06,
3.76329e+06,
3.78483e+06,
3.80668e+06,
3.82878e+06,
3.85029e+06,
3.87167e+06,
3.89337e+06,
3.91594e+06,
3.93835e+06,
3.96114e+06,
3.9843e+06,
4.00775e+06,
4.03113e+06,
4.05531e+06,
4.07972e+06,
4.10381e+06,
4.12841e+06,
4.15458e+06,
4.19738e+06,
4.25148e+06,
4.3063e+06,
4.36117e+06,
4.41613e+06,
4.47095e+06,
4.52563e+06,
4.5798e+06,
4.63496e+06,
4.69085e+06,
4.75062e+06,
4.81304e+06,
4.8749e+06,
4.93694e+06,
4.99957e+06,
5.06356e+06,
5.12819e+06,
5.19402e+06,
5.26e+06,
5.32853e+06,
5.40207e+06,
5.47927e+06,
5.56168e+06,
5.65146e+06,
5.74295e+06,
5.82145e+06,
5.89681e+06,
5.96949e+06,
6.03958e+06,
6.11102e+06,
6.18278e+06,
6.2532e+06,
6.32342e+06,
6.39357e+06,
6.46418e+06,
6.53552e+06,
6.60371e+06,
6.6662e+06,
6.72745e+06,
6.7933e+06,
6.86239e+06,
6.93293e+06,
7.00312e+06,
7.07285e+06,
7.14326e+06,
7.21371e+06,
7.28498e+06,
7.35637e+06,
7.42818e+06,
7.50083e+06,
7.5726e+06,
7.64324e+06,
7.71415e+06,
7.78449e+06,
7.85436e+06,
7.92405e+06,
7.99369e+06,
8.06514e+06,
8.14026e+06,
8.2145e+06,
8.28704e+06,
8.35876e+06,
8.43127e+06,
8.50281e+06,
8.57385e+06,
8.64408e+06,
8.71508e+06,
8.78776e+06,
8.86341e+06,
8.94096e+06,
9.01854e+06,
9.09289e+06,
9.16647e+06,
9.23957e+06,
9.31212e+06,
9.38445e+06,
9.45646e+06,
9.53159e+06,
9.60671e+06,
9.68297e+06,
9.75941e+06,
9.83752e+06,
9.91379e+06,
9.98764e+06,
1.00621e+07,
1.01358e+07,
1.02104e+07,
1.02869e+07,
1.03626e+07,
1.04386e+07,
1.05155e+07,
1.05929e+07,
1.06714e+07,
1.0751e+07,
1.08278e+07,
1.09031e+07,
1.09808e+07,
1.10591e+07,
1.11368e+07,
1.12145e+07,
1.12921e+07,
1.13688e+07,
1.14457e+07,
1.15239e+07,
1.16034e+07,
1.1683e+07,
1.17629e+07,
1.1842e+07,
1.19207e+07,
1.19995e+07,
1.2078e+07,
1.2156e+07,
1.22337e+07,
1.23118e+07,
1.23898e+07,
1.24711e+07,
1.25539e+07,
1.2635e+07,
1.27152e+07,
1.2795e+07,
1.28742e+07,
1.29533e+07,
1.30336e+07,
1.31136e+07,
1.31945e+07,
1.32776e+07,
1.33615e+07,
1.3447e+07,
1.35325e+07,
1.36157e+07,
1.36977e+07,
1.37798e+07,
1.38615e+07,
1.39437e+07,
375246,
375354,
375501,
375677,
375848,
375955,
376079,
376244,
376408,
376531,
376699,
376879,
377077,
377302,
377565,
377837,
378154,
378375,
378586,
378807,
378968,
379150,
379400,
379593,
379828,
380070,
380308,
380489,
380774,
381025,
381172,
381397,
381672,
381891,
382126,
382401,
382613,
382899,
383088,
383357,
383557,
383817,
384087,
384377,
384626,
384831,
385101,
385359,
385623,
385875,
386159,
386450,
386729,
387035,
387316,
387599,
387926,
388219,
388451,
388766,
389083,
389366,
389688,
390014,
390317,
390626,
390945,
391324,
391658,
391966,
392370,
392683,
393043,
393387,
393720,
394135,
394489,
394845,
395247,
395593,
395955,
396357,
396722,
397158,
397539,
397933,
398345,
398769,
399210,
399589,
400025,
400475,
400952,
401376,
401879,
402266,
402744,
403198,
403587,
404036,
404485,
404961,
405316,
405689,
406154,
406648,
407153,
407685,
408153,
408594,
409056,
409538,
410032,
410483,
410938,
411520,
412112,
412671,
413218,
413831,
414436,
415081,
415654,
416204,
416736,
417275,
418005,
418683,
419374,
420106,
420929,
421701,
422512,
423248,
423907,
424654,
425325,
426139,
426968,
427891,
428763,
429661,
430506,
431367,
432251,
433082,
433983,
434874,
435877,
436809,
437858,
438921,
440005,
441019,
441973,
442964,
444055,
444990,
446152,
447311,
448518,
449589,
450696,
451769,
452997,
454270,
455455,
456631,
457771,
458991,
460303,
461582,
462860,
464176,
465590,
466964,
468190,
469584,
470938,
472215,
473637,
475082,
476479,
477892,
479372,
480912,
482428,
483916,
485407,
486932,
488437,
489965,
491610,
493120,
494695,
496324,
497918,
499540,
501235,
502917,
504533,
506201,
507953,
509617,
511255,
513056,
514789,
516588,
518405,
520221,
521965,
523778,
525666,
527474,
529328,
531196,
533184,
535193,
537030,
539085,
541072,
543019,
545080,
547143,
549166,
551440,
553866,
556120,
558383,
560518,
562800,
564959,
567457,
569592,
571954,
574342,
576696,
579119,
581596,
584154,
586668,
589131,
591675,
594183,
596690,
599237,
601822,
604453,
607138,
609796,
612486,
615147,
617837,
620694,
623582,
626376,
629306,
632273,
635111,
638084,
641057,
643893,
646839,
649774,
652752,
655666,
658667,
661765,
664758,
667883,
670994,
674166,
677319,
680547,
683706,
686969,
690205,
693570,
696680,
699709,
703046,
706326,
709424,
712704,
716005,
719476,
722913,
726335,
729741,
733063,
736462,
739973,
743405,
746963,
750528,
754014,
757559,
761172,
764804,
768305,
771997,
775497,
779079,
782659,
786298,
789935,
793563,
797262,
800856,
804434,
808156,
811738,
815380,
819133,
822773,
826579,
830259,
833872,
837530,
841251,
845125,
848895,
852749,
856498,
860236,
863962,
867772,
871587,
875493,
879312,
883241,
887178,
890949,
894826,
898849,
903325,
908093,
912854,
917370,
921863,
926669,
931530,
936136,
940757,
945293,
949956,
954694,
959578,
964338,
969138,
974092,
978732,
983284,
987957,
992832,
997529,
1.00234e+06,
1.00734e+06,
1.01232e+06,
1.01744e+06,
1.02237e+06,
1.02727e+06,
1.03198e+06,
1.0368e+06,
1.04175e+06,
1.04688e+06,
1.05185e+06,
1.05678e+06,
1.06193e+06,
1.0671e+06,
1.07208e+06,
1.07716e+06,
1.08223e+06,
1.08743e+06,
1.09281e+06,
1.09843e+06,
1.10381e+06,
1.10916e+06,
1.11455e+06,
1.12007e+06,
1.12542e+06,
1.13084e+06,
1.13614e+06,
1.14127e+06,
1.14655e+06,
1.15208e+06,
1.15746e+06,
1.16312e+06,
1.16864e+06,
1.17411e+06,
1.17963e+06,
1.18533e+06,
1.19096e+06,
1.19634e+06,
1.20186e+06,
1.20742e+06,
1.21297e+06,
1.21848e+06,
1.22399e+06,
1.22946e+06,
1.23499e+06,
1.24057e+06,
1.24617e+06,
1.2518e+06,
1.2575e+06,
1.26318e+06,
1.26891e+06,
1.27477e+06,
1.28069e+06,
1.28663e+06,
1.29227e+06,
1.2982e+06,
1.30425e+06,
1.31012e+06,
1.31604e+06,
1.32203e+06,
1.32812e+06,
1.33419e+06,
1.34022e+06,
1.34637e+06,
1.35231e+06,
1.35844e+06,
1.36446e+06,
1.37042e+06,
1.37659e+06,
1.3828e+06,
1.389e+06,
1.39514e+06,
1.40129e+06,
1.40735e+06,
1.41362e+06,
1.42011e+06,
1.42639e+06,
1.43235e+06,
1.43853e+06,
1.44471e+06,
1.45108e+06,
1.45733e+06,
1.46338e+06,
1.46935e+06,
1.47579e+06,
1.48221e+06,
1.48862e+06,
1.49503e+06,
1.50157e+06,
1.50794e+06,
1.51459e+06,
1.52094e+06,
1.52729e+06,
1.53389e+06,
1.54048e+06,
1.5472e+06,
1.55407e+06,
1.56072e+06,
1.56724e+06,
1.57405e+06,
1.58076e+06,
1.58738e+06,
1.59408e+06,
1.60087e+06,
1.60768e+06,
1.61423e+06,
1.62111e+06,
1.62768e+06,
1.63438e+06,
1.64107e+06,
1.64793e+06,
1.6549e+06,
1.66167e+06,
1.66855e+06,
1.67557e+06,
1.68256e+06,
1.68923e+06,
1.69605e+06,
1.70304e+06,
1.70992e+06,
1.71679e+06,
1.72391e+06,
1.73153e+06,
1.73903e+06,
1.7464e+06,
1.75378e+06,
1.76125e+06,
1.76861e+06,
1.77589e+06,
1.78323e+06,
1.79052e+06,
1.79793e+06,
1.80553e+06,
1.81312e+06,
1.82064e+06,
1.82817e+06,
1.83582e+06,
1.84317e+06,
1.85065e+06,
1.85824e+06,
1.86569e+06,
1.87332e+06,
1.88108e+06,
1.88862e+06,
1.89634e+06,
1.90438e+06,
1.91205e+06,
1.91962e+06,
1.9271e+06,
1.93475e+06,
1.94265e+06,
1.95042e+06,
1.95832e+06,
1.96633e+06,
1.97455e+06,
1.98289e+06,
1.99104e+06,
1.99905e+06,
2.00685e+06,
2.01497e+06,
2.02315e+06,
2.03162e+06,
2.04e+06,
2.0485e+06,
2.05691e+06,
2.06534e+06,
2.07364e+06,
2.08189e+06,
2.09008e+06,
2.0986e+06,
2.10701e+06,
2.11569e+06,
2.12421e+06,
2.13286e+06,
2.1416e+06,
2.15045e+06,
2.1592e+06,
2.16757e+06,
2.1759e+06,
2.18465e+06,
2.19338e+06,
2.20227e+06,
2.21114e+06,
2.22013e+06,
2.22923e+06,
2.23837e+06,
2.24733e+06,
2.25596e+06,
2.26496e+06,
2.27429e+06,
2.28372e+06,
2.29292e+06,
2.30247e+06,
2.31199e+06,
2.3215e+06,
2.33086e+06,
2.34015e+06,
2.3499e+06,
2.35941e+06,
2.36916e+06,
2.37903e+06,
2.38882e+06,
2.39897e+06,
2.40894e+06,
2.41895e+06,
2.42891e+06,
2.43897e+06,
2.44886e+06,
2.45904e+06,
2.46921e+06,
2.47981e+06,
2.49036e+06,
2.50088e+06,
2.51148e+06,
2.52194e+06,
2.53222e+06,
2.54336e+06,
2.55394e+06,
2.56457e+06,
2.57538e+06,
2.58644e+06,
2.59769e+06,
2.60892e+06,
2.62001e+06,
2.63145e+06,
2.64272e+06,
2.65401e+06,
2.66501e+06,
2.67639e+06,
2.68806e+06,
2.69958e+06,
2.71144e+06,
2.72317e+06,
2.73486e+06,
2.74639e+06,
2.75849e+06,
2.77057e+06,
2.78218e+06,
2.79438e+06,
2.80676e+06,
2.81921e+06,
2.83166e+06,
2.8438e+06,
2.85605e+06,
2.86872e+06,
2.88178e+06,
2.89503e+06,
2.90808e+06,
2.92135e+06,
2.93446e+06,
2.94791e+06,
2.96101e+06,
2.97441e+06,
2.98751e+06,
3.00171e+06,
3.01578e+06,
3.02962e+06,
3.04321e+06,
3.05678e+06,
3.07071e+06,
3.08481e+06,
3.09903e+06,
3.11319e+06,
3.12752e+06,
3.14233e+06,
3.15717e+06,
3.17178e+06,
3.18614e+06,
3.20076e+06,
3.21594e+06,
3.23098e+06,
3.24582e+06,
3.26062e+06,
3.27636e+06,
3.29231e+06,
3.30853e+06,
3.32468e+06,
3.34062e+06,
3.35682e+06,
3.37279e+06,
3.38902e+06,
3.40542e+06,
3.42226e+06,
3.4397e+06,
3.45724e+06,
3.47478e+06,
3.49249e+06,
3.51002e+06,
3.52781e+06,
3.5462e+06,
3.56496e+06,
3.58338e+06,
3.60271e+06,
3.62191e+06,
3.64111e+06,
3.66045e+06,
3.68035e+06,
3.70012e+06,
3.72025e+06,
3.74016e+06,
3.75977e+06,
3.77997e+06,
3.80098e+06,
3.82213e+06,
3.84384e+06,
3.86533e+06,
3.88666e+06,
3.90758e+06,
3.92888e+06,
3.95051e+06,
3.97235e+06,
3.99499e+06,
4.01795e+06,
4.04066e+06,
4.0637e+06,
4.08695e+06,
4.11134e+06,
4.14041e+06,
4.19057e+06,
4.24031e+06,
4.28999e+06,
4.34022e+06,
4.39104e+06,
4.44219e+06,
4.49346e+06,
4.54485e+06,
4.59635e+06,
4.64867e+06,
4.70417e+06,
4.76062e+06,
4.81786e+06,
4.87564e+06,
4.93374e+06,
4.99207e+06,
5.05089e+06,
5.11055e+06,
5.17095e+06,
5.23547e+06,
5.30128e+06,
5.36884e+06,
5.43727e+06,
5.50737e+06,
5.58136e+06,
5.65925e+06,
5.74426e+06,
5.82779e+06,
5.89956e+06,
5.96948e+06,
6.03705e+06,
6.10257e+06,
6.17222e+06,
6.24187e+06,
6.30971e+06,
6.37622e+06,
6.4438e+06,
6.51254e+06,
6.58311e+06,
6.65409e+06,
6.7235e+06,
6.7921e+06,
6.86069e+06,
6.92792e+06,
6.99579e+06,
7.06326e+06,
7.12985e+06,
7.19608e+06,
7.26617e+06,
7.33878e+06,
7.41117e+06,
7.48156e+06,
7.55001e+06,
7.61902e+06,
7.68758e+06,
7.75504e+06,
7.82171e+06,
7.88849e+06,
7.95874e+06,
8.03011e+06,
8.10171e+06,
8.17385e+06,
8.24498e+06,
8.31464e+06,
8.38381e+06,
8.45274e+06,
8.5217e+06,
8.59169e+06,
8.66304e+06,
8.73436e+06,
8.80597e+06,
8.87823e+06,
8.95089e+06,
9.02561e+06,
9.09853e+06,
9.16877e+06,
9.23927e+06,
9.3123e+06,
9.38536e+06,
9.45818e+06,
9.53015e+06,
9.60275e+06,
9.67542e+06,
9.74908e+06,
9.82316e+06,
9.89806e+06,
9.97113e+06,
1.00461e+07,
1.01207e+07,
1.01949e+07,
1.02693e+07,
1.03432e+07,
1.04168e+07,
1.049e+07,
1.05647e+07,
1.06394e+07,
1.0717e+07,
1.07962e+07,
1.08732e+07,
1.09485e+07,
1.10235e+07,
1.10987e+07,
1.1174e+07,
1.12476e+07,
1.13218e+07,
1.13957e+07,
1.14723e+07,
1.15501e+07,
1.16291e+07,
1.17077e+07,
1.17848e+07,
1.18605e+07,
1.1936e+07,
1.20114e+07,
1.20865e+07,
1.21628e+07,
1.22409e+07,
1.23187e+07,
1.23974e+07,
1.24768e+07,
1.25584e+07,
1.26405e+07,
1.27198e+07,
1.27981e+07,
1.28768e+07,
1.29563e+07,
375246,
375363,
375526,
375703,
375876,
375999,
376150,
376318,
376481,
376612,
376734,
376943,
377167,
377473,
377704,
378021,
378320,
378558,
378784,
379016,
379216,
379442,
379637,
379866,
380073,
380340,
380587,
380785,
381013,
381271,
381463,
381700,
381978,
382257,
382450,
382676,
382930,
383197,
383433,
383700,
383911,
384166,
384416,
384736,
385026,
385261,
385566,
385779,
386046,
386331,
386585,
386876,
387224,
387519,
387844,
388203,
388501,
388770,
389091,
389420,
389747,
390094,
390403,
390769,
391055,
391365,
391713,
392068,
392453,
392796,
393160,
393503,
393884,
394246,
394639,
395042,
395485,
395910,
396280,
396630,
397071,
397462,
397871,
398266,
398717,
399101,
399510,
399997,
400416,
400925,
401357,
401824,
402308,
402777,
403324,
403734,
404191,
404688,
405107,
405607,
406046,
406466,
406994,
407398,
407900,
408313,
408810,
409303,
409845,
410405,
410894,
411415,
411832,
412368,
412981,
413538,
414081,
414709,
415313,
415884,
416537,
417209,
417765,
418264,
418872,
419543,
420250,
421020,
421833,
422664,
423439,
424174,
424981,
425606,
426267,
427124,
427995,
428878,
429786,
430721,
431658,
432512,
433403,
434290,
434966,
435901,
436952,
437864,
438975,
439971,
440995,
442043,
443043,
444066,
445047,
445976,
447131,
448296,
449390,
450611,
451854,
453026,
454280,
455333,
456482,
457667,
458986,
460272,
461562,
462900,
464239,
465560,
466834,
468177,
469468,
470739,
472033,
473470,
474896,
476388,
477832,
479357,
480805,
482217,
483769,
485294,
486790,
488275,
489830,
491607,
493257,
494778,
496299,
497891,
499436,
500985,
502649,
504222,
505951,
507778,
509586,
511281,
513136,
514858,
516610,
518260,
520084,
521889,
523719,
525518,
527496,
529401,
531346,
533263,
535129,
537095,
539106,
541069,
543227,
545503,
547705,
549921,
552064,
554199,
556244,
558412,
560661,
562859,
565107,
567431,
569758,
572148,
574488,
576917,
579246,
581581,
584147,
586486,
588943,
591450,
593982,
596469,
599211,
601735,
604298,
607036,
609689,
612309,
615044,
617862,
620626,
623396,
626242,
629043,
632093,
635043,
638045,
640949,
643847,
646734,
649846,
652864,
655886,
658834,
661860,
664907,
667891,
671155,
674231,
677328,
680476,
683688,
686952,
690176,
693621,
696823,
700038,
703393,
706535,
709705,
713040,
716500,
719884,
723238,
726839,
730345,
733876,
737339,
740640,
744206,
747681,
751270,
754750,
758254,
761822,
765294,
768875,
772455,
776005,
779787,
783435,
787013,
790597,
794238,
797973,
801756,
805549,
809287,
813003,
816754,
820538,
824259,
828158,
831832,
835627,
839394,
843163,
846959,
850816,
854521,
858416,
862246,
866213,
869946,
873713,
877562,
881414,
885260,
889139,
893095,
897033,
901037,
905008,
908839,
912748,
916716,
920776,
924768,
928689,
932696,
936731,
940803,
944812,
948665,
952594,
956583,
960609,
964666,
968822,
972780,
976928,
981400,
986184,
990951,
995742,
1.00062e+06,
1.00553e+06,
1.01047e+06,
1.01522e+06,
1.02005e+06,
1.025e+06,
1.03e+06,
1.03497e+06,
1.03972e+06,
1.04458e+06,
1.04954e+06,
1.05455e+06,
1.0597e+06,
1.06467e+06,
1.06972e+06,
1.07473e+06,
1.07992e+06,
1.08508e+06,
1.09041e+06,
1.09564e+06,
1.10082e+06,
1.10614e+06,
1.11139e+06,
1.11649e+06,
1.12162e+06,
1.12692e+06,
1.1323e+06,
1.13769e+06,
1.14284e+06,
1.14803e+06,
1.15334e+06,
1.1586e+06,
1.164e+06,
1.16953e+06,
1.17501e+06,
1.18054e+06,
1.18604e+06,
1.19137e+06,
1.19671e+06,
1.20216e+06,
1.20762e+06,
1.2131e+06,
1.21862e+06,
1.22398e+06,
1.22961e+06,
1.23528e+06,
1.24095e+06,
1.24656e+06,
1.25194e+06,
1.25754e+06,
1.26309e+06,
1.2687e+06,
1.27442e+06,
1.28004e+06,
1.2857e+06,
1.29146e+06,
1.29737e+06,
1.30313e+06,
1.30881e+06,
1.31451e+06,
1.3203e+06,
1.32606e+06,
1.33178e+06,
1.33769e+06,
1.34354e+06,
1.34939e+06,
1.35525e+06,
1.36115e+06,
1.36703e+06,
1.3729e+06,
1.3788e+06,
1.38479e+06,
1.39073e+06,
1.39689e+06,
1.40298e+06,
1.40911e+06,
1.41527e+06,
1.42146e+06,
1.42759e+06,
1.43356e+06,
1.43957e+06,
1.44563e+06,
1.45179e+06,
1.45805e+06,
1.46428e+06,
1.4706e+06,
1.47696e+06,
1.48322e+06,
1.48957e+06,
1.4958e+06,
1.5021e+06,
1.50834e+06,
1.51467e+06,
1.521e+06,
1.52744e+06,
1.53386e+06,
1.54029e+06,
1.54677e+06,
1.55297e+06,
1.55914e+06,
1.56547e+06,
1.57185e+06,
1.57847e+06,
1.58484e+06,
1.59142e+06,
1.59801e+06,
1.60462e+06,
1.61105e+06,
1.61763e+06,
1.62414e+06,
1.63069e+06,
1.6374e+06,
1.64447e+06,
1.65128e+06,
1.65815e+06,
1.66511e+06,
1.672e+06,
1.67871e+06,
1.68528e+06,
1.69172e+06,
1.69851e+06,
1.70553e+06,
1.71252e+06,
1.71969e+06,
1.72659e+06,
1.73347e+06,
1.74064e+06,
1.74755e+06,
1.75438e+06,
1.76129e+06,
1.76835e+06,
1.77544e+06,
1.78261e+06,
1.78974e+06,
1.79695e+06,
1.8042e+06,
1.81136e+06,
1.81859e+06,
1.82563e+06,
1.83257e+06,
1.84008e+06,
1.84752e+06,
1.85498e+06,
1.86254e+06,
1.87006e+06,
1.87747e+06,
1.88497e+06,
1.89261e+06,
1.90003e+06,
1.9075e+06,
1.91506e+06,
1.92263e+06,
1.9302e+06,
1.93788e+06,
1.94561e+06,
1.95318e+06,
1.96097e+06,
1.96871e+06,
1.97612e+06,
1.98365e+06,
1.99148e+06,
1.99943e+06,
2.00729e+06,
2.01525e+06,
2.0232e+06,
2.03117e+06,
2.03899e+06,
2.04669e+06,
2.05454e+06,
2.06251e+06,
2.07059e+06,
2.07878e+06,
2.08682e+06,
2.09498e+06,
2.10329e+06,
2.11186e+06,
2.12017e+06,
2.1283e+06,
2.13656e+06,
2.14486e+06,
2.15322e+06,
2.16176e+06,
2.17034e+06,
2.17875e+06,
2.18741e+06,
2.19589e+06,
2.2043e+06,
2.21289e+06,
2.22134e+06,
2.22976e+06,
2.23864e+06,
2.24758e+06,
2.25649e+06,
2.26522e+06,
2.27408e+06,
2.28271e+06,
2.29128e+06,
2.30055e+06,
2.30962e+06,
2.31867e+06,
2.32775e+06,
2.33692e+06,
2.34597e+06,
2.35523e+06,
2.36456e+06,
2.37397e+06,
2.38363e+06,
2.39347e+06,
2.40287e+06,
2.41238e+06,
2.42202e+06,
2.43179e+06,
2.44166e+06,
2.45156e+06,
2.46129e+06,
2.47104e+06,
2.48123e+06,
2.49129e+06,
2.50133e+06,
2.5114e+06,
2.52196e+06,
2.53225e+06,
2.54253e+06,
2.5528e+06,
2.56303e+06,
2.57341e+06,
2.58404e+06,
2.59474e+06,
2.60487e+06,
2.61503e+06,
2.62561e+06,
2.63627e+06,
2.64691e+06,
2.65783e+06,
2.66864e+06,
2.68011e+06,
2.69141e+06,
2.70279e+06,
2.71401e+06,
2.7251e+06,
2.73645e+06,
2.74809e+06,
2.75981e+06,
2.7713e+06,
2.78267e+06,
2.79445e+06,
2.80637e+06,
2.81825e+06,
2.83001e+06,
2.84209e+06,
2.85424e+06,
2.86648e+06,
2.87876e+06,
2.89034e+06,
2.90293e+06,
2.91573e+06,
2.92826e+06,
2.94116e+06,
2.95373e+06,
2.96609e+06,
2.97874e+06,
2.99155e+06,
3.00403e+06,
3.01689e+06,
3.03057e+06,
3.0445e+06,
3.05845e+06,
3.0722e+06,
3.08538e+06,
3.0988e+06,
3.11255e+06,
3.12653e+06,
3.14006e+06,
3.15399e+06,
3.16856e+06,
3.18308e+06,
3.19748e+06,
3.2117e+06,
3.22611e+06,
3.2405e+06,
3.2551e+06,
3.26965e+06,
3.28377e+06,
3.29923e+06,
3.31439e+06,
3.32954e+06,
3.34502e+06,
3.3606e+06,
3.37592e+06,
3.3913e+06,
3.40723e+06,
3.42298e+06,
3.43918e+06,
3.45605e+06,
3.47334e+06,
3.49065e+06,
3.50817e+06,
3.52562e+06,
3.5429e+06,
3.55994e+06,
3.57757e+06,
3.59555e+06,
3.61406e+06,
3.63282e+06,
3.65184e+06,
3.67039e+06,
3.68941e+06,
3.70841e+06,
3.72736e+06,
3.74673e+06,
3.76581e+06,
3.78465e+06,
3.8045e+06,
3.82439e+06,
3.84476e+06,
3.86589e+06,
3.8867e+06,
3.90764e+06,
3.92799e+06,
3.94869e+06,
3.96952e+06,
3.99111e+06,
4.01348e+06,
4.03574e+06,
4.05789e+06,
4.08095e+06,
4.10929e+06,
4.15623e+06,
4.20291e+06,
4.24872e+06,
4.29465e+06,
4.34161e+06,
4.38857e+06,
4.43566e+06,
4.48331e+06,
4.53094e+06,
4.58067e+06,
4.63222e+06,
4.68373e+06,
4.73506e+06,
4.78658e+06,
4.84025e+06,
4.89442e+06,
4.9484e+06,
5.00337e+06,
5.05819e+06,
5.11591e+06,
5.17486e+06,
5.23124e+06,
5.28761e+06,
5.3456e+06,
5.41041e+06,
5.47568e+06,
5.54182e+06,
5.61049e+06,
5.6838e+06,
5.76462e+06,
5.85111e+06,
5.92849e+06,
5.99985e+06,
6.06935e+06,
6.13918e+06,
6.20647e+06,
6.27291e+06,
6.33798e+06,
6.40347e+06,
6.47168e+06,
6.54118e+06,
6.61106e+06,
6.68146e+06,
6.749e+06,
6.81479e+06,
6.88017e+06,
6.94551e+06,
7.01035e+06,
7.07641e+06,
7.14415e+06,
7.21166e+06,
7.27943e+06,
7.34776e+06,
7.41637e+06,
7.48496e+06,
7.55075e+06,
7.61741e+06,
7.68287e+06,
7.7505e+06,
7.81844e+06,
7.88561e+06,
7.95293e+06,
8.02085e+06,
8.08833e+06,
8.15644e+06,
8.22561e+06,
8.29466e+06,
8.36192e+06,
8.43146e+06,
8.50034e+06,
8.56945e+06,
8.63899e+06,
8.70787e+06,
8.77644e+06,
8.84479e+06,
8.91358e+06,
8.98328e+06,
9.0548e+06,
9.12783e+06,
9.19943e+06,
9.27098e+06,
9.34184e+06,
9.41186e+06,
9.48155e+06,
9.55121e+06,
9.62111e+06,
9.69086e+06,
9.76376e+06,
9.83836e+06,
9.91372e+06,
9.98834e+06,
1.00614e+07,
1.01336e+07,
1.02052e+07,
1.02766e+07,
1.03489e+07,
1.04202e+07,
1.04925e+07,
1.05662e+07,
1.06409e+07,
1.0715e+07,
1.07907e+07,
1.08665e+07,
1.09395e+07,
1.10121e+07,
1.10843e+07,
1.11573e+07,
1.12313e+07,
1.13051e+07,
1.13787e+07,
1.14522e+07,
1.15263e+07,
1.16012e+07,
1.16774e+07,
1.1753e+07,
1.1827e+07,
1.19008e+07,
1.19767e+07,
375246,
375366,
375549,
375710,
375904,
376046,
376211,
376365,
376559,
376697,
376821,
377026,
377290,
377633,
377886,
378186,
378455,
378733,
378978,
379234,
379445,
379656,
379900,
380097,
380312,
380552,
380810,
381103,
381274,
381523,
381746,
381996,
382254,
382501,
382755,
383024,
383240,
383525,
383766,
384034,
384290,
384618,
384911,
385228,
385424,
385693,
385977,
386257,
386516,
386749,
387023,
387348,
387678,
387994,
388324,
388714,
389046,
389374,
389733,
389962,
390322,
390687,
391019,
391377,
391712,
392059,
392395,
392743,
393126,
393536,
393899,
394252,
394655,
395069,
395443,
395863,
396287,
396736,
397186,
397644,
398003,
398436,
398843,
399247,
399735,
400200,
400654,
401130,
401639,
402081,
402539,
402998,
403483,
404058,
404566,
405066,
405563,
406040,
406573,
407098,
407577,
408043,
408598,
409068,
409490,
410040,
410540,
411048,
411596,
412175,
412749,
413271,
413835,
414424,
414966,
415551,
416112,
416740,
417370,
417988,
418614,
419217,
419880,
420426,
421105,
421867,
422674,
423480,
424338,
425131,
425860,
426493,
427265,
427987,
428802,
429686,
430587,
431580,
432532,
433417,
434367,
435321,
436130,
436976,
437931,
438958,
439984,
441033,
442070,
443094,
444180,
445215,
446210,
447070,
448170,
449314,
450505,
451678,
452922,
454135,
455264,
456469,
457626,
458762,
459843,
461115,
462340,
463705,
465194,
466638,
467974,
469350,
470669,
471938,
473223,
474635,
476034,
477606,
479098,
480600,
482151,
483685,
485167,
486636,
487986,
489567,
491125,
492616,
494174,
495828,
497575,
499202,
500886,
502516,
504153,
505625,
507417,
509125,
510756,
512532,
514323,
516105,
517982,
519708,
521488,
523236,
525064,
527106,
529009,
530987,
533106,
535246,
537305,
539306,
541375,
543306,
545310,
547370,
549528,
551643,
553908,
556045,
558373,
560394,
562566,
564934,
567225,
569593,
571929,
574192,
576709,
579141,
581427,
583690,
586081,
588479,
590881,
593354,
595967,
598712,
601330,
604224,
606826,
609377,
612028,
614734,
617446,
620052,
622868,
625741,
628567,
631447,
634292,
637233,
640306,
643211,
646087,
648994,
651975,
655044,
658223,
661350,
664509,
667536,
670645,
673749,
677067,
680313,
683461,
686594,
689736,
692863,
696233,
699610,
702870,
706094,
709379,
712657,
716056,
719455,
722927,
726416,
729891,
733400,
736911,
740397,
743971,
747475,
750901,
754333,
758008,
761606,
765164,
768716,
772340,
775962,
779690,
783342,
787003,
790622,
794253,
797953,
801664,
805467,
809202,
813010,
816790,
820600,
824407,
828179,
832121,
836005,
839868,
843728,
847501,
851277,
855094,
858983,
862765,
866647,
870590,
874562,
878582,
882561,
886397,
890251,
894287,
898143,
902166,
906039,
910049,
914137,
918173,
922085,
926014,
929961,
933980,
937924,
942028,
946128,
950164,
954277,
958475,
962380,
966375,
970349,
974360,
978426,
982574,
986849,
991162,
995335,
999544,
1.00354e+06,
1.00765e+06,
1.0117e+06,
1.01574e+06,
1.01996e+06,
1.02431e+06,
1.02852e+06,
1.03282e+06,
1.03704e+06,
1.04127e+06,
1.04541e+06,
1.04958e+06,
1.05382e+06,
1.05799e+06,
1.06232e+06,
1.06687e+06,
1.07157e+06,
1.07664e+06,
1.08189e+06,
1.087e+06,
1.09232e+06,
1.09751e+06,
1.10264e+06,
1.10762e+06,
1.11292e+06,
1.11821e+06,
1.12338e+06,
1.12865e+06,
1.13403e+06,
1.13926e+06,
1.14451e+06,
1.14983e+06,
1.15526e+06,
1.16072e+06,
1.16583e+06,
1.17101e+06,
1.17639e+06,
1.18157e+06,
1.18697e+06,
1.19211e+06,
1.19748e+06,
1.2025e+06,
1.20765e+06,
1.21282e+06,
1.21831e+06,
1.22391e+06,
1.22931e+06,
1.2349e+06,
1.24034e+06,
1.24596e+06,
1.25133e+06,
1.25674e+06,
1.26198e+06,
1.26746e+06,
1.27294e+06,
1.27851e+06,
1.28412e+06,
1.28991e+06,
1.29558e+06,
1.30134e+06,
1.30687e+06,
1.31233e+06,
1.31801e+06,
1.32365e+06,
1.32941e+06,
1.33521e+06,
1.34107e+06,
1.34689e+06,
1.35259e+06,
1.3584e+06,
1.36406e+06,
1.36968e+06,
1.37532e+06,
1.38123e+06,
1.38719e+06,
1.39311e+06,
1.39904e+06,
1.40485e+06,
1.4107e+06,
1.41657e+06,
1.42238e+06,
1.42807e+06,
1.43396e+06,
1.44005e+06,
1.44601e+06,
1.45233e+06,
1.4583e+06,
1.46427e+06,
1.47029e+06,
1.47618e+06,
1.48202e+06,
1.48777e+06,
1.49404e+06,
1.50039e+06,
1.5068e+06,
1.51319e+06,
1.51967e+06,
1.52603e+06,
1.53224e+06,
1.53848e+06,
1.54444e+06,
1.55052e+06,
1.55703e+06,
1.5635e+06,
1.56993e+06,
1.57657e+06,
1.5831e+06,
1.58959e+06,
1.5962e+06,
1.60256e+06,
1.60856e+06,
1.61479e+06,
1.62133e+06,
1.62772e+06,
1.63413e+06,
1.64069e+06,
1.64716e+06,
1.65394e+06,
1.66037e+06,
1.66682e+06,
1.673e+06,
1.67961e+06,
1.68623e+06,
1.69301e+06,
1.69978e+06,
1.7065e+06,
1.71327e+06,
1.72001e+06,
1.72677e+06,
1.73357e+06,
1.74035e+06,
1.74717e+06,
1.75412e+06,
1.76124e+06,
1.76818e+06,
1.7751e+06,
1.78213e+06,
1.78904e+06,
1.79598e+06,
1.80299e+06,
1.81003e+06,
1.81701e+06,
1.82421e+06,
1.83139e+06,
1.83834e+06,
1.8454e+06,
1.8525e+06,
1.85954e+06,
1.86643e+06,
1.87345e+06,
1.88062e+06,
1.88782e+06,
1.89496e+06,
1.90219e+06,
1.90952e+06,
1.9168e+06,
1.92384e+06,
1.9311e+06,
1.9383e+06,
1.94556e+06,
1.95284e+06,
1.96019e+06,
1.96786e+06,
1.97546e+06,
1.98312e+06,
1.99082e+06,
1.99827e+06,
2.00595e+06,
2.01344e+06,
2.0212e+06,
2.02882e+06,
2.0365e+06,
2.04428e+06,
2.05228e+06,
2.06009e+06,
2.06786e+06,
2.07551e+06,
2.08326e+06,
2.09082e+06,
2.09907e+06,
2.1068e+06,
2.11465e+06,
2.12253e+06,
2.13064e+06,
2.13861e+06,
2.14653e+06,
2.15455e+06,
2.1621e+06,
2.1703e+06,
2.17852e+06,
2.18627e+06,
2.19418e+06,
2.20268e+06,
2.21078e+06,
2.2188e+06,
2.22736e+06,
2.23561e+06,
2.24391e+06,
2.25291e+06,
2.26173e+06,
2.2702e+06,
2.27886e+06,
2.28769e+06,
2.2964e+06,
2.30542e+06,
2.31414e+06,
2.32287e+06,
2.33189e+06,
2.34086e+06,
2.3499e+06,
2.35875e+06,
2.3679e+06,
2.37697e+06,
2.38605e+06,
2.39504e+06,
2.40431e+06,
2.41327e+06,
2.42262e+06,
2.43197e+06,
2.44117e+06,
2.45032e+06,
2.4596e+06,
2.46908e+06,
2.47851e+06,
2.48785e+06,
2.4968e+06,
2.50642e+06,
2.51613e+06,
2.52641e+06,
2.53665e+06,
2.54656e+06,
2.55642e+06,
2.56675e+06,
2.5768e+06,
2.58697e+06,
2.59652e+06,
2.60711e+06,
2.6179e+06,
2.62865e+06,
2.63927e+06,
2.64951e+06,
2.65962e+06,
2.67009e+06,
2.68062e+06,
2.69096e+06,
2.70141e+06,
2.71248e+06,
2.72345e+06,
2.7344e+06,
2.74545e+06,
2.75619e+06,
2.76681e+06,
2.77784e+06,
2.78872e+06,
2.79984e+06,
2.81085e+06,
2.82246e+06,
2.83427e+06,
2.84625e+06,
2.858e+06,
2.86949e+06,
2.88103e+06,
2.89298e+06,
2.90473e+06,
2.91655e+06,
2.92874e+06,
2.94097e+06,
2.95346e+06,
2.9659e+06,
2.97836e+06,
2.9904e+06,
3.00266e+06,
3.01508e+06,
3.02721e+06,
3.03967e+06,
3.05248e+06,
3.0657e+06,
3.07871e+06,
3.09226e+06,
3.10545e+06,
3.11809e+06,
3.13066e+06,
3.14372e+06,
3.15661e+06,
3.17007e+06,
3.18439e+06,
3.19886e+06,
3.21316e+06,
3.22736e+06,
3.2417e+06,
3.25533e+06,
3.26914e+06,
3.28324e+06,
3.29715e+06,
3.31218e+06,
3.32713e+06,
3.34192e+06,
3.35685e+06,
3.37201e+06,
3.38729e+06,
3.40216e+06,
3.41705e+06,
3.43208e+06,
3.44695e+06,
3.46274e+06,
3.47888e+06,
3.49512e+06,
3.51192e+06,
3.5287e+06,
3.54585e+06,
3.56235e+06,
3.57858e+06,
3.59554e+06,
3.61288e+06,
3.63106e+06,
3.6496e+06,
3.66787e+06,
3.68641e+06,
3.70441e+06,
3.72283e+06,
3.74108e+06,
3.75981e+06,
3.77818e+06,
3.79727e+06,
3.81665e+06,
3.83575e+06,
3.85524e+06,
3.87516e+06,
3.89553e+06,
3.91534e+06,
3.93501e+06,
3.95385e+06,
3.97306e+06,
3.99343e+06,
4.01499e+06,
4.03664e+06,
4.0602e+06,
4.09853e+06,
4.1419e+06,
4.18488e+06,
4.22773e+06,
4.27019e+06,
4.31332e+06,
4.3576e+06,
4.40145e+06,
4.445e+06,
4.48938e+06,
4.53671e+06,
4.58529e+06,
4.63214e+06,
4.67664e+06,
4.71796e+06,
4.76435e+06,
4.81411e+06,
4.8646e+06,
4.91615e+06,
4.96798e+06,
5.02447e+06,
5.08049e+06,
5.13737e+06,
5.19451e+06,
5.25202e+06,
5.31078e+06,
5.37045e+06,
5.43014e+06,
5.49134e+06,
5.55415e+06,
5.61921e+06,
5.68697e+06,
5.7581e+06,
5.83337e+06,
5.91485e+06,
5.99171e+06,
6.0608e+06,
6.12802e+06,
6.19392e+06,
6.26053e+06,
6.32847e+06,
6.39479e+06,
6.46051e+06,
6.526e+06,
6.59151e+06,
6.65788e+06,
6.72484e+06,
6.79066e+06,
6.85485e+06,
6.91991e+06,
6.98605e+06,
7.05172e+06,
7.11666e+06,
7.18123e+06,
7.24626e+06,
7.31132e+06,
7.37617e+06,
7.44094e+06,
7.50726e+06,
7.57464e+06,
7.64114e+06,
7.70672e+06,
7.77235e+06,
7.8378e+06,
7.90304e+06,
7.96772e+06,
8.03185e+06,
8.09651e+06,
8.16241e+06,
8.23107e+06,
8.30098e+06,
8.37017e+06,
8.43688e+06,
8.50333e+06,
8.56976e+06,
8.63642e+06,
8.70262e+06,
8.76902e+06,
8.83514e+06,
8.90416e+06,
8.97346e+06,
9.04287e+06,
9.1138e+06,
9.18463e+06,
9.25298e+06,
9.3215e+06,
9.39043e+06,
9.45872e+06,
9.52784e+06,
9.59881e+06,
9.66902e+06,
9.73911e+06,
9.80986e+06,
9.88152e+06,
9.95431e+06,
1.00268e+07,
1.0098e+07,
1.01678e+07,
1.02383e+07,
1.03097e+07,
1.03809e+07,
1.04516e+07,
1.0523e+07,
1.05939e+07,
1.0665e+07,
1.07364e+07,
1.0809e+07,
1.08816e+07,
1.0954e+07,
1.10261e+07,
375246,
375366,
375565,
375732,
375920,
376087,
376260,
376444,
376609,
376792,
376907,
377154,
377462,
377780,
378080,
378331,
378633,
378857,
379176,
379413,
379665,
379868,
380079,
380297,
380537,
380756,
381051,
381298,
381540,
381803,
382030,
382305,
382528,
382792,
383039,
383319,
383603,
383830,
384097,
384346,
384593,
384896,
385258,
385568,
385830,
386098,
386417,
386725,
387032,
387254,
387518,
387859,
388136,
388491,
388832,
389180,
389583,
389968,
390276,
390599,
390931,
391251,
391612,
391941,
392376,
392740,
393140,
393493,
393838,
394242,
394631,
395045,
395484,
395909,
396311,
396778,
397210,
397606,
398064,
398508,
398950,
399368,
399853,
400308,
400752,
401288,
401813,
402317,
402780,
403233,
403810,
404304,
404846,
405298,
405816,
406311,
406889,
407397,
407946,
408442,
409002,
409587,
410130,
410610,
411118,
411604,
412221,
412786,
413368,
413918,
414452,
415016,
415665,
416222,
416829,
417426,
418080,
418719,
419306,
419936,
420550,
421250,
421985,
422662,
423396,
424156,
424956,
425702,
426468,
427291,
428035,
428916,
429757,
430546,
431383,
432317,
433129,
434093,
434985,
435968,
436845,
437851,
438828,
439833,
440851,
441799,
442847,
443955,
444965,
446020,
447061,
448093,
449106,
450203,
451336,
452499,
453653,
454808,
456102,
457343,
458578,
459718,
460879,
462118,
463426,
464754,
466100,
467465,
468831,
470366,
471701,
473025,
474212,
475647,
477107,
478600,
480072,
481514,
482957,
484565,
486122,
487594,
489053,
490553,
492028,
493624,
495360,
497024,
498654,
500279,
501972,
503630,
505299,
506885,
508490,
510142,
511842,
513674,
515626,
517398,
519280,
521093,
522958,
524610,
526558,
528835,
530835,
532759,
534762,
536798,
538865,
540856,
542864,
544749,
546807,
548945,
551055,
553159,
555350,
557564,
559845,
562112,
564392,
566513,
568722,
571086,
573351,
575773,
578187,
580630,
583011,
585556,
587956,
590359,
592732,
595340,
597828,
600441,
603154,
605771,
608433,
611162,
613868,
616440,
619073,
621923,
624663,
627470,
630312,
633275,
636135,
638992,
641964,
644924,
647702,
650757,
653832,
656926,
660121,
663412,
666625,
669777,
672798,
675862,
678996,
682221,
685355,
688509,
691616,
694982,
698112,
701549,
704936,
708199,
711594,
714978,
718311,
721608,
725004,
728381,
731904,
735409,
738901,
742522,
746084,
749732,
753240,
756756,
760370,
764073,
767656,
771262,
774973,
778625,
782268,
785873,
789663,
793216,
796935,
800635,
804444,
808345,
812225,
815965,
819786,
823545,
827347,
831190,
835052,
838985,
842770,
846614,
850524,
854365,
858194,
862147,
866146,
870190,
874224,
878159,
882110,
886012,
889973,
893904,
897739,
901761,
905856,
909914,
914039,
917997,
922111,
926174,
930247,
934196,
938121,
942087,
946193,
950435,
954657,
958752,
962899,
966968,
971045,
975054,
978918,
982984,
987022,
991341,
995618,
999906,
1.00418e+06,
1.0084e+06,
1.01246e+06,
1.01653e+06,
1.02062e+06,
1.02496e+06,
1.02918e+06,
1.03341e+06,
1.03768e+06,
1.04203e+06,
1.04644e+06,
1.05072e+06,
1.05494e+06,
1.05905e+06,
1.06312e+06,
1.06746e+06,
1.07184e+06,
1.0763e+06,
1.08077e+06,
1.08519e+06,
1.08965e+06,
1.09409e+06,
1.09857e+06,
1.10309e+06,
1.10756e+06,
1.11218e+06,
1.1168e+06,
1.12143e+06,
1.12599e+06,
1.13069e+06,
1.13529e+06,
1.14002e+06,
1.14467e+06,
1.14919e+06,
1.15396e+06,
1.15849e+06,
1.16302e+06,
1.16756e+06,
1.17223e+06,
1.17688e+06,
1.18202e+06,
1.1872e+06,
1.19236e+06,
1.19737e+06,
1.2024e+06,
1.2077e+06,
1.21307e+06,
1.21853e+06,
1.22389e+06,
1.22932e+06,
1.23484e+06,
1.24031e+06,
1.24556e+06,
1.25078e+06,
1.25627e+06,
1.26167e+06,
1.26724e+06,
1.27263e+06,
1.27803e+06,
1.28361e+06,
1.28901e+06,
1.29456e+06,
1.30009e+06,
1.30535e+06,
1.31075e+06,
1.31634e+06,
1.32187e+06,
1.32738e+06,
1.33292e+06,
1.33849e+06,
1.34416e+06,
1.34974e+06,
1.35529e+06,
1.36049e+06,
1.36603e+06,
1.37175e+06,
1.37757e+06,
1.38314e+06,
1.38895e+06,
1.39468e+06,
1.40047e+06,
1.40627e+06,
1.41189e+06,
1.4176e+06,
1.42329e+06,
1.42922e+06,
1.43517e+06,
1.44102e+06,
1.44688e+06,
1.45281e+06,
1.45882e+06,
1.46475e+06,
1.47035e+06,
1.4762e+06,
1.48224e+06,
1.48831e+06,
1.49435e+06,
1.50037e+06,
1.50649e+06,
1.51255e+06,
1.51865e+06,
1.52463e+06,
1.53056e+06,
1.53655e+06,
1.54256e+06,
1.54877e+06,
1.55462e+06,
1.56077e+06,
1.56705e+06,
1.57337e+06,
1.57957e+06,
1.58563e+06,
1.59188e+06,
1.59786e+06,
1.6039e+06,
1.61011e+06,
1.61629e+06,
1.62261e+06,
1.62896e+06,
1.6354e+06,
1.64177e+06,
1.648e+06,
1.65452e+06,
1.66108e+06,
1.66768e+06,
1.6743e+06,
1.6809e+06,
1.68744e+06,
1.69407e+06,
1.70056e+06,
1.70708e+06,
1.71362e+06,
1.72052e+06,
1.72723e+06,
1.73385e+06,
1.74052e+06,
1.74721e+06,
1.75393e+06,
1.76053e+06,
1.76714e+06,
1.7737e+06,
1.78027e+06,
1.78711e+06,
1.79384e+06,
1.80065e+06,
1.80739e+06,
1.81424e+06,
1.82098e+06,
1.82766e+06,
1.83439e+06,
1.84101e+06,
1.84779e+06,
1.85482e+06,
1.86177e+06,
1.86875e+06,
1.87576e+06,
1.88278e+06,
1.88993e+06,
1.8969e+06,
1.90378e+06,
1.91047e+06,
1.91781e+06,
1.92488e+06,
1.93185e+06,
1.93889e+06,
1.94624e+06,
1.95364e+06,
1.96075e+06,
1.96793e+06,
1.97496e+06,
1.98213e+06,
1.98946e+06,
1.99689e+06,
2.00408e+06,
2.01113e+06,
2.01845e+06,
2.02604e+06,
2.03358e+06,
2.04101e+06,
2.04835e+06,
2.05586e+06,
2.06342e+06,
2.0707e+06,
2.07786e+06,
2.08505e+06,
2.0926e+06,
2.10022e+06,
2.10786e+06,
2.11527e+06,
2.12276e+06,
2.13075e+06,
2.13865e+06,
2.14645e+06,
2.15399e+06,
2.16175e+06,
2.1695e+06,
2.17736e+06,
2.18512e+06,
2.1929e+06,
2.20071e+06,
2.20904e+06,
2.21731e+06,
2.2253e+06,
2.23325e+06,
2.24139e+06,
2.24958e+06,
2.25783e+06,
2.26623e+06,
2.27428e+06,
2.28271e+06,
2.29115e+06,
2.29972e+06,
2.30808e+06,
2.31629e+06,
2.32442e+06,
2.33293e+06,
2.34134e+06,
2.34979e+06,
2.35814e+06,
2.36712e+06,
2.37599e+06,
2.38486e+06,
2.39364e+06,
2.40223e+06,
2.41085e+06,
2.41969e+06,
2.42888e+06,
2.43766e+06,
2.44649e+06,
2.45583e+06,
2.46499e+06,
2.47417e+06,
2.48331e+06,
2.4924e+06,
2.50152e+06,
2.51106e+06,
2.52026e+06,
2.52901e+06,
2.53852e+06,
2.54795e+06,
2.55758e+06,
2.56734e+06,
2.57687e+06,
2.5863e+06,
2.59581e+06,
2.60534e+06,
2.61501e+06,
2.62453e+06,
2.63477e+06,
2.64506e+06,
2.65535e+06,
2.66578e+06,
2.67613e+06,
2.68601e+06,
2.69609e+06,
2.70632e+06,
2.71652e+06,
2.72675e+06,
2.73752e+06,
2.74827e+06,
2.75915e+06,
2.77008e+06,
2.78097e+06,
2.79129e+06,
2.80169e+06,
2.81222e+06,
2.82257e+06,
2.83339e+06,
2.8446e+06,
2.85605e+06,
2.86743e+06,
2.87875e+06,
2.88997e+06,
2.90085e+06,
2.91166e+06,
2.92284e+06,
2.93354e+06,
2.94551e+06,
2.95755e+06,
2.96963e+06,
2.98197e+06,
2.99393e+06,
3.00599e+06,
3.01768e+06,
3.02932e+06,
3.04121e+06,
3.05327e+06,
3.06581e+06,
3.07844e+06,
3.09134e+06,
3.10413e+06,
3.11703e+06,
3.12995e+06,
3.14261e+06,
3.15492e+06,
3.16759e+06,
3.18015e+06,
3.19331e+06,
3.20692e+06,
3.22042e+06,
3.23407e+06,
3.24758e+06,
3.26138e+06,
3.27431e+06,
3.28703e+06,
3.29974e+06,
3.3136e+06,
3.32827e+06,
3.34287e+06,
3.35766e+06,
3.37256e+06,
3.38704e+06,
3.40162e+06,
3.4158e+06,
3.42992e+06,
3.44432e+06,
3.46017e+06,
3.47568e+06,
3.4911e+06,
3.50658e+06,
3.52273e+06,
3.53878e+06,
3.55527e+06,
3.57139e+06,
3.58706e+06,
3.60294e+06,
3.6196e+06,
3.6367e+06,
3.65394e+06,
3.67147e+06,
3.68904e+06,
3.70669e+06,
3.72445e+06,
3.74136e+06,
3.75815e+06,
3.77591e+06,
3.79464e+06,
3.81341e+06,
3.8325e+06,
3.85112e+06,
3.86988e+06,
3.88886e+06,
3.90809e+06,
3.92665e+06,
3.94509e+06,
3.96433e+06,
3.98372e+06,
4.0038e+06,
4.02563e+06,
4.06118e+06,
4.10154e+06,
4.14128e+06,
4.18045e+06,
4.21499e+06,
4.24756e+06,
4.28688e+06,
4.3287e+06,
4.37067e+06,
4.41322e+06,
4.45825e+06,
4.50433e+06,
4.55e+06,
4.59647e+06,
4.6423e+06,
4.6894e+06,
4.7362e+06,
4.78349e+06,
4.8309e+06,
4.87856e+06,
4.92958e+06,
4.98181e+06,
5.03434e+06,
5.08734e+06,
5.13995e+06,
5.19341e+06,
5.24685e+06,
5.30078e+06,
5.3555e+06,
5.41119e+06,
5.47056e+06,
5.53009e+06,
5.59093e+06,
5.65232e+06,
5.71439e+06,
5.77892e+06,
5.84657e+06,
5.91852e+06,
5.99597e+06,
6.07099e+06,
6.14096e+06,
6.2087e+06,
6.27598e+06,
6.34249e+06,
6.40691e+06,
6.46998e+06,
6.5333e+06,
6.59589e+06,
6.6586e+06,
6.72177e+06,
6.78839e+06,
6.85524e+06,
6.9203e+06,
6.98417e+06,
7.04695e+06,
7.10986e+06,
7.17225e+06,
7.23438e+06,
7.29686e+06,
7.35943e+06,
7.42442e+06,
7.48982e+06,
7.55608e+06,
7.62186e+06,
7.68575e+06,
7.74884e+06,
7.81243e+06,
7.87564e+06,
7.93905e+06,
8.0023e+06,
8.06668e+06,
8.13111e+06,
8.19591e+06,
8.26169e+06,
8.32829e+06,
8.39511e+06,
8.4605e+06,
8.52465e+06,
8.58893e+06,
8.65475e+06,
8.72123e+06,
8.78781e+06,
8.85367e+06,
8.92093e+06,
8.98796e+06,
9.05478e+06,
9.12283e+06,
9.19147e+06,
9.25988e+06,
9.32767e+06,
9.39649e+06,
9.46509e+06,
9.53364e+06,
9.60202e+06,
9.67011e+06,
9.73788e+06,
9.80587e+06,
9.87406e+06,
9.94279e+06,
1.00147e+07,
1.00873e+07,
375246,
375386,
375563,
375757,
375949,
376132,
376328,
376481,
376701,
376853,
377005,
377265,
377577,
377914,
378264,
378535,
378775,
379035,
379373,
379609,
379792,
380021,
380325,
380531,
380739,
380997,
381267,
381509,
381779,
382066,
382318,
382549,
382781,
383056,
383391,
383697,
383968,
384247,
384435,
384720,
384946,
385239,
385559,
385923,
386235,
386559,
386845,
387130,
387450,
387708,
387994,
388348,
388666,
388974,
389334,
389736,
390097,
390452,
390747,
391130,
391455,
391838,
392161,
392568,
392949,
393362,
393744,
394180,
394631,
395031,
395444,
395815,
396229,
396712,
397114,
397564,
398049,
398445,
398978,
399454,
399931,
400411,
400901,
401434,
401929,
402406,
402893,
403406,
403922,
404515,
404973,
405509,
406079,
406578,
407146,
407698,
408184,
408807,
409377,
409987,
410523,
411035,
411618,
412118,
412674,
413281,
413817,
414387,
414873,
415546,
416167,
416796,
417422,
417901,
418519,
419165,
419847,
420506,
421123,
421832,
422617,
423384,
424193,
424843,
425645,
426410,
427199,
428008,
428801,
429588,
430461,
431340,
432223,
432981,
433863,
434827,
435765,
436639,
437564,
438408,
439509,
440595,
441627,
442594,
443547,
444575,
445655,
446709,
447718,
448778,
449805,
450915,
452110,
453187,
454339,
455544,
456759,
457976,
459221,
460400,
461498,
462843,
464232,
465454,
466755,
468140,
469486,
470838,
472213,
473610,
474979,
476482,
478006,
479401,
480786,
482325,
483900,
485391,
486857,
488475,
489878,
491405,
493093,
494691,
496207,
497866,
499460,
501184,
502862,
504467,
506012,
507669,
509394,
511076,
512805,
514660,
516462,
518299,
520117,
522197,
524133,
526045,
528179,
530024,
531863,
533867,
535835,
537893,
539888,
541835,
543889,
545891,
548012,
550065,
552232,
554361,
556556,
558738,
560926,
563098,
565299,
567566,
569930,
572237,
574634,
577057,
579435,
581773,
584233,
586696,
589112,
591646,
594075,
596643,
599048,
601755,
604395,
607100,
609742,
612415,
615158,
617803,
620461,
623111,
625988,
628791,
631692,
634632,
637577,
640413,
643329,
646387,
649286,
652330,
655370,
658477,
661507,
664561,
667752,
670979,
674170,
677463,
680633,
683748,
686851,
690071,
693267,
696427,
699781,
702962,
706258,
709457,
712774,
716157,
719510,
723032,
726554,
730099,
733629,
737110,
740757,
744170,
747906,
751387,
754883,
758573,
762215,
765863,
769517,
773278,
776993,
780565,
784361,
787975,
791722,
795329,
799016,
802841,
806523,
810319,
814285,
818052,
821951,
825744,
829520,
833437,
837340,
841328,
845135,
849056,
852949,
856967,
860866,
864842,
868778,
872641,
876672,
880753,
884692,
888608,
892598,
896663,
900507,
904446,
908441,
912444,
916588,
920644,
924612,
928709,
932798,
936783,
940798,
944927,
949155,
953308,
957530,
961700,
965923,
970019,
974111,
978290,
982305,
986235,
990414,
994765,
999012,
1.0032e+06,
1.00745e+06,
1.01174e+06,
1.01602e+06,
1.02019e+06,
1.02427e+06,
1.02837e+06,
1.03259e+06,
1.03697e+06,
1.04139e+06,
1.04577e+06,
1.04995e+06,
1.05429e+06,
1.05869e+06,
1.06294e+06,
1.0672e+06,
1.0716e+06,
1.07586e+06,
1.08031e+06,
1.08461e+06,
1.0891e+06,
1.09359e+06,
1.09805e+06,
1.10256e+06,
1.10692e+06,
1.11135e+06,
1.1161e+06,
1.12092e+06,
1.12563e+06,
1.13032e+06,
1.13505e+06,
1.13965e+06,
1.14434e+06,
1.14917e+06,
1.15384e+06,
1.15861e+06,
1.16297e+06,
1.16735e+06,
1.17179e+06,
1.17633e+06,
1.18101e+06,
1.18554e+06,
1.19012e+06,
1.19448e+06,
1.19899e+06,
1.20356e+06,
1.2082e+06,
1.21273e+06,
1.21735e+06,
1.22199e+06,
1.22673e+06,
1.23143e+06,
1.2362e+06,
1.24087e+06,
1.24562e+06,
1.25025e+06,
1.25497e+06,
1.25973e+06,
1.26449e+06,
1.26915e+06,
1.27375e+06,
1.27851e+06,
1.28321e+06,
1.28792e+06,
1.29263e+06,
1.29799e+06,
1.3035e+06,
1.30887e+06,
1.31429e+06,
1.31987e+06,
1.32544e+06,
1.33103e+06,
1.33644e+06,
1.34194e+06,
1.34747e+06,
1.35309e+06,
1.3585e+06,
1.36392e+06,
1.36946e+06,
1.37499e+06,
1.38054e+06,
1.38633e+06,
1.39188e+06,
1.39728e+06,
1.4029e+06,
1.40856e+06,
1.41404e+06,
1.41945e+06,
1.42521e+06,
1.43083e+06,
1.4365e+06,
1.44218e+06,
1.44788e+06,
1.45354e+06,
1.45915e+06,
1.46505e+06,
1.47072e+06,
1.47637e+06,
1.48213e+06,
1.48785e+06,
1.49359e+06,
1.49947e+06,
1.50528e+06,
1.51085e+06,
1.51686e+06,
1.52301e+06,
1.52883e+06,
1.53485e+06,
1.54076e+06,
1.54679e+06,
1.55282e+06,
1.55896e+06,
1.56504e+06,
1.57075e+06,
1.57686e+06,
1.5831e+06,
1.58909e+06,
1.59505e+06,
1.6011e+06,
1.60705e+06,
1.61313e+06,
1.6193e+06,
1.62518e+06,
1.63117e+06,
1.63765e+06,
1.6441e+06,
1.65036e+06,
1.65663e+06,
1.6629e+06,
1.66923e+06,
1.67543e+06,
1.68165e+06,
1.68779e+06,
1.69416e+06,
1.70049e+06,
1.70688e+06,
1.71317e+06,
1.71944e+06,
1.72564e+06,
1.73205e+06,
1.73846e+06,
1.74495e+06,
1.75127e+06,
1.75793e+06,
1.76452e+06,
1.7713e+06,
1.77766e+06,
1.78415e+06,
1.79074e+06,
1.79734e+06,
1.80399e+06,
1.81048e+06,
1.81693e+06,
1.82382e+06,
1.83073e+06,
1.83742e+06,
1.84406e+06,
1.85055e+06,
1.85717e+06,
1.86398e+06,
1.87058e+06,
1.87703e+06,
1.88349e+06,
1.89028e+06,
1.89726e+06,
1.90422e+06,
1.91086e+06,
1.91752e+06,
1.92433e+06,
1.93124e+06,
1.9381e+06,
1.94486e+06,
1.95169e+06,
1.95875e+06,
1.96583e+06,
1.97294e+06,
1.97993e+06,
1.98709e+06,
1.99408e+06,
2.00113e+06,
2.00823e+06,
2.0151e+06,
2.02245e+06,
2.0299e+06,
2.03721e+06,
2.04459e+06,
2.05158e+06,
2.05856e+06,
2.06584e+06,
2.07284e+06,
2.07982e+06,
2.08668e+06,
2.09407e+06,
2.10173e+06,
2.10932e+06,
2.11673e+06,
2.12376e+06,
2.13093e+06,
2.13829e+06,
2.14555e+06,
2.15263e+06,
2.15993e+06,
2.16781e+06,
2.17561e+06,
2.18323e+06,
2.19124e+06,
2.19885e+06,
2.20619e+06,
2.21388e+06,
2.2214e+06,
2.22884e+06,
2.23677e+06,
2.24489e+06,
2.25302e+06,
2.26123e+06,
2.26931e+06,
2.27714e+06,
2.28492e+06,
2.29288e+06,
2.30073e+06,
2.30853e+06,
2.31693e+06,
2.32532e+06,
2.33392e+06,
2.34233e+06,
2.35082e+06,
2.35878e+06,
2.36664e+06,
2.37477e+06,
2.38275e+06,
2.39077e+06,
2.3994e+06,
2.4082e+06,
2.41691e+06,
2.42549e+06,
2.43395e+06,
2.44196e+06,
2.45007e+06,
2.45822e+06,
2.46653e+06,
2.4752e+06,
2.48406e+06,
2.493e+06,
2.50201e+06,
2.51126e+06,
2.52036e+06,
2.52917e+06,
2.53789e+06,
2.54698e+06,
2.55568e+06,
2.56511e+06,
2.57464e+06,
2.58408e+06,
2.59339e+06,
2.60316e+06,
2.61237e+06,
2.62128e+06,
2.63022e+06,
2.63954e+06,
2.64844e+06,
2.65838e+06,
2.66856e+06,
2.67874e+06,
2.68869e+06,
2.69854e+06,
2.70837e+06,
2.71773e+06,
2.72723e+06,
2.73662e+06,
2.74625e+06,
2.75675e+06,
2.76709e+06,
2.7775e+06,
2.78767e+06,
2.79823e+06,
2.80874e+06,
2.81872e+06,
2.82892e+06,
2.83904e+06,
2.84917e+06,
2.85996e+06,
2.87079e+06,
2.88199e+06,
2.89305e+06,
2.90402e+06,
2.9152e+06,
2.92579e+06,
2.93624e+06,
2.94679e+06,
2.95787e+06,
2.96951e+06,
2.98092e+06,
2.99273e+06,
3.00444e+06,
3.0161e+06,
3.02771e+06,
3.03875e+06,
3.0495e+06,
3.06033e+06,
3.0724e+06,
3.08453e+06,
3.09671e+06,
3.10927e+06,
3.1217e+06,
3.13395e+06,
3.14639e+06,
3.15802e+06,
3.1698e+06,
3.18179e+06,
3.19496e+06,
3.20798e+06,
3.22101e+06,
3.2339e+06,
3.24706e+06,
3.26011e+06,
3.27356e+06,
3.286e+06,
3.29845e+06,
3.31098e+06,
3.32443e+06,
3.33805e+06,
3.3517e+06,
3.36555e+06,
3.37957e+06,
3.39376e+06,
3.40777e+06,
3.42117e+06,
3.43429e+06,
3.44816e+06,
3.46286e+06,
3.47831e+06,
3.49343e+06,
3.50847e+06,
3.52369e+06,
3.5389e+06,
3.55439e+06,
3.56923e+06,
3.58382e+06,
3.59973e+06,
3.61635e+06,
3.63264e+06,
3.64884e+06,
3.66523e+06,
3.68179e+06,
3.69876e+06,
3.71551e+06,
3.73144e+06,
3.74686e+06,
3.7635e+06,
3.7803e+06,
3.79777e+06,
3.81521e+06,
3.83266e+06,
3.85007e+06,
3.86754e+06,
3.88449e+06,
3.89691e+06,
3.90658e+06,
3.92595e+06,
3.94559e+06,
3.96668e+06,
3.99302e+06,
4.03107e+06,
4.06937e+06,
4.10767e+06,
4.14633e+06,
4.18524e+06,
4.22431e+06,
4.26331e+06,
4.30234e+06,
4.34146e+06,
4.38149e+06,
4.42401e+06,
4.46664e+06,
4.50963e+06,
4.55232e+06,
4.59573e+06,
4.63887e+06,
4.68257e+06,
4.72654e+06,
4.77104e+06,
4.81716e+06,
4.86554e+06,
4.91404e+06,
4.96239e+06,
5.01104e+06,
5.06019e+06,
5.1102e+06,
5.15986e+06,
5.21027e+06,
5.26097e+06,
5.31189e+06,
5.36562e+06,
5.4197e+06,
5.47474e+06,
5.52983e+06,
5.586e+06,
5.6434e+06,
5.70046e+06,
5.75946e+06,
5.81847e+06,
5.88286e+06,
5.95143e+06,
6.02513e+06,
6.10247e+06,
6.17539e+06,
6.24165e+06,
6.30611e+06,
6.37012e+06,
6.43369e+06,
6.4961e+06,
6.55761e+06,
6.6206e+06,
6.68327e+06,
6.7462e+06,
6.80958e+06,
6.87378e+06,
6.93659e+06,
6.99856e+06,
7.05971e+06,
7.12075e+06,
7.18177e+06,
7.24292e+06,
7.305e+06,
7.36665e+06,
7.42954e+06,
7.49207e+06,
7.55419e+06,
7.61773e+06,
7.68123e+06,
7.744e+06,
7.80659e+06,
7.87064e+06,
7.93426e+06,
7.99712e+06,
8.05931e+06,
8.12126e+06,
8.18375e+06,
8.24662e+06,
8.30931e+06,
8.37214e+06,
8.43614e+06,
8.50216e+06,
8.56781e+06,
8.63317e+06,
8.69817e+06,
8.76268e+06,
8.82716e+06,
8.89143e+06,
8.95605e+06,
9.02064e+06,
9.08667e+06,
9.15398e+06,
375246,
375391,
375576,
375775,
375976,
376157,
376366,
376538,
376740,
376927,
377098,
377361,
377716,
378066,
378434,
378688,
378934,
379193,
379488,
379743,
380013,
380195,
380468,
380742,
380918,
381192,
381471,
381699,
381961,
382279,
382561,
382806,
383057,
383324,
383670,
383959,
384256,
384469,
384734,
385059,
385331,
385629,
385970,
386280,
386623,
386926,
387244,
387538,
387858,
388187,
388461,
388814,
389152,
389504,
389880,
390210,
390574,
390920,
391313,
391658,
391986,
392432,
392834,
393212,
393565,
393969,
394445,
394869,
395322,
395769,
396168,
396619,
397124,
397567,
397989,
398426,
398913,
399377,
399890,
400412,
400913,
401417,
401982,
402520,
403049,
403572,
404049,
404578,
405085,
405555,
406159,
406688,
407243,
407882,
408524,
409072,
409648,
410206,
410815,
411400,
412018,
412658,
413207,
413729,
414278,
414828,
415364,
415939,
416595,
417210,
417894,
418517,
419148,
419752,
420322,
420967,
421668,
422285,
422978,
423675,
424547,
425354,
426234,
426936,
427700,
428496,
429315,
430124,
430926,
431830,
432733,
433647,
434549,
435416,
436177,
437134,
438100,
439000,
439848,
440929,
442019,
443102,
444231,
445200,
446236,
447321,
448278,
449406,
450352,
451509,
452738,
453888,
455041,
456127,
457259,
458529,
459749,
460926,
462153,
463311,
464667,
466088,
467511,
468734,
469975,
471333,
472695,
474090,
475404,
476719,
478142,
479680,
481214,
482732,
484358,
485884,
487427,
488980,
490481,
491927,
493460,
495196,
496845,
498408,
500055,
501645,
503354,
504956,
506634,
508166,
509876,
511689,
513405,
515089,
517162,
519211,
521178,
523023,
524895,
526662,
528602,
530500,
532526,
534456,
536397,
538486,
540544,
542705,
544766,
546792,
548789,
551016,
553120,
555213,
557333,
559495,
561715,
563870,
566036,
568377,
570748,
573113,
575578,
577935,
580171,
582567,
585013,
587439,
589926,
592331,
594713,
597377,
600035,
602605,
605100,
607766,
610415,
613040,
615762,
618385,
621096,
623933,
626890,
629612,
632418,
635344,
638301,
641264,
644098,
647068,
650055,
653048,
656170,
659240,
662393,
665480,
668616,
671790,
674995,
678248,
681637,
684858,
688008,
691266,
694410,
697691,
701080,
704301,
707408,
710824,
714105,
717441,
720850,
724278,
727825,
731314,
734783,
738321,
741784,
745435,
749134,
752847,
756514,
760096,
763798,
767516,
771107,
774799,
778507,
782034,
785748,
789555,
793158,
796806,
800602,
804327,
808102,
811752,
815602,
819484,
823270,
827040,
830906,
834837,
838724,
842640,
846497,
850604,
854585,
858518,
862483,
866256,
870248,
874171,
878180,
882136,
886076,
890183,
894344,
898329,
902284,
906212,
910302,
914258,
918290,
922397,
926419,
930565,
934614,
938677,
942663,
946993,
951143,
955266,
959444,
963582,
967759,
971894,
976072,
980205,
984269,
988537,
992811,
996964,
1.00107e+06,
1.00536e+06,
1.00961e+06,
1.01386e+06,
1.01814e+06,
1.0223e+06,
1.0265e+06,
1.03083e+06,
1.03522e+06,
1.03943e+06,
1.04374e+06,
1.04803e+06,
1.05241e+06,
1.05672e+06,
1.06112e+06,
1.06554e+06,
1.06965e+06,
1.07415e+06,
1.07857e+06,
1.0829e+06,
1.08732e+06,
1.09175e+06,
1.09622e+06,
1.10068e+06,
1.10517e+06,
1.10953e+06,
1.1138e+06,
1.11856e+06,
1.12334e+06,
1.12816e+06,
1.1329e+06,
1.13764e+06,
1.14243e+06,
1.14708e+06,
1.15175e+06,
1.15665e+06,
1.16146e+06,
1.16612e+06,
1.1708e+06,
1.17524e+06,
1.17972e+06,
1.18413e+06,
1.18862e+06,
1.19316e+06,
1.19775e+06,
1.20224e+06,
1.20661e+06,
1.21143e+06,
1.21619e+06,
1.22072e+06,
1.22534e+06,
1.23019e+06,
1.23472e+06,
1.23929e+06,
1.24391e+06,
1.2487e+06,
1.25333e+06,
1.25803e+06,
1.26296e+06,
1.26763e+06,
1.27229e+06,
1.27695e+06,
1.28185e+06,
1.28654e+06,
1.29119e+06,
1.29578e+06,
1.30053e+06,
1.30553e+06,
1.3103e+06,
1.31502e+06,
1.31964e+06,
1.32443e+06,
1.32923e+06,
1.3341e+06,
1.33887e+06,
1.34363e+06,
1.34853e+06,
1.35343e+06,
1.35834e+06,
1.36307e+06,
1.36778e+06,
1.37259e+06,
1.37738e+06,
1.38212e+06,
1.38683e+06,
1.39143e+06,
1.39652e+06,
1.40134e+06,
1.40624e+06,
1.41105e+06,
1.41593e+06,
1.42079e+06,
1.42623e+06,
1.43181e+06,
1.43735e+06,
1.44281e+06,
1.44863e+06,
1.45442e+06,
1.4603e+06,
1.46602e+06,
1.4716e+06,
1.4772e+06,
1.48278e+06,
1.48843e+06,
1.49407e+06,
1.4998e+06,
1.50553e+06,
1.51131e+06,
1.51718e+06,
1.52278e+06,
1.52843e+06,
1.53431e+06,
1.54002e+06,
1.54578e+06,
1.5516e+06,
1.55729e+06,
1.56337e+06,
1.56918e+06,
1.57515e+06,
1.58081e+06,
1.58634e+06,
1.59222e+06,
1.59805e+06,
1.60376e+06,
1.6094e+06,
1.61532e+06,
1.62132e+06,
1.62744e+06,
1.63347e+06,
1.63938e+06,
1.64537e+06,
1.6515e+06,
1.65769e+06,
1.66382e+06,
1.66971e+06,
1.67584e+06,
1.68216e+06,
1.68843e+06,
1.69468e+06,
1.70071e+06,
1.70686e+06,
1.71312e+06,
1.71954e+06,
1.72582e+06,
1.73196e+06,
1.73835e+06,
1.74468e+06,
1.75121e+06,
1.75755e+06,
1.76372e+06,
1.7697e+06,
1.77612e+06,
1.78241e+06,
1.78864e+06,
1.79482e+06,
1.80119e+06,
1.8077e+06,
1.81401e+06,
1.82027e+06,
1.8264e+06,
1.8327e+06,
1.83894e+06,
1.84515e+06,
1.85117e+06,
1.85759e+06,
1.86443e+06,
1.87099e+06,
1.8773e+06,
1.88401e+06,
1.89048e+06,
1.89714e+06,
1.904e+06,
1.91064e+06,
1.91729e+06,
1.92417e+06,
1.93107e+06,
1.93805e+06,
1.94492e+06,
1.95166e+06,
1.95816e+06,
1.96483e+06,
1.97159e+06,
1.97824e+06,
1.98471e+06,
1.99168e+06,
1.99883e+06,
2.00577e+06,
2.01279e+06,
2.01982e+06,
2.02648e+06,
2.03304e+06,
2.03979e+06,
2.04653e+06,
2.0531e+06,
2.06048e+06,
2.06765e+06,
2.07479e+06,
2.08191e+06,
2.08897e+06,
2.09566e+06,
2.1023e+06,
2.10903e+06,
2.11575e+06,
2.12251e+06,
2.12988e+06,
2.13729e+06,
2.14485e+06,
2.15234e+06,
2.15974e+06,
2.16678e+06,
2.17403e+06,
2.18127e+06,
2.18854e+06,
2.19602e+06,
2.2036e+06,
2.21118e+06,
2.21876e+06,
2.22632e+06,
2.23388e+06,
2.2413e+06,
2.24859e+06,
2.25588e+06,
2.26319e+06,
2.27104e+06,
2.27887e+06,
2.28656e+06,
2.29441e+06,
2.30213e+06,
2.30983e+06,
2.31726e+06,
2.32455e+06,
2.33196e+06,
2.33945e+06,
2.34757e+06,
2.35553e+06,
2.36368e+06,
2.37161e+06,
2.37963e+06,
2.38782e+06,
2.3957e+06,
2.40347e+06,
2.41128e+06,
2.41915e+06,
2.42766e+06,
2.43616e+06,
2.44472e+06,
2.45322e+06,
2.46173e+06,
2.47017e+06,
2.478e+06,
2.48617e+06,
2.49422e+06,
2.50243e+06,
2.51121e+06,
2.52008e+06,
2.52874e+06,
2.53755e+06,
2.54601e+06,
2.55469e+06,
2.56302e+06,
2.57129e+06,
2.5795e+06,
2.58811e+06,
2.59719e+06,
2.60624e+06,
2.61534e+06,
2.62437e+06,
2.63345e+06,
2.64259e+06,
2.65114e+06,
2.65969e+06,
2.6681e+06,
2.67756e+06,
2.68715e+06,
2.69668e+06,
2.70624e+06,
2.71627e+06,
2.72608e+06,
2.73575e+06,
2.74495e+06,
2.7537e+06,
2.76234e+06,
2.77212e+06,
2.78229e+06,
2.79232e+06,
2.80259e+06,
2.81261e+06,
2.8228e+06,
2.83267e+06,
2.84229e+06,
2.85136e+06,
2.86092e+06,
2.87151e+06,
2.8821e+06,
2.89256e+06,
2.90273e+06,
2.91322e+06,
2.92385e+06,
2.9341e+06,
2.9442e+06,
2.95407e+06,
2.96454e+06,
2.9759e+06,
2.98705e+06,
2.9983e+06,
3.00937e+06,
3.02063e+06,
3.03228e+06,
3.04337e+06,
3.05388e+06,
3.06425e+06,
3.07532e+06,
3.087e+06,
3.0985e+06,
3.11034e+06,
3.12202e+06,
3.13397e+06,
3.14577e+06,
3.1577e+06,
3.16863e+06,
3.17903e+06,
3.19053e+06,
3.20288e+06,
3.21517e+06,
3.22748e+06,
3.24003e+06,
3.25262e+06,
3.26521e+06,
3.27786e+06,
3.28987e+06,
3.30187e+06,
3.31494e+06,
3.32813e+06,
3.34146e+06,
3.35471e+06,
3.36776e+06,
3.38088e+06,
3.39452e+06,
3.40781e+06,
3.42062e+06,
3.43264e+06,
3.44665e+06,
3.46043e+06,
3.4742e+06,
3.48828e+06,
3.50247e+06,
3.51689e+06,
3.53103e+06,
3.54527e+06,
3.55867e+06,
3.57155e+06,
3.58652e+06,
3.6016e+06,
3.61716e+06,
3.63269e+06,
3.6484e+06,
3.66349e+06,
3.67882e+06,
3.69278e+06,
3.70247e+06,
3.71049e+06,
3.72783e+06,
3.7449e+06,
3.7622e+06,
3.77933e+06,
3.7965e+06,
3.81401e+06,
3.83174e+06,
3.84935e+06,
3.86757e+06,
3.88573e+06,
3.90396e+06,
3.92249e+06,
3.94184e+06,
3.96577e+06,
4.0012e+06,
4.03703e+06,
4.07302e+06,
4.10932e+06,
4.14606e+06,
4.18232e+06,
4.21931e+06,
4.2562e+06,
4.29319e+06,
4.33105e+06,
4.37083e+06,
4.41081e+06,
4.45066e+06,
4.49059e+06,
4.53093e+06,
4.57162e+06,
4.61268e+06,
4.65345e+06,
4.69463e+06,
4.73649e+06,
4.78052e+06,
4.8259e+06,
4.87076e+06,
4.91589e+06,
4.96175e+06,
5.0079e+06,
5.05353e+06,
5.0998e+06,
5.14703e+06,
5.19367e+06,
5.24332e+06,
5.29403e+06,
5.34398e+06,
5.39407e+06,
5.44473e+06,
5.49629e+06,
5.54889e+06,
5.60131e+06,
5.65493e+06,
5.70984e+06,
5.76704e+06,
5.826e+06,
5.88514e+06,
5.94588e+06,
6.0098e+06,
6.07646e+06,
6.14888e+06,
6.22205e+06,
6.28862e+06,
6.35085e+06,
6.41472e+06,
6.47855e+06,
6.54164e+06,
6.60342e+06,
6.66444e+06,
6.72517e+06,
6.78546e+06,
6.84573e+06,
6.90607e+06,
6.96796e+06,
7.03072e+06,
7.09243e+06,
7.15326e+06,
7.21339e+06,
7.27331e+06,
7.33282e+06,
7.39194e+06,
7.45083e+06,
7.5107e+06,
7.57115e+06,
7.6334e+06,
7.69737e+06,
7.76107e+06,
7.82407e+06,
7.88587e+06,
7.9467e+06,
8.00811e+06,
8.0694e+06,
8.13064e+06,
8.19082e+06,
8.25224e+06,
375246,
375401,
375582,
375798,
376000,
376214,
376395,
376583,
376776,
376988,
377183,
377439,
377808,
378193,
378573,
378854,
379110,
379317,
379629,
379924,
380174,
380374,
380638,
380882,
381067,
381335,
381634,
381875,
382208,
382496,
382763,
383005,
383266,
383587,
383879,
384216,
384444,
384756,
385059,
385371,
385679,
385964,
386281,
386606,
386965,
387305,
387633,
388000,
388304,
388635,
388967,
389280,
389669,
390064,
390381,
390717,
391036,
391440,
391823,
392178,
392565,
392941,
393353,
393855,
394250,
394722,
395169,
395564,
395989,
396507,
396966,
397413,
397852,
398319,
398792,
399251,
399702,
400210,
400769,
401322,
401876,
402369,
402916,
403514,
404083,
404557,
405085,
405683,
406197,
406734,
407283,
407896,
408496,
409115,
409729,
410290,
410902,
411583,
412159,
412845,
413431,
414002,
414579,
415165,
415729,
416325,
416806,
417467,
418194,
418829,
419493,
420233,
420921,
421548,
422196,
422747,
423358,
424080,
424942,
425851,
426647,
427451,
428217,
428939,
429741,
430505,
431331,
432136,
433063,
434049,
435036,
435931,
436829,
437680,
438512,
439510,
440330,
441229,
442296,
443400,
444461,
445513,
446697,
447682,
448658,
449772,
450826,
451832,
452981,
454115,
455329,
456538,
457814,
458940,
460092,
461173,
462407,
463478,
464782,
466265,
467637,
469038,
470396,
471708,
473062,
474418,
475792,
477041,
478366,
479815,
481408,
482978,
484497,
485994,
487516,
489102,
490726,
492306,
493912,
495481,
497109,
498736,
500375,
501958,
503618,
505236,
506802,
508479,
510184,
512280,
514268,
516140,
518034,
519737,
521622,
523521,
525379,
527204,
529010,
530995,
532986,
535054,
537008,
538959,
541077,
543108,
545290,
547275,
549251,
551399,
553568,
555759,
557921,
560085,
562346,
564637,
566930,
569163,
571236,
573677,
576213,
578540,
580910,
583260,
585681,
588065,
590584,
593086,
595500,
597950,
600612,
603163,
605699,
608319,
610948,
613645,
616341,
619073,
621756,
624501,
627457,
630168,
633061,
635865,
638669,
641565,
644333,
647213,
650199,
653226,
656364,
659509,
662761,
665978,
669028,
672182,
675363,
678583,
681877,
685062,
688199,
691413,
694711,
698061,
701292,
704584,
708005,
711288,
714615,
717751,
721133,
724553,
728085,
731645,
735095,
738595,
742221,
745913,
749513,
753135,
756753,
760401,
764011,
767784,
771495,
775187,
778935,
782622,
786317,
789939,
793683,
797515,
801163,
805044,
808733,
812420,
816146,
819914,
823815,
827645,
831494,
835419,
839368,
843286,
847188,
851004,
854970,
858830,
862787,
866741,
870736,
874647,
878580,
882576,
886564,
890517,
894532,
898528,
902373,
906286,
910465,
914492,
918640,
922696,
926793,
930824,
935012,
939150,
943169,
947198,
951378,
955674,
959813,
963892,
967947,
972179,
976375,
980698,
984817,
988880,
993115,
997535,
1.00174e+06,
1.00578e+06,
1.00997e+06,
1.01428e+06,
1.01863e+06,
1.02287e+06,
1.02701e+06,
1.03123e+06,
1.03561e+06,
1.03995e+06,
1.04438e+06,
1.04861e+06,
1.05283e+06,
1.05715e+06,
1.06151e+06,
1.06585e+06,
1.06999e+06,
1.07438e+06,
1.07896e+06,
1.08348e+06,
1.08798e+06,
1.09241e+06,
1.09679e+06,
1.10117e+06,
1.10564e+06,
1.11008e+06,
1.11454e+06,
1.11907e+06,
1.12388e+06,
1.12851e+06,
1.13308e+06,
1.13795e+06,
1.14286e+06,
1.14781e+06,
1.15255e+06,
1.15728e+06,
1.16223e+06,
1.16711e+06,
1.17189e+06,
1.17642e+06,
1.18104e+06,
1.18544e+06,
1.18989e+06,
1.19448e+06,
1.19906e+06,
1.20354e+06,
1.20777e+06,
1.2123e+06,
1.21712e+06,
1.22187e+06,
1.22658e+06,
1.23119e+06,
1.2358e+06,
1.24048e+06,
1.24512e+06,
1.24987e+06,
1.25436e+06,
1.25919e+06,
1.26403e+06,
1.26894e+06,
1.27372e+06,
1.27838e+06,
1.28313e+06,
1.28785e+06,
1.29271e+06,
1.29737e+06,
1.30211e+06,
1.30694e+06,
1.31186e+06,
1.31664e+06,
1.32148e+06,
1.32604e+06,
1.33063e+06,
1.33536e+06,
1.34018e+06,
1.3448e+06,
1.34953e+06,
1.35443e+06,
1.35937e+06,
1.3643e+06,
1.36921e+06,
1.37402e+06,
1.37866e+06,
1.38336e+06,
1.38822e+06,
1.39299e+06,
1.39787e+06,
1.40295e+06,
1.40787e+06,
1.41284e+06,
1.41773e+06,
1.42246e+06,
1.4272e+06,
1.43211e+06,
1.43702e+06,
1.44174e+06,
1.44656e+06,
1.45161e+06,
1.45673e+06,
1.46173e+06,
1.46671e+06,
1.47157e+06,
1.47643e+06,
1.48127e+06,
1.48632e+06,
1.49113e+06,
1.49601e+06,
1.50109e+06,
1.50615e+06,
1.51125e+06,
1.51626e+06,
1.52113e+06,
1.52601e+06,
1.53104e+06,
1.53604e+06,
1.54093e+06,
1.54603e+06,
1.5511e+06,
1.55621e+06,
1.56139e+06,
1.56692e+06,
1.57235e+06,
1.57795e+06,
1.58354e+06,
1.58926e+06,
1.59459e+06,
1.60052e+06,
1.60658e+06,
1.61248e+06,
1.61834e+06,
1.62429e+06,
1.63e+06,
1.63581e+06,
1.64176e+06,
1.64765e+06,
1.65343e+06,
1.65945e+06,
1.66549e+06,
1.67164e+06,
1.67768e+06,
1.68383e+06,
1.68957e+06,
1.69536e+06,
1.70121e+06,
1.70711e+06,
1.71295e+06,
1.71909e+06,
1.72514e+06,
1.73129e+06,
1.73743e+06,
1.74354e+06,
1.74944e+06,
1.75521e+06,
1.76111e+06,
1.76699e+06,
1.77292e+06,
1.77904e+06,
1.78533e+06,
1.79155e+06,
1.79776e+06,
1.80413e+06,
1.81018e+06,
1.81615e+06,
1.82225e+06,
1.8283e+06,
1.83449e+06,
1.84089e+06,
1.84734e+06,
1.85375e+06,
1.86017e+06,
1.8666e+06,
1.8728e+06,
1.87909e+06,
1.88528e+06,
1.89147e+06,
1.89782e+06,
1.90451e+06,
1.91093e+06,
1.91732e+06,
1.92383e+06,
1.93056e+06,
1.93682e+06,
1.9431e+06,
1.94957e+06,
1.9557e+06,
1.96233e+06,
1.96901e+06,
1.97576e+06,
1.98243e+06,
1.98906e+06,
1.99566e+06,
2.00189e+06,
2.00813e+06,
2.01437e+06,
2.02039e+06,
2.02717e+06,
2.03393e+06,
2.04086e+06,
2.04769e+06,
2.05471e+06,
2.06162e+06,
2.06811e+06,
2.07439e+06,
2.08084e+06,
2.08712e+06,
2.09416e+06,
2.10132e+06,
2.10846e+06,
2.11533e+06,
2.12259e+06,
2.12966e+06,
2.13649e+06,
2.14334e+06,
2.15015e+06,
2.15707e+06,
2.16435e+06,
2.17163e+06,
2.17891e+06,
2.186e+06,
2.19329e+06,
2.20047e+06,
2.20733e+06,
2.214e+06,
2.22074e+06,
2.22774e+06,
2.23519e+06,
2.24275e+06,
2.2499e+06,
2.25733e+06,
2.26466e+06,
2.27202e+06,
2.27889e+06,
2.28587e+06,
2.29299e+06,
2.3003e+06,
2.30806e+06,
2.31581e+06,
2.32366e+06,
2.33149e+06,
2.33918e+06,
2.3468e+06,
2.35395e+06,
2.36099e+06,
2.36806e+06,
2.37591e+06,
2.38373e+06,
2.39156e+06,
2.39959e+06,
2.40745e+06,
2.41544e+06,
2.42335e+06,
2.43084e+06,
2.43813e+06,
2.44528e+06,
2.45336e+06,
2.46138e+06,
2.46951e+06,
2.47752e+06,
2.48559e+06,
2.49387e+06,
2.50197e+06,
2.50955e+06,
2.51687e+06,
2.52427e+06,
2.53254e+06,
2.54109e+06,
2.54985e+06,
2.55833e+06,
2.56708e+06,
2.57548e+06,
2.5839e+06,
2.59178e+06,
2.59942e+06,
2.6073e+06,
2.61594e+06,
2.62472e+06,
2.63378e+06,
2.64257e+06,
2.65165e+06,
2.66044e+06,
2.66914e+06,
2.67702e+06,
2.68478e+06,
2.69312e+06,
2.70226e+06,
2.7114e+06,
2.72056e+06,
2.72969e+06,
2.7388e+06,
2.74788e+06,
2.75686e+06,
2.76529e+06,
2.77365e+06,
2.78269e+06,
2.79242e+06,
2.80203e+06,
2.81185e+06,
2.82156e+06,
2.83138e+06,
2.84118e+06,
2.85082e+06,
2.85974e+06,
2.86848e+06,
2.87821e+06,
2.88833e+06,
2.8985e+06,
2.90864e+06,
2.91882e+06,
2.92903e+06,
2.93931e+06,
2.94957e+06,
2.95887e+06,
2.96778e+06,
2.97791e+06,
2.98832e+06,
2.99897e+06,
3.00954e+06,
3.02023e+06,
3.03101e+06,
3.04164e+06,
3.0519e+06,
3.06141e+06,
3.07067e+06,
3.08152e+06,
3.09272e+06,
3.10442e+06,
3.11605e+06,
3.12749e+06,
3.13872e+06,
3.1503e+06,
3.1616e+06,
3.17217e+06,
3.18268e+06,
3.19481e+06,
3.2065e+06,
3.21807e+06,
3.2299e+06,
3.24198e+06,
3.25395e+06,
3.2658e+06,
3.27759e+06,
3.28865e+06,
3.29935e+06,
3.31143e+06,
3.32357e+06,
3.33596e+06,
3.34843e+06,
3.36106e+06,
3.37377e+06,
3.38631e+06,
3.3985e+06,
3.41e+06,
3.4215e+06,
3.43486e+06,
3.44839e+06,
3.46193e+06,
3.47507e+06,
3.48829e+06,
3.50123e+06,
3.51392e+06,
3.52561e+06,
3.53235e+06,
3.53926e+06,
3.55421e+06,
3.56911e+06,
3.58411e+06,
3.59924e+06,
3.61422e+06,
3.62999e+06,
3.64552e+06,
3.66133e+06,
3.67711e+06,
3.69266e+06,
3.70846e+06,
3.72438e+06,
3.74047e+06,
3.7566e+06,
3.77309e+06,
3.78988e+06,
3.80674e+06,
3.82366e+06,
3.84062e+06,
3.85782e+06,
3.87537e+06,
3.89276e+06,
3.91095e+06,
3.93022e+06,
3.95923e+06,
3.99254e+06,
4.02579e+06,
4.05958e+06,
4.09345e+06,
4.12749e+06,
4.16214e+06,
4.19599e+06,
4.23086e+06,
4.26525e+06,
4.30129e+06,
4.33836e+06,
4.37652e+06,
4.41371e+06,
4.45188e+06,
4.48924e+06,
4.5278e+06,
4.56564e+06,
4.60364e+06,
4.64325e+06,
4.68325e+06,
4.72503e+06,
4.76741e+06,
4.80911e+06,
4.85157e+06,
4.89424e+06,
4.93701e+06,
4.98032e+06,
5.02377e+06,
5.06749e+06,
5.11132e+06,
5.15712e+06,
5.20295e+06,
5.24932e+06,
5.29574e+06,
5.34316e+06,
5.39068e+06,
5.43934e+06,
5.48768e+06,
5.53645e+06,
5.58567e+06,
5.63773e+06,
5.69035e+06,
5.74485e+06,
5.79909e+06,
5.85437e+06,
5.91007e+06,
5.96662e+06,
6.02452e+06,
6.08486e+06,
6.14714e+06,
6.21624e+06,
6.28888e+06,
6.35882e+06,
6.42208e+06,
6.48334e+06,
6.54458e+06,
6.60543e+06,
6.66497e+06,
6.72419e+06,
6.78223e+06,
6.84142e+06,
6.90171e+06,
6.96218e+06,
7.02305e+06,
7.08451e+06,
7.1447e+06,
7.20377e+06,
7.26216e+06,
7.3204e+06,
7.37861e+06,
375246,
375395,
375585,
375829,
376004,
376237,
376447,
376599,
376859,
377088,
377263,
377589,
377913,
378322,
378705,
379002,
379243,
379445,
379762,
380079,
380327,
380544,
380751,
380981,
381232,
381517,
381781,
382026,
382390,
382695,
382949,
383223,
383529,
383798,
384133,
384419,
384776,
385017,
385331,
385695,
385984,
386299,
386625,
386947,
387264,
387634,
388028,
388398,
388694,
389031,
389389,
389746,
390131,
390499,
390856,
391221,
391571,
391933,
392364,
392764,
393207,
393592,
394005,
394448,
394944,
395350,
395776,
396190,
396661,
397160,
397618,
398044,
398577,
399042,
399569,
400049,
400559,
401111,
401669,
402180,
402794,
403321,
403885,
404450,
404980,
405611,
406140,
406677,
407266,
407830,
408453,
409094,
409684,
410259,
410886,
411576,
412182,
412797,
413449,
414118,
414720,
415364,
415981,
416590,
417201,
417744,
418383,
419074,
419748,
420424,
421135,
421854,
422586,
423232,
423803,
424470,
425145,
425988,
426924,
427817,
428631,
429465,
430225,
431065,
431854,
432608,
433351,
434336,
435304,
436209,
437167,
438050,
438939,
439831,
440665,
441555,
442428,
443497,
444593,
445715,
446816,
447920,
449103,
450051,
451053,
452114,
453096,
454334,
455547,
456815,
458093,
459312,
460396,
461478,
462609,
463796,
464821,
466185,
467562,
468969,
470484,
471993,
473353,
474699,
475899,
477255,
478635,
480115,
481591,
483116,
484656,
486232,
487838,
489318,
490809,
492359,
493830,
495487,
497234,
498894,
500708,
502458,
504185,
505685,
507192,
509131,
510945,
512802,
514640,
516533,
518372,
520285,
522245,
524020,
525804,
527617,
529405,
531262,
533304,
535363,
537404,
539446,
541450,
543359,
545375,
547459,
549506,
551466,
553694,
555945,
558139,
560334,
562721,
564985,
567235,
569436,
571648,
573833,
576176,
578606,
580968,
583437,
585885,
588264,
590674,
593136,
595460,
597933,
600498,
603056,
605656,
608130,
610827,
613451,
616077,
618820,
621508,
624155,
626912,
629794,
632611,
635409,
638300,
641111,
644032,
646963,
649897,
652704,
655829,
658859,
661886,
665015,
668206,
671398,
674755,
677865,
681105,
684390,
687647,
691064,
694253,
697515,
700722,
703815,
707071,
710439,
713671,
716854,
720391,
723875,
727239,
730687,
734239,
737863,
741326,
744970,
748548,
752245,
755873,
759505,
763147,
766861,
770636,
774436,
778106,
781883,
785600,
789392,
793120,
796867,
800444,
804143,
807865,
811730,
815563,
819394,
823198,
827109,
831053,
834905,
838920,
842746,
846555,
850473,
854407,
858365,
862253,
866221,
870152,
874095,
878161,
882006,
885993,
889887,
893827,
897705,
901772,
905676,
909690,
913904,
918029,
922065,
926066,
930048,
934065,
938229,
942272,
946227,
950467,
954700,
958895,
963048,
967174,
971306,
975486,
979585,
983703,
987720,
992021,
996364,
1.0006e+06,
1.00497e+06,
1.00931e+06,
1.01351e+06,
1.0177e+06,
1.02191e+06,
1.02613e+06,
1.03018e+06,
1.03461e+06,
1.03903e+06,
1.04343e+06,
1.04772e+06,
1.05219e+06,
1.05636e+06,
1.06054e+06,
1.06497e+06,
1.06938e+06,
1.07353e+06,
1.07806e+06,
1.08255e+06,
1.08696e+06,
1.09147e+06,
1.09596e+06,
1.10023e+06,
1.10465e+06,
1.10904e+06,
1.11353e+06,
1.11796e+06,
1.12256e+06,
1.12719e+06,
1.13184e+06,
1.13654e+06,
1.1413e+06,
1.14621e+06,
1.1511e+06,
1.15597e+06,
1.16071e+06,
1.16575e+06,
1.17042e+06,
1.17534e+06,
1.18007e+06,
1.18473e+06,
1.18924e+06,
1.19375e+06,
1.19817e+06,
1.20258e+06,
1.20702e+06,
1.21133e+06,
1.21605e+06,
1.22079e+06,
1.22562e+06,
1.23036e+06,
1.2351e+06,
1.23971e+06,
1.24429e+06,
1.2492e+06,
1.25384e+06,
1.2585e+06,
1.26329e+06,
1.26818e+06,
1.27293e+06,
1.27772e+06,
1.28258e+06,
1.28729e+06,
1.29192e+06,
1.29668e+06,
1.30136e+06,
1.30609e+06,
1.31097e+06,
1.31591e+06,
1.32076e+06,
1.32545e+06,
1.33039e+06,
1.33498e+06,
1.3397e+06,
1.34449e+06,
1.34908e+06,
1.35385e+06,
1.35889e+06,
1.3638e+06,
1.36867e+06,
1.37374e+06,
1.37848e+06,
1.38329e+06,
1.38795e+06,
1.39272e+06,
1.39742e+06,
1.40219e+06,
1.40719e+06,
1.41222e+06,
1.41733e+06,
1.42221e+06,
1.42715e+06,
1.43195e+06,
1.4367e+06,
1.44145e+06,
1.44611e+06,
1.45109e+06,
1.45611e+06,
1.4612e+06,
1.46628e+06,
1.4714e+06,
1.47656e+06,
1.48139e+06,
1.48611e+06,
1.491e+06,
1.49571e+06,
1.50077e+06,
1.50581e+06,
1.51088e+06,
1.51593e+06,
1.52102e+06,
1.52615e+06,
1.53099e+06,
1.53588e+06,
1.54081e+06,
1.54559e+06,
1.55066e+06,
1.55587e+06,
1.56094e+06,
1.56597e+06,
1.57111e+06,
1.57626e+06,
1.58093e+06,
1.58566e+06,
1.5906e+06,
1.59509e+06,
1.60033e+06,
1.60543e+06,
1.61067e+06,
1.61588e+06,
1.62091e+06,
1.62617e+06,
1.63112e+06,
1.63612e+06,
1.64113e+06,
1.64592e+06,
1.6512e+06,
1.65645e+06,
1.66174e+06,
1.66698e+06,
1.67216e+06,
1.67724e+06,
1.68227e+06,
1.68725e+06,
1.69226e+06,
1.69713e+06,
1.70244e+06,
1.70777e+06,
1.71302e+06,
1.71871e+06,
1.72454e+06,
1.73054e+06,
1.7363e+06,
1.74192e+06,
1.74761e+06,
1.75339e+06,
1.75963e+06,
1.76584e+06,
1.7719e+06,
1.77807e+06,
1.78415e+06,
1.79004e+06,
1.79571e+06,
1.80131e+06,
1.80698e+06,
1.81256e+06,
1.81895e+06,
1.82513e+06,
1.83129e+06,
1.83736e+06,
1.84346e+06,
1.8495e+06,
1.85552e+06,
1.86133e+06,
1.86715e+06,
1.87315e+06,
1.87947e+06,
1.88592e+06,
1.8922e+06,
1.89843e+06,
1.90488e+06,
1.91093e+06,
1.9169e+06,
1.92279e+06,
1.9285e+06,
1.93479e+06,
1.94111e+06,
1.94745e+06,
1.9538e+06,
1.96041e+06,
1.96671e+06,
1.97293e+06,
1.97882e+06,
1.98464e+06,
1.99053e+06,
1.99708e+06,
2.00371e+06,
2.01045e+06,
2.01716e+06,
2.02375e+06,
2.03017e+06,
2.0365e+06,
2.04247e+06,
2.04838e+06,
2.05428e+06,
2.06104e+06,
2.06787e+06,
2.07469e+06,
2.08146e+06,
2.0879e+06,
2.0944e+06,
2.10107e+06,
2.10736e+06,
2.11361e+06,
2.12004e+06,
2.12693e+06,
2.13379e+06,
2.14063e+06,
2.14739e+06,
2.15412e+06,
2.16099e+06,
2.16781e+06,
2.17421e+06,
2.18072e+06,
2.18704e+06,
2.19406e+06,
2.20117e+06,
2.20831e+06,
2.21534e+06,
2.22252e+06,
2.2296e+06,
2.23674e+06,
2.24339e+06,
2.24983e+06,
2.25634e+06,
2.26362e+06,
2.2709e+06,
2.27812e+06,
2.28548e+06,
2.29278e+06,
2.30028e+06,
2.30761e+06,
2.31432e+06,
2.32091e+06,
2.32775e+06,
2.33519e+06,
2.34254e+06,
2.35e+06,
2.35743e+06,
2.36486e+06,
2.37238e+06,
2.37968e+06,
2.38654e+06,
2.39305e+06,
2.39992e+06,
2.40741e+06,
2.41495e+06,
2.42277e+06,
2.43034e+06,
2.43836e+06,
2.44612e+06,
2.45384e+06,
2.46099e+06,
2.46783e+06,
2.47526e+06,
2.4832e+06,
2.4912e+06,
2.49911e+06,
2.50724e+06,
2.51523e+06,
2.52326e+06,
2.53078e+06,
2.53787e+06,
2.54462e+06,
2.5524e+06,
2.56068e+06,
2.56875e+06,
2.57677e+06,
2.58488e+06,
2.59292e+06,
2.60092e+06,
2.60892e+06,
2.61639e+06,
2.62311e+06,
2.63143e+06,
2.63965e+06,
2.64796e+06,
2.65631e+06,
2.66466e+06,
2.67291e+06,
2.68115e+06,
2.68949e+06,
2.69717e+06,
2.70444e+06,
2.71326e+06,
2.72232e+06,
2.73118e+06,
2.74015e+06,
2.74896e+06,
2.75776e+06,
2.76664e+06,
2.77542e+06,
2.78353e+06,
2.791e+06,
2.8002e+06,
2.80933e+06,
2.81834e+06,
2.82752e+06,
2.83698e+06,
2.84634e+06,
2.85563e+06,
2.86479e+06,
2.87284e+06,
2.88056e+06,
2.88996e+06,
2.89949e+06,
2.90902e+06,
2.91861e+06,
2.92835e+06,
2.93778e+06,
2.94717e+06,
2.95648e+06,
2.96524e+06,
2.97378e+06,
2.984e+06,
2.99433e+06,
3.00482e+06,
3.01515e+06,
3.02537e+06,
3.03569e+06,
3.04607e+06,
3.05626e+06,
3.06567e+06,
3.075e+06,
3.08574e+06,
3.09645e+06,
3.10714e+06,
3.11785e+06,
3.12837e+06,
3.13925e+06,
3.14989e+06,
3.1605e+06,
3.17e+06,
3.17948e+06,
3.19055e+06,
3.20146e+06,
3.21245e+06,
3.22367e+06,
3.23503e+06,
3.24644e+06,
3.25783e+06,
3.26903e+06,
3.27909e+06,
3.28955e+06,
3.30118e+06,
3.31291e+06,
3.32477e+06,
3.33629e+06,
3.34811e+06,
3.35938e+06,
3.37028e+06,
3.38026e+06,
3.38435e+06,
3.3906e+06,
3.40378e+06,
3.41676e+06,
3.42957e+06,
3.44284e+06,
3.45606e+06,
3.4694e+06,
3.48272e+06,
3.49632e+06,
3.51028e+06,
3.52385e+06,
3.53775e+06,
3.55133e+06,
3.56552e+06,
3.57989e+06,
3.59473e+06,
3.60965e+06,
3.62412e+06,
3.63903e+06,
3.65368e+06,
3.66868e+06,
3.68392e+06,
3.69912e+06,
3.71474e+06,
3.73031e+06,
3.74573e+06,
3.76148e+06,
3.77702e+06,
3.79267e+06,
3.80859e+06,
3.82455e+06,
3.84073e+06,
3.85669e+06,
3.87301e+06,
3.88946e+06,
3.90713e+06,
3.93256e+06,
3.9636e+06,
3.99529e+06,
4.02682e+06,
4.05885e+06,
4.09083e+06,
4.12304e+06,
4.15513e+06,
4.18781e+06,
4.22078e+06,
4.25418e+06,
4.28984e+06,
4.32511e+06,
4.35995e+06,
4.3955e+06,
4.43083e+06,
4.46669e+06,
4.50251e+06,
4.53859e+06,
4.57491e+06,
4.61122e+06,
4.65e+06,
4.68865e+06,
4.72765e+06,
4.76742e+06,
4.80712e+06,
4.84731e+06,
4.88781e+06,
4.9281e+06,
4.96792e+06,
5.00885e+06,
5.05151e+06,
5.09485e+06,
5.13875e+06,
5.18232e+06,
5.22645e+06,
5.27073e+06,
5.31469e+06,
5.35984e+06,
5.40539e+06,
5.45094e+06,
5.49709e+06,
5.54539e+06,
5.59404e+06,
5.64308e+06,
5.69199e+06,
5.74163e+06,
5.79187e+06,
5.84352e+06,
5.89604e+06,
5.94832e+06,
6.00173e+06,
6.05877e+06,
6.11649e+06,
6.17655e+06,
6.23787e+06,
6.30301e+06,
6.37212e+06,
6.44111e+06,
6.50425e+06,
375246,
375402,
375594,
375838,
376043,
376266,
376468,
376649,
376929,
377147,
377393,
377666,
378021,
378468,
378813,
379070,
379326,
379606,
379918,
380155,
380414,
380686,
380902,
381123,
381424,
381690,
381968,
382224,
382567,
382849,
383170,
383429,
383685,
384026,
384384,
384657,
384995,
385283,
385599,
385940,
386287,
386576,
386945,
387278,
387612,
388003,
388372,
388716,
389113,
389442,
389800,
390124,
390494,
390932,
391305,
391714,
392101,
392418,
392797,
393217,
393663,
394104,
394553,
395048,
395465,
395893,
396355,
396716,
397179,
397640,
398196,
398736,
399226,
399801,
400362,
400872,
401439,
401909,
402498,
403078,
403647,
404147,
404731,
405322,
405954,
406534,
407135,
407761,
408398,
409006,
409662,
410231,
410917,
411548,
412241,
412848,
413471,
414121,
414753,
415444,
416152,
416811,
417528,
418103,
418647,
419238,
419965,
420663,
421352,
422007,
422769,
423466,
424252,
424826,
425483,
426072,
426912,
427777,
428733,
429578,
430412,
431298,
432178,
432862,
433604,
434368,
435408,
436357,
437192,
438118,
439061,
440052,
441051,
441884,
442772,
443612,
444676,
445858,
446958,
447998,
449058,
450236,
451320,
452249,
453291,
454300,
455523,
456769,
457983,
459243,
460414,
461690,
462986,
464057,
465107,
466259,
467611,
469120,
470603,
471999,
473343,
474780,
476191,
477580,
478892,
480142,
481647,
483152,
484754,
486380,
487962,
489528,
491155,
492613,
494151,
495594,
497211,
498907,
500590,
502290,
503942,
505786,
507720,
509578,
511299,
512934,
514717,
516636,
518509,
520373,
522182,
524029,
525831,
527581,
529529,
531292,
533249,
535292,
537356,
539363,
541473,
543507,
545532,
547511,
549490,
551525,
553560,
555777,
558022,
560271,
562391,
564600,
566873,
568979,
571115,
573353,
575607,
577998,
580401,
582713,
585169,
587709,
590182,
592447,
594793,
597164,
599640,
602337,
604953,
607597,
610193,
612727,
615387,
617893,
620451,
623067,
625595,
628408,
631230,
634092,
636945,
639904,
642882,
645716,
648649,
651412,
654340,
657361,
660341,
663443,
666587,
669898,
673091,
676347,
679516,
682758,
686035,
689233,
692452,
695638,
698932,
702196,
705512,
708823,
711960,
715217,
718465,
721898,
725399,
728874,
732454,
735867,
739313,
743040,
746804,
750427,
754162,
757835,
761484,
765080,
768654,
772371,
775978,
779818,
783634,
787483,
791370,
795135,
798800,
802525,
806299,
810049,
813724,
817548,
821391,
825175,
828980,
832907,
836973,
840863,
844689,
848666,
852615,
856429,
860442,
864405,
868358,
872319,
876296,
880309,
884244,
888317,
892227,
896196,
899995,
903900,
907818,
911904,
916028,
920153,
924221,
928440,
932573,
936639,
940543,
944459,
948490,
952720,
957091,
961172,
965377,
969640,
973724,
977695,
981849,
985932,
990004,
994277,
998499,
1.00268e+06,
1.00706e+06,
1.01141e+06,
1.01568e+06,
1.01976e+06,
1.02383e+06,
1.02803e+06,
1.03231e+06,
1.03676e+06,
1.04109e+06,
1.04538e+06,
1.04983e+06,
1.05423e+06,
1.05853e+06,
1.06272e+06,
1.06687e+06,
1.07108e+06,
1.07528e+06,
1.07978e+06,
1.08428e+06,
1.08886e+06,
1.09337e+06,
1.09787e+06,
1.1024e+06,
1.10673e+06,
1.11085e+06,
1.11525e+06,
1.11963e+06,
1.12426e+06,
1.12897e+06,
1.13379e+06,
1.13847e+06,
1.14319e+06,
1.14783e+06,
1.15281e+06,
1.15769e+06,
1.16264e+06,
1.16758e+06,
1.17231e+06,
1.17695e+06,
1.18171e+06,
1.18636e+06,
1.19097e+06,
1.19557e+06,
1.2e+06,
1.20442e+06,
1.2088e+06,
1.21321e+06,
1.21805e+06,
1.22295e+06,
1.22759e+06,
1.23239e+06,
1.237e+06,
1.24172e+06,
1.2463e+06,
1.2509e+06,
1.25555e+06,
1.26027e+06,
1.26508e+06,
1.27003e+06,
1.27502e+06,
1.27982e+06,
1.28467e+06,
1.28943e+06,
1.29416e+06,
1.29895e+06,
1.30361e+06,
1.30834e+06,
1.31322e+06,
1.31805e+06,
1.32297e+06,
1.32793e+06,
1.33286e+06,
1.33757e+06,
1.34222e+06,
1.34682e+06,
1.35152e+06,
1.35633e+06,
1.36141e+06,
1.36632e+06,
1.37129e+06,
1.37619e+06,
1.38098e+06,
1.38588e+06,
1.39054e+06,
1.39518e+06,
1.39983e+06,
1.40469e+06,
1.40968e+06,
1.4148e+06,
1.41978e+06,
1.42474e+06,
1.42974e+06,
1.43469e+06,
1.43947e+06,
1.44417e+06,
1.44897e+06,
1.45382e+06,
1.45883e+06,
1.46391e+06,
1.46891e+06,
1.47394e+06,
1.47892e+06,
1.48387e+06,
1.48857e+06,
1.49342e+06,
1.49805e+06,
1.50313e+06,
1.50821e+06,
1.51334e+06,
1.51842e+06,
1.52362e+06,
1.5286e+06,
1.5336e+06,
1.53843e+06,
1.54322e+06,
1.54794e+06,
1.55308e+06,
1.55818e+06,
1.56332e+06,
1.56851e+06,
1.57359e+06,
1.57861e+06,
1.58361e+06,
1.58833e+06,
1.59301e+06,
1.59761e+06,
1.60291e+06,
1.60811e+06,
1.6132e+06,
1.61851e+06,
1.62368e+06,
1.62883e+06,
1.63384e+06,
1.63878e+06,
1.64374e+06,
1.64851e+06,
1.65386e+06,
1.65907e+06,
1.66425e+06,
1.66948e+06,
1.67476e+06,
1.67996e+06,
1.68516e+06,
1.69034e+06,
1.69527e+06,
1.70021e+06,
1.70537e+06,
1.71059e+06,
1.71587e+06,
1.72108e+06,
1.72641e+06,
1.73156e+06,
1.73672e+06,
1.74161e+06,
1.74653e+06,
1.75129e+06,
1.75647e+06,
1.76178e+06,
1.76702e+06,
1.77234e+06,
1.7775e+06,
1.78274e+06,
1.7879e+06,
1.79277e+06,
1.79736e+06,
1.80207e+06,
1.80744e+06,
1.81273e+06,
1.81811e+06,
1.82337e+06,
1.82858e+06,
1.83387e+06,
1.83891e+06,
1.84382e+06,
1.84873e+06,
1.85361e+06,
1.85895e+06,
1.86433e+06,
1.86977e+06,
1.87516e+06,
1.88064e+06,
1.88674e+06,
1.89283e+06,
1.89863e+06,
1.90431e+06,
1.91009e+06,
1.91628e+06,
1.92248e+06,
1.9287e+06,
1.93478e+06,
1.94092e+06,
1.94702e+06,
1.95312e+06,
1.95876e+06,
1.96407e+06,
1.96992e+06,
1.97603e+06,
1.98234e+06,
1.98872e+06,
1.99506e+06,
2.00131e+06,
2.0075e+06,
2.01364e+06,
2.01913e+06,
2.02456e+06,
2.03044e+06,
2.03683e+06,
2.04327e+06,
2.04967e+06,
2.05618e+06,
2.06255e+06,
2.06905e+06,
2.07527e+06,
2.08112e+06,
2.08679e+06,
2.09294e+06,
2.09949e+06,
2.10599e+06,
2.11249e+06,
2.11918e+06,
2.12576e+06,
2.13235e+06,
2.13881e+06,
2.14484e+06,
2.15081e+06,
2.15735e+06,
2.16398e+06,
2.17072e+06,
2.17761e+06,
2.18455e+06,
2.19108e+06,
2.1978e+06,
2.20425e+06,
2.21039e+06,
2.21604e+06,
2.22288e+06,
2.22967e+06,
2.2365e+06,
2.24339e+06,
2.25041e+06,
2.2572e+06,
2.26417e+06,
2.27074e+06,
2.27703e+06,
2.2828e+06,
2.28969e+06,
2.29654e+06,
2.30377e+06,
2.31065e+06,
2.31765e+06,
2.32461e+06,
2.3315e+06,
2.33842e+06,
2.34485e+06,
2.35052e+06,
2.35778e+06,
2.36513e+06,
2.37242e+06,
2.37984e+06,
2.38734e+06,
2.39477e+06,
2.40201e+06,
2.40904e+06,
2.41542e+06,
2.42165e+06,
2.42904e+06,
2.43643e+06,
2.44393e+06,
2.45148e+06,
2.45898e+06,
2.46653e+06,
2.4737e+06,
2.48102e+06,
2.48738e+06,
2.49359e+06,
2.50106e+06,
2.5087e+06,
2.51638e+06,
2.524e+06,
2.53181e+06,
2.53934e+06,
2.54682e+06,
2.55413e+06,
2.56086e+06,
2.56703e+06,
2.57498e+06,
2.58288e+06,
2.5906e+06,
2.59845e+06,
2.60663e+06,
2.61446e+06,
2.62233e+06,
2.63e+06,
2.63692e+06,
2.64378e+06,
2.65192e+06,
2.6602e+06,
2.6684e+06,
2.67643e+06,
2.68464e+06,
2.69256e+06,
2.7007e+06,
2.70882e+06,
2.71602e+06,
2.72302e+06,
2.73132e+06,
2.73976e+06,
2.74809e+06,
2.75645e+06,
2.76472e+06,
2.77297e+06,
2.78124e+06,
2.78941e+06,
2.79649e+06,
2.80384e+06,
2.81211e+06,
2.82068e+06,
2.82933e+06,
2.83804e+06,
2.8468e+06,
2.85567e+06,
2.86433e+06,
2.87306e+06,
2.88064e+06,
2.88838e+06,
2.8979e+06,
2.90719e+06,
2.91648e+06,
2.92609e+06,
2.93541e+06,
2.94473e+06,
2.95383e+06,
2.96277e+06,
2.97107e+06,
2.97944e+06,
2.98906e+06,
2.99881e+06,
3.00835e+06,
3.018e+06,
3.02749e+06,
3.03703e+06,
3.04665e+06,
3.05607e+06,
3.06443e+06,
3.07301e+06,
3.08291e+06,
3.09302e+06,
3.10296e+06,
3.1128e+06,
3.12306e+06,
3.13349e+06,
3.1436e+06,
3.15372e+06,
3.16225e+06,
3.1718e+06,
3.18225e+06,
3.19278e+06,
3.2033e+06,
3.21365e+06,
3.22413e+06,
3.23407e+06,
3.24383e+06,
3.2525e+06,
3.25455e+06,
3.26034e+06,
3.27185e+06,
3.28338e+06,
3.29517e+06,
3.30693e+06,
3.31856e+06,
3.33025e+06,
3.34203e+06,
3.35377e+06,
3.3658e+06,
3.37811e+06,
3.39016e+06,
3.40219e+06,
3.41456e+06,
3.42743e+06,
3.44002e+06,
3.45266e+06,
3.46556e+06,
3.47866e+06,
3.49159e+06,
3.50482e+06,
3.51764e+06,
3.53067e+06,
3.54401e+06,
3.55755e+06,
3.57123e+06,
3.58489e+06,
3.59855e+06,
3.61231e+06,
3.62624e+06,
3.63997e+06,
3.65403e+06,
3.66837e+06,
3.68243e+06,
3.69681e+06,
3.71109e+06,
3.72532e+06,
3.73973e+06,
3.75466e+06,
3.76988e+06,
3.78522e+06,
3.80058e+06,
3.81592e+06,
3.83128e+06,
3.84664e+06,
3.86247e+06,
3.87913e+06,
3.89638e+06,
3.92484e+06,
3.95382e+06,
3.98321e+06,
4.01258e+06,
4.04211e+06,
4.07219e+06,
4.10295e+06,
4.13313e+06,
4.16353e+06,
4.1939e+06,
4.22556e+06,
4.25839e+06,
4.29153e+06,
4.32424e+06,
4.35702e+06,
4.39093e+06,
4.42438e+06,
4.45853e+06,
4.49194e+06,
4.52606e+06,
4.56113e+06,
4.5978e+06,
4.63475e+06,
4.67261e+06,
4.71e+06,
4.74638e+06,
4.78353e+06,
4.8217e+06,
4.85933e+06,
4.89698e+06,
4.93541e+06,
4.97522e+06,
5.01504e+06,
5.05516e+06,
5.09625e+06,
5.13694e+06,
5.17794e+06,
5.21983e+06,
5.2618e+06,
5.30419e+06,
5.34654e+06,
5.38983e+06,
5.43433e+06,
5.48007e+06,
5.52623e+06,
5.57186e+06,
5.61788e+06,
5.66418e+06,
375246,
375399,
375613,
375853,
376088,
376290,
376505,
376718,
376997,
377261,
377508,
377770,
378184,
378599,
378886,
379127,
379458,
379695,
380026,
380215,
380534,
380811,
381086,
381298,
381599,
381890,
382152,
382430,
382775,
383000,
383303,
383643,
383940,
384223,
384559,
384900,
385238,
385549,
385878,
386205,
386509,
386822,
387145,
387605,
387977,
388308,
388664,
389024,
389382,
389817,
390165,
390576,
390947,
391375,
391748,
392124,
392515,
392838,
393241,
393692,
394185,
394588,
395051,
395594,
396039,
396448,
396884,
397327,
397798,
398341,
398880,
399483,
399945,
400542,
401155,
401656,
402187,
402783,
403344,
403888,
404471,
405081,
405634,
406262,
406872,
407501,
408011,
408679,
409333,
409954,
410588,
411250,
411976,
412686,
413357,
414017,
414734,
415341,
416037,
416753,
417464,
418143,
418877,
419381,
419915,
420609,
421365,
422149,
422866,
423549,
424281,
425028,
425758,
426410,
426944,
427872,
428721,
429544,
430356,
431283,
432183,
433059,
433983,
434661,
435360,
436261,
437196,
438179,
439241,
440255,
441207,
442235,
443141,
444016,
444812,
445845,
446859,
447948,
449054,
450114,
451306,
452473,
453608,
454600,
455599,
456704,
457934,
459253,
460495,
461788,
463031,
464371,
465595,
466704,
467751,
469043,
470533,
471932,
473298,
474684,
476072,
477663,
479094,
480387,
481605,
482965,
484639,
486189,
487785,
489271,
490798,
492375,
494015,
495450,
496857,
498342,
500023,
501731,
503750,
505716,
507546,
509418,
511169,
512772,
514388,
516173,
518015,
519929,
521838,
523809,
525752,
527605,
529451,
531217,
532943,
534768,
536806,
538894,
540919,
542906,
544992,
547153,
549196,
551163,
553078,
554998,
557205,
559335,
561592,
563943,
566154,
568359,
570565,
572704,
574819,
576978,
579309,
581823,
584238,
586650,
589094,
591527,
593807,
596069,
598476,
600794,
603290,
605841,
608495,
611160,
613796,
616459,
618988,
621516,
624075,
626815,
629620,
632375,
635243,
638067,
640976,
643723,
646700,
649476,
652213,
655032,
658154,
661225,
664262,
667499,
670617,
673820,
677095,
680255,
683447,
686701,
689830,
693094,
696459,
699827,
703180,
706504,
709814,
712955,
716210,
719370,
722850,
726269,
729831,
733334,
736849,
740457,
744096,
747784,
751529,
755174,
758776,
762315,
765907,
769504,
773181,
776873,
780615,
784529,
788378,
792020,
795736,
799481,
803258,
807051,
810849,
814749,
818576,
822540,
826411,
830221,
834027,
837733,
841580,
845447,
849267,
853123,
857177,
861180,
865193,
869142,
873228,
877242,
881232,
885001,
889038,
892976,
896989,
900910,
904789,
908795,
912945,
917082,
921074,
925131,
929266,
933308,
937383,
941494,
945433,
949319,
953535,
957839,
962062,
966204,
970455,
974502,
978581,
982600,
986751,
990804,
994986,
999301,
1.00362e+06,
1.00798e+06,
1.01223e+06,
1.01649e+06,
1.02088e+06,
1.02494e+06,
1.02895e+06,
1.03299e+06,
1.0373e+06,
1.04167e+06,
1.04618e+06,
1.05057e+06,
1.05501e+06,
1.05946e+06,
1.06381e+06,
1.068e+06,
1.07207e+06,
1.07617e+06,
1.08063e+06,
1.08505e+06,
1.08961e+06,
1.09402e+06,
1.09851e+06,
1.10307e+06,
1.10758e+06,
1.11179e+06,
1.11602e+06,
1.12026e+06,
1.12493e+06,
1.12952e+06,
1.13413e+06,
1.13884e+06,
1.14355e+06,
1.14828e+06,
1.153e+06,
1.15804e+06,
1.16316e+06,
1.16814e+06,
1.17279e+06,
1.17733e+06,
1.182e+06,
1.18665e+06,
1.19131e+06,
1.19592e+06,
1.2005e+06,
1.20478e+06,
1.20895e+06,
1.21325e+06,
1.21807e+06,
1.22297e+06,
1.22777e+06,
1.23248e+06,
1.23729e+06,
1.24195e+06,
1.24674e+06,
1.25126e+06,
1.25584e+06,
1.26046e+06,
1.2654e+06,
1.27025e+06,
1.27505e+06,
1.27998e+06,
1.28472e+06,
1.28941e+06,
1.29429e+06,
1.29902e+06,
1.30361e+06,
1.30835e+06,
1.3133e+06,
1.31827e+06,
1.32307e+06,
1.32803e+06,
1.33289e+06,
1.33787e+06,
1.34271e+06,
1.34722e+06,
1.35175e+06,
1.35637e+06,
1.36142e+06,
1.36637e+06,
1.37133e+06,
1.37639e+06,
1.38137e+06,
1.38624e+06,
1.39109e+06,
1.39571e+06,
1.40024e+06,
1.40494e+06,
1.41005e+06,
1.4151e+06,
1.42017e+06,
1.4252e+06,
1.43018e+06,
1.43514e+06,
1.44015e+06,
1.44478e+06,
1.44939e+06,
1.45417e+06,
1.45919e+06,
1.46433e+06,
1.46946e+06,
1.47455e+06,
1.4796e+06,
1.48458e+06,
1.48959e+06,
1.49418e+06,
1.49874e+06,
1.50356e+06,
1.50883e+06,
1.5139e+06,
1.51906e+06,
1.52415e+06,
1.52925e+06,
1.53434e+06,
1.53934e+06,
1.544e+06,
1.54873e+06,
1.55363e+06,
1.5588e+06,
1.56387e+06,
1.569e+06,
1.57417e+06,
1.57919e+06,
1.58437e+06,
1.5893e+06,
1.5939e+06,
1.5983e+06,
1.60331e+06,
1.6086e+06,
1.61383e+06,
1.61903e+06,
1.62414e+06,
1.62925e+06,
1.63444e+06,
1.6396e+06,
1.64452e+06,
1.64916e+06,
1.65423e+06,
1.65955e+06,
1.66483e+06,
1.67002e+06,
1.67526e+06,
1.68047e+06,
1.68569e+06,
1.69086e+06,
1.69584e+06,
1.70063e+06,
1.70571e+06,
1.7109e+06,
1.71625e+06,
1.72146e+06,
1.72679e+06,
1.73213e+06,
1.7372e+06,
1.74241e+06,
1.7473e+06,
1.75184e+06,
1.75707e+06,
1.76243e+06,
1.76758e+06,
1.77288e+06,
1.77806e+06,
1.78328e+06,
1.78859e+06,
1.79368e+06,
1.79836e+06,
1.80276e+06,
1.80796e+06,
1.81347e+06,
1.81868e+06,
1.82404e+06,
1.82937e+06,
1.83466e+06,
1.83988e+06,
1.84508e+06,
1.84994e+06,
1.85441e+06,
1.85969e+06,
1.86504e+06,
1.87041e+06,
1.87571e+06,
1.88101e+06,
1.88632e+06,
1.89157e+06,
1.89673e+06,
1.90161e+06,
1.90621e+06,
1.91157e+06,
1.91704e+06,
1.92242e+06,
1.92775e+06,
1.93302e+06,
1.93824e+06,
1.94345e+06,
1.94856e+06,
1.95302e+06,
1.95723e+06,
1.96269e+06,
1.96816e+06,
1.97358e+06,
1.97894e+06,
1.98419e+06,
1.98958e+06,
1.99479e+06,
1.99993e+06,
2.00438e+06,
2.00837e+06,
2.01387e+06,
2.01938e+06,
2.02471e+06,
2.03011e+06,
2.03559e+06,
2.04097e+06,
2.04637e+06,
2.05165e+06,
2.05722e+06,
2.0627e+06,
2.06898e+06,
2.07534e+06,
2.08178e+06,
2.08815e+06,
2.09442e+06,
2.10084e+06,
2.10716e+06,
2.11308e+06,
2.11895e+06,
2.12442e+06,
2.13102e+06,
2.13734e+06,
2.14376e+06,
2.15004e+06,
2.15648e+06,
2.1629e+06,
2.16945e+06,
2.17552e+06,
2.18108e+06,
2.1865e+06,
2.19289e+06,
2.1993e+06,
2.20582e+06,
2.21234e+06,
2.21882e+06,
2.2253e+06,
2.23148e+06,
2.23775e+06,
2.24347e+06,
2.24916e+06,
2.25569e+06,
2.26232e+06,
2.26882e+06,
2.27539e+06,
2.28187e+06,
2.2885e+06,
2.29536e+06,
2.30196e+06,
2.30788e+06,
2.31356e+06,
2.32043e+06,
2.32727e+06,
2.33419e+06,
2.34117e+06,
2.34814e+06,
2.35492e+06,
2.3616e+06,
2.36828e+06,
2.37423e+06,
2.37999e+06,
2.38727e+06,
2.39418e+06,
2.4012e+06,
2.40828e+06,
2.41507e+06,
2.42188e+06,
2.42874e+06,
2.43543e+06,
2.44117e+06,
2.44719e+06,
2.45438e+06,
2.46161e+06,
2.46862e+06,
2.47567e+06,
2.48271e+06,
2.48964e+06,
2.49663e+06,
2.50361e+06,
2.50942e+06,
2.51548e+06,
2.52284e+06,
2.53026e+06,
2.53791e+06,
2.54531e+06,
2.55278e+06,
2.5603e+06,
2.56764e+06,
2.57469e+06,
2.58085e+06,
2.58733e+06,
2.59499e+06,
2.60248e+06,
2.61017e+06,
2.61792e+06,
2.62552e+06,
2.63318e+06,
2.64062e+06,
2.64793e+06,
2.65436e+06,
2.66117e+06,
2.66907e+06,
2.67668e+06,
2.68458e+06,
2.69239e+06,
2.70002e+06,
2.70768e+06,
2.71528e+06,
2.72278e+06,
2.72909e+06,
2.73589e+06,
2.74385e+06,
2.752e+06,
2.76003e+06,
2.76805e+06,
2.7762e+06,
2.78442e+06,
2.79251e+06,
2.80039e+06,
2.80701e+06,
2.81439e+06,
2.8229e+06,
2.83134e+06,
2.83997e+06,
2.8484e+06,
2.85682e+06,
2.86515e+06,
2.87343e+06,
2.88157e+06,
2.88856e+06,
2.89643e+06,
2.90497e+06,
2.91337e+06,
2.92199e+06,
2.93056e+06,
2.93929e+06,
2.94793e+06,
2.95651e+06,
2.96473e+06,
2.97186e+06,
2.98001e+06,
2.98903e+06,
2.99809e+06,
3.00712e+06,
3.01628e+06,
3.02546e+06,
3.03444e+06,
3.0435e+06,
3.05271e+06,
3.06014e+06,
3.06871e+06,
3.07801e+06,
3.08737e+06,
3.09643e+06,
3.10576e+06,
3.11498e+06,
3.12381e+06,
3.13213e+06,
3.13978e+06,
3.13916e+06,
3.14573e+06,
3.15604e+06,
3.16636e+06,
3.17695e+06,
3.18759e+06,
3.19832e+06,
3.20882e+06,
3.21922e+06,
3.22968e+06,
3.24019e+06,
3.25097e+06,
3.26185e+06,
3.27274e+06,
3.28397e+06,
3.29541e+06,
3.30657e+06,
3.3179e+06,
3.32908e+06,
3.34064e+06,
3.35204e+06,
3.36374e+06,
3.37521e+06,
3.38673e+06,
3.39819e+06,
3.40974e+06,
3.42173e+06,
3.43357e+06,
3.44571e+06,
3.45772e+06,
3.46981e+06,
3.48193e+06,
3.4941e+06,
3.50613e+06,
3.51848e+06,
3.5307e+06,
3.54327e+06,
3.55608e+06,
3.56851e+06,
3.58088e+06,
3.5939e+06,
3.60709e+06,
3.6206e+06,
3.63417e+06,
3.64787e+06,
3.66143e+06,
3.6752e+06,
3.68852e+06,
3.70234e+06,
3.71637e+06,
3.73027e+06,
3.74444e+06,
3.7586e+06,
3.7727e+06,
3.78679e+06,
3.80115e+06,
3.81533e+06,
3.83007e+06,
3.84497e+06,
3.86025e+06,
3.87595e+06,
3.90105e+06,
3.92784e+06,
3.95529e+06,
3.98318e+06,
4.01156e+06,
4.04e+06,
4.06915e+06,
4.09787e+06,
4.1264e+06,
4.15537e+06,
4.18514e+06,
4.21649e+06,
4.24829e+06,
4.27952e+06,
4.31142e+06,
4.34237e+06,
4.37337e+06,
4.40506e+06,
4.43641e+06,
4.46855e+06,
4.50146e+06,
4.53503e+06,
4.5691e+06,
4.60388e+06,
4.63901e+06,
4.67331e+06,
4.70875e+06,
4.74425e+06,
4.78001e+06,
4.81563e+06,
4.85187e+06,
4.88851e+06,
4.92634e+06,
4.96446e+06,
5.00323e+06,
5.04213e+06,
375246,
375410,
375603,
375869,
376105,
376316,
376523,
376732,
377057,
377345,
377587,
377880,
378323,
378719,
378956,
379240,
379572,
379816,
380073,
380305,
380606,
380909,
381192,
381455,
381748,
382029,
382309,
382645,
382913,
383240,
383563,
383841,
384196,
384543,
384830,
385137,
385438,
385767,
386103,
386473,
386773,
387097,
387454,
387847,
388254,
388581,
388924,
389290,
389666,
390145,
390548,
390978,
391317,
391745,
392133,
392513,
392945,
393314,
393757,
394262,
394687,
395135,
395592,
396027,
396532,
397029,
397476,
397930,
398460,
399004,
399544,
400092,
400660,
401173,
401708,
402293,
402859,
403408,
404018,
404631,
405236,
405897,
406545,
407203,
407767,
408408,
409090,
409708,
410315,
410983,
411677,
412409,
413103,
413816,
414472,
415151,
415758,
416507,
417175,
417878,
418620,
419303,
420008,
420552,
421076,
421926,
422646,
423423,
424213,
425008,
425710,
426494,
427282,
427846,
428572,
429527,
430380,
431230,
432197,
433065,
433999,
434941,
435797,
436539,
437258,
438229,
439141,
440147,
441186,
442177,
443181,
444160,
445179,
445990,
446813,
447932,
448994,
450200,
451273,
452382,
453619,
454784,
455882,
456847,
457788,
459050,
460328,
461582,
462856,
464129,
465402,
466689,
467912,
468983,
470099,
471457,
472933,
474340,
475801,
477301,
478803,
480234,
481615,
482859,
484164,
485707,
487253,
488859,
490390,
492005,
493621,
495223,
496729,
498159,
499501,
501493,
503476,
505362,
507066,
508695,
510528,
512239,
513967,
515612,
517238,
519018,
520957,
522884,
524793,
526675,
528619,
530601,
532538,
534243,
536054,
538062,
540091,
542171,
544308,
546318,
548472,
550521,
552640,
554518,
556250,
558351,
560663,
562850,
564973,
567174,
569402,
571597,
573859,
575946,
577939,
580400,
582706,
585063,
587480,
589940,
592391,
594802,
597357,
599651,
601868,
604332,
606835,
609403,
612050,
614635,
617177,
619762,
622361,
624849,
627230,
629927,
632790,
635590,
638510,
641311,
644214,
647030,
649954,
652870,
655417,
658397,
661510,
664519,
667619,
670819,
674040,
677177,
680432,
683698,
687059,
690358,
693556,
696746,
700061,
703242,
706450,
709743,
713176,
716331,
719406,
722875,
726432,
729963,
733622,
737082,
740602,
744171,
747748,
751459,
755099,
758740,
762306,
766064,
769730,
773411,
776979,
780577,
784260,
788167,
791935,
795830,
799579,
803350,
807202,
810971,
814910,
818637,
822387,
826279,
830143,
833982,
837797,
841655,
845523,
849555,
853415,
857257,
861241,
865156,
869176,
873024,
876891,
880945,
884853,
888894,
892941,
896991,
900922,
904815,
908646,
912637,
916699,
920824,
924951,
928920,
932968,
937159,
941195,
945177,
949020,
953144,
957361,
961587,
965803,
970007,
974134,
978376,
982482,
986516,
990402,
994733,
998947,
1.00324e+06,
1.00763e+06,
1.01173e+06,
1.01607e+06,
1.02033e+06,
1.02455e+06,
1.02847e+06,
1.03237e+06,
1.03677e+06,
1.04116e+06,
1.04557e+06,
1.05e+06,
1.0544e+06,
1.05893e+06,
1.06326e+06,
1.06761e+06,
1.07165e+06,
1.07553e+06,
1.0801e+06,
1.0846e+06,
1.08916e+06,
1.09362e+06,
1.09808e+06,
1.10266e+06,
1.1071e+06,
1.11158e+06,
1.11565e+06,
1.11969e+06,
1.12427e+06,
1.12892e+06,
1.13362e+06,
1.13826e+06,
1.14286e+06,
1.14752e+06,
1.15243e+06,
1.15711e+06,
1.16213e+06,
1.16756e+06,
1.17218e+06,
1.17684e+06,
1.18139e+06,
1.18612e+06,
1.1906e+06,
1.1952e+06,
1.19978e+06,
1.20435e+06,
1.20853e+06,
1.21249e+06,
1.21718e+06,
1.22189e+06,
1.2266e+06,
1.23133e+06,
1.23615e+06,
1.24085e+06,
1.24564e+06,
1.25033e+06,
1.25493e+06,
1.25946e+06,
1.26426e+06,
1.26912e+06,
1.27394e+06,
1.27868e+06,
1.28346e+06,
1.28825e+06,
1.29303e+06,
1.29779e+06,
1.30238e+06,
1.30687e+06,
1.31174e+06,
1.31661e+06,
1.3213e+06,
1.3262e+06,
1.33115e+06,
1.33603e+06,
1.341e+06,
1.34588e+06,
1.35028e+06,
1.35483e+06,
1.35978e+06,
1.36482e+06,
1.3697e+06,
1.37469e+06,
1.37953e+06,
1.38433e+06,
1.38928e+06,
1.39416e+06,
1.39874e+06,
1.4031e+06,
1.40807e+06,
1.41323e+06,
1.41828e+06,
1.42329e+06,
1.42827e+06,
1.43323e+06,
1.43809e+06,
1.44302e+06,
1.44769e+06,
1.45227e+06,
1.45738e+06,
1.46249e+06,
1.46764e+06,
1.47269e+06,
1.47775e+06,
1.48268e+06,
1.48768e+06,
1.49275e+06,
1.49746e+06,
1.50198e+06,
1.50714e+06,
1.51225e+06,
1.51733e+06,
1.52238e+06,
1.52742e+06,
1.53243e+06,
1.53755e+06,
1.54253e+06,
1.54715e+06,
1.55169e+06,
1.55692e+06,
1.5621e+06,
1.56737e+06,
1.57243e+06,
1.57757e+06,
1.58268e+06,
1.58777e+06,
1.59286e+06,
1.59749e+06,
1.60182e+06,
1.607e+06,
1.6122e+06,
1.61745e+06,
1.62256e+06,
1.6277e+06,
1.63286e+06,
1.63798e+06,
1.64306e+06,
1.64795e+06,
1.65282e+06,
1.65801e+06,
1.66323e+06,
1.6685e+06,
1.67367e+06,
1.6789e+06,
1.68417e+06,
1.68937e+06,
1.69444e+06,
1.6993e+06,
1.70416e+06,
1.70931e+06,
1.71463e+06,
1.71984e+06,
1.7252e+06,
1.73036e+06,
1.73576e+06,
1.74095e+06,
1.74616e+06,
1.75085e+06,
1.75537e+06,
1.76059e+06,
1.76586e+06,
1.77127e+06,
1.7765e+06,
1.78177e+06,
1.78697e+06,
1.7922e+06,
1.7973e+06,
1.80181e+06,
1.80619e+06,
1.81153e+06,
1.81698e+06,
1.82229e+06,
1.82764e+06,
1.83275e+06,
1.83804e+06,
1.84321e+06,
1.84848e+06,
1.85333e+06,
1.85797e+06,
1.86335e+06,
1.86862e+06,
1.87399e+06,
1.87942e+06,
1.88482e+06,
1.89007e+06,
1.89539e+06,
1.90048e+06,
1.90519e+06,
1.90998e+06,
1.91537e+06,
1.92067e+06,
1.92599e+06,
1.93128e+06,
1.93669e+06,
1.94196e+06,
1.94723e+06,
1.95231e+06,
1.95669e+06,
1.96121e+06,
1.96661e+06,
1.972e+06,
1.97735e+06,
1.98275e+06,
1.98796e+06,
1.99323e+06,
1.9984e+06,
2.00373e+06,
2.00797e+06,
2.01239e+06,
2.01785e+06,
2.0233e+06,
2.02873e+06,
2.03414e+06,
2.03945e+06,
2.04485e+06,
2.05021e+06,
2.05536e+06,
2.06007e+06,
2.06482e+06,
2.07043e+06,
2.07587e+06,
2.08139e+06,
2.08689e+06,
2.09227e+06,
2.09746e+06,
2.10268e+06,
2.10789e+06,
2.11243e+06,
2.11723e+06,
2.1227e+06,
2.12812e+06,
2.13354e+06,
2.13895e+06,
2.1443e+06,
2.14952e+06,
2.15472e+06,
2.15991e+06,
2.16423e+06,
2.16894e+06,
2.17446e+06,
2.17983e+06,
2.18517e+06,
2.19053e+06,
2.19596e+06,
2.20115e+06,
2.20639e+06,
2.21144e+06,
2.21572e+06,
2.22059e+06,
2.22613e+06,
2.23168e+06,
2.23801e+06,
2.24444e+06,
2.25073e+06,
2.25713e+06,
2.26353e+06,
2.26961e+06,
2.27477e+06,
2.28057e+06,
2.28713e+06,
2.29354e+06,
2.3e+06,
2.30631e+06,
2.31275e+06,
2.31919e+06,
2.32555e+06,
2.33191e+06,
2.33699e+06,
2.34296e+06,
2.34944e+06,
2.35589e+06,
2.36251e+06,
2.36892e+06,
2.37543e+06,
2.38193e+06,
2.3884e+06,
2.39463e+06,
2.39985e+06,
2.40592e+06,
2.4127e+06,
2.41933e+06,
2.42588e+06,
2.43254e+06,
2.43903e+06,
2.44544e+06,
2.45192e+06,
2.45829e+06,
2.4635e+06,
2.46963e+06,
2.47665e+06,
2.48374e+06,
2.49094e+06,
2.49793e+06,
2.50487e+06,
2.5119e+06,
2.51863e+06,
2.52526e+06,
2.53066e+06,
2.53709e+06,
2.54412e+06,
2.55129e+06,
2.55843e+06,
2.56568e+06,
2.5726e+06,
2.57964e+06,
2.58659e+06,
2.59334e+06,
2.59885e+06,
2.60558e+06,
2.6127e+06,
2.62012e+06,
2.62732e+06,
2.63456e+06,
2.64168e+06,
2.649e+06,
2.6561e+06,
2.66303e+06,
2.66822e+06,
2.67502e+06,
2.6825e+06,
2.68985e+06,
2.69748e+06,
2.70488e+06,
2.71237e+06,
2.72e+06,
2.72746e+06,
2.73488e+06,
2.74057e+06,
2.74779e+06,
2.75572e+06,
2.76348e+06,
2.7713e+06,
2.77927e+06,
2.78707e+06,
2.79474e+06,
2.80247e+06,
2.80991e+06,
2.81631e+06,
2.82378e+06,
2.83183e+06,
2.83988e+06,
2.84764e+06,
2.8555e+06,
2.86346e+06,
2.87131e+06,
2.87918e+06,
2.88698e+06,
2.89279e+06,
2.90031e+06,
2.90836e+06,
2.91645e+06,
2.92463e+06,
2.93295e+06,
2.94129e+06,
2.94964e+06,
2.95792e+06,
2.9658e+06,
2.97197e+06,
2.97975e+06,
2.98818e+06,
2.99648e+06,
3.00483e+06,
3.01312e+06,
3.02094e+06,
3.0285e+06,
3.03587e+06,
3.04232e+06,
3.03989e+06,
3.04692e+06,
3.0561e+06,
3.06548e+06,
3.07503e+06,
3.0846e+06,
3.09422e+06,
3.10377e+06,
3.1134e+06,
3.12301e+06,
3.13276e+06,
3.14281e+06,
3.15265e+06,
3.16246e+06,
3.17207e+06,
3.18231e+06,
3.19277e+06,
3.20312e+06,
3.21347e+06,
3.2238e+06,
3.23408e+06,
3.24446e+06,
3.25497e+06,
3.26559e+06,
3.27614e+06,
3.28678e+06,
3.29736e+06,
3.30806e+06,
3.31862e+06,
3.32945e+06,
3.34055e+06,
3.35157e+06,
3.36252e+06,
3.37336e+06,
3.3841e+06,
3.39498e+06,
3.40614e+06,
3.41733e+06,
3.42855e+06,
3.4397e+06,
3.4509e+06,
3.46228e+06,
3.47397e+06,
3.48568e+06,
3.49784e+06,
3.50993e+06,
3.52186e+06,
3.5341e+06,
3.54638e+06,
3.55845e+06,
3.57034e+06,
3.58293e+06,
3.59523e+06,
3.60792e+06,
3.62054e+06,
3.63326e+06,
3.64608e+06,
3.65891e+06,
3.6716e+06,
3.68457e+06,
3.69772e+06,
3.71089e+06,
3.7242e+06,
3.73752e+06,
3.75056e+06,
3.76394e+06,
3.77724e+06,
3.79085e+06,
3.80486e+06,
3.81905e+06,
3.8332e+06,
3.84762e+06,
3.86272e+06,
3.87918e+06,
3.90504e+06,
3.93117e+06,
3.9574e+06,
3.98362e+06,
4.01019e+06,
4.03728e+06,
4.06368e+06,
4.09055e+06,
4.11754e+06,
4.14491e+06,
4.17342e+06,
4.20322e+06,
4.23213e+06,
4.26133e+06,
4.29083e+06,
4.31997e+06,
4.35012e+06,
4.3798e+06,
4.40968e+06,
4.44025e+06,
4.47069e+06,
4.50285e+06,
4.53525e+06,
375246,
375424,
375622,
375895,
376146,
376355,
376551,
376798,
377102,
377434,
377668,
377983,
378413,
378778,
379065,
379324,
379651,
379928,
380165,
380462,
380721,
381030,
381331,
381650,
381920,
382180,
382509,
382830,
383190,
383479,
383737,
384056,
384375,
384694,
385025,
385369,
385621,
385980,
386349,
386696,
387019,
387386,
387724,
388081,
388469,
388870,
389251,
389618,
389998,
390405,
390786,
391277,
391625,
392053,
392521,
392927,
393367,
393754,
394248,
394708,
395156,
395673,
396157,
396693,
397125,
397625,
398126,
398613,
399144,
399609,
400149,
400716,
401311,
401806,
402382,
402964,
403536,
404113,
404735,
405404,
406037,
406686,
407353,
408088,
408752,
409375,
410039,
410677,
411374,
412116,
412755,
413388,
414116,
414839,
415575,
416251,
416936,
417650,
418284,
419011,
419709,
420449,
421125,
421672,
422416,
423192,
423888,
424700,
425561,
426325,
427171,
428012,
428800,
429458,
430279,
431186,
432122,
433067,
434025,
434984,
435898,
436827,
437788,
438387,
439244,
440253,
441246,
442303,
443338,
444341,
445353,
446436,
447333,
448137,
449059,
450180,
451351,
452415,
453523,
454740,
455884,
457053,
458219,
459083,
460120,
461381,
462529,
463772,
465017,
466361,
467623,
468970,
470209,
471200,
472390,
473928,
475366,
476840,
478208,
479613,
481001,
482474,
484009,
485169,
486455,
488033,
489573,
491222,
492832,
494375,
495985,
497556,
499340,
500979,
502586,
504394,
506084,
507749,
509560,
511377,
513142,
514891,
516626,
518135,
519808,
521760,
523629,
525404,
527260,
529178,
531087,
533115,
535016,
536696,
538666,
540767,
542921,
544990,
547063,
549123,
551112,
553230,
555258,
557049,
558867,
561067,
563331,
565554,
567704,
569899,
572198,
574423,
576509,
578520,
580606,
583034,
585485,
588016,
590313,
592761,
595169,
597604,
600037,
602231,
604502,
607047,
609559,
612257,
614827,
617286,
619859,
622527,
625154,
627454,
629929,
632799,
635540,
638366,
641209,
644087,
646934,
649745,
652701,
655369,
658077,
660998,
663989,
667095,
670308,
673409,
676577,
679760,
683014,
686375,
689662,
692792,
695922,
699202,
702544,
705868,
709285,
712611,
715790,
719011,
722112,
725522,
728992,
732427,
735902,
739388,
742834,
746565,
750264,
754136,
757952,
761594,
765057,
768569,
772198,
775869,
779553,
783235,
786969,
790843,
794743,
798465,
802228,
805919,
809649,
813456,
817299,
821049,
824916,
828800,
832598,
836408,
840368,
844232,
848056,
851928,
855864,
859811,
863684,
867558,
871550,
875455,
879533,
883472,
887478,
891404,
895367,
899281,
903313,
907296,
911169,
915369,
919340,
923312,
927456,
931645,
935686,
939669,
943722,
947714,
951582,
955779,
959924,
964121,
968291,
972465,
976622,
980765,
984922,
988832,
992757,
997049,
1.0013e+06,
1.00562e+06,
1.00982e+06,
1.01409e+06,
1.01838e+06,
1.02259e+06,
1.02674e+06,
1.03064e+06,
1.03473e+06,
1.03902e+06,
1.04346e+06,
1.04785e+06,
1.05235e+06,
1.05669e+06,
1.061e+06,
1.06541e+06,
1.06968e+06,
1.07366e+06,
1.07777e+06,
1.08229e+06,
1.08679e+06,
1.09128e+06,
1.09591e+06,
1.10052e+06,
1.10497e+06,
1.10943e+06,
1.11375e+06,
1.11781e+06,
1.12191e+06,
1.12659e+06,
1.13122e+06,
1.13579e+06,
1.14059e+06,
1.14544e+06,
1.15014e+06,
1.15486e+06,
1.15961e+06,
1.16476e+06,
1.16978e+06,
1.17441e+06,
1.17908e+06,
1.18389e+06,
1.18844e+06,
1.19306e+06,
1.1976e+06,
1.20222e+06,
1.20673e+06,
1.2107e+06,
1.21493e+06,
1.21966e+06,
1.22443e+06,
1.22913e+06,
1.23384e+06,
1.23868e+06,
1.24338e+06,
1.24811e+06,
1.25281e+06,
1.25719e+06,
1.26169e+06,
1.26653e+06,
1.27138e+06,
1.27614e+06,
1.28094e+06,
1.28579e+06,
1.29068e+06,
1.29532e+06,
1.29991e+06,
1.30431e+06,
1.30883e+06,
1.31373e+06,
1.31869e+06,
1.32355e+06,
1.32849e+06,
1.3334e+06,
1.33824e+06,
1.34306e+06,
1.34767e+06,
1.35198e+06,
1.35665e+06,
1.36156e+06,
1.36643e+06,
1.37144e+06,
1.37641e+06,
1.38146e+06,
1.38643e+06,
1.39134e+06,
1.39607e+06,
1.40048e+06,
1.40488e+06,
1.40982e+06,
1.41489e+06,
1.41989e+06,
1.42487e+06,
1.42987e+06,
1.43499e+06,
1.43996e+06,
1.44473e+06,
1.44926e+06,
1.45392e+06,
1.45889e+06,
1.46396e+06,
1.4691e+06,
1.47415e+06,
1.47921e+06,
1.48433e+06,
1.48931e+06,
1.49423e+06,
1.49864e+06,
1.50333e+06,
1.50837e+06,
1.51351e+06,
1.51862e+06,
1.52365e+06,
1.52864e+06,
1.53376e+06,
1.53894e+06,
1.54382e+06,
1.54835e+06,
1.55308e+06,
1.55822e+06,
1.5634e+06,
1.56848e+06,
1.57351e+06,
1.57857e+06,
1.58381e+06,
1.58888e+06,
1.59384e+06,
1.59808e+06,
1.60287e+06,
1.60814e+06,
1.61338e+06,
1.61856e+06,
1.62378e+06,
1.62907e+06,
1.63437e+06,
1.6395e+06,
1.64455e+06,
1.64917e+06,
1.65418e+06,
1.65947e+06,
1.66475e+06,
1.67002e+06,
1.67513e+06,
1.68042e+06,
1.68558e+06,
1.69078e+06,
1.69597e+06,
1.70061e+06,
1.70557e+06,
1.71085e+06,
1.71628e+06,
1.72157e+06,
1.72672e+06,
1.73195e+06,
1.73726e+06,
1.74257e+06,
1.74781e+06,
1.75211e+06,
1.75692e+06,
1.76221e+06,
1.76749e+06,
1.77267e+06,
1.77797e+06,
1.78324e+06,
1.78851e+06,
1.7937e+06,
1.7988e+06,
1.80314e+06,
1.80802e+06,
1.81322e+06,
1.81855e+06,
1.82379e+06,
1.8291e+06,
1.83434e+06,
1.83964e+06,
1.84483e+06,
1.85e+06,
1.85445e+06,
1.85948e+06,
1.86491e+06,
1.87018e+06,
1.87545e+06,
1.88098e+06,
1.88629e+06,
1.89151e+06,
1.89671e+06,
1.90184e+06,
1.90648e+06,
1.91156e+06,
1.91687e+06,
1.92221e+06,
1.92747e+06,
1.93286e+06,
1.93816e+06,
1.94342e+06,
1.9487e+06,
1.95366e+06,
1.95783e+06,
1.9627e+06,
1.96816e+06,
1.97354e+06,
1.97882e+06,
1.98419e+06,
1.98943e+06,
1.99455e+06,
1.99985e+06,
2.00488e+06,
2.00878e+06,
2.01368e+06,
2.01908e+06,
2.02439e+06,
2.02976e+06,
2.0352e+06,
2.04077e+06,
2.04622e+06,
2.05145e+06,
2.05661e+06,
2.06103e+06,
2.06622e+06,
2.07166e+06,
2.07703e+06,
2.08248e+06,
2.0879e+06,
2.09339e+06,
2.09873e+06,
2.10411e+06,
2.10919e+06,
2.11358e+06,
2.11872e+06,
2.12413e+06,
2.12961e+06,
2.13497e+06,
2.14036e+06,
2.14579e+06,
2.15118e+06,
2.15648e+06,
2.16171e+06,
2.16577e+06,
2.17084e+06,
2.17616e+06,
2.18163e+06,
2.18707e+06,
2.19247e+06,
2.19784e+06,
2.20307e+06,
2.20837e+06,
2.21361e+06,
2.21747e+06,
2.22259e+06,
2.22805e+06,
2.23338e+06,
2.23885e+06,
2.24421e+06,
2.24959e+06,
2.25477e+06,
2.26012e+06,
2.26529e+06,
2.26915e+06,
2.27416e+06,
2.2796e+06,
2.28491e+06,
2.29038e+06,
2.29577e+06,
2.30115e+06,
2.30641e+06,
2.31167e+06,
2.31658e+06,
2.32031e+06,
2.32546e+06,
2.33087e+06,
2.33608e+06,
2.34141e+06,
2.34666e+06,
2.35209e+06,
2.35748e+06,
2.36275e+06,
2.36781e+06,
2.37137e+06,
2.37644e+06,
2.38188e+06,
2.38717e+06,
2.39253e+06,
2.39797e+06,
2.40337e+06,
2.40867e+06,
2.41411e+06,
2.41966e+06,
2.42422e+06,
2.43039e+06,
2.43701e+06,
2.4436e+06,
2.44999e+06,
2.45661e+06,
2.46328e+06,
2.46962e+06,
2.47634e+06,
2.48263e+06,
2.48726e+06,
2.4935e+06,
2.50016e+06,
2.50705e+06,
2.51367e+06,
2.52039e+06,
2.52702e+06,
2.53348e+06,
2.53995e+06,
2.54632e+06,
2.55115e+06,
2.5575e+06,
2.56443e+06,
2.57113e+06,
2.57798e+06,
2.58483e+06,
2.59173e+06,
2.59854e+06,
2.60528e+06,
2.61164e+06,
2.61648e+06,
2.62327e+06,
2.63042e+06,
2.63753e+06,
2.64465e+06,
2.65171e+06,
2.65886e+06,
2.66599e+06,
2.6734e+06,
2.68022e+06,
2.6852e+06,
2.69194e+06,
2.69927e+06,
2.70671e+06,
2.71415e+06,
2.7215e+06,
2.72894e+06,
2.73632e+06,
2.74353e+06,
2.75073e+06,
2.75632e+06,
2.76367e+06,
2.77148e+06,
2.7789e+06,
2.78626e+06,
2.7937e+06,
2.80085e+06,
2.80825e+06,
2.81547e+06,
2.8225e+06,
2.82748e+06,
2.83471e+06,
2.84239e+06,
2.85015e+06,
2.85772e+06,
2.86528e+06,
2.87292e+06,
2.88077e+06,
2.88831e+06,
2.89571e+06,
2.90129e+06,
2.90913e+06,
2.91702e+06,
2.92493e+06,
2.93274e+06,
2.94034e+06,
2.94766e+06,
2.95474e+06,
2.96148e+06,
2.96736e+06,
2.96363e+06,
2.97082e+06,
2.97962e+06,
2.98828e+06,
2.99673e+06,
3.00544e+06,
3.01423e+06,
3.02295e+06,
3.03167e+06,
3.04052e+06,
3.0492e+06,
3.05787e+06,
3.06674e+06,
3.07562e+06,
3.08464e+06,
3.09367e+06,
3.10282e+06,
3.11213e+06,
3.12129e+06,
3.13045e+06,
3.13988e+06,
3.14931e+06,
3.1588e+06,
3.16836e+06,
3.17801e+06,
3.18729e+06,
3.19687e+06,
3.20655e+06,
3.21635e+06,
3.22595e+06,
3.23576e+06,
3.24549e+06,
3.25527e+06,
3.26505e+06,
3.27515e+06,
3.28499e+06,
3.29484e+06,
3.30489e+06,
3.31481e+06,
3.32464e+06,
3.33475e+06,
3.345e+06,
3.35519e+06,
3.36534e+06,
3.37565e+06,
3.38641e+06,
3.39706e+06,
3.40776e+06,
3.41845e+06,
3.42933e+06,
3.44004e+06,
3.45085e+06,
3.46168e+06,
3.47273e+06,
3.48361e+06,
3.49473e+06,
3.50592e+06,
3.51709e+06,
3.52853e+06,
3.54e+06,
3.55117e+06,
3.56275e+06,
3.57432e+06,
3.586e+06,
3.59794e+06,
3.61167e+06,
3.62613e+06,
3.64042e+06,
3.65471e+06,
3.66913e+06,
3.68404e+06,
3.69906e+06,
3.71445e+06,
3.73002e+06,
3.74559e+06,
3.76137e+06,
3.77673e+06,
3.79246e+06,
3.80815e+06,
3.82431e+06,
3.84083e+06,
3.85702e+06,
3.8732e+06,
3.88958e+06,
3.90612e+06,
3.92322e+06,
3.94113e+06,
3.96754e+06,
3.99572e+06,
4.02336e+06,
4.05144e+06,
4.07971e+06,
4.10814e+06,
4.13656e+06,
4.16573e+06,
4.1953e+06,
4.22493e+06,
375246,
375431,
375633,
375904,
376156,
376366,
376609,
376878,
377185,
377504,
377741,
378108,
378513,
378848,
379129,
379385,
379701,
380014,
380306,
380589,
380858,
381150,
381488,
381803,
382109,
382366,
382670,
383059,
383356,
383657,
383933,
384220,
384588,
384880,
385239,
385551,
385899,
386223,
386609,
386943,
387314,
387642,
388044,
388413,
388832,
389174,
389538,
389939,
390331,
390741,
391143,
391539,
392001,
392385,
392918,
393346,
393779,
394240,
394738,
395240,
395681,
396221,
396685,
397169,
397657,
398162,
398656,
399167,
399714,
400289,
400887,
401407,
401990,
402576,
403116,
403707,
404249,
404876,
405510,
406185,
406838,
407439,
408178,
408838,
409476,
410181,
410858,
411520,
412270,
413001,
413737,
414427,
415225,
415904,
416687,
417412,
418067,
418761,
419552,
420330,
421096,
421838,
422573,
423069,
423822,
424600,
425395,
426201,
427045,
427887,
428701,
429575,
430380,
431004,
432051,
432942,
433929,
434944,
435910,
436830,
437707,
438637,
439527,
440129,
441168,
442149,
443121,
444058,
445157,
446205,
447171,
448167,
449168,
449871,
450912,
452045,
453214,
454340,
455465,
456567,
457806,
459006,
460071,
460781,
461929,
463258,
464552,
465777,
467094,
468432,
469654,
470979,
472184,
473063,
474406,
475911,
477255,
478767,
480220,
481773,
483246,
484726,
486075,
487135,
488513,
490126,
491615,
493299,
494870,
496487,
498224,
500030,
501801,
503143,
504716,
506555,
508291,
510105,
511775,
513565,
515327,
517127,
518941,
520336,
522147,
523997,
525873,
527703,
529635,
531570,
533454,
535465,
537397,
538960,
541007,
542996,
545165,
547069,
549113,
551175,
553257,
555362,
557436,
559093,
561132,
563406,
565570,
567694,
569880,
572066,
574309,
576679,
578904,
580886,
583158,
585574,
587913,
590317,
592690,
594984,
597324,
599734,
602137,
604283,
606823,
609369,
611909,
614400,
617047,
619605,
622226,
624778,
627349,
629648,
632212,
634995,
637847,
640609,
643456,
646372,
649166,
652023,
654753,
657317,
660153,
663164,
666143,
669222,
672262,
675412,
678501,
681675,
684832,
688080,
691231,
694425,
697794,
701083,
704372,
707644,
710964,
714287,
717550,
720475,
723831,
727295,
730811,
734215,
737706,
741195,
744734,
748272,
751908,
755834,
759401,
763010,
766662,
770116,
773905,
777505,
781250,
784929,
788595,
792457,
796012,
799863,
803558,
807313,
811060,
814849,
818684,
822445,
826275,
830102,
833893,
837765,
841744,
845499,
849382,
853192,
857071,
861099,
864951,
869018,
872939,
876889,
880912,
884693,
888699,
892685,
896738,
900560,
904537,
908373,
912273,
916380,
920410,
924327,
928466,
932631,
936678,
940789,
944878,
948625,
952701,
956873,
960971,
965096,
969236,
973389,
977665,
981810,
985933,
989658,
993873,
998196,
1.00234e+06,
1.00662e+06,
1.01089e+06,
1.01509e+06,
1.01939e+06,
1.02364e+06,
1.02802e+06,
1.03163e+06,
1.03588e+06,
1.04021e+06,
1.04446e+06,
1.04874e+06,
1.05315e+06,
1.05752e+06,
1.06202e+06,
1.0663e+06,
1.0707e+06,
1.07432e+06,
1.07881e+06,
1.08336e+06,
1.08769e+06,
1.0922e+06,
1.09672e+06,
1.10112e+06,
1.10568e+06,
1.11014e+06,
1.11462e+06,
1.11835e+06,
1.12286e+06,
1.12752e+06,
1.13218e+06,
1.13676e+06,
1.14135e+06,
1.14601e+06,
1.15069e+06,
1.15557e+06,
1.16034e+06,
1.16571e+06,
1.17048e+06,
1.17519e+06,
1.17977e+06,
1.18442e+06,
1.18908e+06,
1.19368e+06,
1.19833e+06,
1.20294e+06,
1.20741e+06,
1.21112e+06,
1.21573e+06,
1.22044e+06,
1.2251e+06,
1.22973e+06,
1.23448e+06,
1.23922e+06,
1.24392e+06,
1.24867e+06,
1.25333e+06,
1.25759e+06,
1.26228e+06,
1.26702e+06,
1.2718e+06,
1.27664e+06,
1.28128e+06,
1.28619e+06,
1.29105e+06,
1.29577e+06,
1.3006e+06,
1.30487e+06,
1.30959e+06,
1.31441e+06,
1.31916e+06,
1.32398e+06,
1.32876e+06,
1.33367e+06,
1.33859e+06,
1.34339e+06,
1.34817e+06,
1.35231e+06,
1.35714e+06,
1.36208e+06,
1.367e+06,
1.3717e+06,
1.37665e+06,
1.38161e+06,
1.38658e+06,
1.3914e+06,
1.39624e+06,
1.40045e+06,
1.40538e+06,
1.41039e+06,
1.41536e+06,
1.42031e+06,
1.42538e+06,
1.43016e+06,
1.4351e+06,
1.44002e+06,
1.44485e+06,
1.44911e+06,
1.45412e+06,
1.45914e+06,
1.4642e+06,
1.46933e+06,
1.47437e+06,
1.47939e+06,
1.48432e+06,
1.48932e+06,
1.49419e+06,
1.49835e+06,
1.50335e+06,
1.50847e+06,
1.51361e+06,
1.51867e+06,
1.52367e+06,
1.52873e+06,
1.53373e+06,
1.53881e+06,
1.5436e+06,
1.54788e+06,
1.55301e+06,
1.55817e+06,
1.5633e+06,
1.56841e+06,
1.57346e+06,
1.57844e+06,
1.58345e+06,
1.58864e+06,
1.59351e+06,
1.59755e+06,
1.60254e+06,
1.60773e+06,
1.613e+06,
1.6182e+06,
1.62336e+06,
1.62853e+06,
1.63367e+06,
1.63897e+06,
1.64401e+06,
1.64839e+06,
1.65352e+06,
1.65867e+06,
1.66392e+06,
1.66915e+06,
1.67428e+06,
1.6795e+06,
1.68466e+06,
1.68987e+06,
1.69497e+06,
1.69955e+06,
1.70465e+06,
1.70983e+06,
1.71514e+06,
1.72039e+06,
1.72546e+06,
1.73076e+06,
1.73608e+06,
1.7413e+06,
1.74629e+06,
1.75064e+06,
1.75581e+06,
1.76096e+06,
1.76626e+06,
1.77157e+06,
1.77665e+06,
1.78197e+06,
1.78721e+06,
1.79244e+06,
1.7975e+06,
1.80154e+06,
1.8067e+06,
1.81194e+06,
1.81735e+06,
1.82277e+06,
1.82796e+06,
1.83328e+06,
1.83863e+06,
1.84385e+06,
1.84895e+06,
1.8533e+06,
1.85858e+06,
1.864e+06,
1.86936e+06,
1.8747e+06,
1.87996e+06,
1.88517e+06,
1.89034e+06,
1.89573e+06,
1.90092e+06,
1.90538e+06,
1.91067e+06,
1.91609e+06,
1.92149e+06,
1.9269e+06,
1.93217e+06,
1.93739e+06,
1.94259e+06,
1.94776e+06,
1.95293e+06,
1.95663e+06,
1.96192e+06,
1.96735e+06,
1.97267e+06,
1.97807e+06,
1.98343e+06,
1.98867e+06,
1.99403e+06,
1.99918e+06,
2.00422e+06,
2.00784e+06,
2.01296e+06,
2.01848e+06,
2.02387e+06,
2.02948e+06,
2.0349e+06,
2.04028e+06,
2.04562e+06,
2.05087e+06,
2.05605e+06,
2.06046e+06,
2.06582e+06,
2.07133e+06,
2.07682e+06,
2.08243e+06,
2.08796e+06,
2.09316e+06,
2.09864e+06,
2.10397e+06,
2.10923e+06,
2.11342e+06,
2.1187e+06,
2.12407e+06,
2.12946e+06,
2.13498e+06,
2.14048e+06,
2.14582e+06,
2.15115e+06,
2.15649e+06,
2.16168e+06,
2.16561e+06,
2.17096e+06,
2.17644e+06,
2.18171e+06,
2.18711e+06,
2.19272e+06,
2.19802e+06,
2.20332e+06,
2.20871e+06,
2.21382e+06,
2.21763e+06,
2.22303e+06,
2.2286e+06,
2.23412e+06,
2.2396e+06,
2.24512e+06,
2.25056e+06,
2.25605e+06,
2.26141e+06,
2.26654e+06,
2.27036e+06,
2.27582e+06,
2.28137e+06,
2.28686e+06,
2.29241e+06,
2.29784e+06,
2.30336e+06,
2.30867e+06,
2.31396e+06,
2.31911e+06,
2.32287e+06,
2.32826e+06,
2.33385e+06,
2.33924e+06,
2.34467e+06,
2.35026e+06,
2.3558e+06,
2.36114e+06,
2.36651e+06,
2.3716e+06,
2.37505e+06,
2.38043e+06,
2.38594e+06,
2.3916e+06,
2.39704e+06,
2.4027e+06,
2.4081e+06,
2.41338e+06,
2.41879e+06,
2.42375e+06,
2.42704e+06,
2.43252e+06,
2.43812e+06,
2.44371e+06,
2.44935e+06,
2.45491e+06,
2.46036e+06,
2.46572e+06,
2.47105e+06,
2.47613e+06,
2.47949e+06,
2.48503e+06,
2.49069e+06,
2.49627e+06,
2.50181e+06,
2.50725e+06,
2.51267e+06,
2.51805e+06,
2.52341e+06,
2.52853e+06,
2.53203e+06,
2.53737e+06,
2.54309e+06,
2.54877e+06,
2.55425e+06,
2.55952e+06,
2.56509e+06,
2.57045e+06,
2.57577e+06,
2.58084e+06,
2.58408e+06,
2.58946e+06,
2.59505e+06,
2.60076e+06,
2.60629e+06,
2.61223e+06,
2.61893e+06,
2.6255e+06,
2.63195e+06,
2.63822e+06,
2.64292e+06,
2.64966e+06,
2.65656e+06,
2.66342e+06,
2.67037e+06,
2.67707e+06,
2.68395e+06,
2.69064e+06,
2.69732e+06,
2.70387e+06,
2.70896e+06,
2.71583e+06,
2.7229e+06,
2.7299e+06,
2.73681e+06,
2.74371e+06,
2.75041e+06,
2.75728e+06,
2.76389e+06,
2.77061e+06,
2.77532e+06,
2.78229e+06,
2.78943e+06,
2.79664e+06,
2.80376e+06,
2.81097e+06,
2.818e+06,
2.82487e+06,
2.83163e+06,
2.83847e+06,
2.84341e+06,
2.85086e+06,
2.85822e+06,
2.86538e+06,
2.87265e+06,
2.87973e+06,
2.88648e+06,
2.893e+06,
2.89914e+06,
2.90407e+06,
2.89935e+06,
2.90669e+06,
2.91473e+06,
2.92277e+06,
2.93093e+06,
2.93892e+06,
2.94687e+06,
2.95464e+06,
2.96298e+06,
2.97114e+06,
2.97942e+06,
2.98759e+06,
2.99582e+06,
3.00389e+06,
3.0121e+06,
3.02056e+06,
3.02882e+06,
3.03722e+06,
3.0456e+06,
3.05381e+06,
3.06242e+06,
3.07117e+06,
3.07972e+06,
3.08868e+06,
3.09774e+06,
3.10664e+06,
3.11542e+06,
3.12549e+06,
3.13654e+06,
3.14779e+06,
3.15899e+06,
3.17049e+06,
3.18133e+06,
3.19257e+06,
3.20386e+06,
3.21526e+06,
3.22716e+06,
3.23883e+06,
3.25044e+06,
3.2618e+06,
3.27333e+06,
3.28498e+06,
3.29692e+06,
3.3087e+06,
3.32074e+06,
3.33273e+06,
3.34467e+06,
3.35668e+06,
3.36876e+06,
3.38154e+06,
3.39423e+06,
3.40664e+06,
3.4194e+06,
3.43209e+06,
3.4451e+06,
3.45794e+06,
3.47091e+06,
3.48422e+06,
3.49767e+06,
3.51151e+06,
3.52528e+06,
3.53916e+06,
3.55314e+06,
3.56699e+06,
3.58118e+06,
3.59536e+06,
3.60937e+06,
3.62358e+06,
3.63755e+06,
3.65151e+06,
3.66598e+06,
3.68078e+06,
3.69561e+06,
3.71014e+06,
3.72462e+06,
3.73914e+06,
3.75475e+06,
3.77022e+06,
3.78566e+06,
3.80109e+06,
3.81645e+06,
3.832e+06,
3.84791e+06,
3.86389e+06,
3.87977e+06,
3.89567e+06,
3.91239e+06,
3.92939e+06,
3.9465e+06,
3.96358e+06,
3.98059e+06,
3.99769e+06,
4.01501e+06,
4.0322e+06,
4.04962e+06,
4.06747e+06,
4.08512e+06,
375246,
375445,
375643,
375924,
376177,
376380,
376663,
376941,
377251,
377573,
377879,
378156,
378564,
378864,
379183,
379491,
379744,
380101,
380414,
380700,
380981,
381259,
381609,
381964,
382255,
382539,
382851,
383212,
383511,
383779,
384091,
384432,
384735,
385057,
385438,
385753,
386094,
386489,
386797,
387162,
387570,
387963,
388416,
388737,
389124,
389500,
389855,
390258,
390660,
391043,
391434,
391847,
392350,
392810,
393204,
393698,
394188,
394638,
395210,
395692,
396220,
396632,
397134,
397593,
398154,
398647,
399194,
399729,
400329,
400870,
401437,
401959,
402615,
403241,
403816,
404446,
405118,
405694,
406302,
407031,
407662,
408363,
409019,
409686,
410434,
411107,
411788,
412548,
413273,
414054,
414729,
415497,
416248,
416924,
417646,
418405,
419176,
419976,
420764,
421568,
422316,
423009,
423799,
424313,
425140,
426007,
426820,
427713,
428573,
429388,
430194,
431004,
431896,
432478,
433510,
434505,
435540,
436514,
437441,
438405,
439376,
440293,
441192,
441847,
442882,
443910,
444914,
445903,
446986,
447984,
448997,
450070,
451099,
451844,
452920,
454009,
455126,
456203,
457408,
458604,
459778,
460882,
461867,
462724,
464052,
465241,
466454,
467713,
468964,
470241,
471515,
472743,
473981,
474910,
476318,
477795,
479231,
480773,
482265,
483668,
485069,
486479,
487926,
488923,
490453,
491946,
493575,
495118,
496954,
498760,
500483,
502137,
503788,
505123,
506936,
508666,
510350,
512036,
513753,
515566,
517301,
519123,
520815,
522210,
523976,
525892,
527810,
529647,
531584,
533520,
535528,
537500,
539411,
540993,
542969,
544942,
546949,
548935,
550978,
552971,
555082,
557166,
559314,
560964,
563102,
565230,
567370,
569640,
571902,
574113,
576326,
578546,
580737,
582714,
585041,
587390,
589782,
592123,
594532,
596831,
599301,
601775,
604136,
606265,
608671,
611152,
613671,
616290,
618842,
621412,
623988,
626557,
629081,
631431,
634093,
636815,
639588,
642268,
644982,
647820,
650630,
653479,
656398,
658922,
661810,
664777,
667855,
670852,
673847,
676767,
679874,
682930,
686183,
689580,
692650,
695887,
699069,
702317,
705512,
708741,
711919,
715210,
718506,
721311,
724741,
728167,
731613,
735134,
738695,
742183,
745647,
749195,
752741,
756493,
760123,
763750,
767401,
770974,
774583,
778254,
781903,
785537,
789144,
793050,
796731,
800507,
804210,
807967,
811705,
815455,
819224,
822910,
826658,
830670,
834326,
838132,
842110,
846094,
849908,
853796,
857691,
861477,
865379,
869316,
873128,
876973,
880893,
884862,
888790,
892695,
896747,
900714,
904609,
908466,
912382,
916462,
920461,
924422,
928599,
932688,
936604,
940728,
944606,
948317,
952534,
956706,
960785,
964861,
969094,
973246,
977482,
981538,
985624,
989386,
993592,
997819,
1.00207e+06,
1.00636e+06,
1.01059e+06,
1.01499e+06,
1.01923e+06,
1.02349e+06,
1.02782e+06,
1.0315e+06,
1.03579e+06,
1.04e+06,
1.04422e+06,
1.04861e+06,
1.05289e+06,
1.0573e+06,
1.0616e+06,
1.06589e+06,
1.07017e+06,
1.0739e+06,
1.07837e+06,
1.08279e+06,
1.0873e+06,
1.09176e+06,
1.09624e+06,
1.10078e+06,
1.10528e+06,
1.10973e+06,
1.11405e+06,
1.11788e+06,
1.12237e+06,
1.12709e+06,
1.13171e+06,
1.13626e+06,
1.14093e+06,
1.14559e+06,
1.15029e+06,
1.15495e+06,
1.15969e+06,
1.16516e+06,
1.16982e+06,
1.1745e+06,
1.1791e+06,
1.1836e+06,
1.1883e+06,
1.19284e+06,
1.19738e+06,
1.20179e+06,
1.20631e+06,
1.21011e+06,
1.21483e+06,
1.21949e+06,
1.22417e+06,
1.22889e+06,
1.23353e+06,
1.23822e+06,
1.24294e+06,
1.24759e+06,
1.25219e+06,
1.25644e+06,
1.26119e+06,
1.26603e+06,
1.27083e+06,
1.27566e+06,
1.28037e+06,
1.28518e+06,
1.29003e+06,
1.29472e+06,
1.29928e+06,
1.30352e+06,
1.30835e+06,
1.31327e+06,
1.31812e+06,
1.32291e+06,
1.32782e+06,
1.33261e+06,
1.33741e+06,
1.34214e+06,
1.34681e+06,
1.35095e+06,
1.35574e+06,
1.36069e+06,
1.36562e+06,
1.37055e+06,
1.37549e+06,
1.38041e+06,
1.38519e+06,
1.39014e+06,
1.39496e+06,
1.39915e+06,
1.40403e+06,
1.40889e+06,
1.4139e+06,
1.41879e+06,
1.4238e+06,
1.42869e+06,
1.43359e+06,
1.43849e+06,
1.44322e+06,
1.44738e+06,
1.45233e+06,
1.4573e+06,
1.46244e+06,
1.46744e+06,
1.47252e+06,
1.47755e+06,
1.48256e+06,
1.48755e+06,
1.49233e+06,
1.49653e+06,
1.50166e+06,
1.50665e+06,
1.51168e+06,
1.51672e+06,
1.52176e+06,
1.52676e+06,
1.53181e+06,
1.5369e+06,
1.54181e+06,
1.54601e+06,
1.55107e+06,
1.55634e+06,
1.56147e+06,
1.56661e+06,
1.57164e+06,
1.57658e+06,
1.58168e+06,
1.58662e+06,
1.59166e+06,
1.5956e+06,
1.60065e+06,
1.60579e+06,
1.61086e+06,
1.61603e+06,
1.62113e+06,
1.62631e+06,
1.63136e+06,
1.6366e+06,
1.6417e+06,
1.64623e+06,
1.65143e+06,
1.6566e+06,
1.66192e+06,
1.66715e+06,
1.67234e+06,
1.67743e+06,
1.68258e+06,
1.68769e+06,
1.69287e+06,
1.69747e+06,
1.70266e+06,
1.70788e+06,
1.71309e+06,
1.7184e+06,
1.72366e+06,
1.72879e+06,
1.73394e+06,
1.7391e+06,
1.74408e+06,
1.74828e+06,
1.75358e+06,
1.75873e+06,
1.76384e+06,
1.76913e+06,
1.77448e+06,
1.77966e+06,
1.78477e+06,
1.78987e+06,
1.79486e+06,
1.7988e+06,
1.80418e+06,
1.80956e+06,
1.81466e+06,
1.81986e+06,
1.82521e+06,
1.83053e+06,
1.83589e+06,
1.841e+06,
1.84597e+06,
1.85009e+06,
1.85555e+06,
1.86093e+06,
1.86636e+06,
1.87168e+06,
1.87689e+06,
1.88217e+06,
1.88743e+06,
1.89271e+06,
1.89787e+06,
1.90216e+06,
1.90757e+06,
1.91306e+06,
1.9185e+06,
1.92398e+06,
1.92949e+06,
1.93497e+06,
1.94029e+06,
1.94546e+06,
1.95052e+06,
1.95429e+06,
1.95979e+06,
1.96531e+06,
1.97069e+06,
1.97631e+06,
1.98186e+06,
1.98731e+06,
1.99274e+06,
1.99811e+06,
2.00338e+06,
2.007e+06,
2.01246e+06,
2.0181e+06,
2.02361e+06,
2.02911e+06,
2.03469e+06,
2.04026e+06,
2.04579e+06,
2.05128e+06,
2.05662e+06,
2.06095e+06,
2.06651e+06,
2.07207e+06,
2.07769e+06,
2.08318e+06,
2.08881e+06,
2.0944e+06,
2.09992e+06,
2.1054e+06,
2.11075e+06,
2.11512e+06,
2.12063e+06,
2.12615e+06,
2.13165e+06,
2.13732e+06,
2.14298e+06,
2.1485e+06,
2.1539e+06,
2.15923e+06,
2.16446e+06,
2.16837e+06,
2.17395e+06,
2.17948e+06,
2.18502e+06,
2.19042e+06,
2.19592e+06,
2.2016e+06,
2.20712e+06,
2.21257e+06,
2.21783e+06,
2.22169e+06,
2.22714e+06,
2.23263e+06,
2.23821e+06,
2.24364e+06,
2.24918e+06,
2.25471e+06,
2.26016e+06,
2.26566e+06,
2.27076e+06,
2.27447e+06,
2.27995e+06,
2.2855e+06,
2.29113e+06,
2.2967e+06,
2.30229e+06,
2.30779e+06,
2.3132e+06,
2.31864e+06,
2.32386e+06,
2.32746e+06,
2.33291e+06,
2.33843e+06,
2.34388e+06,
2.34947e+06,
2.35492e+06,
2.36037e+06,
2.36578e+06,
2.37109e+06,
2.37628e+06,
2.37984e+06,
2.38546e+06,
2.39114e+06,
2.39671e+06,
2.40214e+06,
2.40764e+06,
2.413e+06,
2.41838e+06,
2.42363e+06,
2.42866e+06,
2.43223e+06,
2.43781e+06,
2.44344e+06,
2.44912e+06,
2.45455e+06,
2.46007e+06,
2.46557e+06,
2.47103e+06,
2.47631e+06,
2.4815e+06,
2.48507e+06,
2.49063e+06,
2.49618e+06,
2.50186e+06,
2.5075e+06,
2.51296e+06,
2.5185e+06,
2.52393e+06,
2.52923e+06,
2.53426e+06,
2.53781e+06,
2.54339e+06,
2.54896e+06,
2.55436e+06,
2.55989e+06,
2.56548e+06,
2.57108e+06,
2.57657e+06,
2.58206e+06,
2.58702e+06,
2.59021e+06,
2.59575e+06,
2.60132e+06,
2.60683e+06,
2.61228e+06,
2.61778e+06,
2.62327e+06,
2.62868e+06,
2.63393e+06,
2.63913e+06,
2.64228e+06,
2.64786e+06,
2.65354e+06,
2.65906e+06,
2.66455e+06,
2.67014e+06,
2.67558e+06,
2.68096e+06,
2.68647e+06,
2.69178e+06,
2.69543e+06,
2.70099e+06,
2.70655e+06,
2.71205e+06,
2.71753e+06,
2.723e+06,
2.72851e+06,
2.73405e+06,
2.73935e+06,
2.74437e+06,
2.74747e+06,
2.75305e+06,
2.75856e+06,
2.76415e+06,
2.76965e+06,
2.77513e+06,
2.7807e+06,
2.78629e+06,
2.79188e+06,
2.79755e+06,
2.80239e+06,
2.80985e+06,
2.81773e+06,
2.82635e+06,
2.83505e+06,
2.84332e+06,
2.85147e+06,
2.85995e+06,
2.86764e+06,
2.87413e+06,
2.87121e+06,
2.88041e+06,
2.89009e+06,
2.89985e+06,
2.90961e+06,
2.91943e+06,
2.92936e+06,
2.93923e+06,
2.94911e+06,
2.95899e+06,
2.969e+06,
2.97945e+06,
2.98953e+06,
2.99976e+06,
3.00979e+06,
3.02022e+06,
3.03046e+06,
3.04082e+06,
3.051e+06,
3.06135e+06,
3.07181e+06,
3.08278e+06,
3.09358e+06,
3.1047e+06,
3.11566e+06,
3.12707e+06,
3.13856e+06,
3.15037e+06,
3.16193e+06,
3.17353e+06,
3.185e+06,
3.19655e+06,
3.20828e+06,
3.22013e+06,
3.23186e+06,
3.24378e+06,
3.25592e+06,
3.26768e+06,
3.27957e+06,
3.2919e+06,
3.3041e+06,
3.31607e+06,
3.32832e+06,
3.3401e+06,
3.35241e+06,
3.36481e+06,
3.37722e+06,
3.38971e+06,
3.40227e+06,
3.41483e+06,
3.42729e+06,
3.44044e+06,
3.45363e+06,
3.46683e+06,
3.48019e+06,
3.49354e+06,
3.50729e+06,
3.52111e+06,
3.53529e+06,
3.54919e+06,
3.56304e+06,
3.57703e+06,
3.5908e+06,
3.60453e+06,
3.61917e+06,
3.63371e+06,
3.6481e+06,
3.66238e+06,
3.6771e+06,
3.69151e+06,
3.70619e+06,
3.72106e+06,
3.73563e+06,
3.75055e+06,
3.76539e+06,
3.78041e+06,
3.79544e+06,
3.81063e+06,
3.82604e+06,
3.84163e+06,
3.85716e+06,
3.87269e+06,
3.88878e+06,
3.90491e+06,
3.92135e+06,
3.93799e+06,
3.95459e+06,
3.97118e+06,
3.98804e+06,
4.00472e+06,
4.02135e+06,
4.03888e+06,
4.05636e+06,
4.07373e+06,
4.09094e+06,
4.10816e+06,
4.12575e+06,
375246,
375452,
375648,
375936,
376216,
376411,
376696,
376995,
377323,
377611,
377968,
378218,
378629,
378953,
379247,
379571,
379863,
380168,
380487,
380783,
381058,
381424,
381744,
382085,
382402,
382772,
383062,
383342,
383681,
383949,
384224,
384593,
384910,
385223,
385599,
385950,
386297,
386671,
387020,
387414,
387865,
388232,
388661,
389020,
389452,
389844,
390203,
390583,
390997,
391423,
391821,
392232,
392675,
393133,
393590,
394083,
394614,
395136,
395603,
396114,
396562,
397012,
397590,
398108,
398597,
399117,
399707,
400264,
400904,
401488,
402131,
402721,
403378,
404075,
404720,
405348,
405949,
406636,
407278,
407938,
408599,
409216,
409873,
410519,
411171,
411926,
412624,
413356,
414139,
414923,
415659,
416464,
417187,
417907,
418683,
419439,
420256,
421013,
421911,
422735,
423440,
424289,
425157,
425731,
426476,
427326,
428269,
429141,
429975,
430815,
431664,
432580,
433534,
434277,
435254,
436224,
437226,
438262,
439251,
440189,
441055,
441989,
442949,
443597,
444631,
445717,
446700,
447693,
448661,
449698,
450746,
451804,
452794,
453466,
454565,
455706,
456857,
458105,
459267,
460420,
461576,
462678,
463777,
464606,
465819,
467034,
468239,
469603,
470887,
472075,
473283,
474506,
475690,
476591,
478095,
479544,
480956,
482443,
483807,
485357,
486822,
488290,
489591,
490510,
492146,
493654,
495472,
497263,
499067,
500650,
502337,
503968,
505591,
506870,
508531,
510200,
511984,
513787,
515626,
517360,
519032,
520776,
522548,
523999,
525878,
527775,
529678,
531528,
533550,
535575,
537393,
539258,
541020,
542458,
544426,
546377,
548357,
550417,
552561,
554678,
556761,
558735,
560728,
562426,
564563,
566727,
568779,
570847,
573194,
575496,
577811,
580030,
582383,
584211,
586556,
588935,
591328,
593576,
595947,
598383,
600818,
603148,
605554,
607630,
610135,
612680,
615082,
617574,
620122,
622711,
625224,
627713,
630231,
632513,
635237,
637941,
640601,
643235,
646033,
648883,
651694,
654441,
657237,
659673,
662616,
665505,
668577,
671494,
674360,
677461,
680590,
683656,
686835,
690080,
693200,
696308,
699561,
702778,
705966,
709131,
712265,
715508,
718676,
721541,
724860,
728293,
731687,
735054,
738467,
741993,
745473,
749133,
752625,
756477,
759986,
763570,
767114,
770706,
774307,
777982,
781594,
785315,
788898,
792690,
796312,
800015,
803680,
807293,
810945,
814740,
818627,
822361,
826049,
829842,
833699,
837421,
841296,
845219,
848927,
852673,
856505,
860576,
864465,
868415,
872325,
876190,
880044,
883972,
887867,
891670,
895487,
899538,
903471,
907167,
911106,
915197,
919184,
923288,
927360,
931389,
935391,
939380,
943358,
946915,
950980,
955221,
959275,
963459,
967563,
971648,
975783,
979981,
984074,
987814,
991858,
996118,
1.00035e+06,
1.00464e+06,
1.00888e+06,
1.01309e+06,
1.0173e+06,
1.02151e+06,
1.02569e+06,
1.02932e+06,
1.0335e+06,
1.03777e+06,
1.0421e+06,
1.04653e+06,
1.05092e+06,
1.05534e+06,
1.05951e+06,
1.06383e+06,
1.06817e+06,
1.07185e+06,
1.07608e+06,
1.08059e+06,
1.08512e+06,
1.08956e+06,
1.09402e+06,
1.09854e+06,
1.10295e+06,
1.10735e+06,
1.11172e+06,
1.11552e+06,
1.11997e+06,
1.12458e+06,
1.12923e+06,
1.13399e+06,
1.13861e+06,
1.14327e+06,
1.14786e+06,
1.15259e+06,
1.15734e+06,
1.16261e+06,
1.16724e+06,
1.17181e+06,
1.17635e+06,
1.18093e+06,
1.18545e+06,
1.19003e+06,
1.19466e+06,
1.19926e+06,
1.20372e+06,
1.2073e+06,
1.21203e+06,
1.21667e+06,
1.2215e+06,
1.22618e+06,
1.23085e+06,
1.23542e+06,
1.24024e+06,
1.24495e+06,
1.24949e+06,
1.25376e+06,
1.25852e+06,
1.26327e+06,
1.26805e+06,
1.27269e+06,
1.27755e+06,
1.28222e+06,
1.28691e+06,
1.2917e+06,
1.29641e+06,
1.30068e+06,
1.30551e+06,
1.31034e+06,
1.31506e+06,
1.3199e+06,
1.32467e+06,
1.32943e+06,
1.33419e+06,
1.33886e+06,
1.34366e+06,
1.34785e+06,
1.35277e+06,
1.35761e+06,
1.36243e+06,
1.36734e+06,
1.37219e+06,
1.3771e+06,
1.38188e+06,
1.38665e+06,
1.39153e+06,
1.39558e+06,
1.40041e+06,
1.4053e+06,
1.41019e+06,
1.41513e+06,
1.42014e+06,
1.42494e+06,
1.42996e+06,
1.43501e+06,
1.43986e+06,
1.44412e+06,
1.44904e+06,
1.45387e+06,
1.45894e+06,
1.46389e+06,
1.46888e+06,
1.47389e+06,
1.4787e+06,
1.48369e+06,
1.48859e+06,
1.49292e+06,
1.49794e+06,
1.50294e+06,
1.50818e+06,
1.51314e+06,
1.51801e+06,
1.523e+06,
1.5282e+06,
1.53311e+06,
1.53806e+06,
1.54239e+06,
1.54752e+06,
1.55254e+06,
1.55753e+06,
1.56256e+06,
1.56761e+06,
1.57264e+06,
1.57768e+06,
1.58269e+06,
1.58758e+06,
1.59167e+06,
1.59685e+06,
1.60217e+06,
1.60739e+06,
1.61249e+06,
1.61775e+06,
1.62298e+06,
1.62818e+06,
1.63333e+06,
1.63861e+06,
1.64305e+06,
1.6483e+06,
1.65366e+06,
1.6589e+06,
1.66427e+06,
1.66955e+06,
1.67481e+06,
1.67999e+06,
1.6852e+06,
1.69043e+06,
1.69492e+06,
1.70024e+06,
1.70563e+06,
1.71103e+06,
1.71645e+06,
1.72189e+06,
1.72716e+06,
1.73234e+06,
1.73754e+06,
1.74279e+06,
1.74709e+06,
1.75236e+06,
1.75776e+06,
1.76311e+06,
1.76836e+06,
1.77359e+06,
1.77886e+06,
1.78404e+06,
1.78921e+06,
1.79444e+06,
1.79855e+06,
1.80378e+06,
1.80924e+06,
1.81459e+06,
1.8201e+06,
1.82542e+06,
1.83075e+06,
1.8362e+06,
1.84155e+06,
1.84669e+06,
1.8511e+06,
1.85632e+06,
1.86184e+06,
1.86714e+06,
1.87246e+06,
1.87786e+06,
1.88327e+06,
1.88857e+06,
1.89377e+06,
1.89897e+06,
1.90347e+06,
1.9089e+06,
1.91436e+06,
1.91988e+06,
1.92538e+06,
1.93088e+06,
1.93629e+06,
1.94162e+06,
1.94686e+06,
1.95194e+06,
1.95586e+06,
1.96132e+06,
1.96681e+06,
1.97222e+06,
1.97773e+06,
1.98329e+06,
1.98881e+06,
1.99429e+06,
1.9995e+06,
2.00457e+06,
2.00838e+06,
2.01384e+06,
2.01931e+06,
2.02486e+06,
2.03047e+06,
2.03597e+06,
2.0415e+06,
2.04702e+06,
2.0525e+06,
2.05788e+06,
2.06238e+06,
2.06788e+06,
2.07367e+06,
2.07924e+06,
2.08478e+06,
2.09021e+06,
2.0958e+06,
2.10119e+06,
2.10642e+06,
2.11186e+06,
2.11626e+06,
2.12181e+06,
2.12737e+06,
2.13308e+06,
2.13849e+06,
2.14403e+06,
2.14954e+06,
2.15505e+06,
2.16037e+06,
2.16561e+06,
2.1697e+06,
2.1754e+06,
2.18085e+06,
2.18634e+06,
2.19185e+06,
2.19737e+06,
2.203e+06,
2.20841e+06,
2.21375e+06,
2.21889e+06,
2.22282e+06,
2.22832e+06,
2.23394e+06,
2.23967e+06,
2.24525e+06,
2.25085e+06,
2.25633e+06,
2.26184e+06,
2.26725e+06,
2.27241e+06,
2.27632e+06,
2.28188e+06,
2.28743e+06,
2.29299e+06,
2.29842e+06,
2.30386e+06,
2.30941e+06,
2.3151e+06,
2.32031e+06,
2.32552e+06,
2.32938e+06,
2.33494e+06,
2.34055e+06,
2.34622e+06,
2.35179e+06,
2.35735e+06,
2.36284e+06,
2.36828e+06,
2.37366e+06,
2.37896e+06,
2.38255e+06,
2.38803e+06,
2.39365e+06,
2.39916e+06,
2.40474e+06,
2.41022e+06,
2.41562e+06,
2.42106e+06,
2.42637e+06,
2.43159e+06,
2.43527e+06,
2.44085e+06,
2.44646e+06,
2.45209e+06,
2.45776e+06,
2.46334e+06,
2.46881e+06,
2.47419e+06,
2.47952e+06,
2.48453e+06,
2.48817e+06,
2.49371e+06,
2.49946e+06,
2.50502e+06,
2.51058e+06,
2.51632e+06,
2.5219e+06,
2.52737e+06,
2.53264e+06,
2.53782e+06,
2.54127e+06,
2.54692e+06,
2.55264e+06,
2.55824e+06,
2.56382e+06,
2.56945e+06,
2.57517e+06,
2.58057e+06,
2.58585e+06,
2.59115e+06,
2.5946e+06,
2.60039e+06,
2.60657e+06,
2.61375e+06,
2.62081e+06,
2.6283e+06,
2.6358e+06,
2.64279e+06,
2.64988e+06,
2.65684e+06,
2.66204e+06,
2.66944e+06,
2.67701e+06,
2.6846e+06,
2.69204e+06,
2.6996e+06,
2.70719e+06,
2.71475e+06,
2.7221e+06,
2.72942e+06,
2.73503e+06,
2.74283e+06,
2.75053e+06,
2.75828e+06,
2.76593e+06,
2.77382e+06,
2.78161e+06,
2.78934e+06,
2.7969e+06,
2.80403e+06,
2.8095e+06,
2.81723e+06,
2.82517e+06,
2.83315e+06,
2.8411e+06,
2.84896e+06,
2.8571e+06,
2.86526e+06,
2.87361e+06,
2.88134e+06,
2.88726e+06,
2.89564e+06,
2.90398e+06,
2.91234e+06,
2.9207e+06,
2.9286e+06,
2.93668e+06,
2.94433e+06,
2.95147e+06,
2.95748e+06,
2.95427e+06,
2.96339e+06,
2.97252e+06,
2.98178e+06,
2.99117e+06,
3.00043e+06,
3.00947e+06,
3.01919e+06,
3.02905e+06,
3.03842e+06,
3.04783e+06,
3.05753e+06,
3.06707e+06,
3.07676e+06,
3.08655e+06,
3.09648e+06,
3.10619e+06,
3.11633e+06,
3.12653e+06,
3.13666e+06,
3.14719e+06,
3.15781e+06,
3.16798e+06,
3.17835e+06,
3.18878e+06,
3.19941e+06,
3.20992e+06,
3.22067e+06,
3.23133e+06,
3.24208e+06,
3.25324e+06,
3.26543e+06,
3.27766e+06,
3.2899e+06,
3.30261e+06,
3.31521e+06,
3.32788e+06,
3.34051e+06,
3.35304e+06,
3.36569e+06,
3.37832e+06,
3.39138e+06,
3.40429e+06,
3.41728e+06,
3.43026e+06,
3.44322e+06,
3.45636e+06,
3.46993e+06,
3.48347e+06,
3.49711e+06,
3.51089e+06,
3.52466e+06,
3.53825e+06,
3.55211e+06,
3.56586e+06,
3.58026e+06,
3.59449e+06,
3.60853e+06,
3.62241e+06,
3.63643e+06,
3.65069e+06,
3.66521e+06,
3.68039e+06,
3.69525e+06,
3.70995e+06,
3.72463e+06,
3.73944e+06,
3.7546e+06,
3.7695e+06,
3.78489e+06,
3.79983e+06,
3.81512e+06,
3.83057e+06,
3.84608e+06,
3.86205e+06,
3.87778e+06,
3.89418e+06,
3.91081e+06,
3.92718e+06,
3.94347e+06,
3.95979e+06,
3.97621e+06,
3.99273e+06,
4.00983e+06,
4.02654e+06,
4.04311e+06,
4.06013e+06,
4.07734e+06,
4.09437e+06,
4.11171e+06,
4.12942e+06,
4.14751e+06,
4.16542e+06,
4.18334e+06,
4.20149e+06,
4.2193e+06,
4.23704e+06,
375246,
375452,
375651,
375955,
376217,
376400,
376722,
377040,
377369,
377702,
377995,
378258,
378712,
379021,
379369,
379651,
379955,
380285,
380554,
380844,
381174,
381527,
381905,
382171,
382583,
382897,
383200,
383528,
383840,
384097,
384438,
384765,
385107,
385428,
385811,
386164,
386501,
386882,
387305,
387659,
388036,
388421,
388875,
389306,
389731,
390113,
390534,
390968,
391367,
391744,
392178,
392600,
393067,
393498,
394003,
394496,
394988,
395456,
395940,
396455,
396967,
397551,
398106,
398678,
399227,
399807,
400404,
400991,
401557,
402157,
402773,
403397,
403988,
404614,
405281,
405897,
406600,
407349,
408088,
408690,
409306,
409962,
410706,
411334,
412075,
412771,
413477,
414271,
415074,
415883,
416647,
417400,
418129,
418917,
419790,
420672,
421490,
422366,
423134,
423949,
424716,
425596,
426360,
426977,
427762,
428640,
429462,
430342,
431249,
432137,
433051,
433909,
434867,
435670,
436670,
437737,
438734,
439678,
440641,
441568,
442510,
443451,
444416,
445050,
446054,
447083,
448125,
449197,
450241,
451291,
452360,
453389,
454446,
455156,
456338,
457446,
458586,
459750,
460931,
462045,
463212,
464371,
465519,
466288,
467398,
468645,
469852,
471189,
472515,
473718,
474934,
476126,
477447,
478383,
479787,
481123,
482492,
484023,
485463,
486929,
488311,
489684,
491192,
492240,
493749,
495635,
497461,
499050,
500694,
502311,
503913,
505550,
507063,
508439,
510063,
511810,
513557,
515314,
517147,
518896,
520593,
522310,
523900,
525456,
527318,
529187,
531155,
533026,
534909,
536894,
538843,
540709,
542566,
544106,
546006,
547940,
550055,
552046,
554009,
556107,
558092,
560061,
562008,
563733,
565721,
567879,
570175,
572363,
574521,
576623,
578831,
580977,
583285,
585172,
587409,
589624,
592035,
594548,
596918,
599202,
601590,
603950,
606391,
608477,
610834,
613267,
615755,
618315,
620912,
623416,
625945,
628487,
630932,
633284,
635782,
638323,
641008,
643750,
646537,
649274,
651981,
654746,
657560,
660096,
662901,
665766,
668652,
671509,
674605,
677592,
680613,
683726,
686735,
689964,
693046,
696225,
699353,
702430,
705639,
708834,
712002,
715067,
718233,
721162,
724214,
727570,
731045,
734468,
737880,
741277,
744683,
748195,
751699,
755308,
758885,
762370,
765919,
769480,
773093,
776861,
780476,
783980,
787489,
791193,
794832,
798461,
802093,
805734,
809477,
813267,
816961,
820831,
824605,
828297,
832041,
835876,
839535,
843387,
847194,
850996,
854827,
858649,
862491,
866282,
870165,
874056,
877876,
881719,
885588,
889485,
893505,
897402,
901288,
905085,
909038,
913002,
916980,
920857,
924687,
928720,
932612,
936603,
940482,
944179,
948102,
952146,
956387,
960510,
964627,
968918,
973098,
977288,
981342,
985217,
989173,
993263,
997276,
1.00139e+06,
1.00561e+06,
1.00979e+06,
1.01392e+06,
1.01824e+06,
1.02232e+06,
1.02613e+06,
1.03035e+06,
1.0345e+06,
1.03887e+06,
1.04323e+06,
1.04746e+06,
1.05182e+06,
1.05609e+06,
1.06048e+06,
1.06473e+06,
1.06851e+06,
1.07277e+06,
1.07705e+06,
1.08143e+06,
1.08582e+06,
1.09019e+06,
1.09461e+06,
1.09887e+06,
1.10316e+06,
1.10754e+06,
1.11159e+06,
1.11607e+06,
1.12063e+06,
1.12526e+06,
1.12993e+06,
1.13448e+06,
1.13902e+06,
1.14374e+06,
1.14842e+06,
1.15314e+06,
1.15833e+06,
1.16305e+06,
1.16761e+06,
1.17208e+06,
1.17661e+06,
1.18118e+06,
1.18571e+06,
1.19027e+06,
1.19476e+06,
1.19925e+06,
1.20304e+06,
1.20745e+06,
1.21228e+06,
1.21694e+06,
1.22167e+06,
1.22626e+06,
1.23096e+06,
1.23565e+06,
1.24037e+06,
1.24493e+06,
1.2493e+06,
1.25389e+06,
1.25869e+06,
1.26341e+06,
1.26806e+06,
1.2728e+06,
1.27763e+06,
1.28232e+06,
1.28706e+06,
1.29163e+06,
1.29585e+06,
1.3006e+06,
1.3054e+06,
1.31029e+06,
1.3152e+06,
1.32002e+06,
1.32478e+06,
1.32948e+06,
1.33434e+06,
1.33915e+06,
1.3434e+06,
1.34814e+06,
1.35307e+06,
1.35805e+06,
1.36287e+06,
1.36769e+06,
1.37266e+06,
1.37753e+06,
1.38238e+06,
1.38724e+06,
1.39142e+06,
1.39618e+06,
1.40116e+06,
1.40623e+06,
1.41132e+06,
1.41653e+06,
1.4214e+06,
1.42632e+06,
1.43116e+06,
1.43606e+06,
1.44046e+06,
1.44532e+06,
1.45043e+06,
1.45546e+06,
1.46059e+06,
1.46566e+06,
1.47074e+06,
1.47574e+06,
1.48065e+06,
1.4856e+06,
1.49003e+06,
1.49493e+06,
1.50011e+06,
1.50524e+06,
1.51043e+06,
1.51569e+06,
1.52077e+06,
1.52601e+06,
1.53112e+06,
1.53601e+06,
1.54046e+06,
1.54562e+06,
1.55066e+06,
1.55576e+06,
1.561e+06,
1.56619e+06,
1.57128e+06,
1.57638e+06,
1.58144e+06,
1.5865e+06,
1.59071e+06,
1.59574e+06,
1.60104e+06,
1.60618e+06,
1.61137e+06,
1.6168e+06,
1.62216e+06,
1.62742e+06,
1.63256e+06,
1.63769e+06,
1.6425e+06,
1.64765e+06,
1.65299e+06,
1.65826e+06,
1.66361e+06,
1.66889e+06,
1.67416e+06,
1.67942e+06,
1.68462e+06,
1.68976e+06,
1.69455e+06,
1.69988e+06,
1.70526e+06,
1.71063e+06,
1.71592e+06,
1.72113e+06,
1.72649e+06,
1.73184e+06,
1.73711e+06,
1.74221e+06,
1.74665e+06,
1.75217e+06,
1.75753e+06,
1.76291e+06,
1.76816e+06,
1.77348e+06,
1.77887e+06,
1.78407e+06,
1.78916e+06,
1.79418e+06,
1.79838e+06,
1.80361e+06,
1.80912e+06,
1.81462e+06,
1.82002e+06,
1.82541e+06,
1.8306e+06,
1.83592e+06,
1.84121e+06,
1.8464e+06,
1.85082e+06,
1.85602e+06,
1.86151e+06,
1.86701e+06,
1.87251e+06,
1.8779e+06,
1.88332e+06,
1.88854e+06,
1.89379e+06,
1.89902e+06,
1.90361e+06,
1.90891e+06,
1.91432e+06,
1.91982e+06,
1.92524e+06,
1.93074e+06,
1.93616e+06,
1.94145e+06,
1.94665e+06,
1.95184e+06,
1.95603e+06,
1.96149e+06,
1.96688e+06,
1.97244e+06,
1.97795e+06,
1.9834e+06,
1.98893e+06,
1.9942e+06,
1.99951e+06,
2.00463e+06,
2.00862e+06,
2.01406e+06,
2.01956e+06,
2.02505e+06,
2.0308e+06,
2.03635e+06,
2.04201e+06,
2.04754e+06,
2.05307e+06,
2.05825e+06,
2.06274e+06,
2.06819e+06,
2.0739e+06,
2.07938e+06,
2.08493e+06,
2.09044e+06,
2.09616e+06,
2.10156e+06,
2.10715e+06,
2.1124e+06,
2.11673e+06,
2.12212e+06,
2.12774e+06,
2.13324e+06,
2.13891e+06,
2.14437e+06,
2.14987e+06,
2.15523e+06,
2.16056e+06,
2.16597e+06,
2.17013e+06,
2.17558e+06,
2.18118e+06,
2.18663e+06,
2.19222e+06,
2.19791e+06,
2.20347e+06,
2.20888e+06,
2.2143e+06,
2.21954e+06,
2.22369e+06,
2.22921e+06,
2.23475e+06,
2.24034e+06,
2.24583e+06,
2.25137e+06,
2.25684e+06,
2.26218e+06,
2.26753e+06,
2.27268e+06,
2.27662e+06,
2.2821e+06,
2.28772e+06,
2.29337e+06,
2.29889e+06,
2.30452e+06,
2.31003e+06,
2.31566e+06,
2.32112e+06,
2.32626e+06,
2.33014e+06,
2.33562e+06,
2.3413e+06,
2.34695e+06,
2.35249e+06,
2.35804e+06,
2.36363e+06,
2.36902e+06,
2.37441e+06,
2.37962e+06,
2.3834e+06,
2.38887e+06,
2.39442e+06,
2.40025e+06,
2.40619e+06,
2.41189e+06,
2.41808e+06,
2.42506e+06,
2.43198e+06,
2.43866e+06,
2.44389e+06,
2.45085e+06,
2.45807e+06,
2.46522e+06,
2.47263e+06,
2.47968e+06,
2.48687e+06,
2.49409e+06,
2.50108e+06,
2.50797e+06,
2.51336e+06,
2.52061e+06,
2.52828e+06,
2.53578e+06,
2.54301e+06,
2.55047e+06,
2.55798e+06,
2.56557e+06,
2.57265e+06,
2.57987e+06,
2.58533e+06,
2.59275e+06,
2.60037e+06,
2.60808e+06,
2.61555e+06,
2.62303e+06,
2.63047e+06,
2.63794e+06,
2.64533e+06,
2.65269e+06,
2.65859e+06,
2.6665e+06,
2.67462e+06,
2.6827e+06,
2.69064e+06,
2.69863e+06,
2.70691e+06,
2.71514e+06,
2.72331e+06,
2.73101e+06,
2.73721e+06,
2.74546e+06,
2.75401e+06,
2.76261e+06,
2.77105e+06,
2.77951e+06,
2.78785e+06,
2.79607e+06,
2.80429e+06,
2.81246e+06,
2.81952e+06,
2.82822e+06,
2.83695e+06,
2.84531e+06,
2.85386e+06,
2.86247e+06,
2.87116e+06,
2.88004e+06,
2.88867e+06,
2.89703e+06,
2.90378e+06,
2.91263e+06,
2.9218e+06,
2.93093e+06,
2.94046e+06,
2.95e+06,
2.95921e+06,
2.96849e+06,
2.97765e+06,
2.98659e+06,
2.99394e+06,
3.00386e+06,
3.01338e+06,
3.02281e+06,
3.03193e+06,
3.04122e+06,
3.05028e+06,
3.0592e+06,
3.06815e+06,
3.07521e+06,
3.0737e+06,
3.08361e+06,
3.09387e+06,
3.10434e+06,
3.11482e+06,
3.12579e+06,
3.13658e+06,
3.1471e+06,
3.1578e+06,
3.16845e+06,
3.17911e+06,
3.18988e+06,
3.20105e+06,
3.21199e+06,
3.22302e+06,
3.23436e+06,
3.24534e+06,
3.25662e+06,
3.26808e+06,
3.2796e+06,
3.29138e+06,
3.30291e+06,
3.31445e+06,
3.32592e+06,
3.33738e+06,
3.34911e+06,
3.36101e+06,
3.37303e+06,
3.38499e+06,
3.39689e+06,
3.40851e+06,
3.42048e+06,
3.43268e+06,
3.44466e+06,
3.45707e+06,
3.46931e+06,
3.48141e+06,
3.4937e+06,
3.5061e+06,
3.51866e+06,
3.53091e+06,
3.54369e+06,
3.55639e+06,
3.56955e+06,
3.58257e+06,
3.59591e+06,
3.60899e+06,
3.62236e+06,
3.63613e+06,
3.64974e+06,
3.66317e+06,
3.67664e+06,
3.69021e+06,
3.70346e+06,
3.71711e+06,
3.73072e+06,
3.74467e+06,
3.75862e+06,
3.77259e+06,
3.78631e+06,
3.80028e+06,
3.81409e+06,
3.82786e+06,
3.84276e+06,
3.85755e+06,
3.87185e+06,
3.88618e+06,
3.90059e+06,
3.91587e+06,
3.93249e+06,
3.94972e+06,
3.96696e+06,
3.98423e+06,
4.0011e+06,
4.01826e+06,
4.03578e+06,
4.053e+06,
4.07045e+06,
4.08842e+06,
4.10643e+06,
4.12414e+06,
4.1419e+06,
4.15987e+06,
4.17779e+06,
4.19614e+06,
4.21655e+06,
4.24278e+06,
4.26965e+06,
4.29591e+06,
4.32241e+06,
4.34893e+06,
4.37541e+06,
4.4019e+06,
4.42945e+06,
4.45692e+06,
4.48451e+06,
4.51274e+06,
375246,
375462,
375670,
375971,
376221,
376415,
376780,
377096,
377424,
377787,
378059,
378361,
378759,
379105,
379456,
379728,
380036,
380397,
380657,
380981,
381293,
381648,
382001,
382370,
382710,
382976,
383329,
383690,
383978,
384239,
384548,
384870,
385278,
385655,
386036,
386336,
386692,
387123,
387539,
387893,
388262,
388635,
389041,
389515,
389906,
390362,
390795,
391204,
391663,
392053,
392473,
392909,
393441,
393838,
394356,
394876,
395377,
395890,
396415,
396952,
397501,
398066,
398576,
399172,
399751,
400320,
400908,
401552,
402189,
402767,
403359,
403966,
404547,
405230,
405861,
406488,
407153,
407874,
408568,
409235,
409944,
410636,
411410,
412139,
412889,
413639,
414408,
415173,
415964,
416803,
417615,
418362,
419253,
419988,
420726,
421581,
422456,
423311,
424117,
424950,
425837,
426611,
427421,
428115,
428860,
429816,
430668,
431535,
432439,
433283,
434159,
435042,
436055,
436886,
437852,
438905,
439839,
440825,
441853,
442836,
443815,
444816,
445740,
446517,
447464,
448590,
449664,
450674,
451665,
452767,
453758,
454857,
455940,
456872,
457783,
458978,
460161,
461300,
462452,
463528,
464642,
465780,
466913,
467857,
468960,
470173,
471467,
472686,
473959,
475225,
476453,
477695,
478939,
480008,
481117,
482577,
483992,
485420,
486917,
488314,
489723,
491141,
492521,
493937,
495472,
497177,
498771,
500396,
502020,
503632,
505213,
506807,
508375,
509844,
511412,
513157,
514825,
516561,
518256,
520010,
521637,
523435,
525180,
526674,
528416,
530322,
532249,
534197,
536129,
538143,
539909,
541772,
543531,
545263,
546924,
549065,
551092,
553030,
555061,
557062,
559046,
560951,
562993,
564769,
566705,
568856,
571072,
573203,
575344,
577553,
579740,
581859,
583950,
586004,
588054,
590331,
592671,
594930,
597336,
599678,
601923,
604307,
606577,
608791,
611126,
613642,
616150,
618642,
621163,
623731,
626116,
628557,
631104,
633442,
635901,
638534,
641150,
643866,
646649,
649341,
652048,
654668,
657308,
659977,
662515,
665380,
668300,
671249,
674209,
677115,
680074,
683065,
686096,
689203,
692270,
695366,
698413,
701468,
704590,
707850,
710950,
713908,
717049,
719871,
722961,
726225,
729634,
732971,
736371,
739751,
743156,
746627,
750081,
753628,
757163,
760450,
763827,
767439,
771093,
774727,
778269,
781865,
785442,
789116,
792836,
796387,
799908,
803421,
807018,
810819,
814573,
818226,
821894,
825693,
829548,
833262,
836991,
840667,
844361,
848170,
851920,
855726,
859540,
863346,
867215,
870961,
874809,
878611,
882487,
886408,
890409,
894200,
898049,
901823,
905598,
909551,
913511,
917395,
921275,
925226,
929251,
933129,
937044,
940701,
944580,
948598,
952725,
956852,
961067,
965133,
969214,
973261,
977313,
981027,
984908,
988990,
993111,
997270,
1.00149e+06,
1.00575e+06,
1.00988e+06,
1.01398e+06,
1.01821e+06,
1.02206e+06,
1.02592e+06,
1.03004e+06,
1.0343e+06,
1.03856e+06,
1.04298e+06,
1.0473e+06,
1.05155e+06,
1.05586e+06,
1.06003e+06,
1.06394e+06,
1.06797e+06,
1.07231e+06,
1.07657e+06,
1.08109e+06,
1.08531e+06,
1.08974e+06,
1.09419e+06,
1.09856e+06,
1.10292e+06,
1.10692e+06,
1.11113e+06,
1.11564e+06,
1.12014e+06,
1.1248e+06,
1.12948e+06,
1.1341e+06,
1.13883e+06,
1.14347e+06,
1.14829e+06,
1.15327e+06,
1.15825e+06,
1.1628e+06,
1.16728e+06,
1.17197e+06,
1.17655e+06,
1.18114e+06,
1.18573e+06,
1.19033e+06,
1.19471e+06,
1.19888e+06,
1.2032e+06,
1.20785e+06,
1.21251e+06,
1.21725e+06,
1.22189e+06,
1.22662e+06,
1.23131e+06,
1.2361e+06,
1.24076e+06,
1.24522e+06,
1.2498e+06,
1.25468e+06,
1.2594e+06,
1.26417e+06,
1.26886e+06,
1.27358e+06,
1.2785e+06,
1.28333e+06,
1.28822e+06,
1.29273e+06,
1.29734e+06,
1.30231e+06,
1.30718e+06,
1.31205e+06,
1.31681e+06,
1.32162e+06,
1.3264e+06,
1.33124e+06,
1.33605e+06,
1.34048e+06,
1.34517e+06,
1.35004e+06,
1.35498e+06,
1.35998e+06,
1.36498e+06,
1.36986e+06,
1.37475e+06,
1.37958e+06,
1.38442e+06,
1.38886e+06,
1.39362e+06,
1.39861e+06,
1.4036e+06,
1.40865e+06,
1.41365e+06,
1.41862e+06,
1.42367e+06,
1.42862e+06,
1.43359e+06,
1.43817e+06,
1.44295e+06,
1.44806e+06,
1.45321e+06,
1.45834e+06,
1.46352e+06,
1.46849e+06,
1.47356e+06,
1.47856e+06,
1.48348e+06,
1.48817e+06,
1.49302e+06,
1.49817e+06,
1.5033e+06,
1.50832e+06,
1.51357e+06,
1.51866e+06,
1.5237e+06,
1.52875e+06,
1.53387e+06,
1.53864e+06,
1.54351e+06,
1.54876e+06,
1.55388e+06,
1.55902e+06,
1.56416e+06,
1.56939e+06,
1.57453e+06,
1.57947e+06,
1.58441e+06,
1.58872e+06,
1.59348e+06,
1.59891e+06,
1.60417e+06,
1.60934e+06,
1.61461e+06,
1.61979e+06,
1.62511e+06,
1.63031e+06,
1.63534e+06,
1.64003e+06,
1.64509e+06,
1.65044e+06,
1.65568e+06,
1.66093e+06,
1.6663e+06,
1.6716e+06,
1.67693e+06,
1.68219e+06,
1.68733e+06,
1.69224e+06,
1.69739e+06,
1.70274e+06,
1.70809e+06,
1.71332e+06,
1.71852e+06,
1.7238e+06,
1.72908e+06,
1.73442e+06,
1.73946e+06,
1.74423e+06,
1.74943e+06,
1.75482e+06,
1.76015e+06,
1.76544e+06,
1.77076e+06,
1.77606e+06,
1.78133e+06,
1.78662e+06,
1.79168e+06,
1.79611e+06,
1.80118e+06,
1.8066e+06,
1.81207e+06,
1.81744e+06,
1.82277e+06,
1.82807e+06,
1.83338e+06,
1.83868e+06,
1.84405e+06,
1.84882e+06,
1.85378e+06,
1.85934e+06,
1.86475e+06,
1.87021e+06,
1.87565e+06,
1.88103e+06,
1.8864e+06,
1.89183e+06,
1.89704e+06,
1.90188e+06,
1.9071e+06,
1.91258e+06,
1.91819e+06,
1.92368e+06,
1.92899e+06,
1.93433e+06,
1.93969e+06,
1.94496e+06,
1.95015e+06,
1.95451e+06,
1.95955e+06,
1.96512e+06,
1.97063e+06,
1.97625e+06,
1.98173e+06,
1.98711e+06,
1.99269e+06,
1.99796e+06,
2.00309e+06,
2.00734e+06,
2.01241e+06,
2.01806e+06,
2.02359e+06,
2.02911e+06,
2.03465e+06,
2.04004e+06,
2.04556e+06,
2.05091e+06,
2.05613e+06,
2.06091e+06,
2.0662e+06,
2.07187e+06,
2.07738e+06,
2.08315e+06,
2.08868e+06,
2.09421e+06,
2.09973e+06,
2.10507e+06,
2.11027e+06,
2.11487e+06,
2.12024e+06,
2.1258e+06,
2.13148e+06,
2.13704e+06,
2.1425e+06,
2.14796e+06,
2.15351e+06,
2.15894e+06,
2.16416e+06,
2.16841e+06,
2.17375e+06,
2.17941e+06,
2.18489e+06,
2.19041e+06,
2.1959e+06,
2.20141e+06,
2.20702e+06,
2.21256e+06,
2.21802e+06,
2.22252e+06,
2.22876e+06,
2.23578e+06,
2.24283e+06,
2.24979e+06,
2.25684e+06,
2.26378e+06,
2.27033e+06,
2.27724e+06,
2.28398e+06,
2.2897e+06,
2.29656e+06,
2.30352e+06,
2.31088e+06,
2.31806e+06,
2.32515e+06,
2.33229e+06,
2.3393e+06,
2.3463e+06,
2.35314e+06,
2.3588e+06,
2.36555e+06,
2.37295e+06,
2.3803e+06,
2.38785e+06,
2.39519e+06,
2.40227e+06,
2.40934e+06,
2.41629e+06,
2.42322e+06,
2.42902e+06,
2.43625e+06,
2.44355e+06,
2.45086e+06,
2.45836e+06,
2.46588e+06,
2.4733e+06,
2.48074e+06,
2.48844e+06,
2.4958e+06,
2.50187e+06,
2.50959e+06,
2.51744e+06,
2.5252e+06,
2.53326e+06,
2.54138e+06,
2.54948e+06,
2.55742e+06,
2.56505e+06,
2.57255e+06,
2.57898e+06,
2.58694e+06,
2.59528e+06,
2.6036e+06,
2.61167e+06,
2.6199e+06,
2.62813e+06,
2.63633e+06,
2.64442e+06,
2.65245e+06,
2.65905e+06,
2.66717e+06,
2.67541e+06,
2.68373e+06,
2.69204e+06,
2.70033e+06,
2.70872e+06,
2.71727e+06,
2.72582e+06,
2.73387e+06,
2.74035e+06,
2.7492e+06,
2.7582e+06,
2.76736e+06,
2.77658e+06,
2.78595e+06,
2.79508e+06,
2.80418e+06,
2.81332e+06,
2.82212e+06,
2.82927e+06,
2.83875e+06,
2.84835e+06,
2.85785e+06,
2.86739e+06,
2.87701e+06,
2.88637e+06,
2.89586e+06,
2.90527e+06,
2.91488e+06,
2.92304e+06,
2.9329e+06,
2.94276e+06,
2.95248e+06,
2.96219e+06,
2.97207e+06,
2.98217e+06,
2.99203e+06,
3.00204e+06,
3.01165e+06,
3.01929e+06,
3.02916e+06,
3.03935e+06,
3.04966e+06,
3.06047e+06,
3.07073e+06,
3.0814e+06,
3.09186e+06,
3.10205e+06,
3.11211e+06,
3.12046e+06,
3.13137e+06,
3.14228e+06,
3.15313e+06,
3.16342e+06,
3.17382e+06,
3.18441e+06,
3.19467e+06,
3.20423e+06,
3.21266e+06,
3.21259e+06,
3.22346e+06,
3.23469e+06,
3.24656e+06,
3.2584e+06,
3.27033e+06,
3.28215e+06,
3.29401e+06,
3.30611e+06,
3.31807e+06,
3.33012e+06,
3.34207e+06,
3.35455e+06,
3.36715e+06,
3.38024e+06,
3.39308e+06,
3.40614e+06,
3.41906e+06,
3.43176e+06,
3.4447e+06,
3.4577e+06,
3.4709e+06,
3.48426e+06,
3.49774e+06,
3.511e+06,
3.52428e+06,
3.53773e+06,
3.55102e+06,
3.56443e+06,
3.57822e+06,
3.59216e+06,
3.60601e+06,
3.61947e+06,
3.63296e+06,
3.64662e+06,
3.66049e+06,
3.67475e+06,
3.68894e+06,
3.70299e+06,
3.71698e+06,
3.73152e+06,
3.74631e+06,
3.76105e+06,
3.77592e+06,
3.79102e+06,
3.80641e+06,
3.82172e+06,
3.8367e+06,
3.85193e+06,
3.86709e+06,
3.88222e+06,
3.89807e+06,
3.91381e+06,
3.92946e+06,
3.94522e+06,
3.96061e+06,
3.9763e+06,
3.99211e+06,
4.00792e+06,
4.02409e+06,
4.04017e+06,
4.05614e+06,
4.07242e+06,
4.08836e+06,
4.10466e+06,
4.12104e+06,
4.13862e+06,
4.15634e+06,
4.1734e+06,
4.19071e+06,
4.20779e+06,
4.22562e+06,
4.24626e+06,
4.27206e+06,
4.29913e+06,
4.3254e+06,
4.35185e+06,
4.37828e+06,
4.40461e+06,
4.43116e+06,
4.45741e+06,
4.48463e+06,
4.51152e+06,
4.53977e+06,
4.56853e+06,
4.59737e+06,
4.62553e+06,
4.654e+06,
4.68245e+06,
4.71201e+06,
4.74187e+06,
4.77172e+06,
4.80159e+06,
4.83143e+06,
4.86271e+06,
4.89469e+06,
4.92641e+06,
375246,
375463,
375692,
375958,
376227,
376454,
376780,
377121,
377488,
377872,
378092,
378455,
378828,
379186,
379541,
379806,
380100,
380418,
380789,
381084,
381464,
381822,
382157,
382464,
382771,
383089,
383434,
383774,
384123,
384386,
384693,
385045,
385432,
385749,
386099,
386495,
386921,
387315,
387641,
388080,
388451,
388788,
389170,
389634,
390098,
390497,
391012,
391470,
391943,
392318,
392837,
393298,
393804,
394330,
394774,
395315,
395762,
396330,
396843,
397395,
397915,
398426,
399043,
399643,
400257,
400822,
401434,
402017,
402657,
403320,
403912,
404517,
405135,
405757,
406427,
407043,
407759,
408448,
409197,
409903,
410708,
411456,
412237,
412957,
413656,
414500,
415314,
416095,
416929,
417658,
418358,
419231,
420111,
420974,
421751,
422571,
423351,
424105,
424970,
425854,
426661,
427488,
428315,
429036,
429804,
430684,
431601,
432493,
433422,
434390,
435265,
436143,
437069,
438046,
439008,
440067,
440999,
442040,
443080,
444111,
445090,
446080,
447017,
447901,
448869,
449937,
450961,
451983,
453001,
454084,
455159,
456226,
457251,
458219,
459181,
460267,
461479,
462573,
463754,
464861,
466007,
467204,
468302,
469265,
470319,
471613,
472926,
474135,
475341,
476543,
477783,
479094,
480281,
481373,
482499,
483814,
485214,
486682,
488148,
489577,
491009,
492383,
493982,
495444,
496876,
498373,
499892,
501487,
503016,
504575,
506112,
507702,
509339,
510856,
512411,
514019,
515709,
517478,
519171,
520881,
522581,
524245,
526024,
527667,
529398,
531280,
533226,
535084,
536898,
538671,
540570,
542455,
544253,
546031,
547872,
549742,
551724,
553753,
555720,
557727,
559750,
561764,
563738,
565592,
567499,
569519,
571727,
573813,
575878,
578105,
580240,
582372,
584594,
586578,
588538,
590682,
592968,
595264,
597568,
599973,
602287,
604542,
606851,
609017,
611330,
613675,
616057,
618441,
620902,
623467,
625957,
628383,
630867,
633138,
635621,
638069,
640651,
643337,
645991,
648765,
651399,
654136,
656708,
659383,
662059,
664800,
667568,
670492,
673234,
676174,
679015,
681959,
684883,
687872,
690980,
693972,
697044,
700048,
703073,
706135,
709207,
712280,
715272,
718209,
721329,
724471,
727720,
731002,
734193,
737595,
740930,
744199,
747632,
751048,
754586,
758143,
761599,
764965,
768452,
771969,
775392,
778890,
782437,
786055,
789634,
793358,
796866,
800422,
804110,
807665,
811223,
814907,
818497,
822320,
826019,
829674,
833353,
837027,
840667,
844415,
848197,
852086,
855768,
859549,
863325,
867108,
870936,
874630,
878571,
882572,
886279,
890088,
893889,
897605,
901461,
905307,
909073,
912869,
916748,
920724,
924698,
928633,
932580,
936331,
940230,
944298,
948360,
952385,
956600,
960662,
964655,
968671,
972672,
976569,
980547,
984613,
988844,
992949,
997230,
1.00135e+06,
1.00546e+06,
1.00975e+06,
1.01387e+06,
1.01788e+06,
1.02194e+06,
1.02606e+06,
1.03032e+06,
1.03463e+06,
1.03906e+06,
1.04337e+06,
1.04758e+06,
1.0517e+06,
1.0559e+06,
1.05984e+06,
1.06402e+06,
1.06826e+06,
1.07268e+06,
1.07707e+06,
1.08141e+06,
1.08576e+06,
1.09023e+06,
1.09474e+06,
1.09911e+06,
1.10316e+06,
1.10752e+06,
1.11183e+06,
1.11659e+06,
1.12106e+06,
1.12572e+06,
1.13036e+06,
1.13498e+06,
1.13964e+06,
1.14433e+06,
1.14927e+06,
1.15406e+06,
1.15866e+06,
1.16334e+06,
1.16804e+06,
1.1726e+06,
1.17726e+06,
1.18187e+06,
1.18636e+06,
1.19091e+06,
1.19506e+06,
1.19935e+06,
1.20386e+06,
1.20852e+06,
1.21335e+06,
1.21805e+06,
1.22271e+06,
1.22752e+06,
1.23224e+06,
1.23686e+06,
1.2414e+06,
1.24593e+06,
1.25053e+06,
1.25532e+06,
1.26018e+06,
1.265e+06,
1.2699e+06,
1.27473e+06,
1.2795e+06,
1.28435e+06,
1.28893e+06,
1.2936e+06,
1.2983e+06,
1.30313e+06,
1.30806e+06,
1.31295e+06,
1.31781e+06,
1.32264e+06,
1.32754e+06,
1.33238e+06,
1.33701e+06,
1.34159e+06,
1.34637e+06,
1.35134e+06,
1.35618e+06,
1.36114e+06,
1.36612e+06,
1.37095e+06,
1.37594e+06,
1.38072e+06,
1.38527e+06,
1.38997e+06,
1.39491e+06,
1.4e+06,
1.40499e+06,
1.41004e+06,
1.41496e+06,
1.41999e+06,
1.4249e+06,
1.42981e+06,
1.43439e+06,
1.43906e+06,
1.44412e+06,
1.44902e+06,
1.45424e+06,
1.4593e+06,
1.46425e+06,
1.46934e+06,
1.47428e+06,
1.47929e+06,
1.48397e+06,
1.48886e+06,
1.494e+06,
1.49916e+06,
1.50425e+06,
1.50937e+06,
1.51443e+06,
1.51965e+06,
1.52468e+06,
1.52971e+06,
1.53444e+06,
1.5394e+06,
1.54443e+06,
1.54961e+06,
1.55475e+06,
1.55991e+06,
1.56505e+06,
1.57021e+06,
1.5752e+06,
1.58029e+06,
1.58494e+06,
1.5897e+06,
1.59494e+06,
1.60012e+06,
1.60541e+06,
1.61068e+06,
1.61576e+06,
1.62105e+06,
1.6262e+06,
1.63119e+06,
1.63609e+06,
1.64109e+06,
1.64638e+06,
1.65159e+06,
1.65686e+06,
1.66205e+06,
1.66731e+06,
1.67271e+06,
1.67787e+06,
1.68293e+06,
1.6879e+06,
1.69293e+06,
1.69822e+06,
1.7036e+06,
1.70906e+06,
1.71443e+06,
1.71958e+06,
1.72494e+06,
1.73019e+06,
1.73537e+06,
1.74013e+06,
1.74501e+06,
1.7503e+06,
1.7556e+06,
1.76094e+06,
1.76638e+06,
1.77154e+06,
1.77685e+06,
1.78213e+06,
1.78723e+06,
1.7919e+06,
1.79679e+06,
1.80209e+06,
1.80751e+06,
1.81297e+06,
1.81832e+06,
1.82359e+06,
1.82918e+06,
1.83447e+06,
1.83962e+06,
1.84454e+06,
1.84961e+06,
1.85511e+06,
1.86044e+06,
1.86594e+06,
1.8713e+06,
1.87676e+06,
1.88212e+06,
1.88772e+06,
1.89295e+06,
1.89779e+06,
1.90297e+06,
1.9084e+06,
1.91378e+06,
1.91932e+06,
1.9249e+06,
1.93022e+06,
1.93551e+06,
1.94092e+06,
1.9461e+06,
1.95057e+06,
1.95542e+06,
1.96087e+06,
1.96638e+06,
1.97174e+06,
1.97727e+06,
1.98281e+06,
1.98823e+06,
1.99371e+06,
1.99884e+06,
2.00324e+06,
2.00803e+06,
2.01358e+06,
2.01919e+06,
2.0249e+06,
2.0306e+06,
2.03619e+06,
2.0422e+06,
2.04895e+06,
2.05557e+06,
2.06159e+06,
2.0682e+06,
2.07505e+06,
2.08185e+06,
2.08853e+06,
2.09572e+06,
2.10269e+06,
2.10952e+06,
2.1163e+06,
2.12297e+06,
2.12928e+06,
2.13569e+06,
2.14275e+06,
2.14983e+06,
2.15661e+06,
2.16367e+06,
2.17076e+06,
2.17758e+06,
2.18436e+06,
2.19091e+06,
2.19705e+06,
2.20372e+06,
2.21096e+06,
2.21822e+06,
2.22542e+06,
2.2325e+06,
2.23955e+06,
2.24657e+06,
2.25367e+06,
2.26061e+06,
2.26687e+06,
2.27371e+06,
2.28103e+06,
2.28816e+06,
2.29559e+06,
2.30325e+06,
2.31077e+06,
2.31822e+06,
2.32578e+06,
2.33323e+06,
2.33977e+06,
2.34699e+06,
2.35482e+06,
2.36254e+06,
2.37029e+06,
2.37805e+06,
2.38582e+06,
2.39344e+06,
2.40078e+06,
2.4083e+06,
2.41505e+06,
2.42258e+06,
2.43086e+06,
2.43886e+06,
2.44672e+06,
2.45457e+06,
2.46246e+06,
2.47038e+06,
2.47836e+06,
2.48603e+06,
2.49261e+06,
2.50032e+06,
2.50829e+06,
2.5165e+06,
2.52473e+06,
2.53299e+06,
2.54134e+06,
2.54965e+06,
2.55772e+06,
2.56567e+06,
2.57243e+06,
2.58055e+06,
2.58947e+06,
2.59816e+06,
2.60704e+06,
2.61601e+06,
2.62483e+06,
2.63361e+06,
2.64233e+06,
2.651e+06,
2.65822e+06,
2.66682e+06,
2.67604e+06,
2.68511e+06,
2.6943e+06,
2.70338e+06,
2.71259e+06,
2.72186e+06,
2.73073e+06,
2.73969e+06,
2.7473e+06,
2.75647e+06,
2.76601e+06,
2.77532e+06,
2.78483e+06,
2.7947e+06,
2.80419e+06,
2.81361e+06,
2.82311e+06,
2.83254e+06,
2.8404e+06,
2.84988e+06,
2.85963e+06,
2.86975e+06,
2.87985e+06,
2.89024e+06,
2.90058e+06,
2.91078e+06,
2.92077e+06,
2.93087e+06,
2.93919e+06,
2.94939e+06,
2.9599e+06,
2.97049e+06,
2.98102e+06,
2.99193e+06,
3.0028e+06,
3.01325e+06,
3.02364e+06,
3.03402e+06,
3.04323e+06,
3.05399e+06,
3.06495e+06,
3.07591e+06,
3.08675e+06,
3.09755e+06,
3.10882e+06,
3.11989e+06,
3.13068e+06,
3.14103e+06,
3.15044e+06,
3.16166e+06,
3.17319e+06,
3.18487e+06,
3.19665e+06,
3.20838e+06,
3.21997e+06,
3.23171e+06,
3.24367e+06,
3.25526e+06,
3.2653e+06,
3.27763e+06,
3.28977e+06,
3.30149e+06,
3.31345e+06,
3.32549e+06,
3.33774e+06,
3.3493e+06,
3.36032e+06,
3.37001e+06,
3.37181e+06,
3.38392e+06,
3.39718e+06,
3.41087e+06,
3.42448e+06,
3.43801e+06,
3.45134e+06,
3.46478e+06,
3.47842e+06,
3.49193e+06,
3.50598e+06,
3.52021e+06,
3.53427e+06,
3.54877e+06,
3.56336e+06,
3.57775e+06,
3.59236e+06,
3.60681e+06,
3.62193e+06,
3.63661e+06,
3.65166e+06,
3.66665e+06,
3.68153e+06,
3.69655e+06,
3.71179e+06,
3.72723e+06,
3.74282e+06,
3.75809e+06,
3.77335e+06,
3.78896e+06,
3.80411e+06,
3.81966e+06,
3.83509e+06,
3.85106e+06,
3.86719e+06,
3.88315e+06,
3.89917e+06,
3.91509e+06,
3.93145e+06,
3.94801e+06,
3.96494e+06,
3.98228e+06,
3.9991e+06,
4.01597e+06,
4.033e+06,
4.04997e+06,
4.06699e+06,
4.08405e+06,
4.10163e+06,
4.1194e+06,
4.13701e+06,
4.15468e+06,
4.17216e+06,
4.19016e+06,
4.20824e+06,
4.22595e+06,
4.24453e+06,
4.2629e+06,
4.28151e+06,
4.3008e+06,
4.32784e+06,
4.35525e+06,
4.38272e+06,
4.41144e+06,
4.44044e+06,
4.46902e+06,
4.49716e+06,
4.52594e+06,
4.55412e+06,
4.5832e+06,
4.61252e+06,
4.64415e+06,
4.67502e+06,
4.70551e+06,
4.7364e+06,
4.767e+06,
4.79775e+06,
4.82907e+06,
4.86042e+06,
4.89287e+06,
4.92453e+06,
4.95788e+06,
4.99146e+06,
5.02509e+06,
5.05879e+06,
5.09282e+06,
5.12697e+06,
5.16222e+06,
5.19769e+06,
5.23263e+06,
5.26768e+06,
5.30305e+06,
5.33949e+06,
5.37758e+06,
5.41483e+06,
5.45265e+06,
5.49032e+06,
375246,
375463,
375698,
375965,
376238,
376465,
376800,
377154,
377536,
377901,
378164,
378533,
378906,
379249,
379587,
379906,
380176,
380508,
380856,
381152,
381516,
381911,
382303,
382571,
382872,
383194,
383489,
383843,
384203,
384523,
384849,
385220,
385588,
385909,
386271,
386675,
387041,
387453,
387817,
388181,
388541,
388955,
389428,
389873,
390241,
390691,
391234,
391703,
392222,
392675,
393124,
393592,
394100,
394609,
395186,
395670,
396213,
396728,
397185,
397691,
398238,
398744,
399382,
399996,
400612,
401182,
401797,
402410,
403168,
403804,
404432,
405044,
405689,
406305,
406984,
407684,
408398,
409116,
409825,
410608,
411310,
412066,
412915,
413737,
414513,
415301,
416100,
416930,
417606,
418406,
419265,
420075,
420910,
421714,
422547,
423363,
424193,
425036,
425851,
426738,
427593,
428374,
429198,
429976,
430723,
431475,
432343,
433308,
434319,
435284,
436195,
437123,
438137,
439058,
440049,
441110,
442131,
443130,
444147,
445086,
446108,
447132,
448155,
449020,
450021,
451010,
452060,
453111,
454199,
455284,
456276,
457358,
458436,
459413,
460393,
461377,
462634,
463782,
464945,
465988,
467203,
468363,
469455,
470408,
471538,
472712,
473980,
475215,
476413,
477635,
478898,
480174,
481236,
482367,
483625,
484857,
486252,
487739,
489133,
490535,
491988,
493534,
495158,
496488,
497948,
499400,
500843,
502374,
503873,
505517,
507116,
508650,
510283,
511691,
513198,
514757,
516450,
518173,
519968,
521695,
523471,
525140,
526968,
528627,
530275,
531984,
533839,
535714,
537541,
539389,
541200,
543108,
544924,
546690,
548530,
550380,
552242,
554252,
556249,
558226,
560112,
562169,
564247,
566042,
567983,
570005,
571978,
574059,
576236,
578412,
580458,
582608,
584769,
586746,
588782,
590907,
593059,
595328,
597585,
599924,
602112,
604375,
606626,
608868,
611147,
613441,
615703,
618191,
620656,
623104,
625559,
627975,
630377,
632678,
635101,
637543,
639948,
642530,
645039,
647552,
650182,
652741,
655597,
658145,
660789,
663415,
665988,
668948,
671815,
674652,
677519,
680379,
683364,
686440,
689337,
692292,
695189,
698115,
701052,
703876,
706836,
709902,
713003,
715920,
718979,
721982,
725063,
728245,
731435,
734713,
738046,
741354,
744693,
748136,
751537,
754868,
758313,
761592,
764965,
768293,
771685,
775138,
778629,
782343,
785838,
789333,
792870,
796363,
800014,
803604,
807226,
810828,
814500,
818191,
821773,
825423,
829146,
832763,
836581,
840350,
844206,
847893,
851766,
855760,
859563,
863372,
867174,
871099,
874923,
878697,
882513,
886245,
890097,
893950,
897827,
901744,
905538,
909448,
913432,
917463,
921364,
925346,
929274,
933104,
937085,
941030,
944965,
948934,
952909,
957000,
961073,
965138,
969078,
973014,
977119,
981130,
985128,
989317,
993676,
997848,
1.00196e+06,
1.006e+06,
1.01011e+06,
1.01406e+06,
1.01804e+06,
1.0221e+06,
1.02619e+06,
1.03049e+06,
1.03478e+06,
1.03899e+06,
1.04329e+06,
1.04743e+06,
1.05173e+06,
1.05591e+06,
1.06004e+06,
1.06432e+06,
1.06863e+06,
1.0729e+06,
1.07732e+06,
1.08167e+06,
1.08605e+06,
1.09049e+06,
1.09484e+06,
1.09896e+06,
1.1033e+06,
1.10764e+06,
1.11205e+06,
1.11655e+06,
1.12117e+06,
1.12576e+06,
1.13028e+06,
1.13488e+06,
1.13956e+06,
1.14453e+06,
1.1493e+06,
1.15417e+06,
1.15878e+06,
1.16346e+06,
1.16797e+06,
1.17253e+06,
1.17713e+06,
1.18152e+06,
1.18604e+06,
1.1903e+06,
1.19482e+06,
1.19926e+06,
1.20382e+06,
1.2086e+06,
1.21332e+06,
1.21805e+06,
1.22275e+06,
1.22728e+06,
1.23187e+06,
1.23637e+06,
1.24104e+06,
1.24576e+06,
1.25057e+06,
1.25542e+06,
1.2602e+06,
1.26501e+06,
1.2698e+06,
1.27445e+06,
1.27939e+06,
1.2839e+06,
1.28859e+06,
1.29343e+06,
1.29829e+06,
1.30322e+06,
1.30798e+06,
1.31293e+06,
1.31775e+06,
1.32255e+06,
1.32718e+06,
1.33177e+06,
1.33661e+06,
1.34129e+06,
1.34618e+06,
1.35115e+06,
1.35608e+06,
1.36096e+06,
1.36591e+06,
1.37083e+06,
1.37551e+06,
1.38006e+06,
1.38494e+06,
1.38964e+06,
1.3945e+06,
1.39953e+06,
1.4045e+06,
1.40946e+06,
1.41452e+06,
1.41944e+06,
1.42439e+06,
1.42898e+06,
1.43384e+06,
1.43867e+06,
1.44371e+06,
1.4488e+06,
1.45376e+06,
1.45882e+06,
1.46393e+06,
1.46885e+06,
1.47377e+06,
1.47852e+06,
1.48329e+06,
1.48821e+06,
1.49328e+06,
1.49846e+06,
1.50341e+06,
1.50851e+06,
1.51358e+06,
1.51856e+06,
1.52348e+06,
1.52834e+06,
1.53341e+06,
1.53824e+06,
1.54345e+06,
1.54864e+06,
1.5538e+06,
1.5591e+06,
1.56418e+06,
1.5692e+06,
1.57411e+06,
1.57884e+06,
1.58377e+06,
1.5886e+06,
1.59374e+06,
1.59904e+06,
1.60414e+06,
1.60918e+06,
1.61438e+06,
1.61933e+06,
1.62459e+06,
1.6296e+06,
1.63491e+06,
1.63999e+06,
1.64526e+06,
1.65065e+06,
1.65581e+06,
1.66108e+06,
1.66635e+06,
1.67151e+06,
1.67667e+06,
1.68155e+06,
1.68672e+06,
1.69188e+06,
1.6973e+06,
1.7025e+06,
1.70775e+06,
1.71298e+06,
1.71825e+06,
1.72347e+06,
1.72861e+06,
1.73348e+06,
1.73859e+06,
1.74375e+06,
1.74899e+06,
1.75422e+06,
1.75942e+06,
1.7648e+06,
1.77021e+06,
1.77552e+06,
1.78077e+06,
1.78557e+06,
1.79045e+06,
1.79555e+06,
1.80089e+06,
1.80636e+06,
1.8119e+06,
1.81731e+06,
1.82271e+06,
1.82807e+06,
1.83346e+06,
1.83835e+06,
1.84361e+06,
1.84893e+06,
1.85442e+06,
1.86005e+06,
1.86607e+06,
1.87252e+06,
1.87915e+06,
1.88573e+06,
1.89217e+06,
1.89831e+06,
1.90455e+06,
1.91117e+06,
1.9179e+06,
1.92459e+06,
1.93118e+06,
1.93786e+06,
1.94472e+06,
1.95145e+06,
1.9578e+06,
1.96372e+06,
1.9697e+06,
1.97637e+06,
1.98337e+06,
1.99022e+06,
1.99703e+06,
2.00378e+06,
2.01062e+06,
2.01723e+06,
2.02374e+06,
2.02989e+06,
2.03618e+06,
2.04294e+06,
2.04991e+06,
2.05686e+06,
2.06386e+06,
2.07086e+06,
2.07783e+06,
2.0849e+06,
2.09159e+06,
2.09808e+06,
2.10485e+06,
2.11197e+06,
2.11909e+06,
2.12656e+06,
2.13386e+06,
2.14115e+06,
2.14852e+06,
2.15579e+06,
2.16294e+06,
2.16973e+06,
2.17679e+06,
2.18455e+06,
2.1922e+06,
2.19977e+06,
2.20732e+06,
2.21462e+06,
2.22213e+06,
2.22968e+06,
2.23703e+06,
2.24376e+06,
2.2509e+06,
2.25864e+06,
2.26646e+06,
2.27427e+06,
2.28207e+06,
2.28979e+06,
2.29746e+06,
2.30544e+06,
2.31315e+06,
2.31989e+06,
2.3272e+06,
2.33503e+06,
2.34305e+06,
2.35119e+06,
2.35917e+06,
2.36715e+06,
2.37498e+06,
2.38306e+06,
2.39087e+06,
2.39825e+06,
2.40614e+06,
2.41461e+06,
2.42297e+06,
2.43151e+06,
2.44016e+06,
2.44867e+06,
2.45712e+06,
2.46556e+06,
2.47385e+06,
2.48123e+06,
2.4895e+06,
2.49822e+06,
2.50695e+06,
2.51579e+06,
2.52471e+06,
2.53356e+06,
2.54228e+06,
2.55085e+06,
2.55921e+06,
2.56696e+06,
2.57508e+06,
2.58394e+06,
2.59322e+06,
2.60251e+06,
2.61149e+06,
2.62037e+06,
2.62948e+06,
2.63853e+06,
2.64736e+06,
2.65533e+06,
2.6642e+06,
2.67384e+06,
2.68339e+06,
2.69298e+06,
2.70275e+06,
2.71251e+06,
2.7223e+06,
2.73182e+06,
2.74141e+06,
2.75014e+06,
2.75967e+06,
2.76989e+06,
2.77992e+06,
2.78993e+06,
2.80008e+06,
2.81009e+06,
2.82055e+06,
2.83092e+06,
2.84098e+06,
2.84977e+06,
2.8596e+06,
2.87004e+06,
2.88059e+06,
2.89107e+06,
2.90147e+06,
2.91207e+06,
2.92298e+06,
2.93339e+06,
2.94378e+06,
2.95286e+06,
2.96329e+06,
2.97418e+06,
2.98507e+06,
2.99634e+06,
3.00816e+06,
3.01955e+06,
3.03085e+06,
3.04221e+06,
3.05344e+06,
3.06314e+06,
3.07429e+06,
3.08642e+06,
3.09859e+06,
3.11043e+06,
3.12214e+06,
3.13393e+06,
3.14602e+06,
3.15801e+06,
3.1698e+06,
3.18079e+06,
3.19273e+06,
3.20532e+06,
3.21776e+06,
3.23004e+06,
3.24237e+06,
3.25494e+06,
3.26723e+06,
3.27988e+06,
3.29225e+06,
3.30293e+06,
3.31533e+06,
3.32826e+06,
3.34103e+06,
3.35433e+06,
3.36774e+06,
3.3815e+06,
3.3951e+06,
3.40819e+06,
3.42127e+06,
3.43318e+06,
3.44669e+06,
3.46027e+06,
3.4741e+06,
3.48799e+06,
3.50187e+06,
3.5156e+06,
3.52872e+06,
3.54147e+06,
3.55288e+06,
3.55707e+06,
3.57092e+06,
3.58611e+06,
3.60121e+06,
3.61604e+06,
3.63179e+06,
3.64688e+06,
3.66211e+06,
3.6776e+06,
3.69374e+06,
3.70943e+06,
3.72527e+06,
3.74154e+06,
3.75742e+06,
3.77383e+06,
3.79041e+06,
3.80719e+06,
3.82409e+06,
3.84051e+06,
3.85711e+06,
3.87391e+06,
3.89046e+06,
3.90736e+06,
3.92472e+06,
3.94232e+06,
3.95972e+06,
3.97728e+06,
3.99445e+06,
4.01165e+06,
4.02908e+06,
4.04658e+06,
4.06467e+06,
4.08274e+06,
4.10083e+06,
4.11868e+06,
4.13662e+06,
4.15465e+06,
4.17317e+06,
4.19227e+06,
4.21158e+06,
4.23074e+06,
4.24994e+06,
4.26918e+06,
4.28828e+06,
4.30788e+06,
4.32745e+06,
4.34807e+06,
4.36987e+06,
4.39966e+06,
4.42946e+06,
4.45911e+06,
4.48867e+06,
4.5186e+06,
4.54842e+06,
4.57928e+06,
4.60947e+06,
4.63977e+06,
4.66986e+06,
4.70173e+06,
4.73403e+06,
4.76641e+06,
4.7992e+06,
4.8332e+06,
4.86679e+06,
4.90055e+06,
4.93401e+06,
4.96706e+06,
5.00098e+06,
5.03597e+06,
5.07279e+06,
5.10934e+06,
5.14576e+06,
5.18235e+06,
5.21879e+06,
5.25543e+06,
5.29224e+06,
5.32906e+06,
5.36726e+06,
5.40522e+06,
5.44384e+06,
5.48308e+06,
5.52212e+06,
5.56166e+06,
5.60102e+06,
5.64059e+06,
5.68253e+06,
5.72402e+06,
5.76538e+06,
5.80661e+06,
5.8485e+06,
5.89248e+06,
5.93672e+06,
5.98069e+06,
6.02605e+06,
6.07093e+06,
6.11639e+06,
6.16179e+06,
375246,
375472,
375700,
375974,
376239,
376510,
376848,
377222,
377577,
377946,
378211,
378619,
378993,
379319,
379651,
379943,
380271,
380578,
380904,
381217,
381615,
381992,
382346,
382664,
382971,
383262,
383656,
383975,
384246,
384541,
384961,
385314,
385732,
386075,
386425,
386794,
387171,
387563,
387878,
388279,
388684,
389111,
389609,
390069,
390533,
390968,
391407,
391896,
392414,
392896,
393387,
393891,
394411,
394946,
395463,
395922,
396475,
396971,
397530,
398051,
398559,
399133,
399800,
400409,
401001,
401541,
402162,
402766,
403477,
404158,
404795,
405496,
406163,
406843,
407547,
408259,
408982,
409715,
410451,
411296,
412086,
412792,
413535,
414356,
415129,
415958,
416784,
417463,
418276,
419081,
419921,
420704,
421489,
422340,
423170,
424022,
424852,
425663,
426512,
427377,
428231,
429094,
429988,
430730,
431559,
432391,
433251,
434203,
435162,
436091,
437071,
438013,
439005,
439972,
441033,
442013,
443048,
444020,
445087,
446118,
447201,
448159,
449035,
449994,
450943,
451951,
452987,
454001,
455055,
456116,
457237,
458358,
459407,
460334,
461371,
462429,
463531,
464663,
465872,
467060,
468227,
469373,
470527,
471598,
472722,
473909,
475030,
476214,
477455,
478592,
479778,
481036,
482281,
483370,
484689,
486002,
487270,
488616,
490081,
491558,
492993,
494608,
496117,
497369,
498809,
500191,
501617,
503182,
504763,
506357,
507857,
509419,
510944,
512442,
514005,
515692,
517292,
518947,
520616,
522293,
523972,
525733,
527530,
529179,
530836,
532472,
534309,
536128,
538009,
539814,
541593,
543485,
545279,
547004,
548820,
550634,
552482,
554388,
556283,
558243,
560186,
562377,
564348,
566190,
568171,
570204,
572082,
574083,
576074,
578168,
580220,
582415,
584564,
586497,
588528,
590651,
592735,
594812,
596934,
599207,
601427,
603833,
606151,
608257,
610548,
612913,
615226,
617506,
619831,
622191,
624506,
626944,
629342,
631676,
634023,
636520,
638920,
641281,
643717,
646250,
648771,
651429,
654064,
656598,
659260,
661902,
664610,
667190,
669777,
672537,
675332,
678203,
681121,
683997,
686822,
689718,
692719,
695664,
698515,
701515,
704513,
707562,
710662,
713630,
716724,
719741,
722828,
725925,
729086,
732087,
735310,
738658,
742009,
745357,
748652,
751992,
755377,
758827,
762323,
765642,
769050,
772522,
775993,
779581,
783109,
786462,
790099,
793651,
797302,
800831,
804444,
807868,
811467,
815129,
818723,
822420,
826075,
829793,
833554,
837270,
840992,
844720,
848479,
852181,
855910,
859728,
863555,
867396,
871146,
874830,
878638,
882351,
886170,
889911,
893683,
897625,
901502,
905472,
909358,
913294,
917177,
921005,
924974,
928761,
932669,
936752,
940689,
944569,
948643,
952647,
956712,
960622,
964786,
968568,
972672,
976722,
980794,
984849,
989034,
993097,
997193,
1.00136e+06,
1.0055e+06,
1.00935e+06,
1.01338e+06,
1.01757e+06,
1.02179e+06,
1.02582e+06,
1.03013e+06,
1.03422e+06,
1.03849e+06,
1.04265e+06,
1.0468e+06,
1.05082e+06,
1.05503e+06,
1.05925e+06,
1.06346e+06,
1.06768e+06,
1.0721e+06,
1.07647e+06,
1.08085e+06,
1.08523e+06,
1.08954e+06,
1.09362e+06,
1.09793e+06,
1.10237e+06,
1.10666e+06,
1.11104e+06,
1.11563e+06,
1.12038e+06,
1.12495e+06,
1.12952e+06,
1.13421e+06,
1.13902e+06,
1.14361e+06,
1.14828e+06,
1.15307e+06,
1.15778e+06,
1.16248e+06,
1.16715e+06,
1.17159e+06,
1.17603e+06,
1.18053e+06,
1.18471e+06,
1.18917e+06,
1.19372e+06,
1.19822e+06,
1.20272e+06,
1.20729e+06,
1.21191e+06,
1.21664e+06,
1.22128e+06,
1.22589e+06,
1.23033e+06,
1.23507e+06,
1.23969e+06,
1.24433e+06,
1.24912e+06,
1.25389e+06,
1.25869e+06,
1.26334e+06,
1.26804e+06,
1.27275e+06,
1.27738e+06,
1.28201e+06,
1.28683e+06,
1.29153e+06,
1.29641e+06,
1.30126e+06,
1.3061e+06,
1.31087e+06,
1.3157e+06,
1.32044e+06,
1.32508e+06,
1.32974e+06,
1.33451e+06,
1.33925e+06,
1.34413e+06,
1.34913e+06,
1.3539e+06,
1.35886e+06,
1.36357e+06,
1.36844e+06,
1.37302e+06,
1.37781e+06,
1.38271e+06,
1.38757e+06,
1.39231e+06,
1.39731e+06,
1.40237e+06,
1.40728e+06,
1.41204e+06,
1.41696e+06,
1.42171e+06,
1.42671e+06,
1.43149e+06,
1.43631e+06,
1.44132e+06,
1.44636e+06,
1.4514e+06,
1.45646e+06,
1.4614e+06,
1.46635e+06,
1.47106e+06,
1.47581e+06,
1.48085e+06,
1.48573e+06,
1.49072e+06,
1.49575e+06,
1.50087e+06,
1.50582e+06,
1.51093e+06,
1.51597e+06,
1.5209e+06,
1.52576e+06,
1.53065e+06,
1.53553e+06,
1.54056e+06,
1.54564e+06,
1.55088e+06,
1.55583e+06,
1.5609e+06,
1.56588e+06,
1.57056e+06,
1.5756e+06,
1.58047e+06,
1.58541e+06,
1.59055e+06,
1.59589e+06,
1.60108e+06,
1.6064e+06,
1.61165e+06,
1.61691e+06,
1.62176e+06,
1.62701e+06,
1.63209e+06,
1.63711e+06,
1.64233e+06,
1.6476e+06,
1.65275e+06,
1.65795e+06,
1.6633e+06,
1.66848e+06,
1.67343e+06,
1.67861e+06,
1.68383e+06,
1.68902e+06,
1.69436e+06,
1.70032e+06,
1.70659e+06,
1.71297e+06,
1.71932e+06,
1.72558e+06,
1.7314e+06,
1.73777e+06,
1.74408e+06,
1.75029e+06,
1.75669e+06,
1.76306e+06,
1.76964e+06,
1.77609e+06,
1.78254e+06,
1.78887e+06,
1.7949e+06,
1.8011e+06,
1.80742e+06,
1.81392e+06,
1.82057e+06,
1.82711e+06,
1.83384e+06,
1.84066e+06,
1.84731e+06,
1.85384e+06,
1.86023e+06,
1.86692e+06,
1.87306e+06,
1.87974e+06,
1.88657e+06,
1.89351e+06,
1.90028e+06,
1.907e+06,
1.91379e+06,
1.9204e+06,
1.92683e+06,
1.93353e+06,
1.94027e+06,
1.9472e+06,
1.95441e+06,
1.96154e+06,
1.96861e+06,
1.9757e+06,
1.98277e+06,
1.98978e+06,
1.99634e+06,
2.00327e+06,
2.01025e+06,
2.01755e+06,
2.02489e+06,
2.03204e+06,
2.03919e+06,
2.04635e+06,
2.05366e+06,
2.06084e+06,
2.06758e+06,
2.07476e+06,
2.08162e+06,
2.08932e+06,
2.09681e+06,
2.10431e+06,
2.11178e+06,
2.1193e+06,
2.12679e+06,
2.13456e+06,
2.14166e+06,
2.14914e+06,
2.15649e+06,
2.16393e+06,
2.17168e+06,
2.17932e+06,
2.18698e+06,
2.19451e+06,
2.20235e+06,
2.21014e+06,
2.21751e+06,
2.22542e+06,
2.23334e+06,
2.24139e+06,
2.24947e+06,
2.25755e+06,
2.26581e+06,
2.27411e+06,
2.28249e+06,
2.29063e+06,
2.29792e+06,
2.30562e+06,
2.31373e+06,
2.32215e+06,
2.33061e+06,
2.33886e+06,
2.34742e+06,
2.35602e+06,
2.36462e+06,
2.37301e+06,
2.38078e+06,
2.3889e+06,
2.3973e+06,
2.40594e+06,
2.41472e+06,
2.42341e+06,
2.43229e+06,
2.44097e+06,
2.44962e+06,
2.45818e+06,
2.46619e+06,
2.47445e+06,
2.48329e+06,
2.49232e+06,
2.50139e+06,
2.51073e+06,
2.52032e+06,
2.52937e+06,
2.53867e+06,
2.54793e+06,
2.55619e+06,
2.56506e+06,
2.57461e+06,
2.58426e+06,
2.59404e+06,
2.60383e+06,
2.61327e+06,
2.62312e+06,
2.6327e+06,
2.64206e+06,
2.65063e+06,
2.6599e+06,
2.67e+06,
2.68031e+06,
2.69037e+06,
2.70042e+06,
2.71046e+06,
2.72039e+06,
2.73023e+06,
2.7399e+06,
2.74926e+06,
2.75903e+06,
2.7695e+06,
2.77997e+06,
2.79057e+06,
2.80101e+06,
2.81144e+06,
2.8221e+06,
2.83302e+06,
2.84418e+06,
2.85438e+06,
2.86501e+06,
2.87612e+06,
2.88754e+06,
2.89866e+06,
2.90992e+06,
2.92118e+06,
2.93251e+06,
2.94393e+06,
2.95513e+06,
2.96549e+06,
2.9765e+06,
2.98808e+06,
2.9996e+06,
3.01131e+06,
3.02346e+06,
3.03556e+06,
3.04746e+06,
3.05915e+06,
3.07077e+06,
3.08129e+06,
3.09293e+06,
3.10498e+06,
3.11748e+06,
3.13022e+06,
3.14282e+06,
3.15525e+06,
3.16758e+06,
3.18023e+06,
3.19286e+06,
3.20437e+06,
3.21706e+06,
3.23078e+06,
3.24436e+06,
3.25781e+06,
3.271e+06,
3.28429e+06,
3.2976e+06,
3.31109e+06,
3.3245e+06,
3.33724e+06,
3.35083e+06,
3.36474e+06,
3.37856e+06,
3.39244e+06,
3.4063e+06,
3.42032e+06,
3.43441e+06,
3.44875e+06,
3.46287e+06,
3.47537e+06,
3.48938e+06,
3.50377e+06,
3.51833e+06,
3.53287e+06,
3.54836e+06,
3.56368e+06,
3.57881e+06,
3.59386e+06,
3.60881e+06,
3.62248e+06,
3.63757e+06,
3.65344e+06,
3.66915e+06,
3.6848e+06,
3.70017e+06,
3.71545e+06,
3.73075e+06,
3.74549e+06,
3.75888e+06,
3.76588e+06,
3.78111e+06,
3.79786e+06,
3.81475e+06,
3.83193e+06,
3.8489e+06,
3.86623e+06,
3.88381e+06,
3.90164e+06,
3.91929e+06,
3.93701e+06,
3.95485e+06,
3.97246e+06,
3.99067e+06,
4.00912e+06,
4.02857e+06,
4.04777e+06,
4.06665e+06,
4.08536e+06,
4.10441e+06,
4.12345e+06,
4.14259e+06,
4.16225e+06,
4.18247e+06,
4.20159e+06,
4.22155e+06,
4.24098e+06,
4.26055e+06,
4.2803e+06,
4.30046e+06,
4.32111e+06,
4.34138e+06,
4.36184e+06,
4.38208e+06,
4.40253e+06,
4.42391e+06,
4.4519e+06,
4.48401e+06,
4.51668e+06,
4.54882e+06,
4.58116e+06,
4.61318e+06,
4.64525e+06,
4.67745e+06,
4.71028e+06,
4.74381e+06,
4.77754e+06,
4.81258e+06,
4.84763e+06,
4.88206e+06,
4.91677e+06,
4.95219e+06,
4.98765e+06,
5.02407e+06,
5.06005e+06,
5.09577e+06,
5.13203e+06,
5.17048e+06,
5.20834e+06,
5.24676e+06,
5.28612e+06,
5.32599e+06,
5.36574e+06,
5.40556e+06,
5.44536e+06,
5.48528e+06,
5.52573e+06,
5.56797e+06,
5.61112e+06,
5.654e+06,
5.69694e+06,
5.73966e+06,
5.78297e+06,
5.82678e+06,
5.8704e+06,
5.91471e+06,
5.96024e+06,
6.00637e+06,
6.05329e+06,
6.10051e+06,
6.14814e+06,
6.19616e+06,
6.24389e+06,
6.2931e+06,
6.34477e+06,
6.39603e+06,
6.44814e+06,
6.50022e+06,
6.55505e+06,
6.61082e+06,
6.66732e+06,
6.72415e+06,
6.78608e+06,
6.85093e+06,
6.91565e+06,
6.98057e+06,
7.04247e+06,
375246,
375460,
375709,
375975,
376258,
376518,
376866,
377274,
377664,
377950,
378264,
378673,
379080,
379348,
379686,
380029,
380346,
380619,
380974,
381318,
381656,
381986,
382388,
382757,
383052,
383395,
383773,
384101,
384416,
384717,
385082,
385377,
385812,
386241,
386578,
386894,
387260,
387672,
388066,
388451,
388913,
389341,
389771,
390291,
390731,
391211,
391646,
392070,
392545,
393054,
393550,
394117,
394550,
395152,
395708,
396254,
396823,
397358,
397909,
398407,
398948,
399531,
400182,
400815,
401381,
401968,
402521,
403159,
403843,
404541,
405187,
405855,
406587,
407385,
408068,
408771,
409604,
410291,
411125,
411863,
412610,
413410,
414164,
414939,
415712,
416560,
417297,
418071,
418814,
419564,
420378,
421219,
421991,
422901,
423686,
424605,
425430,
426322,
427126,
428036,
428920,
429832,
430622,
431391,
432262,
433120,
433993,
434944,
435880,
436794,
437733,
438593,
439513,
440571,
441658,
442727,
443650,
444653,
445683,
446752,
447795,
448804,
449842,
450745,
451824,
452899,
453921,
454922,
455959,
457152,
458267,
459343,
460409,
461309,
462371,
463547,
464570,
465562,
466758,
467966,
469135,
470304,
471499,
472541,
473711,
474867,
476009,
477092,
478293,
479505,
480782,
481972,
483222,
484371,
485598,
486864,
488147,
489383,
490850,
492171,
493881,
495415,
496975,
498352,
499666,
501162,
502633,
504035,
505476,
506944,
508486,
510129,
511688,
513219,
514728,
516265,
517820,
519410,
521062,
522678,
524370,
526154,
527895,
529464,
531167,
532943,
534649,
536255,
537981,
539825,
541644,
543478,
545309,
547073,
548890,
550765,
552603,
554468,
556311,
558207,
560140,
562166,
564161,
566012,
567887,
569788,
571748,
573753,
575734,
577792,
579789,
581892,
584017,
586011,
588157,
590219,
592347,
594373,
596377,
598550,
600802,
602951,
605195,
607315,
609606,
611985,
614165,
616510,
618757,
621080,
623396,
625663,
628067,
630286,
632749,
635304,
637792,
640236,
642670,
645082,
647711,
650304,
652897,
655411,
658113,
660755,
663375,
666051,
668672,
671556,
674341,
677077,
680015,
682856,
685725,
688634,
691570,
694514,
697397,
700276,
703176,
706183,
709084,
711952,
714941,
717978,
721062,
724056,
727041,
730275,
733401,
736656,
739882,
743183,
746391,
749726,
752917,
756325,
759707,
763048,
766380,
769794,
773133,
776558,
779957,
783328,
786811,
790318,
793928,
797503,
801029,
804621,
808141,
811714,
815135,
818705,
822416,
826120,
829751,
833370,
837110,
840838,
844404,
848080,
851795,
855473,
859167,
862986,
866863,
870690,
874467,
878058,
881825,
885433,
889172,
893080,
896902,
900690,
904615,
908447,
912368,
916362,
920165,
923972,
927841,
931632,
935489,
939393,
943310,
947388,
951405,
955510,
959430,
963315,
967375,
971254,
975200,
979304,
983407,
987530,
991664,
995815,
999801,
1.0038e+06,
1.00772e+06,
1.01182e+06,
1.01588e+06,
1.02007e+06,
1.0242e+06,
1.02835e+06,
1.03268e+06,
1.03699e+06,
1.04116e+06,
1.04515e+06,
1.04943e+06,
1.05362e+06,
1.05785e+06,
1.06208e+06,
1.06626e+06,
1.07063e+06,
1.07508e+06,
1.07934e+06,
1.08372e+06,
1.08783e+06,
1.09206e+06,
1.09641e+06,
1.10081e+06,
1.10518e+06,
1.10971e+06,
1.11406e+06,
1.1186e+06,
1.12328e+06,
1.1278e+06,
1.13258e+06,
1.13725e+06,
1.14176e+06,
1.14629e+06,
1.15096e+06,
1.15568e+06,
1.16029e+06,
1.16469e+06,
1.16932e+06,
1.17377e+06,
1.17779e+06,
1.18231e+06,
1.1867e+06,
1.1912e+06,
1.19585e+06,
1.20028e+06,
1.20488e+06,
1.20952e+06,
1.21423e+06,
1.21878e+06,
1.22327e+06,
1.22788e+06,
1.23243e+06,
1.23708e+06,
1.24161e+06,
1.2462e+06,
1.25105e+06,
1.25584e+06,
1.26072e+06,
1.26526e+06,
1.26989e+06,
1.27465e+06,
1.27925e+06,
1.28388e+06,
1.2885e+06,
1.29314e+06,
1.29788e+06,
1.30278e+06,
1.30759e+06,
1.31225e+06,
1.31672e+06,
1.32152e+06,
1.32627e+06,
1.33093e+06,
1.33573e+06,
1.34045e+06,
1.34539e+06,
1.3502e+06,
1.35501e+06,
1.3598e+06,
1.36444e+06,
1.36911e+06,
1.37402e+06,
1.37882e+06,
1.38349e+06,
1.38828e+06,
1.39313e+06,
1.39801e+06,
1.40307e+06,
1.40791e+06,
1.41257e+06,
1.41749e+06,
1.42257e+06,
1.42745e+06,
1.43223e+06,
1.4371e+06,
1.44212e+06,
1.44714e+06,
1.45193e+06,
1.457e+06,
1.46163e+06,
1.46657e+06,
1.47156e+06,
1.47651e+06,
1.48139e+06,
1.48631e+06,
1.49147e+06,
1.49655e+06,
1.5016e+06,
1.5066e+06,
1.5114e+06,
1.51632e+06,
1.52134e+06,
1.5262e+06,
1.53104e+06,
1.53618e+06,
1.54144e+06,
1.54726e+06,
1.55333e+06,
1.55946e+06,
1.56519e+06,
1.57118e+06,
1.57734e+06,
1.58322e+06,
1.58912e+06,
1.59546e+06,
1.60175e+06,
1.60806e+06,
1.61428e+06,
1.62058e+06,
1.62679e+06,
1.63309e+06,
1.63933e+06,
1.64547e+06,
1.65188e+06,
1.65824e+06,
1.66439e+06,
1.6708e+06,
1.67727e+06,
1.68385e+06,
1.68997e+06,
1.69619e+06,
1.70262e+06,
1.70901e+06,
1.7153e+06,
1.72174e+06,
1.72816e+06,
1.73481e+06,
1.74146e+06,
1.74791e+06,
1.75394e+06,
1.76039e+06,
1.76697e+06,
1.77337e+06,
1.78014e+06,
1.7868e+06,
1.79365e+06,
1.80045e+06,
1.80727e+06,
1.8138e+06,
1.8203e+06,
1.82731e+06,
1.83415e+06,
1.84088e+06,
1.84778e+06,
1.85483e+06,
1.86194e+06,
1.86887e+06,
1.87581e+06,
1.88277e+06,
1.88951e+06,
1.89669e+06,
1.90376e+06,
1.91077e+06,
1.91792e+06,
1.92518e+06,
1.93254e+06,
1.93965e+06,
1.94683e+06,
1.9541e+06,
1.96087e+06,
1.96837e+06,
1.97565e+06,
1.98287e+06,
1.99022e+06,
1.99762e+06,
2.00486e+06,
2.01238e+06,
2.01953e+06,
2.0268e+06,
2.03388e+06,
2.04134e+06,
2.04876e+06,
2.05621e+06,
2.06402e+06,
2.07176e+06,
2.07954e+06,
2.08733e+06,
2.09512e+06,
2.10316e+06,
2.11067e+06,
2.11844e+06,
2.12586e+06,
2.13358e+06,
2.14185e+06,
2.14988e+06,
2.15803e+06,
2.16622e+06,
2.17447e+06,
2.18258e+06,
2.19042e+06,
2.19848e+06,
2.20659e+06,
2.2148e+06,
2.22312e+06,
2.23147e+06,
2.23987e+06,
2.24836e+06,
2.25697e+06,
2.2654e+06,
2.27334e+06,
2.28174e+06,
2.28988e+06,
2.29832e+06,
2.30699e+06,
2.31548e+06,
2.32401e+06,
2.33255e+06,
2.34155e+06,
2.35032e+06,
2.35862e+06,
2.36735e+06,
2.37597e+06,
2.38515e+06,
2.39419e+06,
2.4033e+06,
2.41259e+06,
2.4218e+06,
2.43105e+06,
2.44017e+06,
2.44885e+06,
2.45778e+06,
2.46672e+06,
2.47599e+06,
2.48525e+06,
2.495e+06,
2.50463e+06,
2.51434e+06,
2.52393e+06,
2.53341e+06,
2.54213e+06,
2.55161e+06,
2.56126e+06,
2.57123e+06,
2.58124e+06,
2.59118e+06,
2.60136e+06,
2.61154e+06,
2.62162e+06,
2.6315e+06,
2.64065e+06,
2.65037e+06,
2.66036e+06,
2.67096e+06,
2.68191e+06,
2.69289e+06,
2.7036e+06,
2.71425e+06,
2.7249e+06,
2.73531e+06,
2.74518e+06,
2.75562e+06,
2.76649e+06,
2.77786e+06,
2.78919e+06,
2.80063e+06,
2.81179e+06,
2.82284e+06,
2.83359e+06,
2.84448e+06,
2.85464e+06,
2.86547e+06,
2.87712e+06,
2.88887e+06,
2.90061e+06,
2.91227e+06,
2.92359e+06,
2.93532e+06,
2.94693e+06,
2.9583e+06,
2.96975e+06,
2.98141e+06,
2.99365e+06,
3.00628e+06,
3.01871e+06,
3.03141e+06,
3.04401e+06,
3.05642e+06,
3.06922e+06,
3.08189e+06,
3.09383e+06,
3.10628e+06,
3.11935e+06,
3.1326e+06,
3.14558e+06,
3.15881e+06,
3.17242e+06,
3.18584e+06,
3.19905e+06,
3.21225e+06,
3.22453e+06,
3.23717e+06,
3.25077e+06,
3.2645e+06,
3.27862e+06,
3.29296e+06,
3.30689e+06,
3.32069e+06,
3.33443e+06,
3.34808e+06,
3.36082e+06,
3.37482e+06,
3.39049e+06,
3.40575e+06,
3.42073e+06,
3.43583e+06,
3.4508e+06,
3.46583e+06,
3.48073e+06,
3.49599e+06,
3.51087e+06,
3.52596e+06,
3.54188e+06,
3.55766e+06,
3.57318e+06,
3.58882e+06,
3.6044e+06,
3.62057e+06,
3.63654e+06,
3.65244e+06,
3.66716e+06,
3.68289e+06,
3.69926e+06,
3.71565e+06,
3.73211e+06,
3.74895e+06,
3.76569e+06,
3.78251e+06,
3.79937e+06,
3.81644e+06,
3.83227e+06,
3.84916e+06,
3.86671e+06,
3.88498e+06,
3.90277e+06,
3.92039e+06,
3.93787e+06,
3.95493e+06,
3.9718e+06,
3.98747e+06,
3.99779e+06,
4.01505e+06,
4.03413e+06,
4.05329e+06,
4.07253e+06,
4.09187e+06,
4.11148e+06,
4.13166e+06,
4.15245e+06,
4.17227e+06,
4.19211e+06,
4.21252e+06,
4.2325e+06,
4.25252e+06,
4.27323e+06,
4.29502e+06,
4.31677e+06,
4.33844e+06,
4.35979e+06,
4.38121e+06,
4.40289e+06,
4.42462e+06,
4.4475e+06,
4.47019e+06,
4.49368e+06,
4.52456e+06,
4.55819e+06,
4.59162e+06,
4.62572e+06,
4.65981e+06,
4.69482e+06,
4.72899e+06,
4.76314e+06,
4.79737e+06,
4.8319e+06,
4.8675e+06,
4.90471e+06,
4.94217e+06,
4.97982e+06,
5.01793e+06,
5.05562e+06,
5.09405e+06,
5.1322e+06,
5.17074e+06,
5.2095e+06,
5.2508e+06,
5.29248e+06,
5.33401e+06,
5.3753e+06,
5.41701e+06,
5.45923e+06,
5.50158e+06,
5.54412e+06,
5.5878e+06,
5.63109e+06,
5.67453e+06,
5.71992e+06,
5.7651e+06,
5.81076e+06,
5.85649e+06,
5.90371e+06,
5.95137e+06,
5.99904e+06,
6.04621e+06,
6.09484e+06,
6.14353e+06,
6.19452e+06,
6.24582e+06,
6.30004e+06,
6.35329e+06,
6.40737e+06,
6.46206e+06,
6.51716e+06,
6.57381e+06,
6.63051e+06,
6.68856e+06,
6.75502e+06,
6.82316e+06,
6.89035e+06,
6.95869e+06,
7.01885e+06,
7.07822e+06,
7.13687e+06,
7.19445e+06,
7.25364e+06,
7.31244e+06,
7.37049e+06,
7.42918e+06,
7.48726e+06,
7.54651e+06,
7.60657e+06,
7.66577e+06,
7.72398e+06,
7.78038e+06,
7.83705e+06,
7.89421e+06,
7.95179e+06,
375246,
375470,
375706,
375981,
376291,
376525,
376904,
377334,
377720,
377975,
378261,
378690,
379123,
379445,
379734,
380050,
380387,
380701,
381073,
381391,
381744,
382078,
382440,
382777,
383145,
383469,
383806,
384199,
384495,
384864,
385143,
385496,
385880,
386277,
386622,
386998,
387319,
387743,
388141,
388609,
389100,
389576,
390014,
390479,
390969,
391403,
391808,
392267,
392765,
393156,
393696,
394244,
394784,
395356,
395941,
396527,
397074,
397626,
398221,
398751,
399309,
399922,
400485,
401038,
401641,
402258,
402883,
403556,
404195,
404856,
405524,
406225,
406950,
407749,
408545,
409292,
410088,
410812,
411557,
412354,
413093,
413926,
414716,
415509,
416283,
417024,
417759,
418609,
419386,
420185,
421043,
421736,
422583,
423412,
424292,
425161,
426017,
426921,
427782,
428534,
429373,
430259,
431156,
431972,
432794,
433695,
434559,
435459,
436448,
437343,
438315,
439286,
440222,
441182,
442286,
443342,
444411,
445358,
446346,
447490,
448567,
449619,
450591,
451562,
452600,
453724,
454754,
455808,
456793,
457898,
459052,
460080,
461036,
462014,
463077,
464273,
465368,
466423,
467529,
468714,
469931,
471129,
472266,
473262,
474417,
475607,
476830,
478032,
479130,
480388,
481583,
482761,
484031,
485175,
486390,
487600,
488803,
490082,
491329,
492718,
494340,
495914,
497388,
498747,
500277,
501822,
503223,
504664,
506021,
507489,
509046,
510600,
512129,
513564,
515115,
516696,
518241,
519849,
521517,
523093,
524769,
526452,
528100,
529614,
531281,
532965,
534675,
536416,
538089,
539822,
541630,
543443,
545274,
546952,
548743,
550490,
552305,
554172,
555952,
557729,
559651,
561635,
563594,
565371,
567338,
569328,
571353,
573395,
575403,
577304,
579364,
581404,
583486,
585519,
587672,
589795,
591887,
593946,
596071,
598225,
600499,
602586,
604827,
606840,
609182,
611602,
613930,
616216,
618552,
620837,
623197,
625519,
627833,
630114,
632519,
635043,
637503,
639921,
642359,
644821,
647266,
649772,
652289,
654778,
657384,
660040,
662612,
665253,
668023,
670708,
673318,
676100,
678808,
681659,
684418,
687183,
689990,
692863,
695754,
698774,
701695,
704662,
707453,
710279,
713189,
716152,
719043,
722088,
725221,
728267,
731260,
734403,
737493,
740766,
743950,
747048,
750250,
753428,
756741,
760059,
763559,
766779,
770162,
773572,
776915,
780165,
783436,
786748,
790116,
793524,
797069,
800562,
804089,
807755,
811243,
814683,
818235,
821664,
825312,
828770,
832416,
836066,
839740,
843463,
847164,
850965,
854636,
858295,
861969,
865674,
869359,
873056,
876732,
880378,
884235,
887846,
891647,
895460,
899197,
903088,
906880,
910692,
914559,
918301,
922203,
925958,
929777,
933640,
937641,
941568,
945675,
949546,
953640,
957552,
961555,
965496,
969523,
973466,
977431,
981486,
985544,
989665,
993683,
997645,
1.00173e+06,
1.00563e+06,
1.00966e+06,
1.0138e+06,
1.01785e+06,
1.02199e+06,
1.02609e+06,
1.03027e+06,
1.03443e+06,
1.03842e+06,
1.04275e+06,
1.04691e+06,
1.05107e+06,
1.05535e+06,
1.05958e+06,
1.06371e+06,
1.06801e+06,
1.07224e+06,
1.07649e+06,
1.08065e+06,
1.08487e+06,
1.08918e+06,
1.09355e+06,
1.09797e+06,
1.10248e+06,
1.10681e+06,
1.11111e+06,
1.11563e+06,
1.12027e+06,
1.12512e+06,
1.12975e+06,
1.1342e+06,
1.13865e+06,
1.14326e+06,
1.14775e+06,
1.15234e+06,
1.15686e+06,
1.16128e+06,
1.16568e+06,
1.17002e+06,
1.17445e+06,
1.17885e+06,
1.18336e+06,
1.1878e+06,
1.1922e+06,
1.1965e+06,
1.20098e+06,
1.20547e+06,
1.21013e+06,
1.21468e+06,
1.21932e+06,
1.22382e+06,
1.22847e+06,
1.233e+06,
1.23754e+06,
1.24213e+06,
1.24676e+06,
1.25146e+06,
1.25612e+06,
1.26055e+06,
1.26519e+06,
1.26987e+06,
1.27456e+06,
1.2792e+06,
1.28392e+06,
1.28852e+06,
1.29333e+06,
1.29809e+06,
1.30279e+06,
1.30733e+06,
1.31202e+06,
1.31665e+06,
1.3214e+06,
1.3261e+06,
1.33087e+06,
1.33552e+06,
1.34038e+06,
1.34517e+06,
1.35e+06,
1.35446e+06,
1.35932e+06,
1.36415e+06,
1.36897e+06,
1.37364e+06,
1.3783e+06,
1.38291e+06,
1.38794e+06,
1.39287e+06,
1.3979e+06,
1.40272e+06,
1.40815e+06,
1.41395e+06,
1.4198e+06,
1.42575e+06,
1.43157e+06,
1.43733e+06,
1.4433e+06,
1.4493e+06,
1.45513e+06,
1.46089e+06,
1.46679e+06,
1.47286e+06,
1.479e+06,
1.48517e+06,
1.491e+06,
1.49698e+06,
1.50306e+06,
1.50919e+06,
1.51538e+06,
1.52125e+06,
1.52733e+06,
1.53344e+06,
1.53952e+06,
1.54574e+06,
1.55191e+06,
1.55809e+06,
1.56444e+06,
1.57066e+06,
1.57683e+06,
1.58266e+06,
1.58871e+06,
1.59487e+06,
1.60101e+06,
1.60737e+06,
1.61364e+06,
1.62017e+06,
1.62651e+06,
1.63282e+06,
1.63922e+06,
1.64539e+06,
1.65204e+06,
1.6588e+06,
1.66555e+06,
1.67214e+06,
1.67876e+06,
1.68561e+06,
1.69243e+06,
1.69917e+06,
1.70588e+06,
1.7124e+06,
1.71912e+06,
1.72603e+06,
1.73307e+06,
1.73984e+06,
1.74661e+06,
1.75348e+06,
1.76017e+06,
1.76709e+06,
1.77393e+06,
1.78067e+06,
1.78771e+06,
1.79473e+06,
1.80168e+06,
1.80867e+06,
1.81539e+06,
1.82243e+06,
1.8295e+06,
1.83671e+06,
1.84375e+06,
1.85042e+06,
1.85759e+06,
1.86478e+06,
1.872e+06,
1.87887e+06,
1.88614e+06,
1.89332e+06,
1.9005e+06,
1.90792e+06,
1.91535e+06,
1.92263e+06,
1.93022e+06,
1.93805e+06,
1.94562e+06,
1.95322e+06,
1.9607e+06,
1.96848e+06,
1.97635e+06,
1.98406e+06,
1.99162e+06,
1.99918e+06,
2.00701e+06,
2.01498e+06,
2.02283e+06,
2.03065e+06,
2.03882e+06,
2.04667e+06,
2.05478e+06,
2.06252e+06,
2.07026e+06,
2.07784e+06,
2.08587e+06,
2.0939e+06,
2.10199e+06,
2.10983e+06,
2.11809e+06,
2.12634e+06,
2.13451e+06,
2.14259e+06,
2.15073e+06,
2.15851e+06,
2.16673e+06,
2.17501e+06,
2.18308e+06,
2.19197e+06,
2.20075e+06,
2.2095e+06,
2.21839e+06,
2.22703e+06,
2.23564e+06,
2.2442e+06,
2.25304e+06,
2.26183e+06,
2.27066e+06,
2.27982e+06,
2.28886e+06,
2.29777e+06,
2.30677e+06,
2.31554e+06,
2.32449e+06,
2.33306e+06,
2.34228e+06,
2.35158e+06,
2.36073e+06,
2.36997e+06,
2.37942e+06,
2.38885e+06,
2.39829e+06,
2.40755e+06,
2.41689e+06,
2.42579e+06,
2.4354e+06,
2.4448e+06,
2.45409e+06,
2.46383e+06,
2.4736e+06,
2.48332e+06,
2.49319e+06,
2.50316e+06,
2.51328e+06,
2.52321e+06,
2.53336e+06,
2.54347e+06,
2.55364e+06,
2.56407e+06,
2.5745e+06,
2.58506e+06,
2.59565e+06,
2.60599e+06,
2.61672e+06,
2.62672e+06,
2.63718e+06,
2.64768e+06,
2.65863e+06,
2.66946e+06,
2.68049e+06,
2.69143e+06,
2.70226e+06,
2.71335e+06,
2.72462e+06,
2.73497e+06,
2.74602e+06,
2.75689e+06,
2.7681e+06,
2.77937e+06,
2.79074e+06,
2.80225e+06,
2.81395e+06,
2.82557e+06,
2.83761e+06,
2.84871e+06,
2.86054e+06,
2.87191e+06,
2.88429e+06,
2.89646e+06,
2.90887e+06,
2.9215e+06,
2.9341e+06,
2.94661e+06,
2.95906e+06,
2.97055e+06,
2.98258e+06,
2.99494e+06,
3.00766e+06,
3.02119e+06,
3.03426e+06,
3.04725e+06,
3.06025e+06,
3.0733e+06,
3.08626e+06,
3.09868e+06,
3.11142e+06,
3.12482e+06,
3.13877e+06,
3.15252e+06,
3.16619e+06,
3.17963e+06,
3.19354e+06,
3.20743e+06,
3.22118e+06,
3.23487e+06,
3.24899e+06,
3.26358e+06,
3.27815e+06,
3.29252e+06,
3.30712e+06,
3.32188e+06,
3.33681e+06,
3.35214e+06,
3.36686e+06,
3.38105e+06,
3.39557e+06,
3.41047e+06,
3.42607e+06,
3.44156e+06,
3.45704e+06,
3.47308e+06,
3.48918e+06,
3.50514e+06,
3.52096e+06,
3.53553e+06,
3.55062e+06,
3.56673e+06,
3.5833e+06,
3.60007e+06,
3.61705e+06,
3.63367e+06,
3.65087e+06,
3.66755e+06,
3.68421e+06,
3.70047e+06,
3.71805e+06,
3.73604e+06,
3.75388e+06,
3.77163e+06,
3.78931e+06,
3.80684e+06,
3.82469e+06,
3.84301e+06,
3.86125e+06,
3.87831e+06,
3.89585e+06,
3.91421e+06,
3.9329e+06,
3.95163e+06,
3.97042e+06,
3.98993e+06,
4.00911e+06,
4.02835e+06,
4.0471e+06,
4.0645e+06,
4.08326e+06,
4.1029e+06,
4.12344e+06,
4.14427e+06,
4.16464e+06,
4.18455e+06,
4.20429e+06,
4.22332e+06,
4.24175e+06,
4.25438e+06,
4.27403e+06,
4.29604e+06,
4.31755e+06,
4.33934e+06,
4.36107e+06,
4.38301e+06,
4.40584e+06,
4.42943e+06,
4.45263e+06,
4.47531e+06,
4.49864e+06,
4.52153e+06,
4.54532e+06,
4.57245e+06,
4.60879e+06,
4.64513e+06,
4.68199e+06,
4.71863e+06,
4.75521e+06,
4.79125e+06,
4.82817e+06,
4.86538e+06,
4.90363e+06,
4.94148e+06,
4.98139e+06,
5.02086e+06,
5.06048e+06,
5.10072e+06,
5.14093e+06,
5.18209e+06,
5.22347e+06,
5.26441e+06,
5.30563e+06,
5.34721e+06,
5.3908e+06,
5.43487e+06,
5.47933e+06,
5.52543e+06,
5.57043e+06,
5.6158e+06,
5.66158e+06,
5.70802e+06,
5.75441e+06,
5.80133e+06,
5.85113e+06,
5.90154e+06,
5.9513e+06,
6.00071e+06,
6.05122e+06,
6.10254e+06,
6.15427e+06,
6.20563e+06,
6.26033e+06,
6.31439e+06,
6.37088e+06,
6.4277e+06,
6.48559e+06,
6.54454e+06,
6.60476e+06,
6.66733e+06,
6.73605e+06,
6.805e+06,
6.8746e+06,
6.94062e+06,
7.00264e+06,
7.06477e+06,
7.12599e+06,
7.18762e+06,
7.24863e+06,
7.30838e+06,
7.36769e+06,
7.42687e+06,
7.48658e+06,
7.54822e+06,
7.60832e+06,
7.66926e+06,
7.72845e+06,
7.78747e+06,
7.84634e+06,
7.90509e+06,
7.96266e+06,
8.02021e+06,
8.07864e+06,
8.1373e+06,
8.19762e+06,
8.26044e+06,
8.32265e+06,
8.38369e+06,
8.44495e+06,
8.50494e+06,
8.56495e+06,
8.62446e+06,
8.68417e+06,
8.74322e+06,
8.80272e+06,
8.86318e+06,
375246,
375474,
375728,
375997,
376291,
376537,
376931,
377381,
377735,
378009,
378314,
378696,
379135,
379514,
379828,
380162,
380402,
380746,
381149,
381469,
381779,
382111,
382442,
382826,
383131,
383506,
383833,
384209,
384593,
384938,
385271,
385643,
385968,
386297,
386651,
387043,
387503,
387921,
388354,
388790,
389258,
389683,
390143,
390618,
391099,
391527,
392002,
392448,
392935,
393397,
393821,
394374,
394939,
395466,
396066,
396673,
397275,
397806,
398349,
398919,
399497,
400141,
400689,
401312,
401925,
402561,
403174,
403853,
404501,
405178,
405846,
406643,
407378,
408090,
408842,
409610,
410391,
411204,
411955,
412785,
413485,
414288,
415055,
415855,
416684,
417407,
418213,
418988,
419818,
420615,
421432,
422226,
423054,
423890,
424797,
425627,
426398,
427285,
428151,
429037,
429873,
430793,
431632,
432401,
433240,
434199,
435101,
436009,
436930,
437841,
438821,
439834,
440767,
441726,
442763,
443912,
444959,
446047,
447042,
448115,
449143,
450122,
451216,
452197,
453245,
454261,
455364,
456424,
457479,
458465,
459516,
460660,
461710,
462666,
463827,
464922,
466123,
467250,
468386,
469468,
470623,
471824,
472949,
473945,
475048,
476206,
477408,
478556,
479736,
480897,
482049,
483272,
484583,
485755,
486947,
488212,
489454,
490798,
492163,
493459,
495021,
496536,
497978,
499405,
500954,
502402,
503795,
505166,
506494,
507989,
509438,
511016,
512498,
513903,
515473,
516995,
518482,
520027,
521575,
523159,
524706,
526403,
528061,
529689,
531334,
532953,
534683,
536351,
538072,
539739,
541391,
543073,
544879,
546623,
548382,
550258,
552099,
554006,
555763,
557716,
559674,
561478,
563491,
565288,
567160,
569417,
571501,
573437,
575505,
577579,
579701,
581715,
583693,
585725,
587782,
589879,
591914,
593992,
596119,
598241,
600419,
602596,
604736,
606884,
609109,
611411,
613774,
615958,
618235,
620503,
622778,
625031,
627294,
629575,
631904,
634343,
636729,
639202,
641593,
644019,
646524,
649031,
651387,
653803,
656370,
658981,
661573,
664147,
666853,
669500,
672238,
674953,
677654,
680435,
683322,
686042,
688718,
691362,
694167,
697029,
699917,
702900,
705816,
708641,
711354,
714226,
717256,
720141,
723078,
726101,
729139,
732200,
735169,
738301,
741546,
744670,
747860,
750979,
754072,
757268,
760366,
763598,
766898,
770153,
773457,
776694,
779922,
783154,
786368,
789577,
793004,
796464,
799889,
803492,
806991,
810482,
813976,
817420,
820813,
824274,
827772,
831193,
834850,
838364,
841966,
845647,
849264,
852889,
856442,
859977,
863590,
867366,
870893,
874602,
878293,
882014,
885871,
889652,
893422,
897132,
900995,
904848,
908614,
912356,
916147,
919945,
923646,
927361,
931120,
934957,
938874,
942888,
946778,
950621,
954578,
958474,
962511,
966552,
970528,
974450,
978466,
982505,
986474,
990286,
994245,
998275,
1.00236e+06,
1.00639e+06,
1.01048e+06,
1.0146e+06,
1.01872e+06,
1.02275e+06,
1.02673e+06,
1.03071e+06,
1.03502e+06,
1.03923e+06,
1.04351e+06,
1.04761e+06,
1.05182e+06,
1.05595e+06,
1.06016e+06,
1.06428e+06,
1.06839e+06,
1.07249e+06,
1.07671e+06,
1.08099e+06,
1.08531e+06,
1.08964e+06,
1.09402e+06,
1.09835e+06,
1.10275e+06,
1.10694e+06,
1.1114e+06,
1.11604e+06,
1.12059e+06,
1.12503e+06,
1.12955e+06,
1.13402e+06,
1.13845e+06,
1.14288e+06,
1.14735e+06,
1.15184e+06,
1.15627e+06,
1.16046e+06,
1.16481e+06,
1.16927e+06,
1.17378e+06,
1.17816e+06,
1.18257e+06,
1.18691e+06,
1.19138e+06,
1.19576e+06,
1.20027e+06,
1.2047e+06,
1.20928e+06,
1.21377e+06,
1.21844e+06,
1.22306e+06,
1.22746e+06,
1.23206e+06,
1.2367e+06,
1.24116e+06,
1.24564e+06,
1.25011e+06,
1.25478e+06,
1.25945e+06,
1.26421e+06,
1.2688e+06,
1.27345e+06,
1.27824e+06,
1.28342e+06,
1.28885e+06,
1.29443e+06,
1.2998e+06,
1.30547e+06,
1.31133e+06,
1.31718e+06,
1.32273e+06,
1.32857e+06,
1.33439e+06,
1.34018e+06,
1.34574e+06,
1.35135e+06,
1.35689e+06,
1.36272e+06,
1.36854e+06,
1.37442e+06,
1.3803e+06,
1.38606e+06,
1.39213e+06,
1.39793e+06,
1.40381e+06,
1.40964e+06,
1.41552e+06,
1.4216e+06,
1.42746e+06,
1.43347e+06,
1.43948e+06,
1.4456e+06,
1.45167e+06,
1.45754e+06,
1.46361e+06,
1.46961e+06,
1.4754e+06,
1.4813e+06,
1.4874e+06,
1.49344e+06,
1.49964e+06,
1.50588e+06,
1.51228e+06,
1.51854e+06,
1.52503e+06,
1.53144e+06,
1.53758e+06,
1.54397e+06,
1.55038e+06,
1.55679e+06,
1.56344e+06,
1.5702e+06,
1.57662e+06,
1.58307e+06,
1.58948e+06,
1.59604e+06,
1.60225e+06,
1.60877e+06,
1.61531e+06,
1.62197e+06,
1.62876e+06,
1.63565e+06,
1.64216e+06,
1.64882e+06,
1.6557e+06,
1.66244e+06,
1.66904e+06,
1.67583e+06,
1.6826e+06,
1.6895e+06,
1.69634e+06,
1.70318e+06,
1.7101e+06,
1.71717e+06,
1.72428e+06,
1.73122e+06,
1.7379e+06,
1.7448e+06,
1.75169e+06,
1.75884e+06,
1.76626e+06,
1.77358e+06,
1.78074e+06,
1.78815e+06,
1.79566e+06,
1.80293e+06,
1.81001e+06,
1.81733e+06,
1.82457e+06,
1.83214e+06,
1.83971e+06,
1.84711e+06,
1.8546e+06,
1.86217e+06,
1.86982e+06,
1.87718e+06,
1.88435e+06,
1.89195e+06,
1.89955e+06,
1.90707e+06,
1.91479e+06,
1.9223e+06,
1.93008e+06,
1.93791e+06,
1.94596e+06,
1.95374e+06,
1.96126e+06,
1.96924e+06,
1.97709e+06,
1.98497e+06,
1.99297e+06,
2.00097e+06,
2.0092e+06,
2.01719e+06,
2.02515e+06,
2.03321e+06,
2.04139e+06,
2.04975e+06,
2.05816e+06,
2.06639e+06,
2.07456e+06,
2.0829e+06,
2.09164e+06,
2.10018e+06,
2.1087e+06,
2.11724e+06,
2.12543e+06,
2.13394e+06,
2.1426e+06,
2.15114e+06,
2.15947e+06,
2.16813e+06,
2.17722e+06,
2.1863e+06,
2.19525e+06,
2.2039e+06,
2.21229e+06,
2.22089e+06,
2.22982e+06,
2.23852e+06,
2.24723e+06,
2.25624e+06,
2.26552e+06,
2.27487e+06,
2.28422e+06,
2.2935e+06,
2.30252e+06,
2.31153e+06,
2.32092e+06,
2.3301e+06,
2.3395e+06,
2.34954e+06,
2.3598e+06,
2.36973e+06,
2.37964e+06,
2.38946e+06,
2.39883e+06,
2.40858e+06,
2.41851e+06,
2.42863e+06,
2.4385e+06,
2.44905e+06,
2.45942e+06,
2.46972e+06,
2.48012e+06,
2.49028e+06,
2.50015e+06,
2.51027e+06,
2.52059e+06,
2.53091e+06,
2.54114e+06,
2.55199e+06,
2.56309e+06,
2.57386e+06,
2.58465e+06,
2.59532e+06,
2.60543e+06,
2.6163e+06,
2.62707e+06,
2.63785e+06,
2.64899e+06,
2.66066e+06,
2.67252e+06,
2.68392e+06,
2.6953e+06,
2.70673e+06,
2.71803e+06,
2.72946e+06,
2.74099e+06,
2.75274e+06,
2.76505e+06,
2.77742e+06,
2.78918e+06,
2.80141e+06,
2.81345e+06,
2.82551e+06,
2.83715e+06,
2.84928e+06,
2.8615e+06,
2.87415e+06,
2.88693e+06,
2.89976e+06,
2.91217e+06,
2.92472e+06,
2.93747e+06,
2.94977e+06,
2.9622e+06,
2.97524e+06,
2.98802e+06,
3.00105e+06,
3.01437e+06,
3.02781e+06,
3.04118e+06,
3.05493e+06,
3.06885e+06,
3.08296e+06,
3.09631e+06,
3.10986e+06,
3.12369e+06,
3.13787e+06,
3.15209e+06,
3.16639e+06,
3.18046e+06,
3.19535e+06,
3.21001e+06,
3.22436e+06,
3.23845e+06,
3.25293e+06,
3.26747e+06,
3.28207e+06,
3.29711e+06,
3.313e+06,
3.32855e+06,
3.34409e+06,
3.35946e+06,
3.37426e+06,
3.38882e+06,
3.40396e+06,
3.41952e+06,
3.43623e+06,
3.45269e+06,
3.4691e+06,
3.48584e+06,
3.50206e+06,
3.51835e+06,
3.53479e+06,
3.55123e+06,
3.56849e+06,
3.58543e+06,
3.60269e+06,
3.61983e+06,
3.63731e+06,
3.65482e+06,
3.67247e+06,
3.69064e+06,
3.70828e+06,
3.72545e+06,
3.74278e+06,
3.76049e+06,
3.7787e+06,
3.79699e+06,
3.81579e+06,
3.83499e+06,
3.85395e+06,
3.87257e+06,
3.89119e+06,
3.90903e+06,
3.9279e+06,
3.94789e+06,
3.96847e+06,
3.98895e+06,
4.00918e+06,
4.02939e+06,
4.04938e+06,
4.06982e+06,
4.08961e+06,
4.10987e+06,
4.13057e+06,
4.15156e+06,
4.17234e+06,
4.19361e+06,
4.21473e+06,
4.23601e+06,
4.25848e+06,
4.28042e+06,
4.30164e+06,
4.32225e+06,
4.34301e+06,
4.36489e+06,
4.3871e+06,
4.41036e+06,
4.43365e+06,
4.45601e+06,
4.47875e+06,
4.50088e+06,
4.52189e+06,
4.53792e+06,
4.55911e+06,
4.58505e+06,
4.61083e+06,
4.63966e+06,
4.67803e+06,
4.7163e+06,
4.7549e+06,
4.79363e+06,
4.83352e+06,
4.87279e+06,
4.91183e+06,
4.95127e+06,
4.99005e+06,
5.03031e+06,
5.07273e+06,
5.11598e+06,
5.15872e+06,
5.20196e+06,
5.24467e+06,
5.28736e+06,
5.33162e+06,
5.37582e+06,
5.42068e+06,
5.46754e+06,
5.51521e+06,
5.56275e+06,
5.61063e+06,
5.65914e+06,
5.70797e+06,
5.75701e+06,
5.80796e+06,
5.85815e+06,
5.90871e+06,
5.95965e+06,
6.01244e+06,
6.06622e+06,
6.12035e+06,
6.17509e+06,
6.23204e+06,
6.28814e+06,
6.34556e+06,
6.4037e+06,
6.46237e+06,
6.52408e+06,
6.58807e+06,
6.65922e+06,
6.73238e+06,
6.8052e+06,
6.87573e+06,
6.9395e+06,
7.00253e+06,
7.06464e+06,
7.12756e+06,
7.18845e+06,
7.25098e+06,
7.31287e+06,
7.37479e+06,
7.43765e+06,
7.49988e+06,
7.56158e+06,
7.62351e+06,
7.68366e+06,
7.74374e+06,
7.80451e+06,
7.86474e+06,
7.9256e+06,
7.98582e+06,
8.04709e+06,
8.10803e+06,
8.1693e+06,
8.2314e+06,
8.29362e+06,
8.35567e+06,
8.41792e+06,
8.48073e+06,
8.54373e+06,
8.60448e+06,
8.6655e+06,
8.72602e+06,
8.78665e+06,
8.84805e+06,
8.90915e+06,
8.97139e+06,
9.03374e+06,
9.09682e+06,
9.16034e+06,
9.22405e+06,
9.28741e+06,
9.351e+06,
9.4146e+06,
9.47656e+06,
9.53844e+06,
9.59996e+06,
9.66232e+06,
9.72649e+06,
9.79271e+06,
375246,
375477,
375743,
376026,
376296,
376542,
376964,
377396,
377769,
378059,
378327,
378698,
379135,
379509,
379860,
380189,
380470,
380819,
381155,
381535,
381829,
382150,
382537,
382865,
383207,
383601,
383901,
384238,
384618,
384968,
385329,
385733,
386033,
386439,
386809,
387221,
387617,
388036,
388453,
388867,
389354,
389789,
390221,
390698,
391198,
391659,
392110,
392556,
393027,
393471,
393989,
394518,
395070,
395627,
396211,
396791,
397407,
397887,
398455,
399012,
399573,
400213,
400806,
401448,
401998,
402707,
403427,
404109,
404814,
405589,
406332,
407054,
407737,
408427,
409140,
409880,
410677,
411447,
412236,
412962,
413726,
414472,
415287,
416104,
416863,
417593,
418377,
419201,
420052,
420832,
421650,
422448,
423333,
424211,
425005,
425910,
426754,
427595,
428456,
429268,
430126,
431078,
431918,
432730,
433679,
434596,
435461,
436365,
437282,
438211,
439207,
440250,
441129,
441984,
442952,
443978,
445224,
446333,
447387,
448425,
449395,
450541,
451620,
452586,
453602,
454611,
455811,
456898,
457960,
458980,
459983,
461076,
462256,
463263,
464354,
465407,
466544,
467734,
468884,
469995,
471084,
472176,
473318,
474422,
475623,
476768,
477961,
479164,
480443,
481638,
482870,
483986,
485138,
486222,
487426,
488688,
489928,
491147,
492433,
493794,
495339,
496851,
498307,
499721,
501130,
502645,
504038,
505527,
506860,
508314,
509815,
511297,
512773,
514176,
515693,
517226,
518727,
520230,
521796,
523303,
524925,
526607,
528284,
529847,
531516,
533194,
534985,
536753,
538509,
540240,
542091,
543800,
545471,
547293,
549188,
550985,
552739,
554540,
556469,
558282,
560267,
562142,
563982,
565711,
567739,
569714,
571677,
573635,
575683,
577721,
579760,
581761,
583770,
585651,
587706,
589743,
591804,
593840,
595955,
598122,
600288,
602487,
604562,
606611,
608729,
610984,
613179,
615420,
617640,
619956,
622278,
624606,
626934,
629135,
631448,
633818,
636238,
638468,
640875,
643288,
645826,
648330,
650750,
653153,
655650,
658158,
660697,
663225,
665801,
668436,
670964,
673610,
676327,
679066,
681682,
684326,
687126,
689885,
692604,
695361,
698101,
700869,
703626,
706368,
709277,
712204,
714961,
717871,
720846,
723723,
726535,
729499,
732444,
735472,
738545,
741585,
744763,
747798,
750874,
753946,
757063,
760222,
763529,
766677,
769972,
773253,
776392,
779621,
782809,
785990,
789324,
792479,
795809,
799114,
802498,
805789,
809144,
812475,
815919,
819273,
822708,
826050,
829520,
832987,
836551,
840039,
843554,
847027,
850573,
854278,
857852,
861409,
864957,
868438,
872034,
875716,
879278,
882979,
886814,
890424,
894203,
897889,
901524,
905270,
908983,
912680,
916468,
920321,
924097,
927974,
931872,
935713,
939399,
943251,
947173,
950941,
955034,
958976,
962814,
966806,
970723,
974552,
978390,
982130,
986012,
990000,
994024,
998068,
1.00201e+06,
1.00597e+06,
1.01012e+06,
1.01409e+06,
1.0181e+06,
1.02205e+06,
1.02606e+06,
1.03003e+06,
1.0342e+06,
1.03831e+06,
1.04224e+06,
1.04658e+06,
1.05083e+06,
1.05486e+06,
1.05902e+06,
1.06297e+06,
1.06714e+06,
1.07144e+06,
1.07583e+06,
1.08007e+06,
1.08435e+06,
1.08859e+06,
1.09305e+06,
1.09737e+06,
1.10168e+06,
1.10621e+06,
1.11053e+06,
1.11491e+06,
1.1195e+06,
1.12379e+06,
1.1283e+06,
1.1326e+06,
1.13704e+06,
1.14135e+06,
1.14571e+06,
1.14998e+06,
1.15433e+06,
1.15874e+06,
1.16309e+06,
1.16767e+06,
1.17259e+06,
1.17796e+06,
1.18326e+06,
1.18875e+06,
1.19414e+06,
1.19925e+06,
1.20454e+06,
1.21011e+06,
1.21563e+06,
1.22115e+06,
1.22666e+06,
1.23228e+06,
1.23798e+06,
1.2436e+06,
1.24912e+06,
1.25445e+06,
1.25998e+06,
1.26547e+06,
1.27127e+06,
1.27708e+06,
1.2828e+06,
1.28856e+06,
1.29412e+06,
1.29975e+06,
1.30539e+06,
1.31087e+06,
1.31667e+06,
1.32237e+06,
1.32821e+06,
1.33392e+06,
1.33966e+06,
1.34553e+06,
1.35133e+06,
1.3571e+06,
1.36306e+06,
1.36863e+06,
1.37451e+06,
1.38028e+06,
1.38627e+06,
1.39236e+06,
1.39846e+06,
1.40474e+06,
1.41111e+06,
1.41752e+06,
1.42367e+06,
1.42952e+06,
1.4357e+06,
1.44201e+06,
1.44831e+06,
1.45457e+06,
1.4609e+06,
1.46724e+06,
1.47366e+06,
1.48009e+06,
1.48636e+06,
1.49251e+06,
1.49891e+06,
1.50525e+06,
1.51147e+06,
1.51796e+06,
1.52434e+06,
1.53091e+06,
1.5374e+06,
1.54399e+06,
1.55056e+06,
1.55718e+06,
1.56377e+06,
1.5704e+06,
1.5769e+06,
1.58355e+06,
1.5903e+06,
1.59683e+06,
1.60353e+06,
1.61034e+06,
1.61701e+06,
1.62354e+06,
1.63034e+06,
1.63731e+06,
1.64448e+06,
1.6516e+06,
1.6587e+06,
1.66568e+06,
1.67266e+06,
1.67967e+06,
1.68703e+06,
1.69427e+06,
1.70144e+06,
1.70869e+06,
1.71613e+06,
1.72363e+06,
1.73087e+06,
1.73821e+06,
1.74567e+06,
1.75296e+06,
1.7602e+06,
1.76764e+06,
1.77519e+06,
1.78269e+06,
1.79018e+06,
1.79771e+06,
1.80518e+06,
1.81271e+06,
1.82012e+06,
1.82751e+06,
1.83528e+06,
1.84268e+06,
1.85023e+06,
1.85809e+06,
1.86569e+06,
1.87339e+06,
1.88128e+06,
1.88898e+06,
1.89692e+06,
1.90486e+06,
1.91277e+06,
1.92063e+06,
1.92872e+06,
1.93684e+06,
1.94484e+06,
1.95309e+06,
1.96134e+06,
1.96933e+06,
1.97742e+06,
1.98574e+06,
1.99409e+06,
2.00205e+06,
2.01055e+06,
2.01907e+06,
2.02766e+06,
2.0361e+06,
2.04447e+06,
2.05292e+06,
2.06124e+06,
2.06998e+06,
2.0786e+06,
2.08691e+06,
2.09579e+06,
2.10472e+06,
2.11371e+06,
2.12254e+06,
2.13134e+06,
2.13991e+06,
2.14871e+06,
2.15746e+06,
2.16644e+06,
2.17496e+06,
2.18405e+06,
2.19361e+06,
2.20292e+06,
2.21227e+06,
2.22148e+06,
2.2307e+06,
2.24001e+06,
2.24955e+06,
2.25892e+06,
2.26799e+06,
2.27775e+06,
2.28769e+06,
2.29738e+06,
2.30705e+06,
2.31667e+06,
2.3266e+06,
2.33663e+06,
2.34661e+06,
2.35647e+06,
2.36615e+06,
2.37623e+06,
2.38669e+06,
2.39717e+06,
2.40746e+06,
2.41776e+06,
2.42805e+06,
2.43833e+06,
2.44867e+06,
2.45912e+06,
2.46926e+06,
2.47983e+06,
2.49073e+06,
2.50154e+06,
2.51254e+06,
2.52363e+06,
2.53476e+06,
2.54594e+06,
2.55698e+06,
2.56832e+06,
2.57911e+06,
2.59055e+06,
2.60212e+06,
2.61375e+06,
2.62514e+06,
2.6369e+06,
2.64832e+06,
2.65984e+06,
2.67156e+06,
2.68331e+06,
2.69498e+06,
2.7072e+06,
2.71925e+06,
2.73124e+06,
2.74329e+06,
2.75532e+06,
2.76766e+06,
2.77962e+06,
2.79208e+06,
2.80469e+06,
2.81682e+06,
2.82932e+06,
2.8419e+06,
2.85434e+06,
2.86693e+06,
2.88018e+06,
2.89312e+06,
2.90638e+06,
2.9202e+06,
2.93371e+06,
2.94688e+06,
2.96035e+06,
2.97386e+06,
2.98731e+06,
3.00097e+06,
3.01476e+06,
3.02894e+06,
3.04326e+06,
3.0574e+06,
3.07145e+06,
3.0851e+06,
3.09906e+06,
3.11317e+06,
3.12757e+06,
3.14219e+06,
3.15731e+06,
3.17243e+06,
3.18713e+06,
3.20172e+06,
3.21661e+06,
3.23085e+06,
3.24568e+06,
3.26075e+06,
3.27629e+06,
3.29255e+06,
3.30842e+06,
3.32441e+06,
3.34042e+06,
3.35637e+06,
3.37215e+06,
3.38792e+06,
3.40446e+06,
3.42091e+06,
3.43732e+06,
3.45437e+06,
3.47117e+06,
3.48823e+06,
3.50528e+06,
3.52269e+06,
3.54024e+06,
3.55703e+06,
3.57455e+06,
3.59166e+06,
3.6091e+06,
3.62691e+06,
3.64523e+06,
3.66392e+06,
3.6822e+06,
3.70047e+06,
3.7183e+06,
3.73549e+06,
3.75419e+06,
3.77255e+06,
3.79284e+06,
3.8132e+06,
3.83297e+06,
3.85241e+06,
3.87197e+06,
3.89188e+06,
3.91109e+06,
3.93103e+06,
3.95144e+06,
3.97163e+06,
3.99249e+06,
4.01315e+06,
4.03377e+06,
4.05459e+06,
4.07609e+06,
4.09793e+06,
4.11914e+06,
4.14002e+06,
4.16137e+06,
4.18272e+06,
4.20485e+06,
4.22679e+06,
4.25034e+06,
4.27303e+06,
4.29591e+06,
4.3188e+06,
4.34131e+06,
4.3636e+06,
4.38645e+06,
4.41108e+06,
4.43536e+06,
4.45944e+06,
4.48324e+06,
4.50711e+06,
4.53117e+06,
4.55616e+06,
4.58141e+06,
4.60559e+06,
4.62992e+06,
4.65471e+06,
4.68004e+06,
4.70664e+06,
4.74187e+06,
4.78306e+06,
4.82355e+06,
4.86291e+06,
4.90048e+06,
4.93415e+06,
4.97203e+06,
5.01357e+06,
5.05666e+06,
5.09935e+06,
5.14452e+06,
5.19017e+06,
5.23566e+06,
5.28164e+06,
5.32823e+06,
5.37552e+06,
5.42323e+06,
5.47072e+06,
5.51786e+06,
5.56542e+06,
5.6157e+06,
5.66696e+06,
5.71913e+06,
5.77236e+06,
5.82489e+06,
5.87774e+06,
5.93059e+06,
5.98422e+06,
6.03903e+06,
6.09391e+06,
6.15406e+06,
6.2135e+06,
6.2735e+06,
6.3344e+06,
6.39609e+06,
6.45942e+06,
6.52387e+06,
6.59395e+06,
6.66807e+06,
6.74223e+06,
6.81776e+06,
6.88457e+06,
6.9508e+06,
7.01562e+06,
7.08131e+06,
7.14376e+06,
7.20647e+06,
7.26897e+06,
7.33197e+06,
7.39498e+06,
7.45985e+06,
7.52509e+06,
7.59006e+06,
7.65419e+06,
7.71721e+06,
7.77886e+06,
7.84055e+06,
7.90174e+06,
7.96328e+06,
8.02563e+06,
8.08884e+06,
8.15136e+06,
8.21603e+06,
8.27996e+06,
8.3441e+06,
8.40708e+06,
8.47005e+06,
8.53233e+06,
8.59404e+06,
8.65674e+06,
8.72008e+06,
8.7833e+06,
8.84678e+06,
8.91091e+06,
8.97597e+06,
9.04059e+06,
9.10475e+06,
9.1697e+06,
9.23302e+06,
9.29715e+06,
9.36163e+06,
9.42597e+06,
9.49044e+06,
9.55456e+06,
9.61891e+06,
9.68487e+06,
9.75037e+06,
9.81591e+06,
9.88151e+06,
9.94795e+06,
1.0014e+07,
1.00804e+07,
1.01467e+07,
1.02128e+07,
1.02783e+07,
1.03433e+07,
1.04083e+07,
1.04736e+07,
1.05403e+07,
1.06083e+07,
1.06772e+07,
1.07453e+07,
375246,
375485,
375730,
376032,
376283,
376570,
376988,
377416,
377785,
378073,
378347,
378731,
379138,
379545,
379854,
380188,
380520,
380892,
381197,
381511,
381844,
382209,
382533,
382910,
383250,
383616,
383940,
384302,
384632,
384982,
385349,
385714,
386131,
386579,
386920,
387335,
387716,
388127,
388495,
388938,
389393,
389895,
390314,
390785,
391303,
391731,
392215,
392632,
393100,
393589,
394130,
394683,
395239,
395778,
396370,
396965,
397475,
398009,
398566,
399085,
399633,
400293,
400898,
401543,
402170,
402885,
403628,
404404,
405151,
405849,
406551,
407231,
407976,
408730,
409431,
410210,
410969,
411674,
412381,
413130,
413961,
414777,
415597,
416411,
417145,
417963,
418774,
419598,
420406,
421151,
422046,
422861,
423660,
424522,
425371,
426192,
427039,
427857,
428714,
429705,
430480,
431408,
432258,
433097,
433912,
434892,
435797,
436759,
437685,
438643,
439582,
440557,
441470,
442337,
443341,
444329,
445372,
446653,
447745,
448925,
449967,
450955,
451980,
452936,
454014,
455044,
456092,
457201,
458343,
459404,
460558,
461514,
462537,
463558,
464680,
465803,
466955,
468104,
469316,
470371,
471471,
472624,
473695,
474711,
475900,
477097,
478263,
479479,
480621,
481871,
483112,
484332,
485375,
486498,
487786,
489053,
490333,
491557,
492932,
494209,
495648,
497094,
498619,
500079,
501457,
502876,
504333,
505830,
507378,
508938,
510446,
511987,
513463,
514932,
516463,
518015,
519580,
521159,
522732,
524309,
525952,
527646,
529305,
530935,
532610,
534203,
535895,
537569,
539304,
540982,
542845,
544562,
546286,
547914,
549643,
551373,
553134,
555037,
556965,
558769,
560658,
562583,
564508,
566280,
568113,
569981,
571886,
573909,
575789,
577834,
579873,
581954,
583951,
585918,
587936,
589902,
591837,
593915,
595970,
598127,
600294,
602454,
604544,
606664,
608825,
610956,
613155,
615430,
617620,
619764,
622089,
624325,
626591,
628787,
631071,
633369,
635634,
637954,
640302,
642653,
645085,
647409,
649754,
652092,
654609,
657026,
659475,
661982,
664547,
667114,
669766,
672268,
674942,
677427,
679967,
682599,
685267,
687970,
690683,
693442,
696165,
698923,
701702,
704206,
707010,
709751,
712547,
715439,
718266,
721120,
724091,
726940,
729946,
732862,
735808,
738718,
741697,
744585,
747519,
750607,
753665,
756730,
759855,
762940,
766080,
769172,
772285,
775493,
778567,
781749,
784887,
788178,
791359,
794597,
797842,
801074,
804356,
807690,
810940,
814217,
817501,
820855,
824272,
827587,
830984,
834326,
837767,
841198,
844682,
848375,
851842,
855361,
858825,
862363,
865836,
869349,
873044,
876620,
880151,
883720,
887288,
890978,
894638,
898269,
901901,
905585,
909236,
913019,
916634,
920440,
924165,
927869,
931623,
935354,
939092,
942826,
946653,
950335,
954198,
958042,
961859,
965645,
969538,
973250,
977291,
981011,
984965,
988953,
993028,
997033,
1.00091e+06,
1.00498e+06,
1.00889e+06,
1.01286e+06,
1.01688e+06,
1.02085e+06,
1.02485e+06,
1.02876e+06,
1.03274e+06,
1.03686e+06,
1.04097e+06,
1.04506e+06,
1.04909e+06,
1.05302e+06,
1.05731e+06,
1.0614e+06,
1.06554e+06,
1.06979e+06,
1.07439e+06,
1.07954e+06,
1.08481e+06,
1.09006e+06,
1.09545e+06,
1.10086e+06,
1.10611e+06,
1.11142e+06,
1.11675e+06,
1.12214e+06,
1.12741e+06,
1.13272e+06,
1.13808e+06,
1.14335e+06,
1.14876e+06,
1.15388e+06,
1.15939e+06,
1.1648e+06,
1.17018e+06,
1.17555e+06,
1.18102e+06,
1.18666e+06,
1.19214e+06,
1.19766e+06,
1.20309e+06,
1.20836e+06,
1.2137e+06,
1.21897e+06,
1.22454e+06,
1.23022e+06,
1.23578e+06,
1.24137e+06,
1.24688e+06,
1.25266e+06,
1.25819e+06,
1.26369e+06,
1.26943e+06,
1.27528e+06,
1.2811e+06,
1.28689e+06,
1.29269e+06,
1.29878e+06,
1.3047e+06,
1.31066e+06,
1.31659e+06,
1.32241e+06,
1.32845e+06,
1.33449e+06,
1.3407e+06,
1.34687e+06,
1.35295e+06,
1.35896e+06,
1.36517e+06,
1.37131e+06,
1.37727e+06,
1.38322e+06,
1.38932e+06,
1.39554e+06,
1.40198e+06,
1.40827e+06,
1.4145e+06,
1.42085e+06,
1.42714e+06,
1.4333e+06,
1.43953e+06,
1.44563e+06,
1.452e+06,
1.45835e+06,
1.46468e+06,
1.47116e+06,
1.47776e+06,
1.48444e+06,
1.491e+06,
1.49756e+06,
1.5039e+06,
1.51028e+06,
1.5169e+06,
1.52384e+06,
1.53094e+06,
1.53776e+06,
1.54471e+06,
1.55155e+06,
1.55839e+06,
1.56537e+06,
1.57213e+06,
1.57877e+06,
1.58555e+06,
1.59254e+06,
1.59955e+06,
1.60673e+06,
1.61402e+06,
1.62117e+06,
1.62826e+06,
1.63526e+06,
1.64229e+06,
1.64901e+06,
1.65618e+06,
1.6636e+06,
1.67086e+06,
1.67814e+06,
1.68555e+06,
1.69281e+06,
1.70023e+06,
1.70744e+06,
1.71462e+06,
1.7217e+06,
1.72915e+06,
1.7367e+06,
1.74421e+06,
1.75178e+06,
1.75935e+06,
1.76714e+06,
1.77479e+06,
1.7825e+06,
1.79004e+06,
1.79765e+06,
1.80562e+06,
1.81341e+06,
1.82132e+06,
1.82931e+06,
1.83739e+06,
1.84551e+06,
1.85351e+06,
1.8616e+06,
1.86953e+06,
1.87759e+06,
1.88575e+06,
1.89388e+06,
1.90222e+06,
1.91021e+06,
1.91849e+06,
1.92674e+06,
1.93516e+06,
1.94321e+06,
1.95136e+06,
1.95955e+06,
1.96796e+06,
1.97636e+06,
1.98469e+06,
1.99301e+06,
2.0015e+06,
2.01005e+06,
2.01844e+06,
2.02743e+06,
2.03596e+06,
2.04479e+06,
2.05363e+06,
2.06268e+06,
2.07171e+06,
2.08079e+06,
2.08988e+06,
2.09896e+06,
2.10797e+06,
2.11726e+06,
2.12681e+06,
2.13578e+06,
2.14495e+06,
2.15422e+06,
2.16373e+06,
2.17302e+06,
2.18244e+06,
2.19177e+06,
2.20118e+06,
2.21083e+06,
2.22056e+06,
2.2302e+06,
2.23986e+06,
2.24974e+06,
2.25954e+06,
2.26924e+06,
2.27898e+06,
2.28877e+06,
2.29851e+06,
2.30839e+06,
2.31838e+06,
2.32825e+06,
2.33843e+06,
2.34864e+06,
2.35933e+06,
2.37006e+06,
2.38053e+06,
2.39097e+06,
2.40153e+06,
2.41254e+06,
2.42377e+06,
2.43452e+06,
2.44552e+06,
2.45655e+06,
2.46766e+06,
2.47875e+06,
2.48962e+06,
2.50099e+06,
2.51213e+06,
2.52369e+06,
2.53547e+06,
2.54671e+06,
2.55831e+06,
2.56994e+06,
2.58152e+06,
2.59299e+06,
2.60457e+06,
2.61641e+06,
2.62818e+06,
2.64035e+06,
2.65269e+06,
2.66424e+06,
2.67627e+06,
2.68847e+06,
2.70054e+06,
2.71311e+06,
2.72519e+06,
2.73783e+06,
2.75098e+06,
2.76404e+06,
2.77711e+06,
2.78982e+06,
2.80284e+06,
2.81586e+06,
2.82891e+06,
2.84176e+06,
2.85496e+06,
2.86922e+06,
2.88287e+06,
2.89658e+06,
2.90993e+06,
2.92304e+06,
2.93636e+06,
2.94998e+06,
2.96392e+06,
2.978e+06,
2.9924e+06,
3.00674e+06,
3.02105e+06,
3.03548e+06,
3.0496e+06,
3.06334e+06,
3.0777e+06,
3.0924e+06,
3.10758e+06,
3.12275e+06,
3.13819e+06,
3.15369e+06,
3.16906e+06,
3.18442e+06,
3.19957e+06,
3.21478e+06,
3.2311e+06,
3.24698e+06,
3.26285e+06,
3.27887e+06,
3.29508e+06,
3.31141e+06,
3.32785e+06,
3.34419e+06,
3.36114e+06,
3.37732e+06,
3.39421e+06,
3.41087e+06,
3.42793e+06,
3.4448e+06,
3.4619e+06,
3.47949e+06,
3.49737e+06,
3.51517e+06,
3.53254e+06,
3.54997e+06,
3.56776e+06,
3.58597e+06,
3.60398e+06,
3.62331e+06,
3.64262e+06,
3.66173e+06,
3.68086e+06,
3.69973e+06,
3.71829e+06,
3.7372e+06,
3.7568e+06,
3.77688e+06,
3.79677e+06,
3.81709e+06,
3.8372e+06,
3.85705e+06,
3.87732e+06,
3.89758e+06,
3.91903e+06,
3.93934e+06,
3.96005e+06,
3.98061e+06,
4.00167e+06,
4.02289e+06,
4.04423e+06,
4.06679e+06,
4.08914e+06,
4.11159e+06,
4.13385e+06,
4.1552e+06,
4.17777e+06,
4.20047e+06,
4.22432e+06,
4.24816e+06,
4.27193e+06,
4.29557e+06,
4.31899e+06,
4.34271e+06,
4.36654e+06,
4.39127e+06,
4.41584e+06,
4.44027e+06,
4.46509e+06,
4.48992e+06,
4.51497e+06,
4.54049e+06,
4.5669e+06,
4.59295e+06,
4.61848e+06,
4.64334e+06,
4.66863e+06,
4.69484e+06,
4.72193e+06,
4.75066e+06,
4.77927e+06,
4.8166e+06,
4.8599e+06,
4.90341e+06,
4.94594e+06,
4.98849e+06,
5.03306e+06,
5.07705e+06,
5.12124e+06,
5.16499e+06,
5.20931e+06,
5.2558e+06,
5.30337e+06,
5.35162e+06,
5.39852e+06,
5.44158e+06,
5.48745e+06,
5.53649e+06,
5.58737e+06,
5.63814e+06,
5.69124e+06,
5.74646e+06,
5.80187e+06,
5.85731e+06,
5.91404e+06,
5.97154e+06,
6.02967e+06,
6.09028e+06,
6.15073e+06,
6.21098e+06,
6.27292e+06,
6.33742e+06,
6.40329e+06,
6.47087e+06,
6.54416e+06,
6.62181e+06,
6.69973e+06,
6.77478e+06,
6.8422e+06,
6.90913e+06,
6.97595e+06,
7.04336e+06,
7.10913e+06,
7.1748e+06,
7.24099e+06,
7.30662e+06,
7.37217e+06,
7.43854e+06,
7.50396e+06,
7.56982e+06,
7.63412e+06,
7.69946e+06,
7.76396e+06,
7.82823e+06,
7.89305e+06,
7.95615e+06,
8.01961e+06,
8.0839e+06,
8.14769e+06,
8.21344e+06,
8.27923e+06,
8.34567e+06,
8.40985e+06,
8.47404e+06,
8.53782e+06,
8.60305e+06,
8.66739e+06,
8.73105e+06,
8.79478e+06,
8.8598e+06,
8.92665e+06,
8.99554e+06,
9.06231e+06,
9.12915e+06,
9.19439e+06,
9.25986e+06,
9.32515e+06,
9.39058e+06,
9.45567e+06,
9.52016e+06,
9.58622e+06,
9.65293e+06,
9.72047e+06,
9.7889e+06,
9.85784e+06,
9.92683e+06,
9.99305e+06,
1.00596e+07,
1.01259e+07,
1.01931e+07,
1.0262e+07,
1.033e+07,
1.03981e+07,
1.04658e+07,
1.05342e+07,
1.06033e+07,
1.06722e+07,
1.07412e+07,
1.08093e+07,
1.0877e+07,
1.09467e+07,
1.10151e+07,
1.10833e+07,
1.11505e+07,
1.12179e+07,
1.1286e+07,
1.1355e+07,
1.14245e+07,
1.14941e+07,
1.15646e+07,
1.16348e+07,
1.17035e+07,
375246,
375480,
375746,
376034,
376283,
376603,
376993,
377424,
377790,
378083,
378358,
378739,
379159,
379570,
379905,
380233,
380596,
380951,
381227,
381562,
381881,
382256,
382568,
382905,
383252,
383577,
383970,
384311,
384644,
385033,
385403,
385844,
386248,
386646,
387017,
387416,
387760,
388181,
388617,
389015,
389474,
389920,
390382,
390830,
391272,
391735,
392191,
392676,
393184,
393687,
394236,
394782,
395389,
395904,
396426,
396976,
397453,
398002,
398546,
399157,
399696,
400336,
400984,
401691,
402410,
403140,
403879,
404547,
405290,
406031,
406711,
407414,
408138,
408849,
409551,
410331,
411132,
411916,
412676,
413457,
414251,
414998,
415825,
416640,
417417,
418235,
419001,
419879,
420662,
421395,
422173,
423011,
423905,
424758,
425533,
426416,
427286,
428138,
429041,
429871,
430777,
431640,
432527,
433302,
434212,
435089,
436053,
437020,
437926,
438862,
439835,
440848,
441714,
442566,
443610,
444616,
445624,
446735,
447972,
449049,
450152,
451254,
452230,
453182,
454202,
455280,
456330,
457412,
458546,
459686,
460818,
461961,
462915,
463933,
464967,
466075,
467225,
468376,
469507,
470635,
471707,
472917,
473978,
475010,
476156,
477337,
478561,
479795,
480885,
482108,
483367,
484575,
485744,
486862,
488049,
489250,
490646,
492001,
493369,
494738,
496218,
497959,
499451,
500929,
502418,
503897,
505373,
506848,
508258,
509818,
511345,
512927,
514453,
516023,
517589,
519120,
520579,
522238,
523830,
525340,
526843,
528451,
530080,
531734,
533359,
535082,
536746,
538387,
540065,
541912,
543634,
545297,
547102,
548775,
550521,
552237,
553990,
555768,
557530,
559388,
561224,
563132,
564997,
566842,
568704,
570615,
572520,
574402,
576300,
578284,
580233,
582136,
584109,
586094,
587988,
589952,
591936,
593967,
595912,
597950,
600076,
602352,
604439,
606455,
608644,
610685,
612852,
614974,
617055,
619183,
621408,
623678,
625922,
628097,
630315,
632470,
634735,
637147,
639428,
641639,
644032,
646434,
648768,
651124,
653582,
656004,
658421,
660813,
663169,
665641,
668142,
670630,
673201,
675875,
678498,
680930,
683460,
686157,
688814,
691284,
693895,
696581,
699289,
701929,
704634,
707336,
710069,
712787,
715536,
718329,
721154,
723879,
726839,
729816,
732764,
735603,
738527,
741395,
744313,
747225,
750087,
753073,
756194,
759299,
762397,
765573,
768683,
771806,
774748,
777932,
781164,
784228,
787287,
790362,
793564,
796665,
799818,
803195,
806396,
809598,
812862,
816031,
819466,
822582,
825903,
829224,
832584,
836000,
839373,
842739,
846022,
849535,
852897,
856393,
859955,
863310,
866678,
870198,
873668,
877152,
880702,
884247,
887722,
891123,
894746,
898395,
902071,
905635,
909314,
912902,
916395,
920130,
923872,
927507,
931085,
934880,
938538,
942417,
946137,
949752,
953553,
957289,
961046,
964671,
968346,
972121,
975931,
979826,
983740,
987654,
992171,
997154,
1.00189e+06,
1.00682e+06,
1.01164e+06,
1.01672e+06,
1.02151e+06,
1.02645e+06,
1.03136e+06,
1.03645e+06,
1.04156e+06,
1.0465e+06,
1.05142e+06,
1.05626e+06,
1.06126e+06,
1.0666e+06,
1.07178e+06,
1.07702e+06,
1.08201e+06,
1.08723e+06,
1.09244e+06,
1.09784e+06,
1.1033e+06,
1.10869e+06,
1.11396e+06,
1.11942e+06,
1.12473e+06,
1.13014e+06,
1.13529e+06,
1.14049e+06,
1.14574e+06,
1.15108e+06,
1.15643e+06,
1.1617e+06,
1.16722e+06,
1.17267e+06,
1.1781e+06,
1.18359e+06,
1.18919e+06,
1.19495e+06,
1.20075e+06,
1.20656e+06,
1.21227e+06,
1.21787e+06,
1.2235e+06,
1.22923e+06,
1.2348e+06,
1.2405e+06,
1.24631e+06,
1.25212e+06,
1.25812e+06,
1.26422e+06,
1.27009e+06,
1.27608e+06,
1.28218e+06,
1.28811e+06,
1.29408e+06,
1.29992e+06,
1.30594e+06,
1.31206e+06,
1.31815e+06,
1.32407e+06,
1.3302e+06,
1.33613e+06,
1.34222e+06,
1.34829e+06,
1.35451e+06,
1.36066e+06,
1.36684e+06,
1.37299e+06,
1.37926e+06,
1.38576e+06,
1.3921e+06,
1.39846e+06,
1.40473e+06,
1.41118e+06,
1.4177e+06,
1.42408e+06,
1.43071e+06,
1.4372e+06,
1.44383e+06,
1.45067e+06,
1.45728e+06,
1.46382e+06,
1.47058e+06,
1.47727e+06,
1.48409e+06,
1.49086e+06,
1.49764e+06,
1.50448e+06,
1.51126e+06,
1.51819e+06,
1.52513e+06,
1.53197e+06,
1.53889e+06,
1.54578e+06,
1.55272e+06,
1.55979e+06,
1.56697e+06,
1.5739e+06,
1.58092e+06,
1.58806e+06,
1.59498e+06,
1.60204e+06,
1.60935e+06,
1.61641e+06,
1.62351e+06,
1.63057e+06,
1.63785e+06,
1.64519e+06,
1.65293e+06,
1.66039e+06,
1.66773e+06,
1.67492e+06,
1.68239e+06,
1.6898e+06,
1.69762e+06,
1.70541e+06,
1.71306e+06,
1.7208e+06,
1.72846e+06,
1.73605e+06,
1.74387e+06,
1.75125e+06,
1.75889e+06,
1.76645e+06,
1.77456e+06,
1.78279e+06,
1.79075e+06,
1.79891e+06,
1.80695e+06,
1.81491e+06,
1.8228e+06,
1.8306e+06,
1.83858e+06,
1.84677e+06,
1.8551e+06,
1.86362e+06,
1.87204e+06,
1.88023e+06,
1.88846e+06,
1.89677e+06,
1.90484e+06,
1.91289e+06,
1.9213e+06,
1.93007e+06,
1.93885e+06,
1.94751e+06,
1.95638e+06,
1.96538e+06,
1.97402e+06,
1.98285e+06,
1.99151e+06,
2e+06,
2.00884e+06,
2.01794e+06,
2.02712e+06,
2.0361e+06,
2.04517e+06,
2.05453e+06,
2.0639e+06,
2.07314e+06,
2.0823e+06,
2.09135e+06,
2.10063e+06,
2.11014e+06,
2.11965e+06,
2.12909e+06,
2.1385e+06,
2.148e+06,
2.15777e+06,
2.16743e+06,
2.17701e+06,
2.18644e+06,
2.1962e+06,
2.2061e+06,
2.21597e+06,
2.22603e+06,
2.23621e+06,
2.24629e+06,
2.25691e+06,
2.26753e+06,
2.27762e+06,
2.28779e+06,
2.29816e+06,
2.30855e+06,
2.31899e+06,
2.32949e+06,
2.34018e+06,
2.35063e+06,
2.36171e+06,
2.37279e+06,
2.38362e+06,
2.39437e+06,
2.40535e+06,
2.41625e+06,
2.4273e+06,
2.43831e+06,
2.44935e+06,
2.46072e+06,
2.47225e+06,
2.48389e+06,
2.49532e+06,
2.50659e+06,
2.51824e+06,
2.52991e+06,
2.54155e+06,
2.55332e+06,
2.56516e+06,
2.57742e+06,
2.58983e+06,
2.60235e+06,
2.61461e+06,
2.62703e+06,
2.63942e+06,
2.65196e+06,
2.66445e+06,
2.6772e+06,
2.68998e+06,
2.70326e+06,
2.71645e+06,
2.72943e+06,
2.7423e+06,
2.75504e+06,
2.76815e+06,
2.7813e+06,
2.79463e+06,
2.80789e+06,
2.82172e+06,
2.8355e+06,
2.84923e+06,
2.8629e+06,
2.87627e+06,
2.8898e+06,
2.90357e+06,
2.91742e+06,
2.93166e+06,
2.9465e+06,
2.96088e+06,
2.9751e+06,
2.99015e+06,
3.00472e+06,
3.01934e+06,
3.03359e+06,
3.04864e+06,
3.06437e+06,
3.07974e+06,
3.0953e+06,
3.1106e+06,
3.1262e+06,
3.14175e+06,
3.15744e+06,
3.17304e+06,
3.18911e+06,
3.20564e+06,
3.22185e+06,
3.23823e+06,
3.25454e+06,
3.27065e+06,
3.28715e+06,
3.30355e+06,
3.32092e+06,
3.33802e+06,
3.35474e+06,
3.37162e+06,
3.38877e+06,
3.40597e+06,
3.42356e+06,
3.44143e+06,
3.46011e+06,
3.47868e+06,
3.49715e+06,
3.51507e+06,
3.53307e+06,
3.5516e+06,
3.57014e+06,
3.58946e+06,
3.60885e+06,
3.6282e+06,
3.64749e+06,
3.66713e+06,
3.68681e+06,
3.70596e+06,
3.72532e+06,
3.74619e+06,
3.76639e+06,
3.78656e+06,
3.80689e+06,
3.82726e+06,
3.84807e+06,
3.86891e+06,
3.89044e+06,
3.91167e+06,
3.93297e+06,
3.95455e+06,
3.97602e+06,
3.99749e+06,
4.01971e+06,
4.04312e+06,
4.06632e+06,
4.08936e+06,
4.11246e+06,
4.13462e+06,
4.15722e+06,
4.18031e+06,
4.2046e+06,
4.22906e+06,
4.25308e+06,
4.27733e+06,
4.30144e+06,
4.32588e+06,
4.35012e+06,
4.37569e+06,
4.40082e+06,
4.42654e+06,
4.45129e+06,
4.4765e+06,
4.50218e+06,
4.52835e+06,
4.55596e+06,
4.58333e+06,
4.61031e+06,
4.637e+06,
4.66387e+06,
4.69079e+06,
4.71896e+06,
4.74846e+06,
4.77723e+06,
4.80578e+06,
4.83452e+06,
4.86479e+06,
4.91026e+06,
4.957e+06,
5.00389e+06,
5.0502e+06,
5.09643e+06,
5.14255e+06,
5.19004e+06,
5.23746e+06,
5.28636e+06,
5.33611e+06,
5.38728e+06,
5.43824e+06,
5.48896e+06,
5.54084e+06,
5.59367e+06,
5.64883e+06,
5.70389e+06,
5.75809e+06,
5.81282e+06,
5.86876e+06,
5.92749e+06,
5.98425e+06,
6.04284e+06,
6.10209e+06,
6.16418e+06,
6.22873e+06,
6.29453e+06,
6.36148e+06,
6.43121e+06,
6.50868e+06,
6.59099e+06,
6.67404e+06,
6.74862e+06,
6.81921e+06,
6.889e+06,
6.95843e+06,
7.02512e+06,
7.09188e+06,
7.1582e+06,
7.22768e+06,
7.29521e+06,
7.36533e+06,
7.43486e+06,
7.50345e+06,
7.56873e+06,
7.63491e+06,
7.69975e+06,
7.76563e+06,
7.82986e+06,
7.8963e+06,
7.96232e+06,
8.02953e+06,
8.09693e+06,
8.16411e+06,
8.23154e+06,
8.29872e+06,
8.36367e+06,
8.42956e+06,
8.49552e+06,
8.56283e+06,
8.62912e+06,
8.69541e+06,
8.76238e+06,
8.82996e+06,
8.89687e+06,
8.96472e+06,
9.03204e+06,
9.09945e+06,
9.16762e+06,
9.23569e+06,
9.30372e+06,
9.3712e+06,
9.43842e+06,
9.50535e+06,
9.57218e+06,
9.64013e+06,
9.70825e+06,
9.77701e+06,
9.84848e+06,
9.9196e+06,
9.98906e+06,
1.00577e+07,
1.01275e+07,
1.01964e+07,
1.02643e+07,
1.03322e+07,
1.03998e+07,
1.04693e+07,
1.0541e+07,
1.06139e+07,
1.06858e+07,
1.07575e+07,
1.08267e+07,
1.08954e+07,
1.09648e+07,
1.10344e+07,
1.11037e+07,
1.11734e+07,
1.1244e+07,
1.13144e+07,
1.13858e+07,
1.1458e+07,
1.15303e+07,
1.16026e+07,
1.16724e+07,
1.17414e+07,
1.18116e+07,
1.18827e+07,
1.19533e+07,
1.20237e+07,
1.20945e+07,
1.2165e+07,
1.22358e+07,
1.23079e+07,
1.23795e+07,
1.2452e+07,
1.25245e+07,
1.25966e+07,
1.26704e+07,
375246,
375478,
375753,
376049,
376290,
376640,
377029,
377488,
377827,
378092,
378363,
378784,
379191,
379595,
379887,
380266,
380574,
380954,
381246,
381612,
381913,
382309,
382575,
382948,
383277,
383619,
383981,
384301,
384641,
385107,
385541,
385937,
386355,
386717,
387076,
387502,
387902,
388274,
388685,
389071,
389518,
390004,
390449,
390844,
391322,
391799,
392281,
392692,
393265,
393810,
394259,
394866,
395402,
395917,
396516,
397082,
397604,
398126,
398686,
399282,
399877,
400534,
401204,
401865,
402611,
403362,
404040,
404709,
405394,
406107,
406774,
407532,
408279,
409046,
409806,
410624,
411359,
412140,
412875,
413655,
414359,
415157,
415975,
416734,
417505,
418315,
419074,
419909,
420796,
421550,
422321,
423137,
423980,
424824,
425648,
426514,
427412,
428303,
429218,
430152,
431000,
431841,
432725,
433517,
434403,
435376,
436297,
437226,
438145,
439160,
440160,
441072,
441971,
442843,
443810,
444779,
445842,
446854,
447951,
449060,
450202,
451292,
452331,
453443,
454476,
455522,
456617,
457670,
458719,
459813,
460939,
461999,
463057,
464082,
465140,
466231,
467367,
468433,
469636,
470701,
471866,
473034,
474155,
475254,
476401,
477570,
478867,
480144,
481481,
482796,
484061,
485276,
486600,
487753,
489053,
490418,
491790,
493099,
494388,
495841,
497365,
498899,
500471,
501878,
503375,
504876,
506386,
507867,
509283,
510813,
512233,
513821,
515402,
516865,
518441,
519994,
521605,
523119,
524697,
526189,
527752,
529360,
530938,
532582,
534235,
535895,
537574,
539177,
540916,
542641,
544285,
546098,
547886,
549513,
551222,
553037,
554871,
556572,
558206,
559931,
561713,
563554,
565376,
567116,
569014,
570916,
572822,
574613,
576520,
578439,
580311,
582212,
584185,
586085,
588078,
590042,
591993,
593906,
595832,
597884,
599857,
601801,
603854,
605954,
608198,
610403,
612450,
614623,
616750,
618878,
621042,
623094,
625295,
627402,
629723,
631936,
634119,
636325,
638512,
640754,
643020,
645308,
647643,
649928,
652308,
654731,
657072,
659468,
661904,
664200,
666557,
668908,
671403,
673990,
676516,
679072,
681608,
684160,
686621,
689190,
691806,
694407,
696796,
699380,
702090,
704842,
707550,
710109,
712766,
715539,
718313,
721179,
723960,
726874,
729635,
732512,
735476,
738257,
741196,
744071,
746969,
749917,
752737,
755717,
758646,
761608,
764579,
767575,
770681,
773721,
776741,
779802,
782932,
785943,
789152,
792322,
795469,
798522,
801608,
804920,
808032,
811266,
814568,
817703,
820892,
824170,
827401,
830599,
833905,
837226,
840571,
843865,
847165,
850369,
853744,
857046,
860560,
863823,
867249,
870686,
874000,
877470,
880869,
884333,
887823,
891213,
894781,
898363,
901870,
905537,
908979,
912581,
916066,
919857,
924440,
929007,
933602,
938132,
942822,
947558,
952177,
956935,
961542,
966176,
970864,
975760,
980501,
985183,
989972,
994830,
999655,
1.00448e+06,
1.00921e+06,
1.014e+06,
1.01901e+06,
1.02398e+06,
1.02889e+06,
1.03383e+06,
1.03874e+06,
1.04394e+06,
1.04911e+06,
1.0539e+06,
1.05876e+06,
1.06366e+06,
1.06865e+06,
1.07387e+06,
1.07922e+06,
1.0844e+06,
1.0898e+06,
1.09509e+06,
1.1004e+06,
1.10597e+06,
1.11133e+06,
1.1168e+06,
1.12226e+06,
1.12784e+06,
1.13314e+06,
1.13861e+06,
1.14425e+06,
1.14985e+06,
1.1556e+06,
1.16095e+06,
1.16649e+06,
1.17209e+06,
1.17765e+06,
1.18358e+06,
1.18911e+06,
1.19495e+06,
1.20076e+06,
1.20657e+06,
1.2124e+06,
1.21825e+06,
1.22391e+06,
1.22978e+06,
1.23547e+06,
1.24135e+06,
1.24732e+06,
1.25321e+06,
1.25916e+06,
1.26514e+06,
1.27077e+06,
1.27653e+06,
1.28229e+06,
1.28819e+06,
1.29421e+06,
1.3004e+06,
1.30651e+06,
1.31303e+06,
1.31941e+06,
1.32581e+06,
1.33209e+06,
1.33833e+06,
1.3447e+06,
1.35081e+06,
1.35717e+06,
1.36346e+06,
1.37023e+06,
1.37673e+06,
1.38352e+06,
1.39016e+06,
1.39677e+06,
1.40344e+06,
1.41006e+06,
1.41644e+06,
1.42313e+06,
1.42981e+06,
1.43643e+06,
1.44296e+06,
1.44975e+06,
1.45643e+06,
1.46339e+06,
1.47031e+06,
1.4769e+06,
1.48368e+06,
1.49043e+06,
1.49732e+06,
1.50414e+06,
1.51105e+06,
1.51786e+06,
1.5247e+06,
1.53181e+06,
1.53875e+06,
1.546e+06,
1.55319e+06,
1.56063e+06,
1.56793e+06,
1.57523e+06,
1.58243e+06,
1.5896e+06,
1.5971e+06,
1.60429e+06,
1.61156e+06,
1.61923e+06,
1.62662e+06,
1.6341e+06,
1.64172e+06,
1.64939e+06,
1.65683e+06,
1.66455e+06,
1.67237e+06,
1.67996e+06,
1.68737e+06,
1.69498e+06,
1.70256e+06,
1.71042e+06,
1.71849e+06,
1.72623e+06,
1.73391e+06,
1.74163e+06,
1.74962e+06,
1.75754e+06,
1.76533e+06,
1.77317e+06,
1.78101e+06,
1.78892e+06,
1.7971e+06,
1.80548e+06,
1.81408e+06,
1.82256e+06,
1.83103e+06,
1.83964e+06,
1.84831e+06,
1.85664e+06,
1.86491e+06,
1.87345e+06,
1.88205e+06,
1.89076e+06,
1.89977e+06,
1.90884e+06,
1.91775e+06,
1.92663e+06,
1.93557e+06,
1.94419e+06,
1.95295e+06,
1.96181e+06,
1.97054e+06,
1.97942e+06,
1.98869e+06,
1.99786e+06,
2.00701e+06,
2.01645e+06,
2.02574e+06,
2.03487e+06,
2.04379e+06,
2.05273e+06,
2.06174e+06,
2.07124e+06,
2.0804e+06,
2.0902e+06,
2.10052e+06,
2.11072e+06,
2.12055e+06,
2.13033e+06,
2.1399e+06,
2.14992e+06,
2.16e+06,
2.16995e+06,
2.18017e+06,
2.19024e+06,
2.20084e+06,
2.21126e+06,
2.22184e+06,
2.23203e+06,
2.24219e+06,
2.25253e+06,
2.2632e+06,
2.27356e+06,
2.28437e+06,
2.29489e+06,
2.30599e+06,
2.31705e+06,
2.3277e+06,
2.33842e+06,
2.34906e+06,
2.35995e+06,
2.37099e+06,
2.38216e+06,
2.3932e+06,
2.4044e+06,
2.41608e+06,
2.42797e+06,
2.43943e+06,
2.45095e+06,
2.46226e+06,
2.47396e+06,
2.48583e+06,
2.49778e+06,
2.50986e+06,
2.52207e+06,
2.53472e+06,
2.54713e+06,
2.55934e+06,
2.5715e+06,
2.58372e+06,
2.59624e+06,
2.6089e+06,
2.62154e+06,
2.63441e+06,
2.64733e+06,
2.66057e+06,
2.67352e+06,
2.68657e+06,
2.69964e+06,
2.71267e+06,
2.72556e+06,
2.73891e+06,
2.75237e+06,
2.7658e+06,
2.77991e+06,
2.79376e+06,
2.80762e+06,
2.82144e+06,
2.83561e+06,
2.84943e+06,
2.86371e+06,
2.87818e+06,
2.89277e+06,
2.90797e+06,
2.92294e+06,
2.93764e+06,
2.95232e+06,
2.96682e+06,
2.98138e+06,
2.99629e+06,
3.01136e+06,
3.0274e+06,
3.0431e+06,
3.05881e+06,
3.07421e+06,
3.08963e+06,
3.10504e+06,
3.12091e+06,
3.13662e+06,
3.15278e+06,
3.16927e+06,
3.18583e+06,
3.2023e+06,
3.21857e+06,
3.23505e+06,
3.25188e+06,
3.26929e+06,
3.28744e+06,
3.30501e+06,
3.32232e+06,
3.34012e+06,
3.35787e+06,
3.3754e+06,
3.39341e+06,
3.41154e+06,
3.43045e+06,
3.44909e+06,
3.46768e+06,
3.48614e+06,
3.50448e+06,
3.52334e+06,
3.54233e+06,
3.5619e+06,
3.58149e+06,
3.60116e+06,
3.62065e+06,
3.64029e+06,
3.66025e+06,
3.68003e+06,
3.69945e+06,
3.72057e+06,
3.74121e+06,
3.76209e+06,
3.78295e+06,
3.80385e+06,
3.82545e+06,
3.847e+06,
3.86967e+06,
3.89164e+06,
3.91377e+06,
3.93562e+06,
3.95815e+06,
3.98019e+06,
4.00259e+06,
4.02671e+06,
4.05027e+06,
4.07415e+06,
4.09717e+06,
4.1202e+06,
4.1435e+06,
4.16716e+06,
4.19236e+06,
4.21702e+06,
4.24166e+06,
4.26629e+06,
4.29081e+06,
4.31583e+06,
4.34122e+06,
4.36736e+06,
4.39342e+06,
4.41983e+06,
4.44607e+06,
4.47248e+06,
4.49897e+06,
4.52693e+06,
4.55547e+06,
4.58337e+06,
4.61087e+06,
4.63799e+06,
4.66562e+06,
4.6939e+06,
4.72353e+06,
4.75313e+06,
4.78246e+06,
4.81224e+06,
4.84164e+06,
4.87147e+06,
4.90223e+06,
4.93491e+06,
4.98176e+06,
5.03098e+06,
5.08058e+06,
5.13014e+06,
5.1801e+06,
5.23152e+06,
5.284e+06,
5.3352e+06,
5.38602e+06,
5.43787e+06,
5.49239e+06,
5.54847e+06,
5.60551e+06,
5.6639e+06,
5.72124e+06,
5.77937e+06,
5.83796e+06,
5.89716e+06,
5.95721e+06,
6.02202e+06,
6.08737e+06,
6.15327e+06,
6.22097e+06,
6.28918e+06,
6.36048e+06,
6.4337e+06,
6.51543e+06,
6.5988e+06,
6.67977e+06,
6.7505e+06,
6.82022e+06,
6.89132e+06,
6.9595e+06,
7.02928e+06,
7.09946e+06,
7.16767e+06,
7.23551e+06,
7.30483e+06,
7.37614e+06,
7.44769e+06,
7.51734e+06,
7.58593e+06,
7.65533e+06,
7.72287e+06,
7.78941e+06,
7.85574e+06,
7.92228e+06,
7.98808e+06,
8.05669e+06,
8.12755e+06,
8.19884e+06,
8.27068e+06,
8.33864e+06,
8.40587e+06,
8.47425e+06,
8.54187e+06,
8.60885e+06,
8.67477e+06,
8.74323e+06,
8.81223e+06,
8.88234e+06,
8.95324e+06,
9.02439e+06,
9.09382e+06,
9.16129e+06,
9.22882e+06,
9.29751e+06,
9.36743e+06,
9.43693e+06,
9.50613e+06,
9.57576e+06,
9.64607e+06,
9.71776e+06,
9.79041e+06,
9.86258e+06,
9.93336e+06,
1.00021e+07,
1.00722e+07,
1.0144e+07,
1.02156e+07,
1.02871e+07,
1.03579e+07,
1.04282e+07,
1.04982e+07,
1.05704e+07,
1.06431e+07,
1.0715e+07,
1.07886e+07,
1.08611e+07,
1.09327e+07,
1.10043e+07,
1.10757e+07,
1.11472e+07,
1.12184e+07,
1.12896e+07,
1.1361e+07,
1.14356e+07,
1.15102e+07,
1.15847e+07,
1.16575e+07,
1.17296e+07,
1.18015e+07,
1.18739e+07,
1.1946e+07,
1.20178e+07,
1.20894e+07,
1.2161e+07,
1.22346e+07,
1.23095e+07,
1.2384e+07,
1.24594e+07,
1.25327e+07,
1.26058e+07,
1.26785e+07,
1.27517e+07,
1.28253e+07,
1.28993e+07,
1.29731e+07,
1.30471e+07,
1.31212e+07,
1.31987e+07,
1.32769e+07,
1.33551e+07,
1.34311e+07,
1.35057e+07,
1.35809e+07,
1.36569e+07,
375246,
375484,
375765,
376058,
376310,
376630,
377060,
377502,
377863,
378144,
378367,
378793,
379160,
379601,
379933,
380294,
380593,
380966,
381283,
381628,
381910,
382316,
382611,
382924,
383324,
383677,
384022,
384344,
384784,
385246,
385599,
385983,
386405,
386778,
387115,
387575,
387991,
388404,
388795,
389180,
389646,
390074,
390507,
390947,
391410,
391870,
392413,
392892,
393357,
393849,
394400,
394892,
395371,
395906,
396470,
397022,
397526,
398114,
398680,
399270,
399941,
400650,
401385,
402112,
402774,
403452,
404109,
404778,
405485,
406186,
406919,
407630,
408406,
409158,
409949,
410686,
411414,
412146,
412917,
413606,
414412,
415153,
415927,
416720,
417545,
418314,
419049,
419848,
420701,
421527,
422314,
423138,
424011,
424921,
425774,
426622,
427522,
428380,
429288,
430075,
430959,
431805,
432648,
433547,
434492,
435402,
436364,
437322,
438246,
439137,
440087,
441112,
442056,
443034,
443982,
444907,
445876,
446909,
447930,
449054,
450195,
451278,
452352,
453414,
454506,
455541,
456567,
457604,
458662,
459642,
460859,
461910,
463035,
464130,
465181,
466347,
467492,
468678,
469810,
471133,
472346,
473605,
474799,
476056,
477256,
478563,
479850,
481064,
482320,
483581,
484914,
486257,
487485,
488716,
490079,
491404,
492795,
494134,
495495,
497009,
498380,
499652,
501103,
502515,
504036,
505501,
507079,
508724,
510214,
511747,
513162,
514567,
516002,
517513,
519016,
520671,
522221,
523831,
525357,
527043,
528573,
530045,
531593,
533210,
534816,
536553,
538112,
539798,
541469,
543315,
545058,
546725,
548356,
549993,
551666,
553443,
555256,
556993,
558722,
560468,
562195,
563969,
565693,
567475,
569386,
571303,
573130,
574936,
576822,
578642,
580491,
582365,
584234,
586078,
588025,
590032,
591992,
593953,
595850,
597759,
599756,
601828,
603789,
605759,
607826,
609896,
612006,
614145,
616197,
618351,
620412,
622459,
624526,
626708,
628768,
630931,
633172,
635415,
637622,
639887,
642054,
644173,
646376,
648529,
650831,
653149,
655554,
657872,
660129,
662517,
665040,
667462,
669908,
672345,
674728,
677030,
679523,
682060,
684512,
687005,
689568,
692098,
694600,
697030,
699743,
702427,
704988,
707644,
710317,
713067,
715728,
718526,
721291,
723959,
726844,
729584,
732428,
735198,
737974,
740734,
743545,
746441,
749273,
752310,
755195,
758037,
760847,
763926,
766948,
769915,
772945,
775923,
779023,
782137,
785048,
788193,
791345,
794351,
797456,
800588,
803737,
806820,
809955,
813091,
816192,
819329,
822477,
825675,
828795,
832039,
835277,
838406,
841589,
844782,
847825,
851230,
854497,
857784,
861495,
865877,
870253,
874563,
878922,
883142,
887505,
892015,
896400,
900892,
905196,
909678,
914185,
918698,
923069,
927610,
932102,
936585,
941218,
946126,
950831,
955428,
960075,
964653,
969186,
973767,
978274,
983054,
987895,
992794,
997677,
1.00243e+06,
1.00733e+06,
1.01188e+06,
1.01667e+06,
1.02151e+06,
1.02657e+06,
1.03172e+06,
1.03662e+06,
1.04192e+06,
1.04703e+06,
1.0523e+06,
1.05755e+06,
1.06277e+06,
1.06791e+06,
1.07308e+06,
1.07843e+06,
1.08369e+06,
1.089e+06,
1.09455e+06,
1.1e+06,
1.10539e+06,
1.11092e+06,
1.11641e+06,
1.12205e+06,
1.12784e+06,
1.13343e+06,
1.13913e+06,
1.14459e+06,
1.15013e+06,
1.15579e+06,
1.16139e+06,
1.16682e+06,
1.17225e+06,
1.17775e+06,
1.18314e+06,
1.18886e+06,
1.1947e+06,
1.20069e+06,
1.20645e+06,
1.21222e+06,
1.21805e+06,
1.22397e+06,
1.22991e+06,
1.23592e+06,
1.24201e+06,
1.24824e+06,
1.25438e+06,
1.2607e+06,
1.26675e+06,
1.27325e+06,
1.27946e+06,
1.28563e+06,
1.29173e+06,
1.29791e+06,
1.30396e+06,
1.31017e+06,
1.31661e+06,
1.32303e+06,
1.32962e+06,
1.33612e+06,
1.34256e+06,
1.34888e+06,
1.35515e+06,
1.36155e+06,
1.368e+06,
1.37457e+06,
1.38101e+06,
1.38763e+06,
1.39421e+06,
1.40082e+06,
1.40774e+06,
1.41442e+06,
1.42101e+06,
1.42768e+06,
1.43417e+06,
1.441e+06,
1.4479e+06,
1.45477e+06,
1.46173e+06,
1.46866e+06,
1.47579e+06,
1.48307e+06,
1.49026e+06,
1.49725e+06,
1.50433e+06,
1.51159e+06,
1.51894e+06,
1.52591e+06,
1.53313e+06,
1.54032e+06,
1.54745e+06,
1.55477e+06,
1.56212e+06,
1.56946e+06,
1.57687e+06,
1.58419e+06,
1.59159e+06,
1.59895e+06,
1.6062e+06,
1.61374e+06,
1.62144e+06,
1.62895e+06,
1.63641e+06,
1.6439e+06,
1.65179e+06,
1.65956e+06,
1.66737e+06,
1.67527e+06,
1.68291e+06,
1.69073e+06,
1.6988e+06,
1.70672e+06,
1.71475e+06,
1.72284e+06,
1.73073e+06,
1.73896e+06,
1.74746e+06,
1.75581e+06,
1.76424e+06,
1.77245e+06,
1.78063e+06,
1.78897e+06,
1.79748e+06,
1.80575e+06,
1.81412e+06,
1.82262e+06,
1.83126e+06,
1.83997e+06,
1.84881e+06,
1.85758e+06,
1.8663e+06,
1.87531e+06,
1.88407e+06,
1.8928e+06,
1.90145e+06,
1.91038e+06,
1.91929e+06,
1.92822e+06,
1.93748e+06,
1.94678e+06,
1.95601e+06,
1.96513e+06,
1.97442e+06,
1.98368e+06,
1.99294e+06,
2.00264e+06,
2.01229e+06,
2.02185e+06,
2.03139e+06,
2.04129e+06,
2.05124e+06,
2.06113e+06,
2.07088e+06,
2.0806e+06,
2.0905e+06,
2.10026e+06,
2.11012e+06,
2.11987e+06,
2.12981e+06,
2.14003e+06,
2.15055e+06,
2.16095e+06,
2.17145e+06,
2.18179e+06,
2.19202e+06,
2.20222e+06,
2.21256e+06,
2.22303e+06,
2.23353e+06,
2.24433e+06,
2.25571e+06,
2.26655e+06,
2.27753e+06,
2.28835e+06,
2.29926e+06,
2.31028e+06,
2.3215e+06,
2.33288e+06,
2.34411e+06,
2.35575e+06,
2.36755e+06,
2.37944e+06,
2.39109e+06,
2.4026e+06,
2.41383e+06,
2.42548e+06,
2.43741e+06,
2.44941e+06,
2.46111e+06,
2.47336e+06,
2.48566e+06,
2.49809e+06,
2.51067e+06,
2.52286e+06,
2.53492e+06,
2.54723e+06,
2.5599e+06,
2.57243e+06,
2.58523e+06,
2.59831e+06,
2.61175e+06,
2.62494e+06,
2.63779e+06,
2.65067e+06,
2.66367e+06,
2.67691e+06,
2.69049e+06,
2.70381e+06,
2.71776e+06,
2.7323e+06,
2.74656e+06,
2.76076e+06,
2.77498e+06,
2.78871e+06,
2.80259e+06,
2.81691e+06,
2.83111e+06,
2.84584e+06,
2.86105e+06,
2.87632e+06,
2.89121e+06,
2.90614e+06,
2.9209e+06,
2.93549e+06,
2.95037e+06,
2.96566e+06,
2.98125e+06,
2.99729e+06,
3.01289e+06,
3.02858e+06,
3.04402e+06,
3.05967e+06,
3.07539e+06,
3.09103e+06,
3.10729e+06,
3.12455e+06,
3.14157e+06,
3.15845e+06,
3.17522e+06,
3.19249e+06,
3.20963e+06,
3.2266e+06,
3.24362e+06,
3.2618e+06,
3.28003e+06,
3.2979e+06,
3.31594e+06,
3.33376e+06,
3.35178e+06,
3.3699e+06,
3.38848e+06,
3.40768e+06,
3.42707e+06,
3.44544e+06,
3.46415e+06,
3.48302e+06,
3.50186e+06,
3.52128e+06,
3.54164e+06,
3.5616e+06,
3.58143e+06,
3.6011e+06,
3.6213e+06,
3.64131e+06,
3.66124e+06,
3.68265e+06,
3.70471e+06,
3.72586e+06,
3.74729e+06,
3.76877e+06,
3.79022e+06,
3.8119e+06,
3.83412e+06,
3.85696e+06,
3.87949e+06,
3.90198e+06,
3.92496e+06,
3.9478e+06,
3.9705e+06,
3.99382e+06,
4.01813e+06,
4.04191e+06,
4.06621e+06,
4.08933e+06,
4.11304e+06,
4.13724e+06,
4.16222e+06,
4.18802e+06,
4.21343e+06,
4.23861e+06,
4.26453e+06,
4.2904e+06,
4.31652e+06,
4.34353e+06,
4.37035e+06,
4.39732e+06,
4.4243e+06,
4.45118e+06,
4.47833e+06,
4.50595e+06,
4.53534e+06,
4.56406e+06,
4.59243e+06,
4.62067e+06,
4.64872e+06,
4.6775e+06,
4.70746e+06,
4.73823e+06,
4.76803e+06,
4.79847e+06,
4.82877e+06,
4.85918e+06,
4.89029e+06,
4.92255e+06,
4.95491e+06,
4.98766e+06,
5.02635e+06,
5.07918e+06,
5.13223e+06,
5.18702e+06,
5.24213e+06,
5.2968e+06,
5.35089e+06,
5.40477e+06,
5.4592e+06,
5.51512e+06,
5.5746e+06,
5.63586e+06,
5.69671e+06,
5.75775e+06,
5.81974e+06,
5.88295e+06,
5.94775e+06,
6.01439e+06,
6.07968e+06,
6.1467e+06,
6.21821e+06,
6.29261e+06,
6.37017e+06,
6.45597e+06,
6.54497e+06,
6.63361e+06,
6.70952e+06,
6.78475e+06,
6.85836e+06,
6.92953e+06,
7.00244e+06,
7.07568e+06,
7.14531e+06,
7.21586e+06,
7.28781e+06,
7.35906e+06,
7.42878e+06,
7.49405e+06,
7.55856e+06,
7.6257e+06,
7.69464e+06,
7.76498e+06,
7.83528e+06,
7.90385e+06,
7.9731e+06,
8.04268e+06,
8.11541e+06,
8.186e+06,
8.2566e+06,
8.32801e+06,
8.39971e+06,
8.47132e+06,
8.54125e+06,
8.61032e+06,
8.67937e+06,
8.74853e+06,
8.81722e+06,
8.88678e+06,
8.96005e+06,
9.03324e+06,
9.10531e+06,
9.17611e+06,
9.24691e+06,
9.31815e+06,
9.38802e+06,
9.45792e+06,
9.52807e+06,
9.59907e+06,
9.67194e+06,
9.74806e+06,
9.8236e+06,
9.89785e+06,
9.96992e+06,
1.00423e+07,
1.01132e+07,
1.01851e+07,
1.02557e+07,
1.0328e+07,
1.04022e+07,
1.04758e+07,
1.05497e+07,
1.06251e+07,
1.07002e+07,
1.0774e+07,
1.08459e+07,
1.09174e+07,
1.09901e+07,
1.10654e+07,
1.11392e+07,
1.12126e+07,
1.12864e+07,
1.13605e+07,
1.14355e+07,
1.15113e+07,
1.15871e+07,
1.16608e+07,
1.17348e+07,
1.18092e+07,
1.1884e+07,
1.1958e+07,
1.20326e+07,
1.21067e+07,
1.2181e+07,
1.22545e+07,
1.23299e+07,
1.24057e+07,
1.24839e+07,
1.25601e+07,
1.26354e+07,
1.27109e+07,
1.27865e+07,
1.2861e+07,
1.29361e+07,
1.30105e+07,
1.30856e+07,
1.31623e+07,
1.32408e+07,
1.3319e+07,
1.33963e+07,
1.34728e+07,
1.35479e+07,
1.36244e+07,
1.37008e+07,
1.37784e+07,
1.38561e+07,
1.39347e+07,
1.40138e+07,
1.40937e+07,
1.4175e+07,
1.42556e+07,
1.4334e+07,
1.44119e+07,
1.449e+07,
1.45681e+07,
1.46468e+07,
375246,
375489,
375773,
376073,
376325,
376658,
377069,
377517,
377867,
378130,
378406,
378810,
379163,
379625,
379997,
380325,
380644,
380969,
381277,
381628,
381937,
382280,
382606,
382952,
383304,
383661,
384029,
384493,
384923,
385293,
385647,
386014,
386381,
386780,
387158,
387635,
388051,
388457,
388842,
389321,
389737,
390113,
390559,
391061,
391506,
391980,
392445,
392960,
393416,
393910,
394444,
394897,
395379,
395894,
396511,
397058,
397556,
398103,
398674,
399384,
400039,
400746,
401460,
402137,
402811,
403526,
404226,
404905,
405600,
406349,
407053,
407794,
408546,
409333,
410027,
410698,
411467,
412199,
412869,
413628,
414441,
415233,
416016,
416769,
417549,
418371,
419203,
419915,
420656,
421485,
422313,
423179,
423975,
424832,
425719,
426568,
427457,
428310,
429244,
430015,
430876,
431787,
432635,
433454,
434336,
435294,
436290,
437267,
438189,
439123,
440032,
440993,
441927,
442907,
443903,
444857,
445775,
446720,
447741,
448758,
449831,
450899,
451976,
453022,
454143,
455245,
456389,
457462,
458510,
459514,
460775,
461964,
463051,
464195,
465485,
466752,
468009,
469270,
470504,
471683,
472942,
474155,
475403,
476635,
477934,
479234,
480565,
481867,
483092,
484315,
485628,
486822,
488161,
489447,
490719,
492104,
493414,
494801,
496203,
497563,
498979,
500290,
501517,
502950,
504459,
506083,
507621,
509137,
510733,
512191,
513643,
515131,
516652,
518091,
519645,
521224,
522802,
524383,
526046,
527579,
529219,
530808,
532321,
533892,
535494,
537141,
538796,
540507,
542133,
543777,
545472,
547062,
548766,
550417,
551979,
553679,
555512,
557307,
559143,
560876,
562593,
564311,
566031,
567762,
569574,
571405,
573122,
575051,
576968,
578837,
580724,
582656,
584434,
586227,
588165,
590143,
591983,
593930,
595900,
597849,
599736,
601719,
603601,
605569,
607506,
609585,
611556,
613583,
615633,
617846,
619865,
621939,
623980,
625938,
627990,
630054,
632087,
634177,
636436,
638517,
640697,
642976,
645147,
647374,
649637,
651896,
654117,
656430,
658674,
661032,
663300,
665699,
668011,
670314,
672752,
675178,
677659,
680009,
682422,
684970,
687377,
689892,
692350,
694807,
697351,
699878,
702440,
705071,
707743,
710398,
712993,
715634,
718415,
721049,
723777,
726618,
729387,
732230,
735100,
737969,
740782,
743547,
746338,
749279,
752017,
755008,
757889,
760785,
763680,
766571,
769417,
772333,
775252,
778334,
781294,
784270,
787230,
790127,
793243,
796322,
799415,
802543,
805538,
808581,
811964,
816027,
820050,
824107,
828308,
832454,
836462,
840497,
844641,
848885,
853158,
857234,
861363,
865555,
869976,
874382,
878671,
883053,
887178,
891559,
895808,
900152,
904503,
908993,
913473,
917928,
922437,
926806,
931107,
935686,
940099,
944729,
949315,
953744,
958383,
962998,
967941,
972768,
977665,
982483,
987456,
992307,
997250,
1.00205e+06,
1.00713e+06,
1.01198e+06,
1.01705e+06,
1.0221e+06,
1.027e+06,
1.03197e+06,
1.03709e+06,
1.04219e+06,
1.04734e+06,
1.05252e+06,
1.05757e+06,
1.06283e+06,
1.06803e+06,
1.07335e+06,
1.0787e+06,
1.08398e+06,
1.08936e+06,
1.09468e+06,
1.09997e+06,
1.10523e+06,
1.1105e+06,
1.11589e+06,
1.1215e+06,
1.12726e+06,
1.13289e+06,
1.13878e+06,
1.14447e+06,
1.15035e+06,
1.15616e+06,
1.16199e+06,
1.16775e+06,
1.17342e+06,
1.17926e+06,
1.18497e+06,
1.19082e+06,
1.1966e+06,
1.20252e+06,
1.2085e+06,
1.21468e+06,
1.22067e+06,
1.22664e+06,
1.23293e+06,
1.2392e+06,
1.24525e+06,
1.25121e+06,
1.25732e+06,
1.26361e+06,
1.26995e+06,
1.27615e+06,
1.28251e+06,
1.28864e+06,
1.29476e+06,
1.30115e+06,
1.30741e+06,
1.31373e+06,
1.3199e+06,
1.32612e+06,
1.33234e+06,
1.33876e+06,
1.34528e+06,
1.35187e+06,
1.35857e+06,
1.36537e+06,
1.37205e+06,
1.37877e+06,
1.38544e+06,
1.39231e+06,
1.39918e+06,
1.40584e+06,
1.41266e+06,
1.41962e+06,
1.42665e+06,
1.43372e+06,
1.44082e+06,
1.44754e+06,
1.45454e+06,
1.46153e+06,
1.46861e+06,
1.47556e+06,
1.48267e+06,
1.48966e+06,
1.49679e+06,
1.50404e+06,
1.51142e+06,
1.51889e+06,
1.52614e+06,
1.5333e+06,
1.5406e+06,
1.54803e+06,
1.55536e+06,
1.5629e+06,
1.57027e+06,
1.57763e+06,
1.5849e+06,
1.59236e+06,
1.6001e+06,
1.60805e+06,
1.6161e+06,
1.62387e+06,
1.6318e+06,
1.63963e+06,
1.6476e+06,
1.65545e+06,
1.66327e+06,
1.67107e+06,
1.6791e+06,
1.68739e+06,
1.69585e+06,
1.70426e+06,
1.71271e+06,
1.72102e+06,
1.72933e+06,
1.73744e+06,
1.74567e+06,
1.75352e+06,
1.76171e+06,
1.77025e+06,
1.77877e+06,
1.78784e+06,
1.79658e+06,
1.80504e+06,
1.81363e+06,
1.82231e+06,
1.83094e+06,
1.83931e+06,
1.84799e+06,
1.85675e+06,
1.86565e+06,
1.87473e+06,
1.88403e+06,
1.89375e+06,
1.90303e+06,
1.91219e+06,
1.92149e+06,
1.93097e+06,
1.94026e+06,
1.94977e+06,
1.95924e+06,
1.96863e+06,
1.97841e+06,
1.98832e+06,
1.99837e+06,
2.00832e+06,
2.01815e+06,
2.02787e+06,
2.03748e+06,
2.04736e+06,
2.05713e+06,
2.06713e+06,
2.07713e+06,
2.08706e+06,
2.09722e+06,
2.10773e+06,
2.11803e+06,
2.12828e+06,
2.13839e+06,
2.14865e+06,
2.15906e+06,
2.16925e+06,
2.17992e+06,
2.1903e+06,
2.20139e+06,
2.21269e+06,
2.22398e+06,
2.23491e+06,
2.24602e+06,
2.25694e+06,
2.26816e+06,
2.27922e+06,
2.29035e+06,
2.30164e+06,
2.31334e+06,
2.32537e+06,
2.33741e+06,
2.34913e+06,
2.36081e+06,
2.37219e+06,
2.38395e+06,
2.3956e+06,
2.40746e+06,
2.41939e+06,
2.4316e+06,
2.44398e+06,
2.45643e+06,
2.46859e+06,
2.48056e+06,
2.49313e+06,
2.50544e+06,
2.51797e+06,
2.53074e+06,
2.54373e+06,
2.55679e+06,
2.57034e+06,
2.58392e+06,
2.59707e+06,
2.61003e+06,
2.62347e+06,
2.63674e+06,
2.65027e+06,
2.66404e+06,
2.67786e+06,
2.69233e+06,
2.70678e+06,
2.72084e+06,
2.73475e+06,
2.74865e+06,
2.76268e+06,
2.77692e+06,
2.79142e+06,
2.80582e+06,
2.82104e+06,
2.83608e+06,
2.85106e+06,
2.8659e+06,
2.88077e+06,
2.89543e+06,
2.91037e+06,
2.92568e+06,
2.94142e+06,
2.95756e+06,
2.97402e+06,
2.99011e+06,
3.00639e+06,
3.02239e+06,
3.03794e+06,
3.05393e+06,
3.07048e+06,
3.08782e+06,
3.10527e+06,
3.12235e+06,
3.13946e+06,
3.1565e+06,
3.17354e+06,
3.19065e+06,
3.20787e+06,
3.22576e+06,
3.24404e+06,
3.26203e+06,
3.28033e+06,
3.29824e+06,
3.31648e+06,
3.33475e+06,
3.35327e+06,
3.3725e+06,
3.39162e+06,
3.41036e+06,
3.42931e+06,
3.44866e+06,
3.46844e+06,
3.48856e+06,
3.50926e+06,
3.53013e+06,
3.55085e+06,
3.57117e+06,
3.59106e+06,
3.61165e+06,
3.63221e+06,
3.65358e+06,
3.67578e+06,
3.69789e+06,
3.71942e+06,
3.74108e+06,
3.76261e+06,
3.7848e+06,
3.80715e+06,
3.83031e+06,
3.85335e+06,
3.8764e+06,
3.89929e+06,
3.92248e+06,
3.94563e+06,
3.96921e+06,
3.99369e+06,
4.01803e+06,
4.04213e+06,
4.06702e+06,
4.09169e+06,
4.11716e+06,
4.14237e+06,
4.16943e+06,
4.19553e+06,
4.22145e+06,
4.24783e+06,
4.27415e+06,
4.3002e+06,
4.32805e+06,
4.35601e+06,
4.38394e+06,
4.41155e+06,
4.43944e+06,
4.46717e+06,
4.4953e+06,
4.52543e+06,
4.5547e+06,
4.58375e+06,
4.61294e+06,
4.64202e+06,
4.67135e+06,
4.70236e+06,
4.73364e+06,
4.76494e+06,
4.79591e+06,
4.82735e+06,
4.85904e+06,
4.89118e+06,
4.92532e+06,
4.95904e+06,
4.99219e+06,
5.02536e+06,
5.0589e+06,
5.09808e+06,
5.15679e+06,
5.21506e+06,
5.27306e+06,
5.32999e+06,
5.38734e+06,
5.44499e+06,
5.5053e+06,
5.56575e+06,
5.62614e+06,
5.68826e+06,
5.75356e+06,
5.81936e+06,
5.88757e+06,
5.95807e+06,
6.02877e+06,
6.09952e+06,
6.17186e+06,
6.246e+06,
6.32388e+06,
6.41426e+06,
6.50934e+06,
6.60209e+06,
6.68325e+06,
6.76233e+06,
6.83911e+06,
6.91401e+06,
6.98836e+06,
7.05995e+06,
7.13226e+06,
7.20784e+06,
7.28322e+06,
7.35805e+06,
7.43349e+06,
7.50466e+06,
7.57355e+06,
7.64331e+06,
7.71388e+06,
7.7823e+06,
7.85412e+06,
7.92599e+06,
7.99817e+06,
8.06969e+06,
8.14229e+06,
8.2126e+06,
8.28171e+06,
8.34941e+06,
8.41749e+06,
8.4877e+06,
8.56139e+06,
8.63442e+06,
8.70573e+06,
8.77734e+06,
8.84927e+06,
8.92319e+06,
8.99626e+06,
9.06889e+06,
9.1407e+06,
9.21368e+06,
9.28795e+06,
9.36241e+06,
9.43604e+06,
9.50916e+06,
9.58127e+06,
9.65429e+06,
9.72961e+06,
9.80512e+06,
9.88138e+06,
9.9571e+06,
1.00315e+07,
1.01063e+07,
1.01811e+07,
1.02553e+07,
1.03291e+07,
1.04021e+07,
1.04744e+07,
1.0548e+07,
1.0627e+07,
1.07061e+07,
1.07832e+07,
1.08583e+07,
1.09334e+07,
1.10081e+07,
1.10824e+07,
1.11569e+07,
1.12314e+07,
1.13064e+07,
1.13826e+07,
1.14603e+07,
1.15392e+07,
1.16176e+07,
1.16929e+07,
1.17685e+07,
1.18435e+07,
1.19182e+07,
1.19932e+07,
1.20702e+07,
1.21469e+07,
1.22241e+07,
1.23009e+07,
1.238e+07,
1.24604e+07,
1.2538e+07,
1.26141e+07,
1.26898e+07,
1.2767e+07,
1.28458e+07,
1.29233e+07,
1.30003e+07,
1.30782e+07,
1.31561e+07,
1.32343e+07,
1.33135e+07,
1.33925e+07,
1.34696e+07,
1.35478e+07,
1.36255e+07,
1.37036e+07,
1.37822e+07,
1.38612e+07,
1.39404e+07,
1.40181e+07,
1.40961e+07,
1.41761e+07,
1.42573e+07,
1.43402e+07,
1.44221e+07,
1.45028e+07,
1.45826e+07,
1.46631e+07,
1.47435e+07,
1.48234e+07,
1.49028e+07,
1.49827e+07,
1.50643e+07,
1.5147e+07,
1.52295e+07,
1.53107e+07,
1.53914e+07,
1.54715e+07,
1.55519e+07,
1.56325e+07,
375246,
375478,
375760,
376067,
376320,
376672,
377077,
377532,
377854,
378137,
378409,
378836,
379201,
379620,
379979,
380328,
380642,
380976,
381328,
381626,
381932,
382292,
382615,
382961,
383355,
383682,
384102,
384540,
384989,
385340,
385677,
386057,
386438,
386858,
387266,
387626,
388078,
388452,
388854,
389354,
389766,
390191,
390620,
391031,
391555,
391991,
392473,
392954,
393464,
393963,
394430,
394889,
395369,
395870,
396393,
396985,
397527,
398100,
398756,
399370,
400058,
400806,
401502,
402233,
402901,
403581,
404242,
404890,
405597,
406341,
407089,
407784,
408513,
409270,
410015,
410699,
411424,
412170,
412893,
413641,
414412,
415220,
416004,
416840,
417628,
418453,
419151,
419917,
420637,
421391,
422250,
423070,
423992,
424861,
425724,
426571,
427433,
428251,
429129,
429978,
430889,
431727,
432628,
433482,
434370,
435292,
436188,
437116,
438048,
438919,
439885,
440797,
441711,
442657,
443656,
444651,
445682,
446641,
447529,
448533,
449527,
450584,
451598,
452780,
454095,
455428,
456618,
457816,
459110,
460189,
461284,
462398,
463495,
464618,
465844,
467158,
468474,
469781,
471072,
472332,
473526,
474704,
475952,
477052,
478326,
479598,
480949,
482195,
483546,
484835,
486140,
487374,
488608,
489795,
491122,
492441,
493934,
495367,
496739,
498072,
499424,
500746,
502133,
503425,
504828,
506403,
507952,
509555,
511136,
512675,
514202,
515770,
517283,
518716,
520151,
521710,
523302,
524875,
526443,
528009,
529587,
531128,
532696,
534164,
535754,
537394,
539039,
540600,
542195,
543881,
545503,
547215,
548889,
550544,
552308,
553965,
555817,
557573,
559250,
561010,
562707,
564403,
566068,
567871,
569757,
571538,
573302,
575170,
577124,
579006,
580821,
582596,
584426,
586255,
588044,
589965,
591890,
593842,
595670,
597544,
599352,
601287,
603206,
605115,
607017,
608968,
610948,
612926,
615067,
617133,
619146,
621130,
623100,
625097,
627091,
629167,
631287,
633396,
635492,
637662,
639769,
641748,
643874,
645956,
648243,
650460,
652650,
654872,
657220,
659488,
661812,
664094,
666340,
668631,
670902,
673290,
675676,
677980,
680414,
682826,
685355,
687787,
690282,
692661,
695077,
697612,
700188,
702796,
705411,
707861,
710595,
713282,
715942,
718550,
721276,
724033,
726738,
729404,
732183,
735056,
737876,
740647,
743574,
746191,
749078,
751802,
754450,
757386,
760263,
763073,
765895,
768844,
772678,
776611,
780564,
784586,
788631,
792564,
796504,
800455,
804434,
808475,
812474,
816398,
820541,
824641,
828875,
833010,
837278,
841510,
845703,
849782,
853812,
858017,
862388,
866516,
870833,
875038,
879284,
883503,
887734,
892011,
896272,
900507,
905003,
909463,
913958,
918666,
923136,
927680,
932190,
936862,
941486,
946112,
950832,
955585,
960334,
965213,
970072,
974840,
979562,
984582,
989491,
994350,
999205,
1.00408e+06,
1.00894e+06,
1.01388e+06,
1.01887e+06,
1.02378e+06,
1.02876e+06,
1.03381e+06,
1.03889e+06,
1.04387e+06,
1.04919e+06,
1.05435e+06,
1.05925e+06,
1.06433e+06,
1.06944e+06,
1.07453e+06,
1.0798e+06,
1.08524e+06,
1.09071e+06,
1.09616e+06,
1.10163e+06,
1.1073e+06,
1.11293e+06,
1.11861e+06,
1.12409e+06,
1.1297e+06,
1.13539e+06,
1.14114e+06,
1.14707e+06,
1.15318e+06,
1.15917e+06,
1.16485e+06,
1.17073e+06,
1.17654e+06,
1.18236e+06,
1.18824e+06,
1.19411e+06,
1.19998e+06,
1.20587e+06,
1.21168e+06,
1.21753e+06,
1.22361e+06,
1.22967e+06,
1.23569e+06,
1.24183e+06,
1.24793e+06,
1.25408e+06,
1.26018e+06,
1.26622e+06,
1.27241e+06,
1.27893e+06,
1.28514e+06,
1.29172e+06,
1.29827e+06,
1.3051e+06,
1.31178e+06,
1.31826e+06,
1.32483e+06,
1.33137e+06,
1.33789e+06,
1.34449e+06,
1.35111e+06,
1.35776e+06,
1.36449e+06,
1.37121e+06,
1.37818e+06,
1.38509e+06,
1.39193e+06,
1.39874e+06,
1.40554e+06,
1.41227e+06,
1.41907e+06,
1.42614e+06,
1.43317e+06,
1.44016e+06,
1.44709e+06,
1.45424e+06,
1.46145e+06,
1.46841e+06,
1.47528e+06,
1.48245e+06,
1.48966e+06,
1.49687e+06,
1.50406e+06,
1.51139e+06,
1.5188e+06,
1.5263e+06,
1.53378e+06,
1.54132e+06,
1.54912e+06,
1.55707e+06,
1.56493e+06,
1.57274e+06,
1.58032e+06,
1.58836e+06,
1.59619e+06,
1.60408e+06,
1.61195e+06,
1.61957e+06,
1.62732e+06,
1.6352e+06,
1.64337e+06,
1.65152e+06,
1.65963e+06,
1.66785e+06,
1.67618e+06,
1.68439e+06,
1.69242e+06,
1.7005e+06,
1.70865e+06,
1.71691e+06,
1.72503e+06,
1.73349e+06,
1.74218e+06,
1.75053e+06,
1.75918e+06,
1.76807e+06,
1.77684e+06,
1.78559e+06,
1.79419e+06,
1.80298e+06,
1.81198e+06,
1.82077e+06,
1.82993e+06,
1.83937e+06,
1.84866e+06,
1.8579e+06,
1.86746e+06,
1.87675e+06,
1.88616e+06,
1.89547e+06,
1.90479e+06,
1.91406e+06,
1.92338e+06,
1.9329e+06,
1.94255e+06,
1.95246e+06,
1.9623e+06,
1.97205e+06,
1.98191e+06,
1.99183e+06,
2.00164e+06,
2.01141e+06,
2.02131e+06,
2.03106e+06,
2.04124e+06,
2.05148e+06,
2.06183e+06,
2.07216e+06,
2.08258e+06,
2.09305e+06,
2.10343e+06,
2.11401e+06,
2.12479e+06,
2.13548e+06,
2.14615e+06,
2.15709e+06,
2.16797e+06,
2.17883e+06,
2.18967e+06,
2.20106e+06,
2.21233e+06,
2.22344e+06,
2.23462e+06,
2.24587e+06,
2.25707e+06,
2.26861e+06,
2.28015e+06,
2.2916e+06,
2.30322e+06,
2.31499e+06,
2.32657e+06,
2.33843e+06,
2.35022e+06,
2.36175e+06,
2.37366e+06,
2.38564e+06,
2.39789e+06,
2.41046e+06,
2.42318e+06,
2.4359e+06,
2.44855e+06,
2.46104e+06,
2.47371e+06,
2.48624e+06,
2.49921e+06,
2.5124e+06,
2.52566e+06,
2.53925e+06,
2.55232e+06,
2.5656e+06,
2.57879e+06,
2.59229e+06,
2.60582e+06,
2.6195e+06,
2.63334e+06,
2.64735e+06,
2.66163e+06,
2.67556e+06,
2.68957e+06,
2.70371e+06,
2.71798e+06,
2.73191e+06,
2.74605e+06,
2.76062e+06,
2.77555e+06,
2.79066e+06,
2.80566e+06,
2.82041e+06,
2.83544e+06,
2.85082e+06,
2.86611e+06,
2.88139e+06,
2.89733e+06,
2.91341e+06,
2.92963e+06,
2.94627e+06,
2.96239e+06,
2.97837e+06,
2.99448e+06,
3.01083e+06,
3.02699e+06,
3.0439e+06,
3.06151e+06,
3.07892e+06,
3.09609e+06,
3.11313e+06,
3.13017e+06,
3.14739e+06,
3.16455e+06,
3.18224e+06,
3.20058e+06,
3.21892e+06,
3.23709e+06,
3.25542e+06,
3.27355e+06,
3.29189e+06,
3.31067e+06,
3.32965e+06,
3.34919e+06,
3.36881e+06,
3.38825e+06,
3.40837e+06,
3.42782e+06,
3.4475e+06,
3.46785e+06,
3.48858e+06,
3.50954e+06,
3.53012e+06,
3.55078e+06,
3.57165e+06,
3.59258e+06,
3.61374e+06,
3.63527e+06,
3.65805e+06,
3.68028e+06,
3.70254e+06,
3.72446e+06,
3.74617e+06,
3.7683e+06,
3.79062e+06,
3.81467e+06,
3.83839e+06,
3.86208e+06,
3.88523e+06,
3.90929e+06,
3.93312e+06,
3.95742e+06,
3.98255e+06,
4.00796e+06,
4.03302e+06,
4.05827e+06,
4.08361e+06,
4.1094e+06,
4.13545e+06,
4.163e+06,
4.18988e+06,
4.2167e+06,
4.24319e+06,
4.27011e+06,
4.29731e+06,
4.32603e+06,
4.35475e+06,
4.38333e+06,
4.41195e+06,
4.44029e+06,
4.46875e+06,
4.49812e+06,
4.52838e+06,
4.5583e+06,
4.5885e+06,
4.61906e+06,
4.64977e+06,
4.68063e+06,
4.71359e+06,
4.74559e+06,
4.77764e+06,
4.80975e+06,
4.84173e+06,
4.87411e+06,
4.90857e+06,
4.9435e+06,
4.97773e+06,
5.01221e+06,
5.04625e+06,
5.08119e+06,
5.11865e+06,
5.15669e+06,
5.20852e+06,
5.26949e+06,
5.33059e+06,
5.39154e+06,
5.45505e+06,
5.51919e+06,
5.58325e+06,
5.64724e+06,
5.71169e+06,
5.77705e+06,
5.84879e+06,
5.92403e+06,
5.99918e+06,
6.07413e+06,
6.15121e+06,
6.22988e+06,
6.3137e+06,
6.40883e+06,
6.50722e+06,
6.59611e+06,
6.68073e+06,
6.76351e+06,
6.84443e+06,
6.92398e+06,
7.00013e+06,
7.07526e+06,
7.15074e+06,
7.22553e+06,
7.30205e+06,
7.38158e+06,
7.45752e+06,
7.53236e+06,
7.60671e+06,
7.67985e+06,
7.75249e+06,
7.82483e+06,
7.89696e+06,
7.96786e+06,
8.03984e+06,
8.11759e+06,
8.19517e+06,
8.27058e+06,
8.34374e+06,
8.41689e+06,
8.48844e+06,
8.55957e+06,
8.63078e+06,
8.7013e+06,
8.77502e+06,
8.84797e+06,
8.91917e+06,
8.99225e+06,
9.06779e+06,
9.13989e+06,
9.21247e+06,
9.28588e+06,
9.35976e+06,
9.43544e+06,
9.51216e+06,
9.58819e+06,
9.66421e+06,
9.74083e+06,
9.81993e+06,
9.89906e+06,
9.97497e+06,
1.00488e+07,
1.01234e+07,
1.02005e+07,
1.0278e+07,
1.03553e+07,
1.04314e+07,
1.05071e+07,
1.05833e+07,
1.06619e+07,
1.07405e+07,
1.08174e+07,
1.08959e+07,
1.09743e+07,
1.10522e+07,
1.11294e+07,
1.12063e+07,
1.12831e+07,
1.136e+07,
1.14366e+07,
1.1515e+07,
1.15943e+07,
1.16749e+07,
1.17532e+07,
1.18312e+07,
1.19093e+07,
1.1987e+07,
1.20638e+07,
1.21401e+07,
1.22163e+07,
1.22939e+07,
1.23755e+07,
1.2459e+07,
1.25413e+07,
1.26216e+07,
1.27006e+07,
1.2779e+07,
1.28573e+07,
1.29352e+07,
1.30132e+07,
1.30936e+07,
1.31734e+07,
1.32541e+07,
1.33364e+07,
1.34184e+07,
1.34987e+07,
1.35775e+07,
1.36562e+07,
1.37343e+07,
1.38138e+07,
1.38951e+07,
1.39753e+07,
1.4057e+07,
1.41386e+07,
1.42215e+07,
1.43046e+07,
1.43864e+07,
1.44656e+07,
1.45444e+07,
1.46256e+07,
1.47071e+07,
1.47873e+07,
1.48701e+07,
1.49529e+07,
1.50356e+07,
1.51183e+07,
1.52022e+07,
1.52865e+07,
1.53692e+07,
1.5452e+07,
1.55342e+07,
1.56177e+07,
1.57002e+07,
1.57827e+07,
1.5865e+07,
1.59474e+07,
1.60301e+07,
1.61132e+07,
1.61977e+07,
1.6282e+07,
1.63652e+07,
1.64476e+07,
1.65305e+07,
1.66129e+07,
375246,
375481,
375775,
376076,
376338,
376681,
377079,
377529,
377862,
378172,
378457,
378819,
379196,
379616,
379972,
380322,
380659,
381009,
381315,
381617,
381964,
382315,
382663,
383004,
383316,
383734,
384189,
384580,
385025,
385379,
385690,
386079,
386459,
386844,
387238,
387663,
388081,
388464,
388891,
389334,
389776,
390202,
390612,
391016,
391441,
391925,
392392,
392867,
393463,
393899,
394352,
394872,
395358,
395852,
396404,
396967,
397517,
398073,
398749,
399473,
400240,
400883,
401531,
402207,
402895,
403489,
404196,
404812,
405481,
406272,
406989,
407667,
408398,
409093,
409820,
410562,
411275,
412077,
412786,
413590,
414371,
415168,
415932,
416668,
417481,
418229,
418974,
419762,
420534,
421281,
422111,
422974,
423823,
424614,
425471,
426372,
427240,
428050,
428933,
429792,
430601,
431440,
432300,
433213,
434099,
435010,
435939,
436926,
437849,
438810,
439690,
440601,
441461,
442444,
443384,
444307,
445314,
446315,
447448,
448648,
449683,
450858,
451993,
453063,
454198,
455413,
456776,
457994,
459306,
460475,
461674,
462901,
464019,
465191,
466369,
467570,
468813,
470114,
471355,
472674,
473906,
475082,
476221,
477482,
478764,
479961,
481182,
482436,
483820,
485131,
486524,
487809,
489059,
490367,
491591,
492883,
494353,
495729,
497106,
498521,
499876,
501200,
502507,
503886,
505283,
506658,
508151,
509730,
511219,
512754,
514337,
515846,
517399,
518755,
520303,
521812,
523327,
524995,
526612,
528173,
529681,
531243,
532757,
534388,
535945,
537452,
538983,
540644,
542277,
544059,
545757,
547333,
549025,
550668,
552387,
554177,
555749,
557576,
559366,
561046,
562680,
564345,
565997,
567749,
569548,
571335,
573111,
574940,
576721,
578593,
580440,
582228,
583995,
585857,
587739,
589569,
591431,
593334,
595193,
597107,
599003,
600879,
602777,
604657,
606423,
608429,
610387,
612366,
614404,
616343,
618347,
620350,
622337,
624287,
626274,
628289,
630262,
632357,
634487,
636577,
638722,
640749,
642785,
644938,
647156,
649322,
651423,
653681,
655854,
658000,
660288,
662645,
665053,
667278,
669633,
671886,
674234,
676579,
678989,
681426,
683805,
686242,
688632,
691045,
693442,
695973,
698353,
700798,
703311,
705876,
708342,
710964,
713591,
716162,
718759,
721355,
723936,
726440,
729168,
731910,
735091,
738799,
742700,
746664,
750393,
754202,
758115,
762077,
765785,
769548,
773490,
777513,
781385,
785211,
789105,
793140,
797150,
801061,
805025,
809175,
813308,
817399,
821536,
825662,
829812,
833918,
838043,
842128,
846317,
850417,
854442,
858739,
862937,
867241,
871572,
876018,
880364,
884823,
889286,
893706,
898425,
903082,
907694,
912206,
916887,
921453,
925855,
930513,
935203,
939908,
944470,
949130,
953968,
958707,
963334,
968040,
972917,
977738,
982459,
987189,
991885,
996714,
1.00165e+06,
1.0065e+06,
1.01145e+06,
1.01647e+06,
1.02139e+06,
1.02641e+06,
1.03158e+06,
1.03672e+06,
1.04185e+06,
1.04692e+06,
1.05242e+06,
1.0579e+06,
1.06322e+06,
1.06851e+06,
1.07395e+06,
1.0793e+06,
1.08487e+06,
1.09025e+06,
1.09569e+06,
1.10111e+06,
1.10644e+06,
1.11191e+06,
1.1175e+06,
1.12314e+06,
1.12866e+06,
1.13428e+06,
1.13989e+06,
1.14564e+06,
1.15142e+06,
1.1573e+06,
1.16321e+06,
1.16912e+06,
1.17491e+06,
1.18075e+06,
1.1867e+06,
1.19272e+06,
1.19869e+06,
1.20454e+06,
1.21049e+06,
1.21648e+06,
1.22246e+06,
1.22841e+06,
1.23443e+06,
1.2406e+06,
1.247e+06,
1.25337e+06,
1.25992e+06,
1.26635e+06,
1.27266e+06,
1.27919e+06,
1.28539e+06,
1.29187e+06,
1.29829e+06,
1.30487e+06,
1.31153e+06,
1.31807e+06,
1.32463e+06,
1.33141e+06,
1.33802e+06,
1.34489e+06,
1.35153e+06,
1.35835e+06,
1.36507e+06,
1.37168e+06,
1.3783e+06,
1.38511e+06,
1.3918e+06,
1.39856e+06,
1.4054e+06,
1.41245e+06,
1.41911e+06,
1.42619e+06,
1.43345e+06,
1.44067e+06,
1.44814e+06,
1.45541e+06,
1.46269e+06,
1.47003e+06,
1.47733e+06,
1.48457e+06,
1.49192e+06,
1.49937e+06,
1.5073e+06,
1.51504e+06,
1.52259e+06,
1.53018e+06,
1.53771e+06,
1.54526e+06,
1.5529e+06,
1.56045e+06,
1.56817e+06,
1.57599e+06,
1.58376e+06,
1.59168e+06,
1.5999e+06,
1.60785e+06,
1.61578e+06,
1.62385e+06,
1.63151e+06,
1.63954e+06,
1.64759e+06,
1.65551e+06,
1.66361e+06,
1.67199e+06,
1.68035e+06,
1.68871e+06,
1.69747e+06,
1.7063e+06,
1.7151e+06,
1.72383e+06,
1.73242e+06,
1.74112e+06,
1.7501e+06,
1.75884e+06,
1.76777e+06,
1.77638e+06,
1.78532e+06,
1.79445e+06,
1.80357e+06,
1.81288e+06,
1.82197e+06,
1.83103e+06,
1.84018e+06,
1.84963e+06,
1.85906e+06,
1.86841e+06,
1.87782e+06,
1.88733e+06,
1.8967e+06,
1.90658e+06,
1.91627e+06,
1.92564e+06,
1.9355e+06,
1.94496e+06,
1.95473e+06,
1.96453e+06,
1.97472e+06,
1.98481e+06,
1.99503e+06,
2.00526e+06,
2.0154e+06,
2.0258e+06,
2.03623e+06,
2.04683e+06,
2.05723e+06,
2.06785e+06,
2.07874e+06,
2.08938e+06,
2.10003e+06,
2.11054e+06,
2.12131e+06,
2.13227e+06,
2.1433e+06,
2.1543e+06,
2.16538e+06,
2.17654e+06,
2.18766e+06,
2.19878e+06,
2.20977e+06,
2.22106e+06,
2.23245e+06,
2.24373e+06,
2.25557e+06,
2.26719e+06,
2.27886e+06,
2.29046e+06,
2.30219e+06,
2.31422e+06,
2.3262e+06,
2.33846e+06,
2.35064e+06,
2.36302e+06,
2.37553e+06,
2.38813e+06,
2.40089e+06,
2.41346e+06,
2.42638e+06,
2.43906e+06,
2.45194e+06,
2.46488e+06,
2.47755e+06,
2.4909e+06,
2.50442e+06,
2.51794e+06,
2.53136e+06,
2.54494e+06,
2.55813e+06,
2.57139e+06,
2.58492e+06,
2.59861e+06,
2.61222e+06,
2.62636e+06,
2.64072e+06,
2.65491e+06,
2.66891e+06,
2.68315e+06,
2.69741e+06,
2.7118e+06,
2.72674e+06,
2.74156e+06,
2.7566e+06,
2.77191e+06,
2.78732e+06,
2.80249e+06,
2.8176e+06,
2.83309e+06,
2.84846e+06,
2.86434e+06,
2.8802e+06,
2.89659e+06,
2.91272e+06,
2.92869e+06,
2.94476e+06,
2.96114e+06,
2.97766e+06,
2.99399e+06,
3.01086e+06,
3.02796e+06,
3.04506e+06,
3.06247e+06,
3.07952e+06,
3.09666e+06,
3.1141e+06,
3.13131e+06,
3.14924e+06,
3.16748e+06,
3.18657e+06,
3.20555e+06,
3.22433e+06,
3.24282e+06,
3.26136e+06,
3.28019e+06,
3.29947e+06,
3.31912e+06,
3.3393e+06,
3.35936e+06,
3.37902e+06,
3.39896e+06,
3.41889e+06,
3.43901e+06,
3.45908e+06,
3.4799e+06,
3.50123e+06,
3.52244e+06,
3.54345e+06,
3.56451e+06,
3.58569e+06,
3.60706e+06,
3.62945e+06,
3.65247e+06,
3.67458e+06,
3.69649e+06,
3.71887e+06,
3.74176e+06,
3.76506e+06,
3.7892e+06,
3.81401e+06,
3.83817e+06,
3.86231e+06,
3.88639e+06,
3.91004e+06,
3.93422e+06,
3.9599e+06,
3.98642e+06,
4.01245e+06,
4.03812e+06,
4.0638e+06,
4.08997e+06,
4.11629e+06,
4.14392e+06,
4.17133e+06,
4.19832e+06,
4.22563e+06,
4.25293e+06,
4.28092e+06,
4.30916e+06,
4.33902e+06,
4.36845e+06,
4.39727e+06,
4.42625e+06,
4.45547e+06,
4.48551e+06,
4.51744e+06,
4.54863e+06,
4.58009e+06,
4.61139e+06,
4.64257e+06,
4.67423e+06,
4.70748e+06,
4.74079e+06,
4.77372e+06,
4.80655e+06,
4.83948e+06,
4.87306e+06,
4.90824e+06,
4.9439e+06,
4.97913e+06,
5.01434e+06,
5.04971e+06,
5.08545e+06,
5.1232e+06,
5.16152e+06,
5.19936e+06,
5.23844e+06,
5.29376e+06,
5.35911e+06,
5.42736e+06,
5.49602e+06,
5.56334e+06,
5.63156e+06,
5.69954e+06,
5.7693e+06,
5.84289e+06,
5.91767e+06,
5.99677e+06,
6.07784e+06,
6.16078e+06,
6.24699e+06,
6.34425e+06,
6.44786e+06,
6.54493e+06,
6.63082e+06,
6.71383e+06,
6.79674e+06,
6.88097e+06,
6.96208e+06,
7.04219e+06,
7.12096e+06,
7.19945e+06,
7.28072e+06,
7.35994e+06,
7.43822e+06,
7.51393e+06,
7.59068e+06,
7.6683e+06,
7.74625e+06,
7.82178e+06,
7.89722e+06,
7.97163e+06,
8.04565e+06,
8.12049e+06,
8.19731e+06,
8.27549e+06,
8.35236e+06,
8.42871e+06,
8.50335e+06,
8.57966e+06,
8.65408e+06,
8.72654e+06,
8.79969e+06,
8.87221e+06,
8.94624e+06,
9.02625e+06,
9.1056e+06,
9.18308e+06,
9.25965e+06,
9.33503e+06,
9.41057e+06,
9.48566e+06,
9.55997e+06,
9.63118e+06,
9.70577e+06,
9.78476e+06,
9.86505e+06,
9.9454e+06,
1.00239e+07,
1.01019e+07,
1.01786e+07,
1.02553e+07,
1.03314e+07,
1.04078e+07,
1.0489e+07,
1.05684e+07,
1.06488e+07,
1.07307e+07,
1.08131e+07,
1.08919e+07,
1.09701e+07,
1.1047e+07,
1.1124e+07,
1.12049e+07,
1.12852e+07,
1.13646e+07,
1.14447e+07,
1.15257e+07,
1.16075e+07,
1.16888e+07,
1.17672e+07,
1.18447e+07,
1.19246e+07,
1.20052e+07,
1.20859e+07,
1.21663e+07,
1.22454e+07,
1.23255e+07,
1.2406e+07,
1.24879e+07,
1.2571e+07,
1.26529e+07,
1.27357e+07,
1.28182e+07,
1.28994e+07,
1.29805e+07,
1.30617e+07,
1.31421e+07,
1.32222e+07,
1.33028e+07,
1.33863e+07,
1.34726e+07,
1.35569e+07,
1.36387e+07,
1.372e+07,
1.38008e+07,
1.3882e+07,
1.3963e+07,
1.40442e+07,
1.41257e+07,
1.42092e+07,
1.42952e+07,
1.43812e+07,
1.44667e+07,
1.45491e+07,
1.46313e+07,
1.47127e+07,
1.47938e+07,
1.48748e+07,
1.49576e+07,
1.50405e+07,
1.51238e+07,
1.52074e+07,
1.52918e+07,
1.53772e+07,
1.54625e+07,
1.55467e+07,
1.56311e+07,
1.57145e+07,
1.58002e+07,
1.58854e+07,
1.59703e+07,
1.60549e+07,
1.61407e+07,
1.62275e+07,
1.63143e+07,
1.6398e+07,
1.64817e+07,
1.65659e+07,
1.66509e+07,
1.67362e+07,
1.68207e+07,
1.69054e+07,
1.69913e+07,
1.70772e+07,
1.71648e+07,
1.72535e+07,
1.73401e+07,
1.74276e+07,
1.75178e+07,
1.76074e+07,
375246,
375487,
375760,
376054,
376327,
376685,
377076,
377512,
377863,
378200,
378492,
378815,
379205,
379586,
379964,
380339,
380665,
381001,
381287,
381655,
381975,
382306,
382643,
383025,
383385,
383798,
384249,
384653,
385062,
385404,
385765,
386109,
386455,
386861,
387243,
387608,
388021,
388499,
388906,
389331,
389751,
390168,
390567,
390979,
391409,
391834,
392305,
392780,
393321,
393836,
394299,
394748,
395282,
395765,
396269,
396899,
397501,
398167,
398839,
399561,
400214,
400841,
401486,
402108,
402811,
403450,
404040,
404735,
405410,
406154,
406851,
407627,
408236,
408959,
409694,
410386,
411124,
411929,
412726,
413540,
414299,
415062,
415904,
416696,
417458,
418167,
418907,
419680,
420437,
421234,
422000,
422881,
423743,
424557,
425312,
426101,
426884,
427820,
428638,
429492,
430317,
431116,
431918,
432749,
433717,
434617,
435532,
436455,
437364,
438299,
439259,
440173,
441166,
442242,
443380,
444484,
445596,
446696,
447813,
448954,
450111,
451147,
452242,
453320,
454481,
455588,
456730,
458046,
459361,
460646,
461851,
463036,
464190,
465352,
466538,
467748,
469024,
470219,
471535,
472729,
473994,
475231,
476444,
477644,
478937,
480259,
481559,
482841,
484087,
485444,
486753,
488024,
489299,
490722,
492011,
493273,
494670,
495978,
497274,
498651,
499962,
501281,
502588,
504034,
505463,
506775,
508257,
509713,
511263,
512780,
514420,
515982,
517376,
518883,
520341,
521816,
523403,
525026,
526565,
528135,
529752,
531288,
532869,
534331,
535970,
537517,
539139,
540643,
542230,
543899,
545610,
547194,
548731,
550393,
552030,
553732,
555494,
557255,
559064,
560840,
562470,
564098,
565793,
567575,
569220,
570942,
572697,
574452,
576197,
578083,
579856,
581730,
583551,
585291,
587119,
588976,
590866,
592789,
594575,
596485,
598253,
600170,
601980,
603912,
605797,
607766,
609710,
611621,
613574,
615526,
617571,
619464,
621404,
623329,
625298,
627250,
629313,
631324,
633349,
635338,
637407,
639480,
641657,
643782,
645915,
648101,
650367,
652597,
654796,
656993,
659121,
661361,
663629,
665960,
668288,
670602,
672945,
675230,
677461,
679764,
682056,
684354,
686640,
689005,
691461,
693829,
696287,
698756,
701269,
703806,
707107,
710638,
714276,
717804,
721492,
725174,
728880,
732507,
736210,
739766,
743521,
747432,
751217,
754772,
758588,
762376,
766369,
770311,
774225,
778127,
782153,
786050,
789976,
793847,
797883,
801997,
806066,
810099,
814021,
818159,
822087,
826119,
830308,
834765,
839182,
843504,
847912,
852292,
856664,
861045,
865475,
869936,
874335,
878843,
883176,
887675,
892098,
896527,
900983,
905640,
910179,
914742,
919438,
924012,
928685,
933319,
937930,
942448,
947036,
951614,
956374,
961162,
965817,
970511,
975476,
980214,
985185,
990256,
995132,
1.00036e+06,
1.00545e+06,
1.01042e+06,
1.01559e+06,
1.02078e+06,
1.02604e+06,
1.03125e+06,
1.03645e+06,
1.04163e+06,
1.04676e+06,
1.05201e+06,
1.05727e+06,
1.06265e+06,
1.06786e+06,
1.07313e+06,
1.0785e+06,
1.08398e+06,
1.08959e+06,
1.09507e+06,
1.10059e+06,
1.10617e+06,
1.11157e+06,
1.11702e+06,
1.12247e+06,
1.12791e+06,
1.13343e+06,
1.1389e+06,
1.14461e+06,
1.15046e+06,
1.1564e+06,
1.16238e+06,
1.1684e+06,
1.17429e+06,
1.18055e+06,
1.18685e+06,
1.19285e+06,
1.19894e+06,
1.20494e+06,
1.21095e+06,
1.21715e+06,
1.2236e+06,
1.22988e+06,
1.23626e+06,
1.24238e+06,
1.24844e+06,
1.25486e+06,
1.26101e+06,
1.26721e+06,
1.2734e+06,
1.27983e+06,
1.28619e+06,
1.29249e+06,
1.29908e+06,
1.30559e+06,
1.31211e+06,
1.31876e+06,
1.3254e+06,
1.33217e+06,
1.33869e+06,
1.34526e+06,
1.35201e+06,
1.35859e+06,
1.36525e+06,
1.37208e+06,
1.37915e+06,
1.38636e+06,
1.39349e+06,
1.4008e+06,
1.40805e+06,
1.41537e+06,
1.4226e+06,
1.42973e+06,
1.43689e+06,
1.44419e+06,
1.45128e+06,
1.45888e+06,
1.46623e+06,
1.47371e+06,
1.48138e+06,
1.48899e+06,
1.49669e+06,
1.50407e+06,
1.51152e+06,
1.51905e+06,
1.52657e+06,
1.53412e+06,
1.54188e+06,
1.54947e+06,
1.55729e+06,
1.56511e+06,
1.57326e+06,
1.58108e+06,
1.58891e+06,
1.59676e+06,
1.60477e+06,
1.61287e+06,
1.62108e+06,
1.62943e+06,
1.63778e+06,
1.64625e+06,
1.65491e+06,
1.6637e+06,
1.67233e+06,
1.68075e+06,
1.68919e+06,
1.69788e+06,
1.70662e+06,
1.71521e+06,
1.72406e+06,
1.73288e+06,
1.74179e+06,
1.75058e+06,
1.75986e+06,
1.7689e+06,
1.77797e+06,
1.78719e+06,
1.79632e+06,
1.80539e+06,
1.81431e+06,
1.82347e+06,
1.83256e+06,
1.84204e+06,
1.85132e+06,
1.86045e+06,
1.87019e+06,
1.87975e+06,
1.88954e+06,
1.89947e+06,
1.90914e+06,
1.91913e+06,
1.92897e+06,
1.93875e+06,
1.94893e+06,
1.95902e+06,
1.96926e+06,
1.97952e+06,
1.99014e+06,
2.00051e+06,
2.01076e+06,
2.0212e+06,
2.03167e+06,
2.04223e+06,
2.05255e+06,
2.06303e+06,
2.07382e+06,
2.0845e+06,
2.09567e+06,
2.10648e+06,
2.11739e+06,
2.12825e+06,
2.13936e+06,
2.15061e+06,
2.16139e+06,
2.17248e+06,
2.18358e+06,
2.19495e+06,
2.20658e+06,
2.21871e+06,
2.23039e+06,
2.24216e+06,
2.25405e+06,
2.26601e+06,
2.2779e+06,
2.28965e+06,
2.30163e+06,
2.31407e+06,
2.32619e+06,
2.33902e+06,
2.3516e+06,
2.36442e+06,
2.37682e+06,
2.38927e+06,
2.40183e+06,
2.41446e+06,
2.42728e+06,
2.44026e+06,
2.45342e+06,
2.467e+06,
2.48029e+06,
2.4936e+06,
2.50674e+06,
2.51988e+06,
2.53336e+06,
2.54686e+06,
2.56041e+06,
2.57426e+06,
2.58841e+06,
2.60298e+06,
2.61752e+06,
2.63194e+06,
2.64626e+06,
2.66045e+06,
2.67516e+06,
2.68966e+06,
2.7046e+06,
2.71964e+06,
2.73506e+06,
2.75023e+06,
2.76537e+06,
2.78088e+06,
2.79624e+06,
2.81151e+06,
2.82693e+06,
2.84255e+06,
2.85829e+06,
2.87455e+06,
2.89107e+06,
2.90733e+06,
2.92362e+06,
2.93983e+06,
2.95638e+06,
2.97314e+06,
2.98982e+06,
3.00685e+06,
3.02432e+06,
3.04181e+06,
3.05927e+06,
3.07704e+06,
3.09482e+06,
3.11281e+06,
3.1309e+06,
3.14916e+06,
3.16809e+06,
3.1868e+06,
3.20555e+06,
3.22435e+06,
3.24325e+06,
3.26219e+06,
3.28163e+06,
3.30152e+06,
3.32203e+06,
3.342e+06,
3.36209e+06,
3.38165e+06,
3.40173e+06,
3.42191e+06,
3.44295e+06,
3.46421e+06,
3.48588e+06,
3.50689e+06,
3.52805e+06,
3.54951e+06,
3.57117e+06,
3.5928e+06,
3.61528e+06,
3.63882e+06,
3.66174e+06,
3.68435e+06,
3.70741e+06,
3.73075e+06,
3.75413e+06,
3.77819e+06,
3.80346e+06,
3.82766e+06,
3.85182e+06,
3.8764e+06,
3.90106e+06,
3.92689e+06,
3.95235e+06,
3.97977e+06,
4.00609e+06,
4.03226e+06,
4.05817e+06,
4.08449e+06,
4.11131e+06,
4.13952e+06,
4.16785e+06,
4.19585e+06,
4.22404e+06,
4.252e+06,
4.28084e+06,
4.31019e+06,
4.3407e+06,
4.37052e+06,
4.40038e+06,
4.43096e+06,
4.46109e+06,
4.49177e+06,
4.52454e+06,
4.5567e+06,
4.58862e+06,
4.62078e+06,
4.65295e+06,
4.68486e+06,
4.71905e+06,
4.75322e+06,
4.78728e+06,
4.82182e+06,
4.85607e+06,
4.89065e+06,
4.92773e+06,
4.96387e+06,
4.99998e+06,
5.03584e+06,
5.07199e+06,
5.10894e+06,
5.14934e+06,
5.18925e+06,
5.22866e+06,
5.26862e+06,
5.30855e+06,
5.35775e+06,
5.42997e+06,
5.501e+06,
5.573e+06,
5.64549e+06,
5.71882e+06,
5.79607e+06,
5.8754e+06,
5.95425e+06,
6.03427e+06,
6.12016e+06,
6.21191e+06,
6.31495e+06,
6.42599e+06,
6.52838e+06,
6.62061e+06,
6.70725e+06,
6.79294e+06,
6.87489e+06,
6.95589e+06,
7.03984e+06,
7.12351e+06,
7.20754e+06,
7.29133e+06,
7.37604e+06,
7.45775e+06,
7.5362e+06,
7.61368e+06,
7.69064e+06,
7.76852e+06,
7.84863e+06,
7.92767e+06,
8.00448e+06,
8.08295e+06,
8.16419e+06,
8.24447e+06,
8.32153e+06,
8.39759e+06,
8.471e+06,
8.55002e+06,
8.62914e+06,
8.7073e+06,
8.7838e+06,
8.86014e+06,
8.93684e+06,
9.01586e+06,
9.09526e+06,
9.17147e+06,
9.24929e+06,
9.32966e+06,
9.40975e+06,
9.48867e+06,
9.56644e+06,
9.64495e+06,
9.72312e+06,
9.80126e+06,
9.88077e+06,
9.96274e+06,
1.00459e+07,
1.01268e+07,
1.02064e+07,
1.02845e+07,
1.03606e+07,
1.04361e+07,
1.05127e+07,
1.05895e+07,
1.06681e+07,
1.07532e+07,
1.08401e+07,
1.09222e+07,
1.10044e+07,
1.10858e+07,
1.11658e+07,
1.12453e+07,
1.13236e+07,
1.1403e+07,
1.1485e+07,
1.15685e+07,
1.1655e+07,
1.1741e+07,
1.18226e+07,
1.19035e+07,
1.19838e+07,
1.20637e+07,
1.21437e+07,
1.2225e+07,
1.23099e+07,
1.23933e+07,
1.24771e+07,
1.2563e+07,
1.26486e+07,
1.27318e+07,
1.28136e+07,
1.28955e+07,
1.29767e+07,
1.30615e+07,
1.31453e+07,
1.3229e+07,
1.33131e+07,
1.33977e+07,
1.34845e+07,
1.35706e+07,
1.36537e+07,
1.3736e+07,
1.38206e+07,
1.39048e+07,
1.399e+07,
1.40744e+07,
1.41582e+07,
1.42419e+07,
1.43259e+07,
1.44121e+07,
1.44983e+07,
1.45844e+07,
1.46711e+07,
1.47565e+07,
1.4841e+07,
1.49249e+07,
1.5009e+07,
1.50921e+07,
1.51755e+07,
1.5259e+07,
1.53461e+07,
1.54334e+07,
1.55195e+07,
1.5605e+07,
1.56901e+07,
1.57749e+07,
1.58586e+07,
1.59434e+07,
1.60298e+07,
1.61159e+07,
1.62045e+07,
1.62953e+07,
1.63846e+07,
1.64729e+07,
1.65591e+07,
1.66448e+07,
1.67312e+07,
1.68168e+07,
1.69022e+07,
1.69902e+07,
1.70785e+07,
1.71664e+07,
1.72565e+07,
1.73467e+07,
1.74352e+07,
1.75221e+07,
1.76097e+07,
1.76977e+07,
1.77863e+07,
1.7877e+07,
1.79698e+07,
1.80616e+07,
1.81522e+07,
1.82432e+07,
1.83332e+07,
1.8423e+07,
1.85103e+07,
1.85979e+07,
375246,
375473,
375759,
376060,
376326,
376705,
377114,
377500,
377845,
378193,
378518,
378816,
379211,
379551,
379907,
380327,
380694,
381010,
381319,
381644,
381975,
382284,
382622,
383011,
383410,
383837,
384254,
384696,
385030,
385351,
385740,
386086,
386443,
386845,
387183,
387610,
388022,
388424,
388869,
389268,
389699,
390111,
390552,
390912,
391354,
391757,
392222,
392712,
393173,
393692,
394181,
394672,
395156,
395678,
396276,
396841,
397405,
398038,
398738,
399430,
400085,
400729,
401394,
401993,
402659,
403320,
403945,
404622,
405318,
406000,
406701,
407418,
408139,
408803,
409512,
410243,
411004,
411793,
412574,
413322,
414070,
414817,
415607,
416356,
417150,
417935,
418698,
419478,
420277,
421094,
421867,
422657,
423379,
424151,
424939,
425673,
426475,
427305,
428187,
428993,
429865,
430767,
431582,
432472,
433298,
434193,
435119,
436067,
437113,
438228,
439345,
440423,
441401,
442494,
443575,
444713,
445814,
446849,
447955,
449108,
450227,
451372,
452470,
453520,
454664,
455790,
456942,
458090,
459174,
460400,
461835,
463101,
464265,
465426,
466657,
467881,
469111,
470369,
471648,
472944,
474182,
475454,
476634,
477854,
479146,
480416,
481670,
482923,
484220,
485551,
486972,
488223,
489485,
490772,
492113,
493520,
494862,
496169,
497532,
498810,
500161,
501459,
502748,
504040,
505368,
506749,
508165,
509562,
510999,
512390,
513985,
515544,
517179,
518723,
520289,
521831,
523202,
524784,
526430,
527920,
529538,
531131,
532630,
534127,
535709,
537268,
538807,
540421,
541977,
543540,
545096,
546702,
548276,
549912,
551643,
553252,
555011,
556720,
558317,
560013,
561760,
563485,
565175,
566857,
568543,
570364,
572054,
573857,
575550,
577329,
579100,
580918,
582678,
584455,
586266,
588114,
590050,
591892,
593712,
595509,
597384,
599250,
601030,
602902,
604781,
606632,
608621,
610534,
612366,
614308,
616292,
618219,
620035,
622026,
624010,
626101,
628106,
630135,
632243,
634319,
636356,
638381,
640418,
642439,
644516,
646748,
648937,
651121,
653420,
655543,
657812,
660022,
662268,
664508,
666805,
669089,
671309,
673590,
675833,
678249,
681064,
684472,
687729,
690918,
694410,
697922,
701382,
704876,
708365,
711942,
715464,
719023,
722748,
726391,
729988,
733529,
737282,
740968,
744651,
748330,
752155,
755881,
759631,
763410,
767196,
771040,
775072,
778997,
782751,
786705,
790618,
794515,
798481,
802665,
806951,
811206,
815599,
819929,
824179,
828503,
832743,
836927,
841378,
845705,
850084,
854562,
858939,
863371,
867695,
872302,
876627,
881155,
885662,
890291,
894727,
899234,
903811,
908238,
912649,
917109,
921811,
926308,
930855,
935485,
940307,
945254,
950243,
955085,
959875,
964676,
969518,
974461,
979499,
984470,
989505,
994708,
1.00001e+06,
1.00528e+06,
1.01035e+06,
1.01545e+06,
1.02063e+06,
1.02573e+06,
1.03075e+06,
1.03595e+06,
1.04117e+06,
1.04647e+06,
1.05191e+06,
1.05723e+06,
1.06259e+06,
1.068e+06,
1.07325e+06,
1.07844e+06,
1.08365e+06,
1.08908e+06,
1.0945e+06,
1.09985e+06,
1.10527e+06,
1.1108e+06,
1.11673e+06,
1.12268e+06,
1.12854e+06,
1.13446e+06,
1.14018e+06,
1.14602e+06,
1.15176e+06,
1.15753e+06,
1.16348e+06,
1.16925e+06,
1.17511e+06,
1.18116e+06,
1.18726e+06,
1.19334e+06,
1.19964e+06,
1.20574e+06,
1.21193e+06,
1.21823e+06,
1.22451e+06,
1.23065e+06,
1.23686e+06,
1.24306e+06,
1.24905e+06,
1.25542e+06,
1.2617e+06,
1.268e+06,
1.27455e+06,
1.28106e+06,
1.28736e+06,
1.29392e+06,
1.30046e+06,
1.30699e+06,
1.31375e+06,
1.32042e+06,
1.32715e+06,
1.33382e+06,
1.34057e+06,
1.34759e+06,
1.35471e+06,
1.36179e+06,
1.36892e+06,
1.37609e+06,
1.38308e+06,
1.39031e+06,
1.39726e+06,
1.40441e+06,
1.41149e+06,
1.41874e+06,
1.42597e+06,
1.43337e+06,
1.44082e+06,
1.44817e+06,
1.45567e+06,
1.46298e+06,
1.47011e+06,
1.47761e+06,
1.48476e+06,
1.49245e+06,
1.50001e+06,
1.50762e+06,
1.51508e+06,
1.52311e+06,
1.53072e+06,
1.53876e+06,
1.54675e+06,
1.55492e+06,
1.5632e+06,
1.5713e+06,
1.57958e+06,
1.58763e+06,
1.59592e+06,
1.60401e+06,
1.6121e+06,
1.6207e+06,
1.62907e+06,
1.6376e+06,
1.64629e+06,
1.65469e+06,
1.66321e+06,
1.67182e+06,
1.68036e+06,
1.6889e+06,
1.6976e+06,
1.70654e+06,
1.71517e+06,
1.72416e+06,
1.73339e+06,
1.74248e+06,
1.75169e+06,
1.76065e+06,
1.76962e+06,
1.77877e+06,
1.78784e+06,
1.79703e+06,
1.80633e+06,
1.81584e+06,
1.82525e+06,
1.83502e+06,
1.84489e+06,
1.85453e+06,
1.86437e+06,
1.87408e+06,
1.88386e+06,
1.89371e+06,
1.90339e+06,
1.91323e+06,
1.92318e+06,
1.93324e+06,
1.94342e+06,
1.95373e+06,
1.96405e+06,
1.97434e+06,
1.98468e+06,
1.99513e+06,
2.00516e+06,
2.01541e+06,
2.02599e+06,
2.03652e+06,
2.04738e+06,
2.058e+06,
2.06909e+06,
2.08008e+06,
2.09122e+06,
2.10184e+06,
2.11248e+06,
2.12361e+06,
2.13494e+06,
2.1463e+06,
2.15781e+06,
2.16924e+06,
2.18104e+06,
2.19296e+06,
2.20469e+06,
2.21647e+06,
2.22821e+06,
2.23992e+06,
2.2517e+06,
2.26403e+06,
2.27613e+06,
2.28826e+06,
2.30059e+06,
2.31321e+06,
2.32565e+06,
2.33828e+06,
2.35069e+06,
2.36298e+06,
2.37571e+06,
2.38852e+06,
2.4014e+06,
2.41422e+06,
2.42729e+06,
2.44054e+06,
2.45401e+06,
2.46712e+06,
2.48031e+06,
2.49369e+06,
2.5073e+06,
2.52113e+06,
2.53513e+06,
2.54895e+06,
2.56329e+06,
2.57767e+06,
2.59213e+06,
2.60646e+06,
2.62066e+06,
2.6352e+06,
2.64971e+06,
2.66463e+06,
2.67946e+06,
2.69461e+06,
2.70998e+06,
2.72559e+06,
2.74079e+06,
2.7561e+06,
2.77111e+06,
2.78629e+06,
2.80199e+06,
2.81773e+06,
2.83354e+06,
2.84959e+06,
2.86602e+06,
2.88239e+06,
2.89818e+06,
2.91453e+06,
2.93089e+06,
2.94797e+06,
2.96514e+06,
2.98262e+06,
3.00053e+06,
3.01818e+06,
3.03605e+06,
3.05364e+06,
3.07165e+06,
3.08952e+06,
3.10733e+06,
3.12608e+06,
3.14484e+06,
3.16391e+06,
3.1831e+06,
3.20169e+06,
3.22067e+06,
3.23959e+06,
3.25881e+06,
3.27833e+06,
3.29813e+06,
3.31832e+06,
3.33821e+06,
3.35871e+06,
3.37871e+06,
3.39906e+06,
3.41975e+06,
3.44087e+06,
3.46295e+06,
3.48479e+06,
3.50636e+06,
3.5279e+06,
3.54978e+06,
3.572e+06,
3.59494e+06,
3.61812e+06,
3.64186e+06,
3.66478e+06,
3.68822e+06,
3.71148e+06,
3.73517e+06,
3.75902e+06,
3.78372e+06,
3.80925e+06,
3.83403e+06,
3.85878e+06,
3.88411e+06,
3.90956e+06,
3.93513e+06,
3.96207e+06,
3.98891e+06,
4.01523e+06,
4.04203e+06,
4.06934e+06,
4.09639e+06,
4.12366e+06,
4.15343e+06,
4.18248e+06,
4.21152e+06,
4.24029e+06,
4.26943e+06,
4.29873e+06,
4.32979e+06,
4.36063e+06,
4.3915e+06,
4.42237e+06,
4.45394e+06,
4.48489e+06,
4.51727e+06,
4.55067e+06,
4.58275e+06,
4.61572e+06,
4.6482e+06,
4.68148e+06,
4.71603e+06,
4.75143e+06,
4.78683e+06,
4.82173e+06,
4.85704e+06,
4.89212e+06,
4.92874e+06,
4.9664e+06,
5.00415e+06,
5.04193e+06,
5.07996e+06,
5.11841e+06,
5.1596e+06,
5.20049e+06,
5.24118e+06,
5.28202e+06,
5.3223e+06,
5.36471e+06,
5.41046e+06,
5.46981e+06,
5.54511e+06,
5.62094e+06,
5.69841e+06,
5.7798e+06,
5.86315e+06,
5.94691e+06,
6.03206e+06,
6.12032e+06,
6.21435e+06,
6.32824e+06,
6.44946e+06,
6.55025e+06,
6.64581e+06,
6.73744e+06,
6.8267e+06,
6.91325e+06,
6.99707e+06,
7.08002e+06,
7.16333e+06,
7.25067e+06,
7.34047e+06,
7.42953e+06,
7.51371e+06,
7.59485e+06,
7.67626e+06,
7.75747e+06,
7.83556e+06,
7.91296e+06,
7.99369e+06,
8.07597e+06,
8.15886e+06,
8.24477e+06,
8.32738e+06,
8.40641e+06,
8.48475e+06,
8.56235e+06,
8.63796e+06,
8.71401e+06,
8.79625e+06,
8.87723e+06,
8.95822e+06,
9.04004e+06,
9.12406e+06,
9.20509e+06,
9.2838e+06,
9.36109e+06,
9.43796e+06,
9.51918e+06,
9.60182e+06,
9.68405e+06,
9.76612e+06,
9.84825e+06,
9.93181e+06,
1.00173e+07,
1.00982e+07,
1.01782e+07,
1.02576e+07,
1.03418e+07,
1.04245e+07,
1.05071e+07,
1.05893e+07,
1.06706e+07,
1.07528e+07,
1.08367e+07,
1.09208e+07,
1.10005e+07,
1.1082e+07,
1.11637e+07,
1.12465e+07,
1.13277e+07,
1.14079e+07,
1.149e+07,
1.15716e+07,
1.16538e+07,
1.17379e+07,
1.18273e+07,
1.19136e+07,
1.19992e+07,
1.20825e+07,
1.21656e+07,
1.22496e+07,
1.23322e+07,
1.24156e+07,
1.24985e+07,
1.25854e+07,
1.2676e+07,
1.27648e+07,
1.28512e+07,
1.29371e+07,
1.30213e+07,
1.31045e+07,
1.31885e+07,
1.32714e+07,
1.3357e+07,
1.34438e+07,
1.35329e+07,
1.36232e+07,
1.37114e+07,
1.37978e+07,
1.38832e+07,
1.39675e+07,
1.40519e+07,
1.41373e+07,
1.42253e+07,
1.43128e+07,
1.44002e+07,
1.44887e+07,
1.45788e+07,
1.46672e+07,
1.47526e+07,
1.48376e+07,
1.49237e+07,
1.50108e+07,
1.50989e+07,
1.51862e+07,
1.52729e+07,
1.53597e+07,
1.54475e+07,
1.55355e+07,
1.56226e+07,
1.57079e+07,
1.57955e+07,
1.58828e+07,
1.59705e+07,
1.60584e+07,
1.61442e+07,
1.62307e+07,
1.63181e+07,
1.64052e+07,
1.64941e+07,
1.65857e+07,
1.66762e+07,
1.67657e+07,
1.68554e+07,
1.6944e+07,
1.70327e+07,
1.71205e+07,
1.72092e+07,
1.7298e+07,
1.73903e+07,
1.74834e+07,
1.75747e+07,
1.76656e+07,
1.77559e+07,
1.7845e+07,
1.79346e+07,
1.80244e+07,
1.81137e+07,
1.82044e+07,
1.82975e+07,
1.8395e+07,
1.84935e+07,
1.85872e+07,
1.86791e+07,
1.87699e+07,
1.88603e+07,
1.89506e+07,
1.90406e+07,
1.91328e+07,
1.92246e+07,
1.93166e+07,
1.94102e+07,
1.95035e+07,
1.95939e+07,
375246,
375475,
375766,
376050,
376330,
376736,
377124,
377498,
377849,
378191,
378519,
378819,
379202,
379536,
379875,
380293,
380687,
380962,
381348,
381671,
381952,
382266,
382620,
383028,
383391,
383848,
384235,
384657,
384986,
385377,
385712,
386029,
386420,
386787,
387156,
387551,
387982,
388433,
388823,
389240,
389658,
390041,
390507,
390867,
391283,
391694,
392172,
392675,
393064,
393600,
394109,
394584,
395078,
395615,
396126,
396721,
397354,
397995,
398691,
399257,
399945,
400571,
401188,
401845,
402430,
403068,
403723,
404443,
405102,
405742,
406460,
407164,
407860,
408603,
409314,
410004,
410745,
411525,
412263,
413024,
413728,
414506,
415252,
415983,
416773,
417522,
418250,
418958,
419821,
420636,
421388,
422149,
422935,
423704,
424485,
425270,
426083,
426972,
427842,
428691,
429548,
430400,
431208,
432151,
433185,
434265,
435353,
436329,
437377,
438459,
439536,
440512,
441514,
442481,
443608,
444680,
445810,
446880,
448027,
449104,
450349,
451430,
452424,
453510,
454654,
455758,
456908,
457997,
459230,
460387,
461528,
462712,
463889,
465152,
466453,
467796,
469051,
470317,
471584,
472884,
474188,
475410,
476528,
477750,
478995,
480250,
481604,
482872,
484187,
485465,
486827,
488083,
489311,
490680,
492018,
493306,
494661,
495990,
497287,
498593,
500012,
501363,
502697,
503993,
505291,
506716,
508192,
509563,
510940,
512372,
513885,
515229,
516691,
518282,
519832,
521432,
522976,
524450,
525984,
527532,
529047,
530566,
532022,
533530,
535124,
536650,
538400,
540007,
541543,
543048,
544647,
546181,
547751,
549317,
550908,
552524,
554187,
555967,
557674,
559371,
561039,
562718,
564400,
566024,
567750,
569467,
571216,
572935,
574646,
576385,
578206,
579964,
581610,
583401,
585176,
586850,
588650,
590434,
592335,
594211,
596151,
598074,
599892,
601655,
603560,
605406,
607333,
609287,
611178,
613171,
615118,
616992,
618952,
620961,
622895,
624761,
626875,
628840,
630920,
633027,
635077,
637264,
639238,
641267,
643380,
645516,
647642,
649769,
651874,
654065,
656240,
658725,
661978,
665321,
668618,
672076,
675314,
678535,
681945,
685518,
688944,
692357,
695634,
698922,
702425,
706036,
709552,
713059,
716570,
720004,
723563,
727120,
730887,
734561,
738294,
742011,
745573,
749360,
753068,
756878,
760580,
764238,
768080,
772140,
776112,
780227,
784343,
788656,
792705,
796810,
800854,
805022,
809213,
813428,
817635,
821996,
826464,
830778,
835210,
839506,
843743,
848098,
852346,
856552,
860798,
865338,
869791,
874180,
878673,
883078,
887295,
891720,
896326,
900837,
905409,
910278,
915299,
920221,
924969,
929787,
934646,
939505,
944188,
948958,
953940,
958884,
963897,
968854,
973930,
979091,
984295,
989380,
994295,
999364,
1.00438e+06,
1.00945e+06,
1.01444e+06,
1.01967e+06,
1.02496e+06,
1.0301e+06,
1.03548e+06,
1.04083e+06,
1.04605e+06,
1.05141e+06,
1.05682e+06,
1.06199e+06,
1.06736e+06,
1.07262e+06,
1.07833e+06,
1.08388e+06,
1.0894e+06,
1.09515e+06,
1.10072e+06,
1.10655e+06,
1.11238e+06,
1.1182e+06,
1.124e+06,
1.12981e+06,
1.13557e+06,
1.1412e+06,
1.14695e+06,
1.15273e+06,
1.15847e+06,
1.16443e+06,
1.17066e+06,
1.1767e+06,
1.18279e+06,
1.18896e+06,
1.19495e+06,
1.20085e+06,
1.20688e+06,
1.21303e+06,
1.21919e+06,
1.22527e+06,
1.23147e+06,
1.23791e+06,
1.24413e+06,
1.25082e+06,
1.25714e+06,
1.26366e+06,
1.27033e+06,
1.27685e+06,
1.28338e+06,
1.28986e+06,
1.29669e+06,
1.30356e+06,
1.31035e+06,
1.31723e+06,
1.32404e+06,
1.33111e+06,
1.33804e+06,
1.34497e+06,
1.35168e+06,
1.35857e+06,
1.36538e+06,
1.3723e+06,
1.37928e+06,
1.38635e+06,
1.39351e+06,
1.40067e+06,
1.40806e+06,
1.4154e+06,
1.42257e+06,
1.42995e+06,
1.43713e+06,
1.44448e+06,
1.452e+06,
1.45918e+06,
1.46647e+06,
1.47386e+06,
1.48155e+06,
1.4894e+06,
1.49722e+06,
1.50533e+06,
1.51353e+06,
1.52137e+06,
1.5294e+06,
1.53757e+06,
1.54545e+06,
1.55338e+06,
1.56153e+06,
1.56972e+06,
1.57771e+06,
1.58588e+06,
1.59406e+06,
1.60241e+06,
1.61111e+06,
1.6196e+06,
1.62812e+06,
1.63658e+06,
1.64503e+06,
1.65367e+06,
1.66213e+06,
1.67075e+06,
1.67943e+06,
1.68821e+06,
1.69696e+06,
1.70626e+06,
1.71525e+06,
1.72446e+06,
1.7335e+06,
1.74261e+06,
1.75184e+06,
1.76106e+06,
1.77023e+06,
1.77943e+06,
1.78895e+06,
1.79839e+06,
1.80816e+06,
1.81804e+06,
1.82775e+06,
1.83734e+06,
1.84689e+06,
1.85656e+06,
1.86641e+06,
1.87616e+06,
1.88616e+06,
1.8961e+06,
1.90615e+06,
1.91633e+06,
1.92644e+06,
1.9366e+06,
1.94673e+06,
1.95712e+06,
1.96733e+06,
1.97746e+06,
1.98801e+06,
1.99868e+06,
2.00923e+06,
2.01957e+06,
2.03018e+06,
2.04106e+06,
2.0523e+06,
2.06336e+06,
2.07445e+06,
2.08572e+06,
2.09697e+06,
2.10828e+06,
2.11983e+06,
2.13141e+06,
2.14285e+06,
2.15434e+06,
2.16588e+06,
2.17768e+06,
2.18951e+06,
2.20128e+06,
2.21318e+06,
2.22495e+06,
2.23691e+06,
2.24887e+06,
2.26114e+06,
2.27322e+06,
2.28525e+06,
2.29779e+06,
2.31021e+06,
2.32267e+06,
2.33511e+06,
2.34749e+06,
2.36013e+06,
2.37306e+06,
2.38615e+06,
2.39917e+06,
2.41224e+06,
2.42572e+06,
2.43919e+06,
2.45284e+06,
2.46663e+06,
2.48029e+06,
2.49402e+06,
2.50811e+06,
2.52202e+06,
2.53578e+06,
2.5496e+06,
2.56405e+06,
2.57856e+06,
2.5931e+06,
2.60745e+06,
2.62205e+06,
2.63681e+06,
2.65152e+06,
2.66603e+06,
2.68097e+06,
2.69605e+06,
2.71143e+06,
2.72679e+06,
2.74211e+06,
2.75727e+06,
2.77291e+06,
2.78858e+06,
2.80411e+06,
2.82037e+06,
2.83693e+06,
2.85345e+06,
2.87e+06,
2.88662e+06,
2.90315e+06,
2.91995e+06,
2.93711e+06,
2.95444e+06,
2.97192e+06,
2.98979e+06,
3.00787e+06,
3.02509e+06,
3.04268e+06,
3.06038e+06,
3.07869e+06,
3.09689e+06,
3.11519e+06,
3.13402e+06,
3.15334e+06,
3.17202e+06,
3.19085e+06,
3.20955e+06,
3.22873e+06,
3.24813e+06,
3.26787e+06,
3.28801e+06,
3.30857e+06,
3.32898e+06,
3.34937e+06,
3.36988e+06,
3.3909e+06,
3.41173e+06,
3.43295e+06,
3.45483e+06,
3.47729e+06,
3.49916e+06,
3.52107e+06,
3.5431e+06,
3.56563e+06,
3.58844e+06,
3.6113e+06,
3.63502e+06,
3.65871e+06,
3.68208e+06,
3.70598e+06,
3.73025e+06,
3.75492e+06,
3.77971e+06,
3.80573e+06,
3.83093e+06,
3.85649e+06,
3.88192e+06,
3.90749e+06,
3.93354e+06,
3.96006e+06,
3.98781e+06,
4.01559e+06,
4.04315e+06,
4.07105e+06,
4.09919e+06,
4.12698e+06,
4.15643e+06,
4.18599e+06,
4.21565e+06,
4.2453e+06,
4.27487e+06,
4.30469e+06,
4.33578e+06,
4.36816e+06,
4.39951e+06,
4.43144e+06,
4.46294e+06,
4.49487e+06,
4.52752e+06,
4.56194e+06,
4.59541e+06,
4.62939e+06,
4.66338e+06,
4.69771e+06,
4.73254e+06,
4.76908e+06,
4.80437e+06,
4.84056e+06,
4.87711e+06,
4.9138e+06,
4.95259e+06,
4.99174e+06,
5.03061e+06,
5.06976e+06,
5.10863e+06,
5.14824e+06,
5.19069e+06,
5.232e+06,
5.27408e+06,
5.31628e+06,
5.35938e+06,
5.40463e+06,
5.451e+06,
5.49705e+06,
5.55389e+06,
5.63381e+06,
5.71502e+06,
5.80191e+06,
5.88967e+06,
5.97875e+06,
6.07171e+06,
6.16883e+06,
6.28171e+06,
6.40691e+06,
6.5139e+06,
6.6165e+06,
6.71497e+06,
6.8085e+06,
6.90113e+06,
6.99087e+06,
7.0797e+06,
7.16626e+06,
7.253e+06,
7.34025e+06,
7.43428e+06,
7.52282e+06,
7.60903e+06,
7.69457e+06,
7.77878e+06,
7.86283e+06,
7.94397e+06,
8.02586e+06,
8.10772e+06,
8.19046e+06,
8.27983e+06,
8.3672e+06,
8.45036e+06,
8.53201e+06,
8.61418e+06,
8.69387e+06,
8.77299e+06,
8.85202e+06,
8.93081e+06,
9.0127e+06,
9.09898e+06,
9.18744e+06,
9.27162e+06,
9.35453e+06,
9.43557e+06,
9.51706e+06,
9.59772e+06,
9.67673e+06,
9.75687e+06,
9.84339e+06,
9.93027e+06,
1.00198e+07,
1.01081e+07,
1.01921e+07,
1.02759e+07,
1.03582e+07,
1.044e+07,
1.05217e+07,
1.06063e+07,
1.06939e+07,
1.07798e+07,
1.0867e+07,
1.0955e+07,
1.10426e+07,
1.11259e+07,
1.12082e+07,
1.12887e+07,
1.13731e+07,
1.14605e+07,
1.15464e+07,
1.16308e+07,
1.17148e+07,
1.17973e+07,
1.18828e+07,
1.19676e+07,
1.20492e+07,
1.21317e+07,
1.22194e+07,
1.23071e+07,
1.23948e+07,
1.24824e+07,
1.25694e+07,
1.26555e+07,
1.27436e+07,
1.28326e+07,
1.29195e+07,
1.30096e+07,
1.30991e+07,
1.31882e+07,
1.32755e+07,
1.33621e+07,
1.3449e+07,
1.35351e+07,
1.36211e+07,
1.37108e+07,
1.38052e+07,
1.38952e+07,
1.39841e+07,
1.4072e+07,
1.416e+07,
1.42479e+07,
1.43346e+07,
1.44218e+07,
1.45095e+07,
1.46022e+07,
1.46963e+07,
1.47884e+07,
1.48784e+07,
1.49675e+07,
1.50543e+07,
1.5142e+07,
1.5229e+07,
1.53154e+07,
1.54061e+07,
1.54974e+07,
1.55895e+07,
1.56819e+07,
1.57713e+07,
1.58605e+07,
1.59482e+07,
1.60342e+07,
1.6121e+07,
1.6212e+07,
1.63022e+07,
1.63921e+07,
1.64824e+07,
1.65737e+07,
1.66661e+07,
1.67546e+07,
1.68424e+07,
1.69301e+07,
1.70185e+07,
1.71094e+07,
1.72017e+07,
1.72931e+07,
1.73854e+07,
1.74789e+07,
1.75733e+07,
1.7668e+07,
1.7759e+07,
1.78511e+07,
1.7944e+07,
1.80365e+07,
1.81293e+07,
1.82223e+07,
1.83144e+07,
1.84065e+07,
1.84992e+07,
1.85941e+07,
1.86899e+07,
1.87865e+07,
1.88852e+07,
1.8982e+07,
1.90771e+07,
1.91714e+07,
1.92654e+07,
1.93585e+07,
1.94515e+07,
1.95449e+07,
1.96418e+07,
1.97373e+07,
1.98323e+07,
1.99276e+07,
2.00207e+07,
2.01128e+07,
2.02052e+07,
2.02971e+07,
2.03877e+07,
2.04793e+07,
2.05736e+07,
375246,
375474,
375760,
376035,
376319,
376739,
377099,
377473,
377833,
378199,
378487,
378807,
379192,
379506,
379833,
380250,
380655,
380957,
381292,
381642,
381964,
382228,
382638,
383022,
383426,
383755,
384217,
384625,
384955,
385326,
385636,
385998,
386388,
386708,
387100,
387518,
387939,
388352,
388759,
389146,
389542,
389933,
390358,
390824,
391194,
391698,
392098,
392586,
393033,
393503,
394041,
394505,
395057,
395569,
396047,
396652,
397317,
397973,
398548,
399132,
399789,
400439,
401072,
401692,
402298,
402863,
403555,
404269,
404907,
405568,
406228,
406939,
407632,
408340,
408983,
409702,
410391,
411117,
411934,
412534,
413302,
414008,
414714,
415500,
416204,
416973,
417802,
418580,
419354,
420100,
420906,
421636,
422481,
423282,
424042,
424820,
425684,
426544,
427374,
428217,
429231,
430276,
431268,
432278,
433289,
434284,
435347,
436291,
437483,
438488,
439489,
440509,
441518,
442486,
443513,
444640,
445721,
446778,
447923,
448996,
450094,
451199,
452261,
453437,
454461,
455572,
456742,
457885,
459085,
460273,
461504,
462679,
463757,
464938,
466172,
467406,
468714,
470017,
471317,
472541,
473766,
475093,
476285,
477580,
478865,
480108,
481367,
482610,
483818,
485123,
486448,
487834,
489012,
490304,
491610,
492941,
494333,
495751,
497074,
498521,
499785,
501089,
502384,
503700,
505035,
506482,
507837,
509209,
510546,
512010,
513400,
514888,
516133,
517518,
518979,
520572,
522146,
523706,
525241,
526837,
528422,
529971,
531455,
532927,
534465,
535932,
537497,
539135,
540710,
542462,
544022,
545540,
546978,
548586,
550142,
551820,
553347,
555026,
556699,
558415,
560150,
561864,
563457,
565177,
566767,
568412,
570124,
571738,
573485,
575183,
576921,
578607,
580318,
582061,
583878,
585715,
587516,
589415,
591184,
592998,
594791,
596562,
598281,
600176,
602014,
603914,
605905,
607869,
609880,
611745,
613767,
615695,
617511,
619409,
621401,
623376,
625468,
627462,
629530,
631579,
633557,
635509,
637554,
640023,
643216,
646371,
649718,
652998,
656229,
659424,
662772,
666189,
669673,
672936,
676222,
679433,
682768,
686210,
689679,
693152,
696539,
699777,
703142,
706714,
710207,
713720,
717278,
720776,
724318,
727846,
731514,
735220,
738871,
742454,
746235,
750017,
753990,
757922,
761909,
765957,
770056,
774157,
778173,
782237,
786351,
790435,
794569,
798768,
802999,
807107,
811284,
815510,
819622,
823869,
828070,
832258,
836537,
840842,
845190,
849759,
854051,
858225,
862708,
866976,
871322,
875813,
880561,
885330,
889905,
894695,
899558,
904294,
909103,
913840,
918675,
923663,
928419,
933168,
937889,
942829,
947721,
952739,
957729,
962510,
967542,
972487,
977625,
982710,
987844,
992898,
997991,
1.00306e+06,
1.00834e+06,
1.0137e+06,
1.01904e+06,
1.02445e+06,
1.02987e+06,
1.03532e+06,
1.04063e+06,
1.04588e+06,
1.05142e+06,
1.05679e+06,
1.06212e+06,
1.0676e+06,
1.07322e+06,
1.07885e+06,
1.08463e+06,
1.09047e+06,
1.09616e+06,
1.10184e+06,
1.10762e+06,
1.11327e+06,
1.11878e+06,
1.12455e+06,
1.13028e+06,
1.13606e+06,
1.14177e+06,
1.14779e+06,
1.15381e+06,
1.15985e+06,
1.16581e+06,
1.17159e+06,
1.17749e+06,
1.18344e+06,
1.1893e+06,
1.19537e+06,
1.20157e+06,
1.20772e+06,
1.21406e+06,
1.22066e+06,
1.22743e+06,
1.2341e+06,
1.24069e+06,
1.24732e+06,
1.25397e+06,
1.26048e+06,
1.26691e+06,
1.27347e+06,
1.28005e+06,
1.28678e+06,
1.29346e+06,
1.30012e+06,
1.30664e+06,
1.3135e+06,
1.32052e+06,
1.32742e+06,
1.33432e+06,
1.34144e+06,
1.34832e+06,
1.35515e+06,
1.36192e+06,
1.36868e+06,
1.37545e+06,
1.38264e+06,
1.38993e+06,
1.39727e+06,
1.4044e+06,
1.4117e+06,
1.41878e+06,
1.4264e+06,
1.43378e+06,
1.44144e+06,
1.44903e+06,
1.45662e+06,
1.46403e+06,
1.47182e+06,
1.47979e+06,
1.48786e+06,
1.4959e+06,
1.50374e+06,
1.51151e+06,
1.51937e+06,
1.52722e+06,
1.53516e+06,
1.54323e+06,
1.55143e+06,
1.55966e+06,
1.56783e+06,
1.57633e+06,
1.58469e+06,
1.59314e+06,
1.60153e+06,
1.60987e+06,
1.61824e+06,
1.62671e+06,
1.63505e+06,
1.64346e+06,
1.65194e+06,
1.66053e+06,
1.66935e+06,
1.67849e+06,
1.6879e+06,
1.69711e+06,
1.70633e+06,
1.71557e+06,
1.72493e+06,
1.73424e+06,
1.74367e+06,
1.75284e+06,
1.76223e+06,
1.77155e+06,
1.78101e+06,
1.79042e+06,
1.80018e+06,
1.80973e+06,
1.81935e+06,
1.82896e+06,
1.83875e+06,
1.84826e+06,
1.85808e+06,
1.86782e+06,
1.87786e+06,
1.8879e+06,
1.89775e+06,
1.90783e+06,
1.91824e+06,
1.92857e+06,
1.93862e+06,
1.94866e+06,
1.95914e+06,
1.96962e+06,
1.98029e+06,
1.99095e+06,
2.00184e+06,
2.01248e+06,
2.02348e+06,
2.03457e+06,
2.04555e+06,
2.05665e+06,
2.06781e+06,
2.07895e+06,
2.0901e+06,
2.10146e+06,
2.11288e+06,
2.12431e+06,
2.1359e+06,
2.14746e+06,
2.15925e+06,
2.17086e+06,
2.18252e+06,
2.19442e+06,
2.20632e+06,
2.21838e+06,
2.23051e+06,
2.24258e+06,
2.25476e+06,
2.26688e+06,
2.27919e+06,
2.29193e+06,
2.30444e+06,
2.31713e+06,
2.32981e+06,
2.34298e+06,
2.3559e+06,
2.36895e+06,
2.38204e+06,
2.39517e+06,
2.40857e+06,
2.42228e+06,
2.43593e+06,
2.44953e+06,
2.46307e+06,
2.47664e+06,
2.49041e+06,
2.50391e+06,
2.51778e+06,
2.53208e+06,
2.54659e+06,
2.56096e+06,
2.57541e+06,
2.58964e+06,
2.60428e+06,
2.61885e+06,
2.63339e+06,
2.64807e+06,
2.66312e+06,
2.678e+06,
2.69337e+06,
2.7089e+06,
2.72438e+06,
2.73988e+06,
2.75557e+06,
2.77122e+06,
2.78734e+06,
2.80385e+06,
2.81991e+06,
2.83633e+06,
2.85337e+06,
2.87026e+06,
2.887e+06,
2.90411e+06,
2.92084e+06,
2.93779e+06,
2.95527e+06,
2.97267e+06,
2.99086e+06,
3.00857e+06,
3.02654e+06,
3.04442e+06,
3.06217e+06,
3.08042e+06,
3.09873e+06,
3.11679e+06,
3.1356e+06,
3.15465e+06,
3.17382e+06,
3.19285e+06,
3.21198e+06,
3.23163e+06,
3.25159e+06,
3.27179e+06,
3.29224e+06,
3.31276e+06,
3.33335e+06,
3.35409e+06,
3.37494e+06,
3.39617e+06,
3.41772e+06,
3.4394e+06,
3.46192e+06,
3.48414e+06,
3.50596e+06,
3.52804e+06,
3.55061e+06,
3.57348e+06,
3.59668e+06,
3.6204e+06,
3.64471e+06,
3.66848e+06,
3.69221e+06,
3.71644e+06,
3.74077e+06,
3.76514e+06,
3.79065e+06,
3.81705e+06,
3.84265e+06,
3.86892e+06,
3.89502e+06,
3.92145e+06,
3.94841e+06,
3.97655e+06,
4.0045e+06,
4.03214e+06,
4.06048e+06,
4.08851e+06,
4.11704e+06,
4.1461e+06,
4.17729e+06,
4.2073e+06,
4.23723e+06,
4.26754e+06,
4.29801e+06,
4.32828e+06,
4.36093e+06,
4.39345e+06,
4.42572e+06,
4.45795e+06,
4.4903e+06,
4.52307e+06,
4.55763e+06,
4.59268e+06,
4.62693e+06,
4.66158e+06,
4.6967e+06,
4.73246e+06,
4.77001e+06,
4.8076e+06,
4.84501e+06,
4.88231e+06,
4.92021e+06,
4.95841e+06,
4.99869e+06,
5.03823e+06,
5.07825e+06,
5.11861e+06,
5.15919e+06,
5.20207e+06,
5.24512e+06,
5.28856e+06,
5.33211e+06,
5.37584e+06,
5.42185e+06,
5.46933e+06,
5.5169e+06,
5.56468e+06,
5.61399e+06,
5.69069e+06,
5.78177e+06,
5.87342e+06,
5.96727e+06,
6.06501e+06,
6.16866e+06,
6.28972e+06,
6.42059e+06,
6.52909e+06,
6.62874e+06,
6.7311e+06,
6.83084e+06,
6.9279e+06,
7.02223e+06,
7.11563e+06,
7.20676e+06,
7.29751e+06,
7.3914e+06,
7.48228e+06,
7.56956e+06,
7.66159e+06,
7.75058e+06,
7.83921e+06,
7.92648e+06,
8.01233e+06,
8.09814e+06,
8.18365e+06,
8.27151e+06,
8.36016e+06,
8.44716e+06,
8.5348e+06,
8.62037e+06,
8.70548e+06,
8.78877e+06,
8.87108e+06,
8.95393e+06,
9.03517e+06,
9.11618e+06,
9.20063e+06,
9.29065e+06,
9.37874e+06,
9.46478e+06,
9.54926e+06,
9.6334e+06,
9.71782e+06,
9.80062e+06,
9.88313e+06,
9.96492e+06,
1.00528e+07,
1.0148e+07,
1.02385e+07,
1.03269e+07,
1.04142e+07,
1.05005e+07,
1.05854e+07,
1.06697e+07,
1.07531e+07,
1.08364e+07,
1.09274e+07,
1.1022e+07,
1.1115e+07,
1.1204e+07,
1.12902e+07,
1.13762e+07,
1.14607e+07,
1.15447e+07,
1.16275e+07,
1.17144e+07,
1.18051e+07,
1.18963e+07,
1.19891e+07,
1.20784e+07,
1.21652e+07,
1.22502e+07,
1.23351e+07,
1.2418e+07,
1.25012e+07,
1.25919e+07,
1.26832e+07,
1.27727e+07,
1.2863e+07,
1.29554e+07,
1.30442e+07,
1.31322e+07,
1.32186e+07,
1.33068e+07,
1.34002e+07,
1.34921e+07,
1.35825e+07,
1.36727e+07,
1.37635e+07,
1.38568e+07,
1.3948e+07,
1.40372e+07,
1.41259e+07,
1.42192e+07,
1.43103e+07,
1.44015e+07,
1.44924e+07,
1.45825e+07,
1.46738e+07,
1.47665e+07,
1.48597e+07,
1.49511e+07,
1.50454e+07,
1.51384e+07,
1.52298e+07,
1.53202e+07,
1.5411e+07,
1.55011e+07,
1.55896e+07,
1.56798e+07,
1.57735e+07,
1.58708e+07,
1.59641e+07,
1.60566e+07,
1.61475e+07,
1.62376e+07,
1.63268e+07,
1.64167e+07,
1.65065e+07,
1.65971e+07,
1.66914e+07,
1.67876e+07,
1.68818e+07,
1.69734e+07,
1.70652e+07,
1.71551e+07,
1.72447e+07,
1.73343e+07,
1.7424e+07,
1.75165e+07,
1.76091e+07,
1.77063e+07,
1.78048e+07,
1.79e+07,
1.79946e+07,
1.80887e+07,
1.81816e+07,
1.82749e+07,
1.83706e+07,
1.84659e+07,
1.85618e+07,
1.86581e+07,
1.8756e+07,
1.88544e+07,
1.89493e+07,
1.90438e+07,
1.91391e+07,
1.92365e+07,
1.93371e+07,
1.94381e+07,
1.95372e+07,
1.96346e+07,
1.97328e+07,
1.98315e+07,
1.99286e+07,
2.00241e+07,
2.01201e+07,
2.02173e+07,
2.03138e+07,
2.04108e+07,
2.05064e+07,
2.06018e+07,
2.06974e+07,
2.07928e+07,
2.08889e+07,
2.09848e+07,
2.10807e+07,
2.11764e+07,
2.12721e+07,
2.13681e+07,
2.14635e+07,
2.15588e+07,
375246,
375466,
375765,
376046,
376331,
376737,
377100,
377491,
377827,
378147,
378486,
378794,
379219,
379516,
379790,
380245,
380647,
380988,
381302,
381633,
381928,
382263,
382636,
383022,
383380,
383801,
384204,
384597,
384944,
385283,
385627,
386002,
386375,
386678,
387073,
387445,
387832,
388312,
388682,
389101,
389528,
389945,
390350,
390760,
391175,
391615,
392052,
392497,
392962,
393466,
393914,
394398,
394919,
395440,
395947,
396544,
397242,
397874,
398448,
399061,
399666,
400229,
400865,
401462,
402098,
402675,
403383,
404001,
404606,
405287,
405983,
406561,
407233,
407931,
408545,
409281,
410001,
410734,
411417,
412121,
412831,
413563,
414308,
415125,
415912,
416643,
417348,
418084,
418843,
419582,
420404,
421159,
421981,
422823,
423638,
424453,
425375,
426386,
427369,
428272,
429244,
430168,
431202,
432160,
433138,
434224,
435251,
436260,
437343,
438350,
439350,
440368,
441345,
442288,
443347,
444489,
445632,
446689,
447779,
448832,
449939,
450980,
451999,
453094,
454226,
455306,
456499,
457768,
458849,
459987,
461155,
462253,
463307,
464506,
465645,
467002,
468197,
469452,
470736,
471984,
473293,
474530,
475722,
476988,
478235,
479453,
480717,
482117,
483436,
484740,
486042,
487323,
488531,
489808,
491114,
492454,
493766,
495217,
496540,
497821,
499149,
500521,
501795,
503155,
504579,
505954,
507281,
508680,
510075,
511449,
512874,
514232,
515532,
516928,
518317,
519837,
521207,
522617,
524128,
525733,
527312,
528951,
530546,
532069,
533618,
535185,
536722,
538276,
539834,
541387,
542840,
544454,
546018,
547606,
549166,
550792,
552404,
554074,
555666,
557253,
558839,
560415,
561930,
563522,
565204,
566858,
568537,
570254,
572069,
573753,
575483,
577159,
578860,
580621,
582381,
584120,
585843,
587602,
589370,
591120,
592963,
594764,
596578,
598473,
600308,
602135,
604009,
605927,
607976,
609899,
611862,
613855,
615679,
617641,
619679,
621750,
624369,
627599,
630901,
633965,
637240,
640371,
643435,
646627,
649847,
653257,
656616,
659891,
663134,
666356,
669702,
673106,
676406,
679679,
683088,
686611,
689977,
693338,
696800,
700303,
703542,
707009,
710345,
713907,
717576,
721224,
724837,
728647,
732428,
736311,
740080,
743896,
747916,
751869,
755906,
759913,
763794,
767590,
771694,
775625,
779587,
783643,
787879,
791997,
796019,
800124,
804214,
808430,
812575,
816734,
820847,
825062,
829390,
833710,
837911,
842298,
846557,
851004,
855525,
860123,
864790,
869335,
873978,
878688,
883436,
888388,
893252,
897876,
902628,
907225,
911914,
916778,
921540,
926311,
931288,
936142,
941108,
946135,
951241,
956306,
961290,
966244,
971028,
976201,
981028,
986305,
991322,
996570,
1.00207e+06,
1.0076e+06,
1.01304e+06,
1.01828e+06,
1.02383e+06,
1.02919e+06,
1.03471e+06,
1.04018e+06,
1.04577e+06,
1.05123e+06,
1.05665e+06,
1.06247e+06,
1.06802e+06,
1.07362e+06,
1.07918e+06,
1.08482e+06,
1.09044e+06,
1.09612e+06,
1.1019e+06,
1.10758e+06,
1.1131e+06,
1.11889e+06,
1.12479e+06,
1.13078e+06,
1.13658e+06,
1.14249e+06,
1.1483e+06,
1.15426e+06,
1.16007e+06,
1.16619e+06,
1.17239e+06,
1.17851e+06,
1.18463e+06,
1.19091e+06,
1.19715e+06,
1.20364e+06,
1.20998e+06,
1.21645e+06,
1.2228e+06,
1.22937e+06,
1.23584e+06,
1.24235e+06,
1.24887e+06,
1.25558e+06,
1.26238e+06,
1.26894e+06,
1.27561e+06,
1.28264e+06,
1.28938e+06,
1.29634e+06,
1.3031e+06,
1.31003e+06,
1.31691e+06,
1.32358e+06,
1.33029e+06,
1.33697e+06,
1.3438e+06,
1.35072e+06,
1.35758e+06,
1.36457e+06,
1.37165e+06,
1.37908e+06,
1.38659e+06,
1.39382e+06,
1.40132e+06,
1.40863e+06,
1.41607e+06,
1.42348e+06,
1.43099e+06,
1.43849e+06,
1.44614e+06,
1.45392e+06,
1.46168e+06,
1.46961e+06,
1.47752e+06,
1.48529e+06,
1.49327e+06,
1.50114e+06,
1.50917e+06,
1.51716e+06,
1.52512e+06,
1.53323e+06,
1.54142e+06,
1.5494e+06,
1.55768e+06,
1.56606e+06,
1.57425e+06,
1.58271e+06,
1.59101e+06,
1.59951e+06,
1.60783e+06,
1.61619e+06,
1.62499e+06,
1.63411e+06,
1.64281e+06,
1.65166e+06,
1.66075e+06,
1.67e+06,
1.67912e+06,
1.68819e+06,
1.69742e+06,
1.70647e+06,
1.7155e+06,
1.72464e+06,
1.73383e+06,
1.74315e+06,
1.7525e+06,
1.76198e+06,
1.77132e+06,
1.78107e+06,
1.7907e+06,
1.80038e+06,
1.81007e+06,
1.81961e+06,
1.82894e+06,
1.83877e+06,
1.84857e+06,
1.85832e+06,
1.86798e+06,
1.87804e+06,
1.88799e+06,
1.89828e+06,
1.90875e+06,
1.9191e+06,
1.9294e+06,
1.93963e+06,
1.95015e+06,
1.96072e+06,
1.9714e+06,
1.98227e+06,
1.99308e+06,
2.00394e+06,
2.01493e+06,
2.02592e+06,
2.03677e+06,
2.04779e+06,
2.0588e+06,
2.07011e+06,
2.08125e+06,
2.0925e+06,
2.10402e+06,
2.11546e+06,
2.12709e+06,
2.13868e+06,
2.15031e+06,
2.16225e+06,
2.17399e+06,
2.18547e+06,
2.1973e+06,
2.20909e+06,
2.22115e+06,
2.2331e+06,
2.24567e+06,
2.25801e+06,
2.27086e+06,
2.28369e+06,
2.2964e+06,
2.30904e+06,
2.32202e+06,
2.33491e+06,
2.34807e+06,
2.36105e+06,
2.37454e+06,
2.38759e+06,
2.40103e+06,
2.41494e+06,
2.42831e+06,
2.44177e+06,
2.45541e+06,
2.46914e+06,
2.48302e+06,
2.49693e+06,
2.51082e+06,
2.52486e+06,
2.53876e+06,
2.55349e+06,
2.56794e+06,
2.58243e+06,
2.59719e+06,
2.6116e+06,
2.62634e+06,
2.64127e+06,
2.65642e+06,
2.67144e+06,
2.68743e+06,
2.70303e+06,
2.71881e+06,
2.73456e+06,
2.75054e+06,
2.7667e+06,
2.78271e+06,
2.79887e+06,
2.81506e+06,
2.83184e+06,
2.84866e+06,
2.86526e+06,
2.88205e+06,
2.899e+06,
2.91591e+06,
2.9333e+06,
2.95043e+06,
2.9678e+06,
2.98575e+06,
3.00352e+06,
3.02138e+06,
3.03941e+06,
3.05752e+06,
3.07571e+06,
3.09409e+06,
3.11276e+06,
3.13185e+06,
3.15169e+06,
3.17106e+06,
3.19047e+06,
3.20993e+06,
3.22973e+06,
3.24972e+06,
3.26983e+06,
3.29045e+06,
3.31171e+06,
3.33253e+06,
3.35313e+06,
3.37403e+06,
3.39506e+06,
3.41663e+06,
3.43842e+06,
3.46036e+06,
3.483e+06,
3.50552e+06,
3.52773e+06,
3.55046e+06,
3.57372e+06,
3.59737e+06,
3.62111e+06,
3.64532e+06,
3.66931e+06,
3.69361e+06,
3.71819e+06,
3.74266e+06,
3.76798e+06,
3.79397e+06,
3.82105e+06,
3.8471e+06,
3.87384e+06,
3.90027e+06,
3.92666e+06,
3.95401e+06,
3.98196e+06,
4.01115e+06,
4.03962e+06,
4.068e+06,
4.09626e+06,
4.12522e+06,
4.15461e+06,
4.1855e+06,
4.21631e+06,
4.24683e+06,
4.27731e+06,
4.30811e+06,
4.33978e+06,
4.37253e+06,
4.40595e+06,
4.43906e+06,
4.47174e+06,
4.50487e+06,
4.53847e+06,
4.57385e+06,
4.60984e+06,
4.64528e+06,
4.68101e+06,
4.71702e+06,
4.75337e+06,
4.79176e+06,
4.83007e+06,
4.86819e+06,
4.90655e+06,
4.94561e+06,
4.98512e+06,
5.02672e+06,
5.06787e+06,
5.10952e+06,
5.15121e+06,
5.19312e+06,
5.23731e+06,
5.28165e+06,
5.32621e+06,
5.37148e+06,
5.41703e+06,
5.46555e+06,
5.51438e+06,
5.56359e+06,
5.61419e+06,
5.66533e+06,
5.72097e+06,
5.81041e+06,
5.90686e+06,
6.00616e+06,
6.11093e+06,
6.23006e+06,
6.3704e+06,
6.49058e+06,
6.59726e+06,
6.69947e+06,
6.79661e+06,
6.89927e+06,
6.99901e+06,
7.09783e+06,
7.19502e+06,
7.29138e+06,
7.39083e+06,
7.48858e+06,
7.58081e+06,
7.67015e+06,
7.75824e+06,
7.8507e+06,
7.94263e+06,
8.03419e+06,
8.12408e+06,
8.21439e+06,
8.30655e+06,
8.40063e+06,
8.49006e+06,
8.57662e+06,
8.66323e+06,
8.75087e+06,
8.83871e+06,
8.92459e+06,
9.01194e+06,
9.09786e+06,
9.18354e+06,
9.27174e+06,
9.35926e+06,
9.44318e+06,
9.53032e+06,
9.61845e+06,
9.70538e+06,
9.7935e+06,
9.8808e+06,
9.96738e+06,
1.00547e+07,
1.01442e+07,
1.02346e+07,
1.03227e+07,
1.04148e+07,
1.05059e+07,
1.05964e+07,
1.06857e+07,
1.07754e+07,
1.0864e+07,
1.09515e+07,
1.10395e+07,
1.11305e+07,
1.12248e+07,
1.1319e+07,
1.14101e+07,
1.15007e+07,
1.15901e+07,
1.16774e+07,
1.17648e+07,
1.18512e+07,
1.19375e+07,
1.20275e+07,
1.21268e+07,
1.22224e+07,
1.23154e+07,
1.24052e+07,
1.24935e+07,
1.2582e+07,
1.267e+07,
1.27565e+07,
1.2842e+07,
1.29383e+07,
1.30373e+07,
1.31329e+07,
1.32227e+07,
1.33121e+07,
1.34013e+07,
1.34883e+07,
1.35755e+07,
1.36624e+07,
1.37568e+07,
1.38535e+07,
1.39515e+07,
1.40511e+07,
1.41451e+07,
1.42378e+07,
1.43286e+07,
1.44179e+07,
1.45058e+07,
1.46019e+07,
1.46978e+07,
1.47923e+07,
1.4886e+07,
1.49833e+07,
1.50789e+07,
1.51711e+07,
1.52633e+07,
1.53539e+07,
1.54489e+07,
1.55445e+07,
1.564e+07,
1.57338e+07,
1.58269e+07,
1.59215e+07,
1.60178e+07,
1.6111e+07,
1.62037e+07,
1.62997e+07,
1.63949e+07,
1.64887e+07,
1.65824e+07,
1.66757e+07,
1.67681e+07,
1.68606e+07,
1.69555e+07,
1.70505e+07,
1.71462e+07,
1.7242e+07,
1.73369e+07,
1.74302e+07,
1.75226e+07,
1.76159e+07,
1.77081e+07,
1.77999e+07,
1.78941e+07,
1.79934e+07,
1.80902e+07,
1.81853e+07,
1.8282e+07,
1.83781e+07,
1.84738e+07,
1.85694e+07,
1.86656e+07,
1.87631e+07,
1.8862e+07,
1.89637e+07,
1.90652e+07,
1.91642e+07,
1.92624e+07,
1.936e+07,
1.94568e+07,
1.95536e+07,
1.96504e+07,
1.97531e+07,
1.98598e+07,
1.99628e+07,
2.00675e+07,
2.01694e+07,
2.02692e+07,
2.03681e+07,
2.04652e+07,
2.05618e+07,
2.06615e+07,
2.0761e+07,
2.08617e+07,
2.09603e+07,
2.10614e+07,
2.11622e+07,
2.12607e+07,
2.13577e+07,
2.14555e+07,
2.15533e+07,
2.16523e+07,
2.17507e+07,
2.18499e+07,
2.19493e+07,
2.20492e+07,
2.21509e+07,
2.22516e+07,
2.23486e+07,
2.24452e+07,
2.25441e+07,
375246,
375466,
375759,
376042,
376328,
376743,
377096,
377474,
377839,
378139,
378459,
378792,
379176,
379506,
379784,
380197,
380582,
380944,
381274,
381597,
381897,
382265,
382637,
382997,
383339,
383777,
384125,
384507,
384897,
385266,
385642,
385965,
386340,
386709,
387055,
387434,
387827,
388225,
388635,
389024,
389422,
389856,
390240,
390637,
391029,
391517,
392011,
392457,
392895,
393356,
393810,
394311,
394822,
395304,
395810,
396447,
397067,
397691,
398308,
398921,
399485,
400103,
400648,
401282,
401820,
402422,
403052,
403667,
404274,
404951,
405609,
406241,
406887,
407624,
408262,
408965,
409627,
410318,
410986,
411744,
412485,
413246,
413959,
414720,
415468,
416211,
416998,
417742,
418516,
419269,
420044,
420772,
421601,
422558,
423519,
424491,
425455,
426356,
427314,
428268,
429188,
430074,
431050,
432065,
433070,
434058,
435154,
436128,
437094,
438102,
439104,
440163,
441105,
442095,
443167,
444209,
445228,
446257,
447355,
448525,
449637,
450727,
451705,
452789,
453896,
455128,
456289,
457377,
458516,
459623,
460813,
461930,
463051,
464136,
465364,
466627,
467900,
469091,
470296,
471491,
472753,
473927,
475082,
476329,
477537,
478890,
480250,
481550,
482902,
484230,
485582,
486778,
487975,
489205,
490496,
491756,
493073,
494392,
495741,
497134,
498431,
499765,
501046,
502408,
503717,
505105,
506494,
507870,
509225,
510618,
511945,
513335,
514697,
516137,
517545,
518943,
520417,
521919,
523397,
524911,
526431,
527881,
529365,
530935,
532489,
534029,
535660,
537267,
538826,
540409,
541900,
543377,
544871,
546378,
547975,
549572,
551191,
552846,
554411,
555960,
557574,
559078,
560566,
562137,
563797,
565462,
567088,
568708,
570404,
572207,
573852,
575682,
577320,
578939,
580638,
582461,
584262,
586076,
587775,
589525,
591318,
593215,
594863,
596578,
598422,
600326,
602328,
604207,
606248,
608547,
611574,
614711,
617751,
620924,
624074,
627234,
630390,
633515,
636657,
640148,
643556,
646760,
649866,
653028,
656340,
659605,
662960,
666326,
669688,
672908,
676213,
679723,
683151,
686487,
689901,
693317,
696698,
700257,
703822,
707596,
711211,
714926,
718585,
722174,
725994,
729836,
733718,
737718,
741630,
745537,
749379,
753200,
757087,
760916,
764821,
768850,
772894,
776989,
781153,
785047,
789080,
793130,
797125,
801059,
805004,
809140,
813412,
817658,
821908,
826156,
830680,
835194,
839806,
844233,
848758,
853339,
857924,
862516,
867241,
871888,
876696,
881306,
886010,
890741,
895586,
900270,
905091,
909933,
914746,
919601,
924510,
929423,
934205,
939170,
943926,
948897,
953826,
958665,
963597,
968885,
974246,
979550,
984660,
990079,
995676,
1.00106e+06,
1.00638e+06,
1.01176e+06,
1.01719e+06,
1.0227e+06,
1.0282e+06,
1.03373e+06,
1.03919e+06,
1.04474e+06,
1.05036e+06,
1.05588e+06,
1.06144e+06,
1.0671e+06,
1.07259e+06,
1.07828e+06,
1.08389e+06,
1.08962e+06,
1.09524e+06,
1.10067e+06,
1.10653e+06,
1.11247e+06,
1.11832e+06,
1.12424e+06,
1.1301e+06,
1.13602e+06,
1.14197e+06,
1.14808e+06,
1.15415e+06,
1.16033e+06,
1.16647e+06,
1.17284e+06,
1.17901e+06,
1.18562e+06,
1.19193e+06,
1.19842e+06,
1.20477e+06,
1.21129e+06,
1.21784e+06,
1.22436e+06,
1.23073e+06,
1.23723e+06,
1.2437e+06,
1.25007e+06,
1.25676e+06,
1.26348e+06,
1.2703e+06,
1.27721e+06,
1.28415e+06,
1.29081e+06,
1.29771e+06,
1.30451e+06,
1.31135e+06,
1.31822e+06,
1.32499e+06,
1.33183e+06,
1.33891e+06,
1.34605e+06,
1.35341e+06,
1.36105e+06,
1.36836e+06,
1.37572e+06,
1.38297e+06,
1.39029e+06,
1.39783e+06,
1.40526e+06,
1.41284e+06,
1.42033e+06,
1.42786e+06,
1.43529e+06,
1.44285e+06,
1.45065e+06,
1.45853e+06,
1.46627e+06,
1.47418e+06,
1.48194e+06,
1.48971e+06,
1.49762e+06,
1.50553e+06,
1.51338e+06,
1.52142e+06,
1.52935e+06,
1.53758e+06,
1.54589e+06,
1.5542e+06,
1.56266e+06,
1.57121e+06,
1.57959e+06,
1.58794e+06,
1.59642e+06,
1.6051e+06,
1.61375e+06,
1.62265e+06,
1.63141e+06,
1.64047e+06,
1.64945e+06,
1.65865e+06,
1.66772e+06,
1.67685e+06,
1.68597e+06,
1.6952e+06,
1.70446e+06,
1.7137e+06,
1.72305e+06,
1.73241e+06,
1.742e+06,
1.75123e+06,
1.76052e+06,
1.77015e+06,
1.77985e+06,
1.78929e+06,
1.79859e+06,
1.80838e+06,
1.81801e+06,
1.8277e+06,
1.83713e+06,
1.84705e+06,
1.85725e+06,
1.86708e+06,
1.87726e+06,
1.8878e+06,
1.89821e+06,
1.90873e+06,
1.919e+06,
1.92956e+06,
1.93995e+06,
1.95055e+06,
1.96095e+06,
1.97169e+06,
1.98259e+06,
1.99317e+06,
2.00402e+06,
2.01512e+06,
2.02616e+06,
2.03715e+06,
2.04816e+06,
2.05923e+06,
2.07014e+06,
2.08111e+06,
2.09221e+06,
2.10354e+06,
2.11494e+06,
2.12634e+06,
2.13847e+06,
2.15019e+06,
2.16184e+06,
2.17393e+06,
2.18587e+06,
2.19803e+06,
2.21034e+06,
2.22239e+06,
2.23491e+06,
2.24747e+06,
2.2603e+06,
2.27297e+06,
2.28593e+06,
2.29879e+06,
2.31161e+06,
2.32438e+06,
2.33726e+06,
2.35013e+06,
2.36334e+06,
2.37639e+06,
2.38974e+06,
2.40352e+06,
2.41712e+06,
2.43086e+06,
2.44448e+06,
2.4578e+06,
2.47151e+06,
2.48555e+06,
2.49962e+06,
2.51342e+06,
2.52758e+06,
2.5424e+06,
2.55722e+06,
2.57219e+06,
2.58702e+06,
2.60156e+06,
2.61641e+06,
2.63153e+06,
2.64656e+06,
2.66177e+06,
2.67748e+06,
2.69331e+06,
2.70887e+06,
2.72461e+06,
2.74077e+06,
2.75664e+06,
2.7725e+06,
2.78884e+06,
2.80505e+06,
2.82178e+06,
2.839e+06,
2.8557e+06,
2.87268e+06,
2.88977e+06,
2.90677e+06,
2.92365e+06,
2.94104e+06,
2.95838e+06,
2.97589e+06,
2.99394e+06,
3.01187e+06,
3.03009e+06,
3.04863e+06,
3.06734e+06,
3.08589e+06,
3.10445e+06,
3.1234e+06,
3.143e+06,
3.16257e+06,
3.18192e+06,
3.20178e+06,
3.22173e+06,
3.24194e+06,
3.26193e+06,
3.28235e+06,
3.30298e+06,
3.32398e+06,
3.34482e+06,
3.36578e+06,
3.38718e+06,
3.40866e+06,
3.43057e+06,
3.4524e+06,
3.47544e+06,
3.49787e+06,
3.52044e+06,
3.54296e+06,
3.56615e+06,
3.58957e+06,
3.61351e+06,
3.6379e+06,
3.66288e+06,
3.68767e+06,
3.71231e+06,
3.73703e+06,
3.76212e+06,
3.78822e+06,
3.81445e+06,
3.84159e+06,
3.86862e+06,
3.89531e+06,
3.92206e+06,
3.94915e+06,
3.97699e+06,
4.00571e+06,
4.03489e+06,
4.06356e+06,
4.09258e+06,
4.12178e+06,
4.15116e+06,
4.18106e+06,
4.21328e+06,
4.24422e+06,
4.27512e+06,
4.30659e+06,
4.33797e+06,
4.37027e+06,
4.40451e+06,
4.4387e+06,
4.47266e+06,
4.50684e+06,
4.54133e+06,
4.57629e+06,
4.61308e+06,
4.64929e+06,
4.68594e+06,
4.72238e+06,
4.75912e+06,
4.79682e+06,
4.83708e+06,
4.87642e+06,
4.91589e+06,
4.95581e+06,
4.9957e+06,
5.03746e+06,
5.07958e+06,
5.12208e+06,
5.16501e+06,
5.20823e+06,
5.25266e+06,
5.2989e+06,
5.34507e+06,
5.39139e+06,
5.43851e+06,
5.4877e+06,
5.53882e+06,
5.5908e+06,
5.64312e+06,
5.69549e+06,
5.75193e+06,
5.81076e+06,
5.89646e+06,
6.0007e+06,
6.1105e+06,
6.23576e+06,
6.38517e+06,
6.50895e+06,
6.61988e+06,
6.72508e+06,
6.82352e+06,
6.92112e+06,
7.0227e+06,
7.12601e+06,
7.22711e+06,
7.32901e+06,
7.43421e+06,
7.5372e+06,
7.63462e+06,
7.72893e+06,
7.82051e+06,
7.91064e+06,
8.00611e+06,
8.10297e+06,
8.19695e+06,
8.29205e+06,
8.38861e+06,
8.48657e+06,
8.58059e+06,
8.66975e+06,
8.75683e+06,
8.84333e+06,
8.93494e+06,
9.02564e+06,
9.1158e+06,
9.20522e+06,
9.29441e+06,
9.388e+06,
9.47803e+06,
9.56481e+06,
9.64936e+06,
9.73548e+06,
9.82721e+06,
9.9184e+06,
1.00087e+07,
1.00986e+07,
1.01901e+07,
1.0285e+07,
1.03795e+07,
1.04698e+07,
1.05566e+07,
1.06475e+07,
1.07405e+07,
1.0833e+07,
1.0926e+07,
1.1019e+07,
1.11121e+07,
1.12069e+07,
1.13035e+07,
1.13949e+07,
1.14834e+07,
1.15775e+07,
1.1671e+07,
1.17646e+07,
1.18579e+07,
1.19494e+07,
1.20399e+07,
1.21325e+07,
1.22268e+07,
1.23186e+07,
1.24107e+07,
1.25078e+07,
1.26039e+07,
1.26978e+07,
1.27913e+07,
1.28827e+07,
1.29728e+07,
1.30629e+07,
1.31557e+07,
1.32503e+07,
1.33507e+07,
1.34508e+07,
1.3546e+07,
1.3639e+07,
1.37293e+07,
1.38194e+07,
1.39075e+07,
1.39966e+07,
1.40874e+07,
1.41937e+07,
1.42964e+07,
1.43933e+07,
1.44887e+07,
1.4582e+07,
1.46748e+07,
1.4767e+07,
1.48592e+07,
1.49503e+07,
1.50505e+07,
1.5154e+07,
1.52561e+07,
1.53528e+07,
1.54473e+07,
1.55412e+07,
1.56334e+07,
1.57262e+07,
1.58189e+07,
1.59182e+07,
1.60178e+07,
1.61177e+07,
1.62191e+07,
1.63172e+07,
1.64125e+07,
1.65068e+07,
1.66004e+07,
1.66944e+07,
1.67923e+07,
1.68906e+07,
1.69879e+07,
1.70845e+07,
1.71839e+07,
1.72822e+07,
1.73763e+07,
1.747e+07,
1.75653e+07,
1.76619e+07,
1.77593e+07,
1.78563e+07,
1.79527e+07,
1.80485e+07,
1.81466e+07,
1.82462e+07,
1.83417e+07,
1.84382e+07,
1.85353e+07,
1.86321e+07,
1.87282e+07,
1.88268e+07,
1.89252e+07,
1.90232e+07,
1.91223e+07,
1.92241e+07,
1.93278e+07,
1.94304e+07,
1.95317e+07,
1.96324e+07,
1.97331e+07,
1.98332e+07,
1.99341e+07,
2.00346e+07,
2.01359e+07,
2.02422e+07,
2.03548e+07,
2.04619e+07,
2.05659e+07,
2.06692e+07,
2.07715e+07,
2.08726e+07,
2.09729e+07,
2.10725e+07,
2.11738e+07,
2.12776e+07,
2.13843e+07,
2.14891e+07,
2.15918e+07,
2.16928e+07,
2.17942e+07,
2.18948e+07,
2.19948e+07,
2.20958e+07,
2.21986e+07,
2.23017e+07,
2.24075e+07,
2.25144e+07,
2.26171e+07,
2.27185e+07,
2.28183e+07,
2.29174e+07,
2.30165e+07,
2.31164e+07,
2.32178e+07,
2.33189e+07,
2.34205e+07,
2.35246e+07,
375246,
375469,
375755,
376039,
376309,
376740,
377089,
377462,
377818,
378130,
378460,
378764,
379105,
379490,
379779,
380110,
380515,
380884,
381199,
381574,
381895,
382257,
382609,
382948,
383325,
383715,
384085,
384435,
384802,
385186,
385555,
385906,
386233,
386648,
387020,
387357,
387714,
388072,
388498,
388933,
389326,
389754,
390056,
390495,
390929,
391377,
391849,
392362,
392755,
393212,
393655,
394145,
394650,
395083,
395623,
396198,
396917,
397511,
398095,
398735,
399308,
399856,
400390,
400945,
401449,
402053,
402677,
403409,
404029,
404690,
405345,
405953,
406565,
407246,
407954,
408628,
409324,
409955,
410670,
411411,
412112,
412813,
413522,
414196,
414865,
415628,
416428,
417176,
417980,
418719,
419603,
420524,
421480,
422423,
423409,
424401,
425350,
426292,
427231,
428228,
429067,
430030,
430927,
431843,
432770,
433838,
434861,
435882,
436876,
437890,
438874,
439786,
440786,
441780,
442803,
443850,
444981,
446071,
447154,
448151,
449334,
450324,
451386,
452414,
453520,
454691,
455776,
456910,
458102,
459220,
460409,
461474,
462542,
463680,
464905,
466176,
467344,
468493,
469705,
470815,
471969,
473130,
474389,
475624,
476905,
478237,
479545,
480805,
482097,
483460,
484730,
485996,
487199,
488451,
489766,
491098,
492320,
493690,
495148,
496478,
497788,
499045,
500295,
501551,
502816,
504195,
505604,
507043,
508437,
509743,
511182,
512569,
513939,
515380,
516810,
518229,
519632,
521048,
522488,
523913,
525421,
526827,
528209,
529621,
531049,
532606,
534212,
535794,
537352,
538900,
540496,
542017,
543494,
544932,
546518,
548031,
549506,
551076,
552679,
554228,
555933,
557562,
559146,
560763,
562380,
564035,
565709,
567379,
569032,
570655,
572274,
573799,
575473,
577191,
578852,
580682,
582441,
584083,
585915,
587647,
589340,
591194,
592978,
595389,
598493,
601709,
604700,
607677,
611038,
614201,
617117,
620083,
623222,
626442,
629642,
632846,
636121,
639294,
642637,
645871,
649086,
652237,
655469,
658759,
662100,
665499,
668996,
672354,
675631,
678957,
682414,
685851,
689583,
693219,
696960,
700554,
704383,
708149,
711849,
715570,
719458,
723151,
727045,
730858,
734509,
738229,
742000,
745920,
749888,
753921,
757843,
761880,
765861,
769801,
773804,
777731,
781577,
785546,
789450,
793355,
797496,
801804,
806428,
810832,
815209,
819489,
823872,
828215,
832636,
836923,
841396,
846185,
850879,
855519,
860221,
864831,
869566,
874232,
878805,
883364,
888084,
892858,
897630,
902496,
907239,
911890,
916769,
921531,
926347,
931092,
936140,
941037,
946128,
951266,
956760,
962069,
967383,
972939,
978120,
983456,
988745,
993918,
999283,
1.00456e+06,
1.00996e+06,
1.01529e+06,
1.02073e+06,
1.02618e+06,
1.03186e+06,
1.03757e+06,
1.04299e+06,
1.04854e+06,
1.05403e+06,
1.05952e+06,
1.0651e+06,
1.07058e+06,
1.07607e+06,
1.08177e+06,
1.08746e+06,
1.09327e+06,
1.099e+06,
1.10501e+06,
1.11105e+06,
1.1171e+06,
1.12332e+06,
1.1295e+06,
1.13541e+06,
1.14144e+06,
1.14776e+06,
1.15396e+06,
1.16026e+06,
1.16652e+06,
1.17295e+06,
1.17928e+06,
1.18566e+06,
1.19224e+06,
1.19865e+06,
1.20501e+06,
1.21148e+06,
1.21792e+06,
1.22443e+06,
1.23071e+06,
1.23713e+06,
1.24354e+06,
1.25018e+06,
1.25691e+06,
1.26374e+06,
1.27063e+06,
1.27736e+06,
1.28403e+06,
1.29099e+06,
1.29801e+06,
1.30523e+06,
1.31227e+06,
1.31937e+06,
1.32687e+06,
1.33405e+06,
1.34133e+06,
1.34873e+06,
1.35588e+06,
1.36329e+06,
1.37059e+06,
1.37769e+06,
1.38494e+06,
1.39226e+06,
1.39983e+06,
1.40733e+06,
1.41481e+06,
1.42254e+06,
1.4301e+06,
1.43808e+06,
1.44587e+06,
1.45363e+06,
1.46124e+06,
1.46916e+06,
1.47698e+06,
1.48475e+06,
1.49275e+06,
1.50081e+06,
1.50871e+06,
1.51669e+06,
1.52481e+06,
1.53334e+06,
1.54184e+06,
1.55035e+06,
1.55875e+06,
1.56722e+06,
1.57565e+06,
1.58427e+06,
1.59306e+06,
1.60166e+06,
1.61034e+06,
1.6192e+06,
1.62818e+06,
1.6368e+06,
1.64591e+06,
1.65495e+06,
1.66417e+06,
1.67325e+06,
1.68208e+06,
1.69127e+06,
1.70013e+06,
1.70929e+06,
1.71841e+06,
1.72764e+06,
1.73703e+06,
1.74661e+06,
1.75619e+06,
1.76583e+06,
1.77555e+06,
1.78536e+06,
1.79474e+06,
1.8046e+06,
1.81438e+06,
1.82431e+06,
1.83429e+06,
1.84433e+06,
1.85468e+06,
1.86473e+06,
1.87511e+06,
1.88547e+06,
1.89564e+06,
1.9061e+06,
1.91654e+06,
1.92704e+06,
1.9375e+06,
1.94794e+06,
1.9584e+06,
1.96919e+06,
1.97968e+06,
1.99012e+06,
2.00109e+06,
2.01221e+06,
2.02334e+06,
2.03445e+06,
2.04586e+06,
2.0569e+06,
2.06807e+06,
2.07922e+06,
2.09038e+06,
2.10166e+06,
2.11314e+06,
2.12524e+06,
2.13733e+06,
2.14922e+06,
2.16141e+06,
2.17363e+06,
2.18558e+06,
2.19771e+06,
2.20997e+06,
2.22213e+06,
2.23431e+06,
2.24655e+06,
2.25909e+06,
2.27191e+06,
2.2847e+06,
2.29762e+06,
2.31037e+06,
2.32336e+06,
2.33641e+06,
2.34943e+06,
2.36257e+06,
2.37556e+06,
2.38904e+06,
2.4029e+06,
2.41657e+06,
2.43027e+06,
2.44384e+06,
2.45757e+06,
2.47136e+06,
2.48538e+06,
2.49954e+06,
2.51335e+06,
2.52789e+06,
2.54292e+06,
2.55771e+06,
2.57266e+06,
2.58775e+06,
2.60288e+06,
2.61795e+06,
2.63299e+06,
2.64796e+06,
2.66321e+06,
2.67888e+06,
2.69458e+06,
2.71045e+06,
2.72631e+06,
2.7424e+06,
2.75859e+06,
2.77484e+06,
2.79091e+06,
2.80727e+06,
2.82383e+06,
2.8408e+06,
2.85768e+06,
2.87444e+06,
2.89133e+06,
2.90899e+06,
2.9261e+06,
2.94388e+06,
2.96146e+06,
2.97907e+06,
2.99738e+06,
3.01553e+06,
3.03415e+06,
3.05293e+06,
3.07199e+06,
3.0909e+06,
3.10979e+06,
3.12866e+06,
3.14816e+06,
3.16758e+06,
3.18743e+06,
3.20733e+06,
3.2274e+06,
3.24755e+06,
3.26771e+06,
3.28803e+06,
3.30857e+06,
3.32967e+06,
3.35067e+06,
3.37198e+06,
3.3932e+06,
3.41479e+06,
3.43646e+06,
3.45861e+06,
3.48139e+06,
3.50474e+06,
3.52777e+06,
3.55118e+06,
3.57503e+06,
3.59869e+06,
3.62237e+06,
3.6466e+06,
3.67197e+06,
3.69711e+06,
3.72232e+06,
3.74775e+06,
3.7736e+06,
3.79922e+06,
3.82534e+06,
3.85251e+06,
3.87967e+06,
3.90664e+06,
3.93392e+06,
3.96123e+06,
3.98943e+06,
4.01855e+06,
4.04803e+06,
4.07728e+06,
4.10662e+06,
4.13598e+06,
4.16546e+06,
4.19595e+06,
4.22799e+06,
4.26031e+06,
4.29215e+06,
4.32425e+06,
4.35678e+06,
4.38969e+06,
4.42433e+06,
4.45897e+06,
4.49336e+06,
4.52832e+06,
4.56319e+06,
4.59846e+06,
4.63598e+06,
4.67355e+06,
4.71121e+06,
4.74882e+06,
4.78724e+06,
4.82536e+06,
4.86593e+06,
4.90647e+06,
4.94719e+06,
4.98826e+06,
5.02944e+06,
5.07302e+06,
5.11694e+06,
5.16067e+06,
5.20471e+06,
5.24908e+06,
5.29572e+06,
5.3431e+06,
5.39117e+06,
5.43969e+06,
5.48893e+06,
5.54119e+06,
5.5945e+06,
5.64828e+06,
5.70285e+06,
5.75783e+06,
5.81801e+06,
5.87912e+06,
5.94372e+06,
6.05462e+06,
6.17538e+06,
6.32153e+06,
6.47313e+06,
6.59367e+06,
6.70479e+06,
6.80834e+06,
6.90933e+06,
7.00677e+06,
7.10382e+06,
7.20824e+06,
7.3121e+06,
7.41947e+06,
7.53112e+06,
7.63555e+06,
7.73777e+06,
7.83631e+06,
7.93193e+06,
8.02573e+06,
8.12092e+06,
8.22114e+06,
8.32098e+06,
8.42261e+06,
8.52806e+06,
8.62826e+06,
8.72245e+06,
8.81412e+06,
8.90399e+06,
8.99233e+06,
9.08269e+06,
9.17742e+06,
9.27076e+06,
9.36456e+06,
9.46175e+06,
9.55752e+06,
9.64805e+06,
9.73688e+06,
9.8245e+06,
9.91099e+06,
1.0002e+07,
1.00957e+07,
1.019e+07,
1.02852e+07,
1.03823e+07,
1.04826e+07,
1.05766e+07,
1.06696e+07,
1.07589e+07,
1.08469e+07,
1.09403e+07,
1.10363e+07,
1.11327e+07,
1.1229e+07,
1.13279e+07,
1.14323e+07,
1.15296e+07,
1.16234e+07,
1.17139e+07,
1.18022e+07,
1.1898e+07,
1.19946e+07,
1.20905e+07,
1.21893e+07,
1.22871e+07,
1.23882e+07,
1.24856e+07,
1.2577e+07,
1.26671e+07,
1.27589e+07,
1.28555e+07,
1.29535e+07,
1.30542e+07,
1.31513e+07,
1.32465e+07,
1.33442e+07,
1.34435e+07,
1.35361e+07,
1.36254e+07,
1.37227e+07,
1.38267e+07,
1.39264e+07,
1.40233e+07,
1.4119e+07,
1.42145e+07,
1.43108e+07,
1.44108e+07,
1.45024e+07,
1.45957e+07,
1.47036e+07,
1.48033e+07,
1.49002e+07,
1.4996e+07,
1.509e+07,
1.51846e+07,
1.52787e+07,
1.53774e+07,
1.54785e+07,
1.5586e+07,
1.56865e+07,
1.57851e+07,
1.58811e+07,
1.59761e+07,
1.60713e+07,
1.61655e+07,
1.62617e+07,
1.63649e+07,
1.6475e+07,
1.65778e+07,
1.66777e+07,
1.67759e+07,
1.68728e+07,
1.69692e+07,
1.70641e+07,
1.71601e+07,
1.72593e+07,
1.73621e+07,
1.74682e+07,
1.75694e+07,
1.76677e+07,
1.77649e+07,
1.78604e+07,
1.79552e+07,
1.80515e+07,
1.81499e+07,
1.82502e+07,
1.8352e+07,
1.84562e+07,
1.85581e+07,
1.86573e+07,
1.87536e+07,
1.88502e+07,
1.89491e+07,
1.90469e+07,
1.9146e+07,
1.92452e+07,
1.93461e+07,
1.94496e+07,
1.95543e+07,
1.96553e+07,
1.97559e+07,
1.98571e+07,
1.99606e+07,
2.00648e+07,
2.01691e+07,
2.0275e+07,
2.03793e+07,
2.04847e+07,
2.05929e+07,
2.0699e+07,
2.08118e+07,
2.09216e+07,
2.10289e+07,
2.11358e+07,
2.12424e+07,
2.13477e+07,
2.14532e+07,
2.15569e+07,
2.16629e+07,
2.1771e+07,
2.18775e+07,
2.19837e+07,
2.2089e+07,
2.21948e+07,
2.22998e+07,
2.2405e+07,
2.251e+07,
2.26153e+07,
2.27229e+07,
2.2834e+07,
2.29409e+07,
2.30478e+07,
2.31519e+07,
2.32559e+07,
2.33585e+07,
2.34606e+07,
2.35627e+07,
2.3665e+07,
2.37692e+07,
2.38771e+07,
2.39833e+07,
2.40885e+07,
2.41922e+07,
2.4295e+07,
2.4397e+07,
2.44971e+07,
375246,
375473,
375742,
376034,
376317,
376711,
377067,
377439,
377774,
378142,
378463,
378743,
379076,
379450,
379733,
380093,
380445,
380861,
381163,
381534,
381878,
382231,
382628,
382934,
383249,
383628,
383982,
384387,
384723,
385077,
385495,
385864,
386212,
386552,
386942,
387316,
387643,
388004,
388387,
388847,
389179,
389592,
389976,
390353,
390776,
391251,
391712,
392138,
392576,
393032,
393442,
393905,
394419,
394906,
395410,
396051,
396634,
397233,
397770,
398326,
398940,
399463,
400060,
400653,
401231,
401860,
402476,
403119,
403716,
404316,
405005,
405592,
406304,
406921,
407626,
408342,
408954,
409637,
410280,
410971,
411624,
412320,
413005,
413757,
414474,
415217,
415973,
416731,
417636,
418559,
419513,
420468,
421387,
422293,
423159,
424149,
425125,
426117,
427067,
428000,
428804,
429752,
430669,
431598,
432602,
433620,
434571,
435556,
436494,
437494,
438491,
439475,
440380,
441388,
442432,
443548,
444560,
445622,
446758,
447772,
448949,
449918,
450964,
452011,
453017,
454170,
455287,
456503,
457599,
458646,
459725,
460770,
461947,
463148,
464341,
465547,
466663,
467752,
468994,
470188,
471427,
472558,
473754,
474971,
476201,
477445,
478723,
479967,
481174,
482453,
483803,
484991,
486220,
487471,
488821,
490114,
491437,
492724,
494105,
495438,
496769,
498035,
499249,
500486,
501855,
503309,
504638,
505977,
507307,
508739,
510169,
511555,
512947,
514265,
515606,
517024,
518407,
519868,
521317,
522759,
524154,
525442,
526880,
528254,
529696,
531114,
532627,
534027,
535535,
537148,
538654,
540194,
541752,
543376,
544971,
546477,
548048,
549654,
551244,
552837,
554382,
555998,
557473,
559051,
560622,
562329,
564028,
565650,
567196,
568840,
570432,
572058,
573617,
575258,
576948,
578637,
580403,
582414,
585190,
588266,
591279,
594270,
597296,
600453,
603547,
606726,
609870,
612969,
616148,
619241,
622248,
625395,
628573,
631728,
635062,
638250,
641314,
644404,
647651,
651028,
654497,
657755,
661159,
664349,
667574,
670931,
674413,
678031,
681756,
685605,
689382,
693100,
696743,
700423,
704147,
708022,
711823,
715667,
719485,
723158,
726933,
730690,
734555,
738195,
741964,
745930,
750012,
753852,
757727,
761603,
765578,
769624,
773642,
777702,
781705,
785959,
790322,
794729,
799252,
803585,
807998,
812305,
816756,
820968,
825350,
829781,
834200,
838858,
843462,
848088,
852803,
857301,
861855,
866367,
870978,
875461,
879967,
884667,
889530,
894394,
899233,
904087,
908879,
913677,
918636,
923767,
928679,
933713,
938761,
943853,
949078,
954401,
959489,
964714,
969965,
975208,
980597,
985755,
991194,
996472,
1.00185e+06,
1.00717e+06,
1.01281e+06,
1.01832e+06,
1.02371e+06,
1.02938e+06,
1.03492e+06,
1.04046e+06,
1.04595e+06,
1.05142e+06,
1.05686e+06,
1.06249e+06,
1.06806e+06,
1.0737e+06,
1.07977e+06,
1.08584e+06,
1.09205e+06,
1.09798e+06,
1.10428e+06,
1.1104e+06,
1.11631e+06,
1.12225e+06,
1.12812e+06,
1.13419e+06,
1.14011e+06,
1.14623e+06,
1.15249e+06,
1.15898e+06,
1.16536e+06,
1.17172e+06,
1.17804e+06,
1.18436e+06,
1.19068e+06,
1.19711e+06,
1.20348e+06,
1.20986e+06,
1.21639e+06,
1.22289e+06,
1.22949e+06,
1.23598e+06,
1.24261e+06,
1.24946e+06,
1.2561e+06,
1.26287e+06,
1.26971e+06,
1.27698e+06,
1.28407e+06,
1.29093e+06,
1.29804e+06,
1.30501e+06,
1.31229e+06,
1.31953e+06,
1.32685e+06,
1.33428e+06,
1.34166e+06,
1.34912e+06,
1.35645e+06,
1.36399e+06,
1.37136e+06,
1.37883e+06,
1.38621e+06,
1.39354e+06,
1.40082e+06,
1.4085e+06,
1.4159e+06,
1.42383e+06,
1.43164e+06,
1.43949e+06,
1.44726e+06,
1.45497e+06,
1.46256e+06,
1.47026e+06,
1.47819e+06,
1.48607e+06,
1.49424e+06,
1.5025e+06,
1.51079e+06,
1.51926e+06,
1.52788e+06,
1.53631e+06,
1.54488e+06,
1.55332e+06,
1.56171e+06,
1.57024e+06,
1.57879e+06,
1.58755e+06,
1.59629e+06,
1.60496e+06,
1.61382e+06,
1.62255e+06,
1.63133e+06,
1.64029e+06,
1.64919e+06,
1.65814e+06,
1.66723e+06,
1.67621e+06,
1.6853e+06,
1.69447e+06,
1.70357e+06,
1.71267e+06,
1.72195e+06,
1.73101e+06,
1.74045e+06,
1.75018e+06,
1.76015e+06,
1.76994e+06,
1.77994e+06,
1.78983e+06,
1.79994e+06,
1.80956e+06,
1.81972e+06,
1.8295e+06,
1.83949e+06,
1.84953e+06,
1.85971e+06,
1.8701e+06,
1.88034e+06,
1.89082e+06,
1.90115e+06,
1.91152e+06,
1.92207e+06,
1.93239e+06,
1.9429e+06,
1.95334e+06,
1.96398e+06,
1.97474e+06,
1.9856e+06,
1.99663e+06,
2.00763e+06,
2.01832e+06,
2.02947e+06,
2.04044e+06,
2.05154e+06,
2.06264e+06,
2.07408e+06,
2.08565e+06,
2.09716e+06,
2.10872e+06,
2.1207e+06,
2.13264e+06,
2.14455e+06,
2.15659e+06,
2.16853e+06,
2.18064e+06,
2.19287e+06,
2.20525e+06,
2.21766e+06,
2.22982e+06,
2.24213e+06,
2.25511e+06,
2.26796e+06,
2.28079e+06,
2.29351e+06,
2.30644e+06,
2.31885e+06,
2.33189e+06,
2.34514e+06,
2.35831e+06,
2.37156e+06,
2.38506e+06,
2.39867e+06,
2.41259e+06,
2.42637e+06,
2.44026e+06,
2.45408e+06,
2.46819e+06,
2.48234e+06,
2.49656e+06,
2.51086e+06,
2.52546e+06,
2.54035e+06,
2.55524e+06,
2.56998e+06,
2.58483e+06,
2.59976e+06,
2.61476e+06,
2.62979e+06,
2.64505e+06,
2.66035e+06,
2.67603e+06,
2.69163e+06,
2.70748e+06,
2.72315e+06,
2.73904e+06,
2.75504e+06,
2.77118e+06,
2.7876e+06,
2.80392e+06,
2.82033e+06,
2.83743e+06,
2.85437e+06,
2.87152e+06,
2.88873e+06,
2.90618e+06,
2.92377e+06,
2.94148e+06,
2.95889e+06,
2.97686e+06,
2.99523e+06,
3.0141e+06,
3.03291e+06,
3.0514e+06,
3.06976e+06,
3.08849e+06,
3.10725e+06,
3.12618e+06,
3.14578e+06,
3.1658e+06,
3.18583e+06,
3.20582e+06,
3.22559e+06,
3.24566e+06,
3.26572e+06,
3.28629e+06,
3.30674e+06,
3.32856e+06,
3.34995e+06,
3.37162e+06,
3.39314e+06,
3.41501e+06,
3.43686e+06,
3.45917e+06,
3.48181e+06,
3.50516e+06,
3.52861e+06,
3.55203e+06,
3.57565e+06,
3.5993e+06,
3.62341e+06,
3.64788e+06,
3.67294e+06,
3.69814e+06,
3.72328e+06,
3.74898e+06,
3.77495e+06,
3.80086e+06,
3.82702e+06,
3.85396e+06,
3.88192e+06,
3.90897e+06,
3.93643e+06,
3.96402e+06,
3.992e+06,
4.02069e+06,
4.05009e+06,
4.08013e+06,
4.10955e+06,
4.13954e+06,
4.17016e+06,
4.20063e+06,
4.23218e+06,
4.26507e+06,
4.29748e+06,
4.33017e+06,
4.36317e+06,
4.39624e+06,
4.4298e+06,
4.46562e+06,
4.50129e+06,
4.53683e+06,
4.57211e+06,
4.60769e+06,
4.64371e+06,
4.68223e+06,
4.72089e+06,
4.75944e+06,
4.79804e+06,
4.83726e+06,
4.87778e+06,
4.91978e+06,
4.96117e+06,
5.00292e+06,
5.04495e+06,
5.08801e+06,
5.13431e+06,
5.17962e+06,
5.22506e+06,
5.27156e+06,
5.31858e+06,
5.36887e+06,
5.41806e+06,
5.46811e+06,
5.5192e+06,
5.57104e+06,
5.62654e+06,
5.68211e+06,
5.73884e+06,
5.79584e+06,
5.85716e+06,
5.92094e+06,
5.98637e+06,
6.05757e+06,
6.18322e+06,
6.33841e+06,
6.50292e+06,
6.62851e+06,
6.74432e+06,
6.85129e+06,
6.95426e+06,
7.05421e+06,
7.15186e+06,
7.24991e+06,
7.35588e+06,
7.46444e+06,
7.57817e+06,
7.68495e+06,
7.78947e+06,
7.89309e+06,
7.99528e+06,
8.09661e+06,
8.19548e+06,
8.2936e+06,
8.39917e+06,
8.50598e+06,
8.61834e+06,
8.72285e+06,
8.82257e+06,
8.9196e+06,
9.01331e+06,
9.10489e+06,
9.19594e+06,
9.28794e+06,
9.38565e+06,
9.48482e+06,
9.58848e+06,
9.68756e+06,
9.78215e+06,
9.87461e+06,
9.96463e+06,
1.00533e+07,
1.01426e+07,
1.02355e+07,
1.03348e+07,
1.04334e+07,
1.05368e+07,
1.06403e+07,
1.07366e+07,
1.08309e+07,
1.09231e+07,
1.10167e+07,
1.11087e+07,
1.12043e+07,
1.1303e+07,
1.14031e+07,
1.15067e+07,
1.16126e+07,
1.17122e+07,
1.18129e+07,
1.19099e+07,
1.2003e+07,
1.20934e+07,
1.21913e+07,
1.229e+07,
1.23886e+07,
1.24897e+07,
1.25995e+07,
1.27028e+07,
1.27991e+07,
1.28932e+07,
1.29845e+07,
1.3074e+07,
1.31723e+07,
1.32721e+07,
1.33734e+07,
1.34813e+07,
1.35893e+07,
1.36911e+07,
1.37868e+07,
1.38793e+07,
1.397e+07,
1.40642e+07,
1.41645e+07,
1.42746e+07,
1.43795e+07,
1.44814e+07,
1.45862e+07,
1.46898e+07,
1.47864e+07,
1.48796e+07,
1.49716e+07,
1.50735e+07,
1.51813e+07,
1.52828e+07,
1.53818e+07,
1.54817e+07,
1.5583e+07,
1.56854e+07,
1.57815e+07,
1.58766e+07,
1.59749e+07,
1.60849e+07,
1.61875e+07,
1.62869e+07,
1.63862e+07,
1.64855e+07,
1.65844e+07,
1.66878e+07,
1.67893e+07,
1.68912e+07,
1.7e+07,
1.71045e+07,
1.72071e+07,
1.73067e+07,
1.74064e+07,
1.75044e+07,
1.7604e+07,
1.77088e+07,
1.78121e+07,
1.79174e+07,
1.80219e+07,
1.81223e+07,
1.82223e+07,
1.83198e+07,
1.84172e+07,
1.85174e+07,
1.86183e+07,
1.87225e+07,
1.88293e+07,
1.89355e+07,
1.9038e+07,
1.91385e+07,
1.92384e+07,
1.93366e+07,
1.94357e+07,
1.95362e+07,
1.96373e+07,
1.9741e+07,
1.98507e+07,
1.99561e+07,
2.00599e+07,
2.01617e+07,
2.02626e+07,
2.03654e+07,
2.04688e+07,
2.05732e+07,
2.0682e+07,
2.07931e+07,
2.09075e+07,
2.10183e+07,
2.1127e+07,
2.12365e+07,
2.13524e+07,
2.14634e+07,
2.15723e+07,
2.16804e+07,
2.17898e+07,
2.19009e+07,
2.20128e+07,
2.21235e+07,
2.22316e+07,
2.23398e+07,
2.24484e+07,
2.25565e+07,
2.26643e+07,
2.27736e+07,
2.28842e+07,
2.29949e+07,
2.31076e+07,
2.32215e+07,
2.33306e+07,
2.3439e+07,
2.35469e+07,
2.36536e+07,
2.37602e+07,
2.38663e+07,
2.39731e+07,
2.40797e+07,
2.41867e+07,
2.42977e+07,
2.44063e+07,
2.45135e+07,
2.46193e+07,
2.4725e+07,
2.483e+07,
2.49354e+07,
2.50398e+07,
2.51449e+07,
2.52491e+07,
2.5356e+07,
2.54635e+07,
375246,
375473,
375758,
376029,
376315,
376706,
377070,
377428,
377759,
378115,
378451,
378722,
379057,
379364,
379667,
380011,
380353,
380763,
381126,
381517,
381872,
382246,
382578,
382900,
383207,
383538,
383953,
384314,
384729,
385043,
385390,
385787,
386134,
386488,
386811,
387157,
387546,
387905,
388276,
388635,
389006,
389405,
389849,
390297,
390711,
391122,
391564,
392001,
392406,
392829,
393276,
393741,
394198,
394715,
395236,
395803,
396389,
396909,
397484,
398120,
398672,
399273,
399840,
400467,
401022,
401569,
402284,
402891,
403387,
403947,
404610,
405209,
405911,
406564,
407238,
407918,
408587,
409183,
409850,
410479,
411157,
411803,
412536,
413189,
413890,
414759,
415712,
416649,
417553,
418407,
419333,
420218,
421160,
422055,
422995,
423919,
424879,
425806,
426641,
427592,
428483,
429443,
430293,
431232,
432149,
433088,
434111,
435163,
436068,
437042,
437998,
438985,
439954,
440944,
441974,
443068,
444159,
445151,
446209,
447370,
448366,
449412,
450403,
451378,
452486,
453591,
454633,
455716,
456808,
457902,
458998,
460089,
461218,
462278,
463430,
464631,
465877,
467061,
468305,
469519,
470655,
471734,
472887,
474068,
475322,
476563,
477749,
478984,
480200,
481405,
482693,
483926,
485110,
486287,
487611,
488970,
490298,
491602,
492933,
494195,
495482,
496797,
498020,
499433,
500755,
502027,
503420,
504699,
506125,
507459,
508827,
510230,
511537,
512893,
514380,
515673,
517048,
518526,
519816,
521240,
522653,
523962,
525370,
526848,
528304,
529797,
531292,
532717,
534161,
535618,
537081,
538541,
539882,
541364,
542872,
544442,
546127,
547821,
549406,
551041,
552603,
554098,
555720,
557240,
558781,
560268,
561845,
563370,
565063,
566730,
568400,
570014,
572228,
575203,
578115,
581051,
583886,
586834,
589790,
592862,
596069,
599065,
602068,
605166,
608180,
611195,
614412,
617487,
620844,
623972,
627161,
630047,
633184,
636377,
639692,
643039,
646395,
649625,
652917,
656052,
659396,
662923,
666606,
670206,
673932,
677583,
681250,
684860,
688318,
691892,
695625,
699639,
703439,
707331,
711174,
714932,
718626,
722390,
726133,
730007,
733724,
737676,
741564,
745560,
749486,
753424,
757251,
761281,
765268,
769452,
773649,
777989,
782465,
786951,
791257,
795499,
799803,
804246,
808610,
813013,
817418,
821802,
826377,
830888,
835428,
839936,
844542,
849085,
853667,
858196,
862620,
867118,
871798,
876556,
881323,
886135,
891033,
895869,
900841,
905771,
910565,
915405,
920245,
925230,
930116,
935304,
940536,
945942,
951233,
956513,
961806,
967131,
972209,
977582,
982863,
988271,
993616,
999012,
1.00454e+06,
1.00995e+06,
1.01542e+06,
1.02089e+06,
1.0263e+06,
1.03161e+06,
1.03705e+06,
1.04257e+06,
1.04804e+06,
1.05392e+06,
1.05972e+06,
1.06569e+06,
1.07184e+06,
1.07774e+06,
1.0838e+06,
1.08966e+06,
1.0958e+06,
1.10187e+06,
1.1078e+06,
1.11395e+06,
1.11997e+06,
1.126e+06,
1.13199e+06,
1.13786e+06,
1.14397e+06,
1.15036e+06,
1.15678e+06,
1.16309e+06,
1.16961e+06,
1.17589e+06,
1.18231e+06,
1.18856e+06,
1.195e+06,
1.2011e+06,
1.20756e+06,
1.21391e+06,
1.22031e+06,
1.22699e+06,
1.23394e+06,
1.24094e+06,
1.24797e+06,
1.25481e+06,
1.26167e+06,
1.26848e+06,
1.27546e+06,
1.28239e+06,
1.2895e+06,
1.2967e+06,
1.3039e+06,
1.31109e+06,
1.31822e+06,
1.32559e+06,
1.33313e+06,
1.34082e+06,
1.34815e+06,
1.35544e+06,
1.36288e+06,
1.3705e+06,
1.37772e+06,
1.38511e+06,
1.39265e+06,
1.40027e+06,
1.40773e+06,
1.41536e+06,
1.42308e+06,
1.43091e+06,
1.4387e+06,
1.44658e+06,
1.4548e+06,
1.46284e+06,
1.47107e+06,
1.4789e+06,
1.48712e+06,
1.49532e+06,
1.50368e+06,
1.51181e+06,
1.52035e+06,
1.52887e+06,
1.53733e+06,
1.54585e+06,
1.55404e+06,
1.56257e+06,
1.57107e+06,
1.57956e+06,
1.58814e+06,
1.59681e+06,
1.60561e+06,
1.61441e+06,
1.62337e+06,
1.63246e+06,
1.64149e+06,
1.65045e+06,
1.65945e+06,
1.66857e+06,
1.67739e+06,
1.68643e+06,
1.69557e+06,
1.70486e+06,
1.71415e+06,
1.72375e+06,
1.73338e+06,
1.74304e+06,
1.75281e+06,
1.76252e+06,
1.77223e+06,
1.7819e+06,
1.79197e+06,
1.80186e+06,
1.81175e+06,
1.82174e+06,
1.83173e+06,
1.84187e+06,
1.85218e+06,
1.8626e+06,
1.87297e+06,
1.88338e+06,
1.89366e+06,
1.904e+06,
1.91437e+06,
1.92476e+06,
1.93534e+06,
1.94571e+06,
1.95595e+06,
1.96652e+06,
1.97739e+06,
1.9886e+06,
1.99957e+06,
2.01084e+06,
2.02189e+06,
2.03315e+06,
2.04437e+06,
2.05567e+06,
2.06705e+06,
2.07846e+06,
2.09007e+06,
2.10169e+06,
2.11356e+06,
2.12575e+06,
2.13765e+06,
2.14952e+06,
2.16148e+06,
2.1734e+06,
2.18564e+06,
2.19778e+06,
2.20983e+06,
2.2221e+06,
2.23456e+06,
2.24715e+06,
2.26009e+06,
2.27279e+06,
2.28542e+06,
2.29844e+06,
2.31112e+06,
2.32404e+06,
2.33705e+06,
2.35004e+06,
2.36328e+06,
2.37698e+06,
2.39125e+06,
2.40526e+06,
2.41934e+06,
2.43334e+06,
2.44717e+06,
2.46111e+06,
2.47506e+06,
2.48914e+06,
2.50352e+06,
2.51805e+06,
2.53301e+06,
2.54798e+06,
2.56281e+06,
2.57757e+06,
2.59268e+06,
2.60734e+06,
2.62247e+06,
2.63782e+06,
2.65307e+06,
2.66864e+06,
2.6845e+06,
2.70046e+06,
2.71648e+06,
2.73247e+06,
2.74833e+06,
2.76422e+06,
2.78027e+06,
2.79647e+06,
2.81287e+06,
2.82988e+06,
2.8475e+06,
2.86483e+06,
2.88207e+06,
2.89919e+06,
2.91663e+06,
2.9338e+06,
2.95122e+06,
2.96922e+06,
2.98723e+06,
3.00621e+06,
3.02512e+06,
3.04375e+06,
3.06257e+06,
3.0813e+06,
3.10019e+06,
3.11918e+06,
3.13809e+06,
3.15737e+06,
3.17754e+06,
3.19774e+06,
3.21774e+06,
3.23799e+06,
3.25811e+06,
3.27851e+06,
3.29917e+06,
3.31992e+06,
3.34205e+06,
3.36367e+06,
3.38576e+06,
3.40776e+06,
3.42983e+06,
3.45254e+06,
3.47517e+06,
3.4982e+06,
3.52194e+06,
3.54515e+06,
3.56856e+06,
3.59249e+06,
3.6166e+06,
3.64057e+06,
3.66498e+06,
3.69027e+06,
3.71579e+06,
3.7413e+06,
3.76704e+06,
3.7929e+06,
3.81914e+06,
3.84586e+06,
3.8726e+06,
3.90047e+06,
3.92799e+06,
3.95547e+06,
3.98339e+06,
4.01222e+06,
4.04152e+06,
4.07158e+06,
4.10159e+06,
4.13213e+06,
4.1623e+06,
4.19276e+06,
4.22377e+06,
4.25564e+06,
4.28888e+06,
4.32188e+06,
4.35519e+06,
4.38813e+06,
4.42167e+06,
4.4556e+06,
4.492e+06,
4.5281e+06,
4.56451e+06,
4.60093e+06,
4.63732e+06,
4.67439e+06,
4.71389e+06,
4.75285e+06,
4.7922e+06,
4.8317e+06,
4.87155e+06,
4.91291e+06,
4.95617e+06,
4.99908e+06,
5.0423e+06,
5.08617e+06,
5.1308e+06,
5.17797e+06,
5.22487e+06,
5.27216e+06,
5.32023e+06,
5.36883e+06,
5.42105e+06,
5.47247e+06,
5.52442e+06,
5.57746e+06,
5.6326e+06,
5.69019e+06,
5.74796e+06,
5.80722e+06,
5.86727e+06,
5.93313e+06,
6.00043e+06,
6.0698e+06,
6.14363e+06,
6.27331e+06,
6.4593e+06,
6.60864e+06,
6.73421e+06,
6.84986e+06,
6.95783e+06,
7.062e+06,
7.16301e+06,
7.26264e+06,
7.35868e+06,
7.46491e+06,
7.58029e+06,
7.69124e+06,
7.79631e+06,
7.89901e+06,
8.00201e+06,
8.10631e+06,
8.21297e+06,
8.32011e+06,
8.4243e+06,
8.53576e+06,
8.65366e+06,
8.76908e+06,
8.87493e+06,
8.97813e+06,
9.0782e+06,
9.17611e+06,
9.27205e+06,
9.36642e+06,
9.45834e+06,
9.56014e+06,
9.66463e+06,
9.77198e+06,
9.87428e+06,
9.97199e+06,
1.00666e+07,
1.01592e+07,
1.02504e+07,
1.03415e+07,
1.04319e+07,
1.05352e+07,
1.06446e+07,
1.07561e+07,
1.08573e+07,
1.09553e+07,
1.10503e+07,
1.11439e+07,
1.12361e+07,
1.13313e+07,
1.14303e+07,
1.15353e+07,
1.16424e+07,
1.17556e+07,
1.18582e+07,
1.19572e+07,
1.20549e+07,
1.2153e+07,
1.22554e+07,
1.23518e+07,
1.24487e+07,
1.25524e+07,
1.26557e+07,
1.27656e+07,
1.28698e+07,
1.29708e+07,
1.30758e+07,
1.31741e+07,
1.3269e+07,
1.33615e+07,
1.34588e+07,
1.3561e+07,
1.36645e+07,
1.37738e+07,
1.38898e+07,
1.3996e+07,
1.40957e+07,
1.41928e+07,
1.4287e+07,
1.43792e+07,
1.44795e+07,
1.45841e+07,
1.46934e+07,
1.48126e+07,
1.49261e+07,
1.50304e+07,
1.51291e+07,
1.52249e+07,
1.53195e+07,
1.54122e+07,
1.55183e+07,
1.56275e+07,
1.57408e+07,
1.58474e+07,
1.59564e+07,
1.60568e+07,
1.61542e+07,
1.62494e+07,
1.63454e+07,
1.64427e+07,
1.65515e+07,
1.66629e+07,
1.67674e+07,
1.68731e+07,
1.69821e+07,
1.70835e+07,
1.71844e+07,
1.72829e+07,
1.7382e+07,
1.74906e+07,
1.76041e+07,
1.77118e+07,
1.78163e+07,
1.79195e+07,
1.80274e+07,
1.81324e+07,
1.8233e+07,
1.83321e+07,
1.84314e+07,
1.85442e+07,
1.86499e+07,
1.8753e+07,
1.88562e+07,
1.89593e+07,
1.90664e+07,
1.91727e+07,
1.92747e+07,
1.93756e+07,
1.94846e+07,
1.95912e+07,
1.96943e+07,
1.97964e+07,
1.99002e+07,
2.00048e+07,
2.01109e+07,
2.02185e+07,
2.03215e+07,
2.04275e+07,
2.05362e+07,
2.06404e+07,
2.07456e+07,
2.08513e+07,
2.09576e+07,
2.10637e+07,
2.11718e+07,
2.12839e+07,
2.13981e+07,
2.15168e+07,
2.16326e+07,
2.17458e+07,
2.18645e+07,
2.19805e+07,
2.20926e+07,
2.22035e+07,
2.23146e+07,
2.243e+07,
2.25457e+07,
2.26613e+07,
2.27732e+07,
2.2886e+07,
2.29992e+07,
2.31118e+07,
2.32228e+07,
2.33346e+07,
2.34473e+07,
2.35672e+07,
2.36853e+07,
2.38002e+07,
2.39128e+07,
2.40242e+07,
2.41347e+07,
2.42447e+07,
2.43539e+07,
2.44634e+07,
2.45736e+07,
2.46886e+07,
2.48031e+07,
2.49133e+07,
2.50225e+07,
2.51307e+07,
2.52387e+07,
2.53465e+07,
2.54528e+07,
2.55602e+07,
2.5669e+07,
2.57799e+07,
2.58916e+07,
2.60005e+07,
2.6109e+07,
2.62168e+07,
2.63242e+07,
2.64319e+07,
375246,
375462,
375739,
375994,
376302,
376697,
377062,
377415,
377740,
378083,
378420,
378712,
379024,
379278,
379611,
379950,
380303,
380700,
381052,
381461,
381798,
382147,
382606,
382899,
383154,
383492,
383886,
384243,
384600,
384972,
385299,
385665,
385997,
386378,
386699,
387057,
387438,
387788,
388210,
388534,
388894,
389319,
389783,
390171,
390581,
390985,
391457,
391843,
392229,
392608,
393032,
393470,
393958,
394461,
395004,
395495,
396124,
396721,
397268,
397854,
398451,
398999,
399563,
400162,
400771,
401354,
401860,
402473,
403035,
403615,
404262,
404860,
405462,
406064,
406738,
407366,
408015,
408668,
409352,
410032,
410709,
411373,
412072,
412899,
413780,
414652,
415536,
416418,
417274,
418136,
419029,
419910,
420864,
421756,
422734,
423639,
424497,
425360,
426292,
427164,
428084,
428948,
429840,
430795,
431704,
432702,
433734,
434715,
435656,
436637,
437544,
438467,
439410,
440424,
441427,
442451,
443524,
444559,
445572,
446628,
447628,
448696,
449727,
450733,
451832,
452834,
453935,
454975,
456065,
457171,
458187,
459247,
460359,
461489,
462559,
463735,
464952,
466153,
467364,
468583,
469738,
470776,
471940,
473113,
474243,
475460,
476661,
477819,
479018,
480228,
481499,
482663,
483840,
485112,
486354,
487731,
488996,
490300,
491578,
492888,
494169,
495437,
496796,
498065,
499307,
500636,
501954,
503364,
504770,
506108,
507411,
508688,
510013,
511388,
512652,
514036,
515418,
516799,
518233,
519591,
520997,
522320,
523837,
525265,
526743,
528132,
529612,
531067,
532525,
533922,
535372,
536741,
538163,
539626,
541144,
542575,
544093,
545612,
547032,
548717,
550285,
551849,
553370,
554965,
556516,
558189,
559831,
561736,
564417,
567195,
570064,
573063,
575784,
578718,
581870,
584873,
587992,
590907,
594009,
597194,
600328,
603324,
606387,
609543,
612662,
615717,
618840,
622030,
625173,
628261,
631445,
634648,
637776,
641081,
644211,
647632,
651141,
654662,
658392,
662038,
665486,
668962,
672508,
676230,
679808,
683566,
687261,
691082,
694774,
698551,
702186,
705936,
709784,
713600,
717246,
720978,
724886,
729081,
733058,
737005,
740848,
744426,
748199,
752341,
756566,
760553,
764583,
769072,
773498,
777807,
782280,
786849,
791137,
795430,
799692,
804041,
808385,
812809,
817344,
821640,
826154,
830658,
835239,
839901,
844452,
849088,
853703,
858311,
862844,
867404,
872139,
877076,
881891,
886778,
891611,
896550,
901283,
906238,
911350,
916389,
921488,
926631,
931935,
937191,
942570,
947888,
953062,
958393,
963663,
968707,
974018,
979082,
984428,
989743,
995176,
1.00057e+06,
1.00601e+06,
1.01141e+06,
1.01699e+06,
1.02252e+06,
1.02825e+06,
1.0338e+06,
1.0396e+06,
1.04549e+06,
1.05119e+06,
1.05691e+06,
1.0628e+06,
1.06858e+06,
1.07474e+06,
1.08077e+06,
1.08672e+06,
1.09261e+06,
1.09851e+06,
1.10456e+06,
1.11051e+06,
1.11646e+06,
1.12269e+06,
1.12882e+06,
1.1352e+06,
1.14129e+06,
1.14756e+06,
1.15367e+06,
1.16004e+06,
1.16622e+06,
1.1725e+06,
1.17889e+06,
1.18518e+06,
1.19148e+06,
1.19782e+06,
1.20428e+06,
1.21112e+06,
1.2178e+06,
1.22475e+06,
1.23164e+06,
1.23854e+06,
1.24546e+06,
1.25212e+06,
1.25921e+06,
1.26616e+06,
1.27322e+06,
1.28022e+06,
1.28718e+06,
1.29429e+06,
1.30146e+06,
1.30868e+06,
1.3162e+06,
1.32348e+06,
1.33083e+06,
1.33807e+06,
1.34539e+06,
1.35269e+06,
1.36022e+06,
1.36785e+06,
1.37536e+06,
1.38294e+06,
1.3906e+06,
1.39829e+06,
1.40591e+06,
1.41376e+06,
1.4218e+06,
1.42978e+06,
1.43757e+06,
1.44557e+06,
1.45361e+06,
1.46168e+06,
1.46995e+06,
1.47814e+06,
1.48611e+06,
1.49423e+06,
1.50258e+06,
1.51071e+06,
1.51914e+06,
1.5278e+06,
1.53636e+06,
1.54493e+06,
1.55348e+06,
1.56199e+06,
1.5704e+06,
1.57899e+06,
1.58769e+06,
1.59626e+06,
1.6048e+06,
1.61349e+06,
1.62244e+06,
1.63131e+06,
1.64046e+06,
1.64929e+06,
1.65837e+06,
1.66752e+06,
1.67676e+06,
1.68635e+06,
1.69568e+06,
1.70497e+06,
1.71408e+06,
1.72354e+06,
1.73331e+06,
1.74295e+06,
1.75274e+06,
1.76259e+06,
1.77254e+06,
1.78248e+06,
1.79218e+06,
1.80208e+06,
1.81184e+06,
1.8219e+06,
1.83193e+06,
1.84185e+06,
1.85194e+06,
1.86243e+06,
1.87287e+06,
1.88338e+06,
1.89362e+06,
1.90386e+06,
1.91406e+06,
1.92459e+06,
1.93508e+06,
1.94577e+06,
1.95646e+06,
1.96721e+06,
1.97828e+06,
1.98974e+06,
2.001e+06,
2.01245e+06,
2.0236e+06,
2.0348e+06,
2.04613e+06,
2.05741e+06,
2.06883e+06,
2.08025e+06,
2.09179e+06,
2.10357e+06,
2.11544e+06,
2.12743e+06,
2.13943e+06,
2.15137e+06,
2.16326e+06,
2.17503e+06,
2.1871e+06,
2.19931e+06,
2.21148e+06,
2.22416e+06,
2.2364e+06,
2.24932e+06,
2.26212e+06,
2.27493e+06,
2.28786e+06,
2.30073e+06,
2.31383e+06,
2.32689e+06,
2.34022e+06,
2.35357e+06,
2.36683e+06,
2.38049e+06,
2.39473e+06,
2.40833e+06,
2.42233e+06,
2.43639e+06,
2.45032e+06,
2.4642e+06,
2.47851e+06,
2.49245e+06,
2.50685e+06,
2.52136e+06,
2.53604e+06,
2.55129e+06,
2.56609e+06,
2.58103e+06,
2.59603e+06,
2.6109e+06,
2.62599e+06,
2.64105e+06,
2.65609e+06,
2.67118e+06,
2.68715e+06,
2.70328e+06,
2.71921e+06,
2.73543e+06,
2.75166e+06,
2.76812e+06,
2.78444e+06,
2.80089e+06,
2.81727e+06,
2.8343e+06,
2.85203e+06,
2.8696e+06,
2.88714e+06,
2.90472e+06,
2.92213e+06,
2.93986e+06,
2.95747e+06,
2.97528e+06,
2.99321e+06,
3.01188e+06,
3.03067e+06,
3.04936e+06,
3.068e+06,
3.08663e+06,
3.10546e+06,
3.12477e+06,
3.14415e+06,
3.16353e+06,
3.18396e+06,
3.20386e+06,
3.22369e+06,
3.24433e+06,
3.26489e+06,
3.28587e+06,
3.30687e+06,
3.32807e+06,
3.3499e+06,
3.3717e+06,
3.39349e+06,
3.41555e+06,
3.43797e+06,
3.46027e+06,
3.48308e+06,
3.50607e+06,
3.52948e+06,
3.55289e+06,
3.57681e+06,
3.60092e+06,
3.62482e+06,
3.64933e+06,
3.67349e+06,
3.69813e+06,
3.72363e+06,
3.74968e+06,
3.77537e+06,
3.80163e+06,
3.82784e+06,
3.85437e+06,
3.88075e+06,
3.90913e+06,
3.93689e+06,
3.96551e+06,
3.99407e+06,
4.02273e+06,
4.05198e+06,
4.08182e+06,
4.11209e+06,
4.14252e+06,
4.17319e+06,
4.20423e+06,
4.23546e+06,
4.26752e+06,
4.30036e+06,
4.3337e+06,
4.36729e+06,
4.40086e+06,
4.43436e+06,
4.46865e+06,
4.50356e+06,
4.54063e+06,
4.5774e+06,
4.61407e+06,
4.65113e+06,
4.68837e+06,
4.7275e+06,
4.76775e+06,
4.80827e+06,
4.84903e+06,
4.88971e+06,
4.9316e+06,
4.97521e+06,
5.01979e+06,
5.06422e+06,
5.10884e+06,
5.1544e+06,
5.20227e+06,
5.25033e+06,
5.29932e+06,
5.34832e+06,
5.39775e+06,
5.45097e+06,
5.50434e+06,
5.55785e+06,
5.61247e+06,
5.66853e+06,
5.72922e+06,
5.78973e+06,
5.85137e+06,
5.9143e+06,
5.98217e+06,
6.05211e+06,
6.12508e+06,
6.2019e+06,
6.29377e+06,
6.49345e+06,
6.65872e+06,
6.79171e+06,
6.91179e+06,
7.02306e+06,
7.12826e+06,
7.23206e+06,
7.33241e+06,
7.43158e+06,
7.53075e+06,
7.64897e+06,
7.76405e+06,
7.87031e+06,
7.97298e+06,
8.07502e+06,
8.17567e+06,
8.27812e+06,
8.38368e+06,
8.49643e+06,
8.61599e+06,
8.74623e+06,
8.87192e+06,
8.98503e+06,
9.09166e+06,
9.19613e+06,
9.29733e+06,
9.3999e+06,
9.50039e+06,
9.59766e+06,
9.69536e+06,
9.80493e+06,
9.91638e+06,
1.0018e+07,
1.01192e+07,
1.02229e+07,
1.03206e+07,
1.04154e+07,
1.05098e+07,
1.06021e+07,
1.06977e+07,
1.08086e+07,
1.09265e+07,
1.10369e+07,
1.11397e+07,
1.12381e+07,
1.13339e+07,
1.14279e+07,
1.15228e+07,
1.16174e+07,
1.17193e+07,
1.18396e+07,
1.19611e+07,
1.20691e+07,
1.21711e+07,
1.22712e+07,
1.23687e+07,
1.2465e+07,
1.25659e+07,
1.26719e+07,
1.27762e+07,
1.28868e+07,
1.30026e+07,
1.31092e+07,
1.3211e+07,
1.33104e+07,
1.34127e+07,
1.35181e+07,
1.36179e+07,
1.37151e+07,
1.38165e+07,
1.39249e+07,
1.40405e+07,
1.41503e+07,
1.42579e+07,
1.43637e+07,
1.44718e+07,
1.4572e+07,
1.46697e+07,
1.47653e+07,
1.48684e+07,
1.49798e+07,
1.50991e+07,
1.52145e+07,
1.53282e+07,
1.54358e+07,
1.55372e+07,
1.56356e+07,
1.57313e+07,
1.58278e+07,
1.59361e+07,
1.60475e+07,
1.61663e+07,
1.62884e+07,
1.63969e+07,
1.6497e+07,
1.65946e+07,
1.66922e+07,
1.67897e+07,
1.68863e+07,
1.69962e+07,
1.71081e+07,
1.72284e+07,
1.73439e+07,
1.74484e+07,
1.75505e+07,
1.76517e+07,
1.77509e+07,
1.78498e+07,
1.79535e+07,
1.80694e+07,
1.81904e+07,
1.83052e+07,
1.84189e+07,
1.85252e+07,
1.86282e+07,
1.87291e+07,
1.88293e+07,
1.89296e+07,
1.9037e+07,
1.91558e+07,
1.92664e+07,
1.93765e+07,
1.9491e+07,
1.95977e+07,
1.97004e+07,
1.98016e+07,
1.99019e+07,
2.00025e+07,
2.01201e+07,
2.02319e+07,
2.03412e+07,
2.04509e+07,
2.05648e+07,
2.06708e+07,
2.07742e+07,
2.08758e+07,
2.09791e+07,
2.10863e+07,
2.12023e+07,
2.13127e+07,
2.1423e+07,
2.15336e+07,
2.16477e+07,
2.17575e+07,
2.18655e+07,
2.19735e+07,
2.20842e+07,
2.22164e+07,
2.23408e+07,
2.24675e+07,
2.25878e+07,
2.27042e+07,
2.2822e+07,
2.29371e+07,
2.30487e+07,
2.31605e+07,
2.32786e+07,
2.34037e+07,
2.35232e+07,
2.36422e+07,
2.37592e+07,
2.38761e+07,
2.39959e+07,
2.4116e+07,
2.42308e+07,
2.4345e+07,
2.44666e+07,
2.45854e+07,
2.47017e+07,
2.48176e+07,
2.49317e+07,
2.50455e+07,
2.51604e+07,
2.5277e+07,
2.53898e+07,
2.55025e+07,
2.56188e+07,
2.57314e+07,
2.58429e+07,
2.59538e+07,
2.60644e+07,
2.6174e+07,
2.62847e+07,
2.63988e+07,
2.65096e+07,
2.66225e+07,
2.67359e+07,
2.68482e+07,
2.69583e+07,
2.70705e+07,
2.71823e+07,
2.7294e+07,
2.74062e+07,
375246,
375457,
375737,
376015,
376278,
376654,
377018,
377381,
377721,
378066,
378394,
378656,
378977,
379200,
379529,
379908,
380301,
380618,
380994,
381403,
381729,
382090,
382470,
382827,
383143,
383494,
383816,
384133,
384527,
384854,
385226,
385585,
385887,
386223,
386603,
386957,
387353,
387706,
388061,
388452,
388774,
389224,
389589,
390053,
390457,
390795,
391217,
391647,
392060,
392418,
392850,
393268,
393688,
394208,
394745,
395329,
395897,
396457,
396980,
397541,
398145,
398683,
399276,
399856,
400436,
400941,
401514,
402096,
402647,
403206,
403800,
404374,
404948,
405515,
406134,
406813,
407485,
408143,
408785,
409480,
410170,
410998,
411841,
412686,
413548,
414427,
415272,
416175,
417055,
417826,
418702,
419581,
420496,
421399,
422357,
423231,
424050,
425003,
425946,
426669,
427568,
428419,
429297,
430213,
431169,
432146,
433096,
434027,
434969,
435963,
436944,
437849,
438834,
439810,
440757,
441799,
442764,
443753,
444751,
445742,
446810,
447854,
448943,
450054,
451077,
452074,
453154,
454208,
455277,
456438,
457510,
458524,
459597,
460747,
461850,
462868,
463980,
465130,
466223,
467361,
468456,
469542,
470647,
471868,
473076,
474205,
475469,
476731,
477970,
479079,
480195,
481352,
482627,
483922,
485141,
486390,
487671,
488930,
490200,
491454,
492664,
493939,
495125,
496428,
497707,
499071,
500382,
501742,
503144,
504496,
505808,
507112,
508405,
509778,
511070,
512395,
513736,
515044,
516492,
517891,
519243,
520616,
522101,
523504,
524841,
526215,
527677,
529121,
530585,
531989,
533454,
534813,
536219,
537619,
539062,
540597,
542058,
543576,
545140,
546561,
548002,
549429,
550940,
552979,
555826,
558577,
561708,
564560,
567370,
570349,
573560,
576558,
579546,
582482,
585583,
588754,
591803,
594793,
597678,
600735,
603965,
607096,
610319,
613467,
616621,
619612,
622744,
625878,
629079,
632373,
635841,
639167,
642635,
645983,
649508,
653042,
656515,
660254,
663884,
667373,
671124,
674632,
678271,
682046,
685626,
689426,
693115,
696792,
700387,
704178,
708224,
712056,
715838,
719657,
723479,
727420,
731174,
734974,
739065,
743153,
747266,
751510,
755762,
759909,
764236,
768510,
772948,
777347,
781609,
785973,
790093,
794487,
798584,
802968,
807408,
811922,
816395,
820921,
825292,
829948,
834494,
838998,
843570,
848021,
852585,
857252,
862136,
867026,
871916,
876923,
881904,
886784,
891872,
896986,
901915,
906788,
911901,
916951,
922236,
927291,
932515,
937678,
943008,
948224,
953460,
958708,
963882,
969150,
974549,
979930,
985299,
990647,
996015,
1.00139e+06,
1.00698e+06,
1.01281e+06,
1.01848e+06,
1.02399e+06,
1.02967e+06,
1.03537e+06,
1.04122e+06,
1.04688e+06,
1.05272e+06,
1.05876e+06,
1.06486e+06,
1.07087e+06,
1.07691e+06,
1.08273e+06,
1.08882e+06,
1.09486e+06,
1.10078e+06,
1.10676e+06,
1.1128e+06,
1.11882e+06,
1.12509e+06,
1.13115e+06,
1.13744e+06,
1.1436e+06,
1.14991e+06,
1.15611e+06,
1.16214e+06,
1.16811e+06,
1.17443e+06,
1.18069e+06,
1.18743e+06,
1.19428e+06,
1.20113e+06,
1.20782e+06,
1.21484e+06,
1.22196e+06,
1.22878e+06,
1.23556e+06,
1.24247e+06,
1.24937e+06,
1.25637e+06,
1.26315e+06,
1.27003e+06,
1.27712e+06,
1.28418e+06,
1.29129e+06,
1.29833e+06,
1.30546e+06,
1.31287e+06,
1.32018e+06,
1.32734e+06,
1.33472e+06,
1.34193e+06,
1.34942e+06,
1.35669e+06,
1.36425e+06,
1.37174e+06,
1.37946e+06,
1.38717e+06,
1.39491e+06,
1.40291e+06,
1.41084e+06,
1.41886e+06,
1.42671e+06,
1.43463e+06,
1.44273e+06,
1.45084e+06,
1.4588e+06,
1.46693e+06,
1.47504e+06,
1.48309e+06,
1.49131e+06,
1.49964e+06,
1.50813e+06,
1.51654e+06,
1.52511e+06,
1.53345e+06,
1.54203e+06,
1.55048e+06,
1.55915e+06,
1.56786e+06,
1.57621e+06,
1.58466e+06,
1.59317e+06,
1.60193e+06,
1.61054e+06,
1.61929e+06,
1.62856e+06,
1.63773e+06,
1.64679e+06,
1.65593e+06,
1.66534e+06,
1.67474e+06,
1.6842e+06,
1.69353e+06,
1.70299e+06,
1.71215e+06,
1.72163e+06,
1.73121e+06,
1.74111e+06,
1.75074e+06,
1.76053e+06,
1.7703e+06,
1.78007e+06,
1.78978e+06,
1.7997e+06,
1.80946e+06,
1.81955e+06,
1.82933e+06,
1.83939e+06,
1.84954e+06,
1.86009e+06,
1.87062e+06,
1.88124e+06,
1.89141e+06,
1.90185e+06,
1.91209e+06,
1.92276e+06,
1.93369e+06,
1.94459e+06,
1.95527e+06,
1.9663e+06,
1.97744e+06,
1.98873e+06,
2.00013e+06,
2.01144e+06,
2.02262e+06,
2.03349e+06,
2.04478e+06,
2.05619e+06,
2.06734e+06,
2.07878e+06,
2.09027e+06,
2.10189e+06,
2.11401e+06,
2.12587e+06,
2.13793e+06,
2.1499e+06,
2.16184e+06,
2.17371e+06,
2.1857e+06,
2.19781e+06,
2.20989e+06,
2.22202e+06,
2.23437e+06,
2.24689e+06,
2.25981e+06,
2.27265e+06,
2.28558e+06,
2.29834e+06,
2.31155e+06,
2.3245e+06,
2.3376e+06,
2.35112e+06,
2.36473e+06,
2.37843e+06,
2.39249e+06,
2.4064e+06,
2.42044e+06,
2.43459e+06,
2.44862e+06,
2.46264e+06,
2.47674e+06,
2.49079e+06,
2.50532e+06,
2.51982e+06,
2.53446e+06,
2.54954e+06,
2.56434e+06,
2.57926e+06,
2.59464e+06,
2.60957e+06,
2.62474e+06,
2.64005e+06,
2.65551e+06,
2.6712e+06,
2.68692e+06,
2.70346e+06,
2.71983e+06,
2.73602e+06,
2.75245e+06,
2.76873e+06,
2.78506e+06,
2.80176e+06,
2.81849e+06,
2.8356e+06,
2.85255e+06,
2.87008e+06,
2.88759e+06,
2.9047e+06,
2.92224e+06,
2.93976e+06,
2.95775e+06,
2.97568e+06,
2.99381e+06,
3.01256e+06,
3.03111e+06,
3.04973e+06,
3.06861e+06,
3.08771e+06,
3.10671e+06,
3.12595e+06,
3.14517e+06,
3.16462e+06,
3.18451e+06,
3.20522e+06,
3.22583e+06,
3.24655e+06,
3.2673e+06,
3.28793e+06,
3.30887e+06,
3.33005e+06,
3.35121e+06,
3.37344e+06,
3.39595e+06,
3.41846e+06,
3.44069e+06,
3.46285e+06,
3.48523e+06,
3.50785e+06,
3.53081e+06,
3.55454e+06,
3.57858e+06,
3.60272e+06,
3.62668e+06,
3.65075e+06,
3.67484e+06,
3.6994e+06,
3.72443e+06,
3.7504e+06,
3.77633e+06,
3.80274e+06,
3.82952e+06,
3.85611e+06,
3.88285e+06,
3.91027e+06,
3.9387e+06,
3.96699e+06,
3.99518e+06,
4.02399e+06,
4.05334e+06,
4.08288e+06,
4.11285e+06,
4.14361e+06,
4.17434e+06,
4.20547e+06,
4.2367e+06,
4.2679e+06,
4.30011e+06,
4.33353e+06,
4.3677e+06,
4.40177e+06,
4.43579e+06,
4.46974e+06,
4.50481e+06,
4.54059e+06,
4.57798e+06,
4.61506e+06,
4.65279e+06,
4.69076e+06,
4.72858e+06,
4.76849e+06,
4.81002e+06,
4.85112e+06,
4.89283e+06,
4.93473e+06,
4.97728e+06,
5.02187e+06,
5.06751e+06,
5.11329e+06,
5.15953e+06,
5.20612e+06,
5.25578e+06,
5.30601e+06,
5.35662e+06,
5.40775e+06,
5.45967e+06,
5.51461e+06,
5.56956e+06,
5.62541e+06,
5.68278e+06,
5.74176e+06,
5.80504e+06,
5.86829e+06,
5.93361e+06,
6.00052e+06,
6.07404e+06,
6.14858e+06,
6.22706e+06,
6.31069e+06,
6.41816e+06,
6.64083e+06,
6.7951e+06,
6.92541e+06,
7.04552e+06,
7.157e+06,
7.26358e+06,
7.36708e+06,
7.468e+06,
7.56829e+06,
7.67002e+06,
7.79515e+06,
7.90601e+06,
8.01163e+06,
8.11459e+06,
8.21554e+06,
8.31667e+06,
8.41791e+06,
8.52109e+06,
8.62565e+06,
8.74006e+06,
8.90492e+06,
9.03982e+06,
9.16117e+06,
9.27228e+06,
9.37999e+06,
9.48412e+06,
9.58529e+06,
9.6903e+06,
9.79636e+06,
9.8994e+06,
1.00193e+07,
1.01286e+07,
1.02325e+07,
1.03329e+07,
1.04319e+07,
1.05387e+07,
1.0641e+07,
1.07388e+07,
1.08347e+07,
1.09331e+07,
1.10572e+07,
1.11689e+07,
1.12758e+07,
1.13851e+07,
1.14892e+07,
1.15887e+07,
1.16857e+07,
1.17826e+07,
1.18791e+07,
1.19795e+07,
1.21079e+07,
1.22334e+07,
1.23469e+07,
1.24518e+07,
1.25539e+07,
1.26541e+07,
1.27505e+07,
1.28505e+07,
1.29524e+07,
1.3061e+07,
1.31918e+07,
1.33112e+07,
1.34193e+07,
1.35225e+07,
1.36237e+07,
1.3725e+07,
1.3826e+07,
1.3929e+07,
1.40378e+07,
1.41438e+07,
1.42649e+07,
1.43832e+07,
1.44921e+07,
1.45984e+07,
1.47035e+07,
1.48086e+07,
1.49149e+07,
1.50232e+07,
1.51237e+07,
1.52272e+07,
1.53491e+07,
1.54717e+07,
1.5584e+07,
1.5693e+07,
1.58012e+07,
1.59143e+07,
1.60192e+07,
1.61187e+07,
1.62186e+07,
1.63259e+07,
1.64462e+07,
1.65694e+07,
1.66828e+07,
1.6795e+07,
1.69097e+07,
1.70129e+07,
1.71113e+07,
1.72103e+07,
1.73091e+07,
1.7417e+07,
1.7534e+07,
1.76562e+07,
1.77713e+07,
1.78872e+07,
1.79932e+07,
1.80962e+07,
1.81973e+07,
1.82976e+07,
1.83991e+07,
1.85137e+07,
1.86343e+07,
1.87619e+07,
1.88867e+07,
1.89975e+07,
1.91041e+07,
1.92076e+07,
1.93089e+07,
1.94096e+07,
1.95105e+07,
1.96258e+07,
1.97456e+07,
1.98799e+07,
1.99946e+07,
2.01019e+07,
2.02064e+07,
2.03082e+07,
2.04096e+07,
2.05107e+07,
2.06127e+07,
2.07315e+07,
2.08604e+07,
2.09842e+07,
2.10958e+07,
2.12029e+07,
2.13074e+07,
2.14106e+07,
2.15146e+07,
2.16175e+07,
2.17267e+07,
2.1852e+07,
2.19717e+07,
2.20921e+07,
2.22058e+07,
2.23166e+07,
2.24257e+07,
2.25342e+07,
2.26432e+07,
2.27534e+07,
2.28887e+07,
2.30426e+07,
2.31727e+07,
2.33001e+07,
2.3421e+07,
2.35368e+07,
2.36501e+07,
2.3763e+07,
2.3875e+07,
2.39905e+07,
2.41357e+07,
2.4266e+07,
2.43925e+07,
2.45214e+07,
2.46465e+07,
2.47644e+07,
2.48787e+07,
2.49919e+07,
2.51047e+07,
2.52237e+07,
2.5362e+07,
2.5485e+07,
2.56066e+07,
2.573e+07,
2.58514e+07,
2.59653e+07,
2.60777e+07,
2.61889e+07,
2.63008e+07,
2.64247e+07,
2.65423e+07,
2.66583e+07,
2.67738e+07,
2.68905e+07,
2.70076e+07,
2.71198e+07,
2.72302e+07,
2.73412e+07,
2.74545e+07,
2.75796e+07,
2.76965e+07,
2.7814e+07,
2.79311e+07,
2.80486e+07,
2.81688e+07,
2.82845e+07,
2.8399e+07,
375246,
375443,
375718,
376006,
376259,
376630,
377002,
377369,
377708,
378044,
378369,
378615,
378957,
379158,
379477,
379844,
380233,
380606,
380883,
381287,
381651,
382022,
382360,
382752,
383071,
383375,
383716,
384036,
384393,
384711,
385081,
385455,
385759,
386098,
386480,
386895,
387276,
387643,
387955,
388334,
388609,
389048,
389452,
389871,
390256,
390701,
391104,
391480,
391796,
392196,
392597,
393038,
393488,
393960,
394491,
395061,
395651,
396212,
396712,
397229,
397819,
398429,
398931,
399452,
400014,
400527,
401046,
401643,
402191,
402688,
403309,
403873,
404432,
405103,
405671,
406270,
406907,
407532,
408185,
408898,
409868,
410695,
411596,
412430,
413249,
414171,
414972,
415817,
416654,
417479,
418328,
419175,
420013,
420859,
421800,
422708,
423563,
424424,
425279,
426169,
427079,
427961,
428883,
429701,
430670,
431574,
432430,
433441,
434528,
435498,
436461,
437291,
438255,
439126,
440150,
441175,
442103,
443048,
444075,
445097,
446049,
447006,
447976,
449080,
450187,
451253,
452361,
453381,
454455,
455467,
456465,
457479,
458549,
459654,
460722,
461842,
462920,
464006,
465123,
466229,
467315,
468337,
469535,
470694,
471859,
473017,
474221,
475398,
476622,
477804,
479032,
480188,
481305,
482507,
483739,
484928,
486164,
487414,
488621,
489880,
491131,
492328,
493555,
494757,
496041,
497251,
498566,
499933,
501229,
502570,
503894,
505184,
506515,
507892,
509277,
510530,
511946,
513377,
514704,
516106,
517498,
518824,
520140,
521545,
522883,
524208,
525593,
527064,
528528,
529984,
531367,
532702,
534067,
535559,
536954,
538372,
539791,
541189,
542597,
544696,
547506,
550211,
553054,
555871,
558626,
561553,
564474,
567499,
570221,
573171,
576328,
579462,
582417,
585404,
588418,
591416,
594670,
597915,
601087,
604251,
607357,
610437,
613427,
616599,
619801,
622921,
626426,
629885,
633464,
636974,
640482,
644096,
647755,
651238,
654771,
658152,
661795,
665442,
668952,
672705,
676359,
680129,
683678,
687442,
691217,
694969,
698640,
702247,
705899,
709767,
713708,
717607,
721518,
725643,
729471,
733661,
737840,
741912,
746140,
750342,
754787,
758891,
762977,
767202,
771474,
775691,
779684,
783923,
788230,
792544,
797009,
801718,
806092,
810519,
815187,
819729,
824277,
828662,
833107,
837582,
842076,
846739,
851597,
856517,
861423,
866480,
871358,
876432,
881179,
886247,
891228,
896063,
901110,
906087,
911245,
916478,
921596,
926785,
931948,
937157,
942598,
947791,
953020,
958231,
963508,
968700,
974060,
979433,
984964,
990609,
996297,
1.00178e+06,
1.00745e+06,
1.01325e+06,
1.01884e+06,
1.02464e+06,
1.03048e+06,
1.03619e+06,
1.04202e+06,
1.04814e+06,
1.05416e+06,
1.06019e+06,
1.06614e+06,
1.07206e+06,
1.07789e+06,
1.08376e+06,
1.0895e+06,
1.09553e+06,
1.10151e+06,
1.10763e+06,
1.11373e+06,
1.11977e+06,
1.12597e+06,
1.1323e+06,
1.13859e+06,
1.14492e+06,
1.15118e+06,
1.15757e+06,
1.16405e+06,
1.1706e+06,
1.17705e+06,
1.18369e+06,
1.19046e+06,
1.19706e+06,
1.20373e+06,
1.21055e+06,
1.21752e+06,
1.22448e+06,
1.23104e+06,
1.23802e+06,
1.24491e+06,
1.25171e+06,
1.25846e+06,
1.26543e+06,
1.27238e+06,
1.27943e+06,
1.28655e+06,
1.29354e+06,
1.3009e+06,
1.30834e+06,
1.31571e+06,
1.32278e+06,
1.33009e+06,
1.33722e+06,
1.34451e+06,
1.35178e+06,
1.35929e+06,
1.36703e+06,
1.37489e+06,
1.38265e+06,
1.39045e+06,
1.39851e+06,
1.4065e+06,
1.41457e+06,
1.42254e+06,
1.43058e+06,
1.43873e+06,
1.44693e+06,
1.45489e+06,
1.46324e+06,
1.47121e+06,
1.47902e+06,
1.48697e+06,
1.49514e+06,
1.5033e+06,
1.51155e+06,
1.51968e+06,
1.52829e+06,
1.53688e+06,
1.54542e+06,
1.55411e+06,
1.56254e+06,
1.57121e+06,
1.57989e+06,
1.58845e+06,
1.59718e+06,
1.60607e+06,
1.61518e+06,
1.62448e+06,
1.63358e+06,
1.64293e+06,
1.65198e+06,
1.66126e+06,
1.67045e+06,
1.67974e+06,
1.68909e+06,
1.69842e+06,
1.70788e+06,
1.71734e+06,
1.72698e+06,
1.7368e+06,
1.74674e+06,
1.75638e+06,
1.76602e+06,
1.77576e+06,
1.78554e+06,
1.79541e+06,
1.80503e+06,
1.81504e+06,
1.82502e+06,
1.83506e+06,
1.84504e+06,
1.85535e+06,
1.86574e+06,
1.87605e+06,
1.88649e+06,
1.89698e+06,
1.90744e+06,
1.91802e+06,
1.92859e+06,
1.93932e+06,
1.95014e+06,
1.96103e+06,
1.97215e+06,
1.98324e+06,
1.99461e+06,
2.00581e+06,
2.01692e+06,
2.02824e+06,
2.0395e+06,
2.05058e+06,
2.06192e+06,
2.07325e+06,
2.08466e+06,
2.0963e+06,
2.10802e+06,
2.11998e+06,
2.13171e+06,
2.14377e+06,
2.15571e+06,
2.16781e+06,
2.17955e+06,
2.19168e+06,
2.20396e+06,
2.21633e+06,
2.22891e+06,
2.24199e+06,
2.255e+06,
2.26831e+06,
2.28165e+06,
2.29487e+06,
2.30788e+06,
2.32117e+06,
2.33434e+06,
2.34767e+06,
2.36106e+06,
2.37471e+06,
2.38815e+06,
2.40235e+06,
2.41633e+06,
2.43045e+06,
2.44435e+06,
2.45852e+06,
2.47248e+06,
2.4869e+06,
2.50089e+06,
2.51549e+06,
2.53004e+06,
2.54484e+06,
2.56019e+06,
2.57514e+06,
2.58991e+06,
2.60516e+06,
2.62033e+06,
2.63589e+06,
2.65165e+06,
2.6671e+06,
2.6829e+06,
2.69895e+06,
2.71512e+06,
2.73162e+06,
2.74776e+06,
2.76409e+06,
2.78066e+06,
2.79743e+06,
2.81425e+06,
2.83109e+06,
2.8479e+06,
2.86502e+06,
2.88276e+06,
2.90034e+06,
2.9178e+06,
2.93554e+06,
2.95344e+06,
2.97119e+06,
2.98903e+06,
3.00704e+06,
3.02551e+06,
3.04434e+06,
3.06321e+06,
3.08234e+06,
3.10164e+06,
3.12063e+06,
3.14045e+06,
3.15991e+06,
3.17983e+06,
3.19993e+06,
3.2208e+06,
3.24156e+06,
3.26243e+06,
3.28316e+06,
3.30389e+06,
3.32495e+06,
3.34647e+06,
3.3676e+06,
3.38971e+06,
3.4122e+06,
3.43441e+06,
3.45688e+06,
3.47941e+06,
3.50219e+06,
3.5248e+06,
3.54791e+06,
3.57132e+06,
3.5959e+06,
3.61983e+06,
3.64433e+06,
3.66896e+06,
3.69366e+06,
3.71865e+06,
3.74394e+06,
3.76961e+06,
3.7956e+06,
3.82252e+06,
3.84928e+06,
3.8761e+06,
3.90297e+06,
3.93028e+06,
3.95851e+06,
3.98734e+06,
4.01555e+06,
4.04446e+06,
4.07394e+06,
4.10376e+06,
4.13365e+06,
4.16426e+06,
4.19541e+06,
4.22726e+06,
4.2583e+06,
4.28993e+06,
4.32244e+06,
4.35519e+06,
4.38944e+06,
4.42339e+06,
4.45769e+06,
4.49262e+06,
4.52791e+06,
4.56436e+06,
4.60258e+06,
4.64103e+06,
4.6794e+06,
4.71771e+06,
4.75644e+06,
4.79615e+06,
4.83841e+06,
4.88037e+06,
4.92326e+06,
4.96591e+06,
5.00909e+06,
5.05379e+06,
5.10009e+06,
5.1467e+06,
5.19392e+06,
5.24174e+06,
5.29127e+06,
5.34236e+06,
5.39381e+06,
5.44596e+06,
5.49942e+06,
5.55541e+06,
5.61262e+06,
5.67055e+06,
5.72924e+06,
5.79044e+06,
5.85632e+06,
5.92247e+06,
5.99032e+06,
6.06033e+06,
6.13626e+06,
6.21506e+06,
6.29824e+06,
6.38683e+06,
6.49423e+06,
6.71007e+06,
6.87747e+06,
7.01483e+06,
7.13646e+06,
7.25155e+06,
7.36015e+06,
7.46637e+06,
7.56891e+06,
7.66986e+06,
7.77347e+06,
7.89726e+06,
8.01082e+06,
8.1181e+06,
8.22228e+06,
8.32352e+06,
8.42442e+06,
8.5264e+06,
8.62775e+06,
8.7305e+06,
8.83782e+06,
8.97117e+06,
9.11053e+06,
9.27821e+06,
9.4081e+06,
9.52484e+06,
9.63511e+06,
9.74228e+06,
9.846e+06,
9.94941e+06,
1.00601e+07,
1.01902e+07,
1.03055e+07,
1.0413e+07,
1.05174e+07,
1.06181e+07,
1.07176e+07,
1.08218e+07,
1.09294e+07,
1.10369e+07,
1.11372e+07,
1.12622e+07,
1.13793e+07,
1.14866e+07,
1.15932e+07,
1.16989e+07,
1.1806e+07,
1.19127e+07,
1.20144e+07,
1.21135e+07,
1.22134e+07,
1.234e+07,
1.24635e+07,
1.25775e+07,
1.26907e+07,
1.28056e+07,
1.29096e+07,
1.30099e+07,
1.31106e+07,
1.32128e+07,
1.33173e+07,
1.34445e+07,
1.35702e+07,
1.36938e+07,
1.38038e+07,
1.39085e+07,
1.40124e+07,
1.41155e+07,
1.42189e+07,
1.43217e+07,
1.44272e+07,
1.45602e+07,
1.4691e+07,
1.48031e+07,
1.49121e+07,
1.50185e+07,
1.5124e+07,
1.52281e+07,
1.53332e+07,
1.54408e+07,
1.55566e+07,
1.56848e+07,
1.58114e+07,
1.59253e+07,
1.60356e+07,
1.61434e+07,
1.62508e+07,
1.63578e+07,
1.64683e+07,
1.65848e+07,
1.66889e+07,
1.68148e+07,
1.6942e+07,
1.70563e+07,
1.71667e+07,
1.72757e+07,
1.73836e+07,
1.74991e+07,
1.76107e+07,
1.77111e+07,
1.78125e+07,
1.7935e+07,
1.80598e+07,
1.81738e+07,
1.82842e+07,
1.83953e+07,
1.85139e+07,
1.86227e+07,
1.87259e+07,
1.88291e+07,
1.89337e+07,
1.90611e+07,
1.91895e+07,
1.93076e+07,
1.94254e+07,
1.95503e+07,
1.96615e+07,
1.9767e+07,
1.98699e+07,
1.99725e+07,
2.00775e+07,
2.02015e+07,
2.03315e+07,
2.04517e+07,
2.05772e+07,
2.06893e+07,
2.0795e+07,
2.08981e+07,
2.10017e+07,
2.11035e+07,
2.12107e+07,
2.1337e+07,
2.14681e+07,
2.15966e+07,
2.17157e+07,
2.18237e+07,
2.19292e+07,
2.20346e+07,
2.21395e+07,
2.2245e+07,
2.23579e+07,
2.24829e+07,
2.26168e+07,
2.27435e+07,
2.2857e+07,
2.29692e+07,
2.30799e+07,
2.31901e+07,
2.3302e+07,
2.34164e+07,
2.35518e+07,
2.37072e+07,
2.38707e+07,
2.39986e+07,
2.41201e+07,
2.42385e+07,
2.43541e+07,
2.44695e+07,
2.45847e+07,
2.4701e+07,
2.48359e+07,
2.49968e+07,
2.51462e+07,
2.52742e+07,
2.53957e+07,
2.55148e+07,
2.56313e+07,
2.57471e+07,
2.58617e+07,
2.59775e+07,
2.61166e+07,
2.62703e+07,
2.64056e+07,
2.65281e+07,
2.66464e+07,
2.67614e+07,
2.68763e+07,
2.69899e+07,
2.71026e+07,
2.72161e+07,
2.73534e+07,
2.74814e+07,
2.76053e+07,
2.77216e+07,
2.78361e+07,
2.79508e+07,
2.80659e+07,
2.81803e+07,
2.82943e+07,
2.84115e+07,
2.85565e+07,
2.8682e+07,
2.88092e+07,
2.89286e+07,
2.90453e+07,
2.91619e+07,
2.92815e+07,
2.94009e+07,
375246,
375444,
375718,
376003,
376235,
376620,
376967,
377365,
377714,
378001,
378324,
378588,
378899,
379093,
379377,
379780,
380162,
380512,
380836,
381146,
381572,
381931,
382308,
382687,
382978,
383265,
383656,
383975,
384278,
384591,
384964,
385317,
385605,
385946,
386312,
386698,
387061,
387460,
387832,
388109,
388506,
388884,
389290,
389759,
390121,
390489,
390828,
391198,
391543,
391949,
392345,
392774,
393213,
393660,
394198,
394753,
395322,
395880,
396446,
396902,
397443,
397996,
398561,
399060,
399542,
400075,
400575,
401106,
401705,
402229,
402791,
403309,
403915,
404537,
405145,
405747,
406431,
407052,
407876,
408703,
409554,
410361,
411158,
412051,
412921,
413710,
414488,
415385,
416241,
417043,
417857,
418700,
419548,
420413,
421260,
422124,
422951,
423791,
424732,
425557,
426425,
427272,
428151,
429070,
429994,
430954,
431918,
432837,
433816,
434791,
435621,
436563,
437494,
438401,
439337,
440294,
441185,
442088,
443140,
444148,
445110,
446065,
447086,
448146,
449161,
450216,
451296,
452317,
453363,
454408,
455370,
456368,
457395,
458515,
459689,
460785,
461816,
462880,
463958,
465121,
466213,
467283,
468408,
469488,
470622,
471716,
472888,
474070,
475311,
476502,
477688,
478830,
479957,
481149,
482385,
483566,
484722,
485977,
487128,
488396,
489571,
490736,
491905,
493074,
494274,
495543,
496800,
498076,
499384,
500725,
502034,
503378,
504669,
505949,
507235,
508581,
510014,
511492,
512735,
514076,
515444,
516689,
518086,
519342,
520754,
522120,
523517,
524912,
526243,
527590,
528933,
530314,
531652,
533050,
534525,
536115,
538812,
541546,
544271,
547065,
549879,
552645,
555547,
558376,
561196,
564070,
567035,
569995,
572979,
575838,
578812,
581654,
584801,
588096,
591167,
594208,
597249,
600182,
603345,
606526,
609755,
613092,
616501,
620065,
623406,
626990,
630553,
634151,
637999,
641579,
645127,
648601,
652111,
655606,
659062,
662678,
666147,
669967,
673825,
677650,
681316,
684961,
688579,
692317,
695762,
699616,
703369,
707165,
711138,
715338,
719457,
723664,
727717,
731750,
735902,
740100,
744244,
748391,
752552,
756743,
760926,
765106,
769367,
773742,
777874,
782119,
786570,
791083,
795453,
799852,
804253,
808740,
813142,
817401,
821824,
826349,
831140,
835836,
840664,
845502,
850420,
855437,
860422,
865353,
870094,
875032,
879970,
884906,
889805,
894679,
899619,
904871,
910060,
915080,
920300,
925429,
930845,
935987,
941206,
946355,
951619,
956894,
961980,
967333,
972994,
978788,
984454,
990187,
995926,
1.00177e+06,
1.0074e+06,
1.01313e+06,
1.01878e+06,
1.02451e+06,
1.03034e+06,
1.03627e+06,
1.04203e+06,
1.04793e+06,
1.05399e+06,
1.05981e+06,
1.06566e+06,
1.07159e+06,
1.0774e+06,
1.08339e+06,
1.0893e+06,
1.09526e+06,
1.10144e+06,
1.10757e+06,
1.11356e+06,
1.1199e+06,
1.12624e+06,
1.13242e+06,
1.13873e+06,
1.14528e+06,
1.15176e+06,
1.15829e+06,
1.16487e+06,
1.1713e+06,
1.17782e+06,
1.18442e+06,
1.19119e+06,
1.19772e+06,
1.20451e+06,
1.21153e+06,
1.2184e+06,
1.22539e+06,
1.23226e+06,
1.23907e+06,
1.2461e+06,
1.2531e+06,
1.26008e+06,
1.26698e+06,
1.27383e+06,
1.28082e+06,
1.28782e+06,
1.29505e+06,
1.30212e+06,
1.30941e+06,
1.31652e+06,
1.32382e+06,
1.33109e+06,
1.33866e+06,
1.34603e+06,
1.35362e+06,
1.36132e+06,
1.36905e+06,
1.37694e+06,
1.38468e+06,
1.39265e+06,
1.40056e+06,
1.40871e+06,
1.41676e+06,
1.42468e+06,
1.43253e+06,
1.44044e+06,
1.4485e+06,
1.45649e+06,
1.4646e+06,
1.47262e+06,
1.48075e+06,
1.48879e+06,
1.49687e+06,
1.50526e+06,
1.5137e+06,
1.52176e+06,
1.53028e+06,
1.53866e+06,
1.54718e+06,
1.55575e+06,
1.56464e+06,
1.57354e+06,
1.58234e+06,
1.59108e+06,
1.5998e+06,
1.60863e+06,
1.61801e+06,
1.62716e+06,
1.6363e+06,
1.64569e+06,
1.65488e+06,
1.66404e+06,
1.67308e+06,
1.68242e+06,
1.69141e+06,
1.70076e+06,
1.71007e+06,
1.71987e+06,
1.72937e+06,
1.73925e+06,
1.74921e+06,
1.75882e+06,
1.76853e+06,
1.77794e+06,
1.78756e+06,
1.79712e+06,
1.80707e+06,
1.81688e+06,
1.82679e+06,
1.83661e+06,
1.8469e+06,
1.85752e+06,
1.86809e+06,
1.87879e+06,
1.88942e+06,
1.89979e+06,
1.91042e+06,
1.92105e+06,
1.93182e+06,
1.94254e+06,
1.95318e+06,
1.96406e+06,
1.97511e+06,
1.9862e+06,
1.99727e+06,
2.00867e+06,
2.02034e+06,
2.03158e+06,
2.04304e+06,
2.05414e+06,
2.06577e+06,
2.07733e+06,
2.08869e+06,
2.10035e+06,
2.11222e+06,
2.12419e+06,
2.13634e+06,
2.14849e+06,
2.16059e+06,
2.17301e+06,
2.18523e+06,
2.1973e+06,
2.20961e+06,
2.22221e+06,
2.23476e+06,
2.24738e+06,
2.26045e+06,
2.27346e+06,
2.28654e+06,
2.30017e+06,
2.3134e+06,
2.32655e+06,
2.33982e+06,
2.35311e+06,
2.36659e+06,
2.38029e+06,
2.39396e+06,
2.40783e+06,
2.42193e+06,
2.43583e+06,
2.44994e+06,
2.4639e+06,
2.47793e+06,
2.4923e+06,
2.50666e+06,
2.5209e+06,
2.5356e+06,
2.55042e+06,
2.5657e+06,
2.58121e+06,
2.59666e+06,
2.6122e+06,
2.6276e+06,
2.64318e+06,
2.65873e+06,
2.67452e+06,
2.69027e+06,
2.70635e+06,
2.72265e+06,
2.73937e+06,
2.75583e+06,
2.77204e+06,
2.78838e+06,
2.80484e+06,
2.82189e+06,
2.83864e+06,
2.85547e+06,
2.87251e+06,
2.89006e+06,
2.90785e+06,
2.9254e+06,
2.9432e+06,
2.96078e+06,
2.97866e+06,
2.99704e+06,
3.01534e+06,
3.03411e+06,
3.05289e+06,
3.07224e+06,
3.09166e+06,
3.11059e+06,
3.13006e+06,
3.14943e+06,
3.16912e+06,
3.18917e+06,
3.2089e+06,
3.22924e+06,
3.25034e+06,
3.27086e+06,
3.29203e+06,
3.31288e+06,
3.33429e+06,
3.35557e+06,
3.37714e+06,
3.39879e+06,
3.42126e+06,
3.44386e+06,
3.4662e+06,
3.48896e+06,
3.51164e+06,
3.53434e+06,
3.55767e+06,
3.58098e+06,
3.60519e+06,
3.62961e+06,
3.65427e+06,
3.67914e+06,
3.70423e+06,
3.72963e+06,
3.75488e+06,
3.78038e+06,
3.80701e+06,
3.83357e+06,
3.86057e+06,
3.88742e+06,
3.91485e+06,
3.94194e+06,
3.97002e+06,
3.99861e+06,
4.02707e+06,
4.0562e+06,
4.0857e+06,
4.11518e+06,
4.1448e+06,
4.1751e+06,
4.20653e+06,
4.23799e+06,
4.26963e+06,
4.30187e+06,
4.33448e+06,
4.36759e+06,
4.40118e+06,
4.43616e+06,
4.47102e+06,
4.50632e+06,
4.54177e+06,
4.57817e+06,
4.61523e+06,
4.65424e+06,
4.69281e+06,
4.73188e+06,
4.77097e+06,
4.81082e+06,
4.8514e+06,
4.89456e+06,
4.93786e+06,
4.98118e+06,
5.02486e+06,
5.06913e+06,
5.11528e+06,
5.1625e+06,
5.21064e+06,
5.25877e+06,
5.30777e+06,
5.35887e+06,
5.41141e+06,
5.46438e+06,
5.51833e+06,
5.57397e+06,
5.63237e+06,
5.69194e+06,
5.75263e+06,
5.81458e+06,
5.87869e+06,
5.9484e+06,
6.01825e+06,
6.09045e+06,
6.16588e+06,
6.24907e+06,
6.33363e+06,
6.42483e+06,
6.52461e+06,
6.65596e+06,
6.89593e+06,
7.05198e+06,
7.18429e+06,
7.30505e+06,
7.41793e+06,
7.52722e+06,
7.63284e+06,
7.73748e+06,
7.84133e+06,
7.9489e+06,
8.07805e+06,
8.18924e+06,
8.29561e+06,
8.39934e+06,
8.50063e+06,
8.60302e+06,
8.70403e+06,
8.80619e+06,
8.91085e+06,
9.02073e+06,
9.15775e+06,
9.28029e+06,
9.4225e+06,
9.58588e+06,
9.73771e+06,
9.85686e+06,
9.96907e+06,
1.00772e+07,
1.01841e+07,
1.02971e+07,
1.04303e+07,
1.05549e+07,
1.06657e+07,
1.07721e+07,
1.08748e+07,
1.09763e+07,
1.10819e+07,
1.11881e+07,
1.12962e+07,
1.14175e+07,
1.15542e+07,
1.16683e+07,
1.17761e+07,
1.1884e+07,
1.19899e+07,
1.20944e+07,
1.22012e+07,
1.23145e+07,
1.24206e+07,
1.25278e+07,
1.26641e+07,
1.27825e+07,
1.28948e+07,
1.30038e+07,
1.31141e+07,
1.32285e+07,
1.3341e+07,
1.34467e+07,
1.35518e+07,
1.36613e+07,
1.37966e+07,
1.39161e+07,
1.40308e+07,
1.41464e+07,
1.42686e+07,
1.43753e+07,
1.44801e+07,
1.45863e+07,
1.46924e+07,
1.48025e+07,
1.49407e+07,
1.50631e+07,
1.5191e+07,
1.53052e+07,
1.54127e+07,
1.55193e+07,
1.5625e+07,
1.57312e+07,
1.58387e+07,
1.59516e+07,
1.61015e+07,
1.62367e+07,
1.63509e+07,
1.6462e+07,
1.65705e+07,
1.66785e+07,
1.67859e+07,
1.68957e+07,
1.70102e+07,
1.71345e+07,
1.72824e+07,
1.74033e+07,
1.75172e+07,
1.76281e+07,
1.77369e+07,
1.78463e+07,
1.79572e+07,
1.80701e+07,
1.81912e+07,
1.83007e+07,
1.84357e+07,
1.85538e+07,
1.86663e+07,
1.87777e+07,
1.88885e+07,
1.90003e+07,
1.91139e+07,
1.92334e+07,
1.93437e+07,
1.9453e+07,
1.95937e+07,
1.97165e+07,
1.98341e+07,
1.99495e+07,
2.00647e+07,
2.01833e+07,
2.03058e+07,
2.04155e+07,
2.05222e+07,
2.06295e+07,
2.0769e+07,
2.08923e+07,
2.10096e+07,
2.11255e+07,
2.12444e+07,
2.13666e+07,
2.14767e+07,
2.15827e+07,
2.16889e+07,
2.17983e+07,
2.19393e+07,
2.20625e+07,
2.2183e+07,
2.23042e+07,
2.24284e+07,
2.25431e+07,
2.26512e+07,
2.27595e+07,
2.28673e+07,
2.29801e+07,
2.31157e+07,
2.32403e+07,
2.33633e+07,
2.34892e+07,
2.36094e+07,
2.3724e+07,
2.38407e+07,
2.39578e+07,
2.40757e+07,
2.42106e+07,
2.43726e+07,
2.45184e+07,
2.46698e+07,
2.48058e+07,
2.49282e+07,
2.50498e+07,
2.51728e+07,
2.52933e+07,
2.54138e+07,
2.55458e+07,
2.57116e+07,
2.58666e+07,
2.60102e+07,
2.61384e+07,
2.62582e+07,
2.6379e+07,
2.65024e+07,
2.66245e+07,
2.67445e+07,
2.6877e+07,
2.70395e+07,
2.71917e+07,
2.73247e+07,
2.74442e+07,
2.75607e+07,
2.76767e+07,
2.77952e+07,
2.7916e+07,
2.80324e+07,
2.81594e+07,
2.83102e+07,
2.84434e+07,
2.85645e+07,
2.86786e+07,
2.87923e+07,
2.89075e+07,
2.9026e+07,
2.91538e+07,
2.92741e+07,
2.94095e+07,
2.95705e+07,
2.97058e+07,
2.98269e+07,
2.99435e+07,
3.00594e+07,
3.01768e+07,
3.02975e+07,
3.04301e+07,
375246,
375448,
375708,
375983,
376215,
376582,
376964,
377357,
377671,
377967,
378278,
378577,
378830,
379088,
379345,
379704,
380070,
380370,
380755,
381105,
381481,
381814,
382162,
382559,
382869,
383141,
383499,
383846,
384177,
384503,
384834,
385140,
385445,
385800,
386144,
386566,
386882,
387277,
387598,
388000,
388324,
388750,
389129,
389549,
389899,
390251,
390573,
390984,
391348,
391737,
392110,
392487,
392944,
393405,
393923,
394476,
395023,
395526,
396071,
396585,
397120,
397636,
398154,
398679,
399149,
399649,
400142,
400690,
401186,
401724,
402249,
402818,
403461,
404025,
404671,
405260,
405942,
406736,
407592,
408373,
409223,
410007,
410879,
411665,
412447,
413215,
414052,
414874,
415763,
416598,
417387,
418176,
419030,
419845,
420670,
421519,
422382,
423200,
424061,
424984,
425861,
426722,
427576,
428411,
429216,
430175,
431062,
432066,
432926,
433918,
434809,
435643,
436559,
437455,
438473,
439374,
440305,
441232,
442190,
443249,
444219,
445166,
446139,
447199,
448282,
449286,
450261,
451273,
452238,
453213,
454320,
455243,
456337,
457460,
458504,
459588,
460576,
461671,
462789,
463856,
465006,
466017,
467027,
468061,
469241,
470405,
471621,
472754,
473897,
475052,
476128,
477181,
478322,
479504,
480641,
481793,
482951,
484137,
485352,
486517,
487628,
488707,
489959,
491206,
492455,
493667,
494899,
496130,
497396,
498774,
500056,
501422,
502720,
503976,
505248,
506573,
507873,
509210,
510438,
511742,
513125,
514414,
515802,
517068,
518363,
519771,
521191,
522550,
523830,
525156,
526449,
527789,
529644,
532449,
535209,
537894,
540820,
543637,
546484,
549168,
551895,
554773,
557642,
560494,
563456,
566276,
569186,
572134,
574974,
577904,
580942,
584138,
587161,
590157,
593255,
596434,
599656,
602851,
606130,
609471,
612917,
616374,
619791,
623240,
626959,
630704,
634298,
637943,
641365,
644893,
648399,
651933,
655542,
659295,
663252,
667132,
670981,
674721,
678244,
681685,
685488,
689129,
692760,
696342,
700490,
704632,
708661,
712969,
716958,
720885,
724979,
729068,
733238,
737325,
741512,
745828,
750058,
754377,
758635,
762915,
767152,
771293,
775543,
779679,
783890,
788311,
792766,
797147,
801577,
806003,
810520,
814894,
819672,
824465,
829260,
833979,
838829,
843766,
848778,
853594,
858507,
863345,
868035,
872903,
877901,
882789,
887618,
892790,
897800,
902991,
908166,
913398,
918401,
923627,
928685,
933924,
939217,
944334,
949660,
955016,
960608,
966292,
971997,
977817,
983388,
989071,
994834,
1.00048e+06,
1.00617e+06,
1.01183e+06,
1.01742e+06,
1.02309e+06,
1.0288e+06,
1.03462e+06,
1.04051e+06,
1.04644e+06,
1.05238e+06,
1.05837e+06,
1.0644e+06,
1.0703e+06,
1.07611e+06,
1.08208e+06,
1.08799e+06,
1.09402e+06,
1.10007e+06,
1.10617e+06,
1.11251e+06,
1.11893e+06,
1.12543e+06,
1.13189e+06,
1.13822e+06,
1.14462e+06,
1.15108e+06,
1.15773e+06,
1.16415e+06,
1.17087e+06,
1.17752e+06,
1.18429e+06,
1.19096e+06,
1.19762e+06,
1.20449e+06,
1.21124e+06,
1.21816e+06,
1.22516e+06,
1.23199e+06,
1.23887e+06,
1.24567e+06,
1.25265e+06,
1.25956e+06,
1.26653e+06,
1.27344e+06,
1.28044e+06,
1.28749e+06,
1.29442e+06,
1.30162e+06,
1.30898e+06,
1.31662e+06,
1.32415e+06,
1.33167e+06,
1.33933e+06,
1.34686e+06,
1.35438e+06,
1.36183e+06,
1.36941e+06,
1.37719e+06,
1.38492e+06,
1.39261e+06,
1.40078e+06,
1.40874e+06,
1.41667e+06,
1.42444e+06,
1.43245e+06,
1.44039e+06,
1.44856e+06,
1.45659e+06,
1.46453e+06,
1.47271e+06,
1.48078e+06,
1.48901e+06,
1.49712e+06,
1.50555e+06,
1.51389e+06,
1.52211e+06,
1.5305e+06,
1.539e+06,
1.5475e+06,
1.55612e+06,
1.56473e+06,
1.57357e+06,
1.58227e+06,
1.59098e+06,
1.59985e+06,
1.60862e+06,
1.61793e+06,
1.62726e+06,
1.63645e+06,
1.64575e+06,
1.65506e+06,
1.66426e+06,
1.67329e+06,
1.68239e+06,
1.69144e+06,
1.70052e+06,
1.70955e+06,
1.71896e+06,
1.72876e+06,
1.73849e+06,
1.74826e+06,
1.75778e+06,
1.76761e+06,
1.77738e+06,
1.78711e+06,
1.79673e+06,
1.80692e+06,
1.81718e+06,
1.82722e+06,
1.83755e+06,
1.8479e+06,
1.85868e+06,
1.86923e+06,
1.87972e+06,
1.89019e+06,
1.90092e+06,
1.91166e+06,
1.92242e+06,
1.93277e+06,
1.94365e+06,
1.95471e+06,
1.96555e+06,
1.97639e+06,
1.98754e+06,
1.99867e+06,
2.00995e+06,
2.02108e+06,
2.03231e+06,
2.0439e+06,
2.0555e+06,
2.06699e+06,
2.07843e+06,
2.08988e+06,
2.1013e+06,
2.11295e+06,
2.12512e+06,
2.13725e+06,
2.14959e+06,
2.1618e+06,
2.17441e+06,
2.18687e+06,
2.19944e+06,
2.21196e+06,
2.22444e+06,
2.2369e+06,
2.24973e+06,
2.26265e+06,
2.27588e+06,
2.28896e+06,
2.30204e+06,
2.31524e+06,
2.32844e+06,
2.34163e+06,
2.35529e+06,
2.36881e+06,
2.38206e+06,
2.39557e+06,
2.40942e+06,
2.42357e+06,
2.43751e+06,
2.45147e+06,
2.4657e+06,
2.48018e+06,
2.49437e+06,
2.50914e+06,
2.52385e+06,
2.53853e+06,
2.55351e+06,
2.56837e+06,
2.58383e+06,
2.59921e+06,
2.61477e+06,
2.63008e+06,
2.64564e+06,
2.6613e+06,
2.67739e+06,
2.69314e+06,
2.70902e+06,
2.72498e+06,
2.74156e+06,
2.75835e+06,
2.7748e+06,
2.79121e+06,
2.80806e+06,
2.82462e+06,
2.84162e+06,
2.85871e+06,
2.8757e+06,
2.8931e+06,
2.91105e+06,
2.92882e+06,
2.94654e+06,
2.96483e+06,
2.98284e+06,
3.00079e+06,
3.01916e+06,
3.03767e+06,
3.05644e+06,
3.07562e+06,
3.09519e+06,
3.11459e+06,
3.13379e+06,
3.15328e+06,
3.17315e+06,
3.19312e+06,
3.21308e+06,
3.23328e+06,
3.25386e+06,
3.27509e+06,
3.29586e+06,
3.31663e+06,
3.3379e+06,
3.3588e+06,
3.38022e+06,
3.40211e+06,
3.42413e+06,
3.44657e+06,
3.46898e+06,
3.49171e+06,
3.51465e+06,
3.53783e+06,
3.56121e+06,
3.58495e+06,
3.60877e+06,
3.63311e+06,
3.65794e+06,
3.683e+06,
3.70792e+06,
3.73297e+06,
3.75838e+06,
3.78373e+06,
3.8097e+06,
3.83695e+06,
3.86372e+06,
3.89029e+06,
3.91759e+06,
3.94507e+06,
3.97296e+06,
4.0012e+06,
4.02986e+06,
4.0592e+06,
4.08857e+06,
4.11827e+06,
4.1481e+06,
4.17803e+06,
4.20837e+06,
4.23968e+06,
4.27143e+06,
4.30372e+06,
4.33638e+06,
4.36942e+06,
4.40337e+06,
4.43734e+06,
4.47303e+06,
4.50819e+06,
4.54428e+06,
4.58027e+06,
4.61744e+06,
4.65504e+06,
4.69393e+06,
4.73353e+06,
4.7731e+06,
4.81297e+06,
4.85307e+06,
4.89407e+06,
4.93734e+06,
4.98156e+06,
5.02537e+06,
5.06946e+06,
5.11458e+06,
5.16101e+06,
5.20948e+06,
5.25808e+06,
5.30789e+06,
5.35749e+06,
5.40889e+06,
5.4628e+06,
5.51754e+06,
5.57319e+06,
5.62952e+06,
5.68959e+06,
5.75086e+06,
5.81393e+06,
5.87755e+06,
5.94323e+06,
6.0154e+06,
6.0887e+06,
6.16431e+06,
6.24395e+06,
6.33017e+06,
6.42105e+06,
6.51819e+06,
6.62454e+06,
6.76438e+06,
7.01489e+06,
7.17725e+06,
7.31253e+06,
7.43421e+06,
7.54927e+06,
7.66024e+06,
7.76746e+06,
7.87335e+06,
7.97926e+06,
8.08968e+06,
8.22017e+06,
8.33302e+06,
8.44039e+06,
8.54451e+06,
8.64573e+06,
8.74844e+06,
8.851e+06,
8.95402e+06,
9.05942e+06,
9.17129e+06,
9.30777e+06,
9.42645e+06,
9.55597e+06,
9.69084e+06,
9.83338e+06,
9.99816e+06,
1.01597e+07,
1.02763e+07,
1.03875e+07,
1.05039e+07,
1.06384e+07,
1.07574e+07,
1.08726e+07,
1.09936e+07,
1.11041e+07,
1.12087e+07,
1.13162e+07,
1.14235e+07,
1.15319e+07,
1.16467e+07,
1.17906e+07,
1.19216e+07,
1.20371e+07,
1.21464e+07,
1.22534e+07,
1.23593e+07,
1.24656e+07,
1.25738e+07,
1.26849e+07,
1.28078e+07,
1.29526e+07,
1.30723e+07,
1.31848e+07,
1.32941e+07,
1.3403e+07,
1.3512e+07,
1.3624e+07,
1.37456e+07,
1.38643e+07,
1.3978e+07,
1.41156e+07,
1.4235e+07,
1.43492e+07,
1.4462e+07,
1.45776e+07,
1.4697e+07,
1.4818e+07,
1.49296e+07,
1.50383e+07,
1.51516e+07,
1.52918e+07,
1.54143e+07,
1.55333e+07,
1.56523e+07,
1.57751e+07,
1.58906e+07,
1.59987e+07,
1.61085e+07,
1.62187e+07,
1.63356e+07,
1.64822e+07,
1.66112e+07,
1.67402e+07,
1.68628e+07,
1.69767e+07,
1.70868e+07,
1.71971e+07,
1.73095e+07,
1.74237e+07,
1.75429e+07,
1.76935e+07,
1.78307e+07,
1.79538e+07,
1.80676e+07,
1.81784e+07,
1.82889e+07,
1.84005e+07,
1.85131e+07,
1.86282e+07,
1.8752e+07,
1.88985e+07,
1.90241e+07,
1.91392e+07,
1.9251e+07,
1.93632e+07,
1.94747e+07,
1.9588e+07,
1.97035e+07,
1.98276e+07,
1.99495e+07,
2.00996e+07,
2.02244e+07,
2.03416e+07,
2.04565e+07,
2.05702e+07,
2.06856e+07,
2.08043e+07,
2.09305e+07,
2.10515e+07,
2.11728e+07,
2.13153e+07,
2.14384e+07,
2.15553e+07,
2.16697e+07,
2.17844e+07,
2.19017e+07,
2.20252e+07,
2.21463e+07,
2.22666e+07,
2.23827e+07,
2.2526e+07,
2.26502e+07,
2.2768e+07,
2.28847e+07,
2.30035e+07,
2.31279e+07,
2.32466e+07,
2.33672e+07,
2.34855e+07,
2.36012e+07,
2.37396e+07,
2.38643e+07,
2.39841e+07,
2.41051e+07,
2.42295e+07,
2.43521e+07,
2.44755e+07,
2.46027e+07,
2.47337e+07,
2.48655e+07,
2.50374e+07,
2.51823e+07,
2.53214e+07,
2.54663e+07,
2.56028e+07,
2.57346e+07,
2.58604e+07,
2.59867e+07,
2.61272e+07,
2.62628e+07,
2.6436e+07,
2.65837e+07,
2.67276e+07,
2.68701e+07,
2.70013e+07,
2.7128e+07,
2.72524e+07,
2.73748e+07,
2.75073e+07,
2.76541e+07,
2.78237e+07,
2.79719e+07,
2.81164e+07,
2.82483e+07,
2.83742e+07,
2.84964e+07,
2.8615e+07,
2.87334e+07,
2.88562e+07,
2.89959e+07,
2.91518e+07,
2.92922e+07,
2.94239e+07,
2.95483e+07,
2.96693e+07,
2.97888e+07,
2.99053e+07,
3.0025e+07,
3.0152e+07,
3.03006e+07,
3.04755e+07,
3.06285e+07,
3.07628e+07,
3.08922e+07,
3.10181e+07,
3.11407e+07,
3.12617e+07,
3.13858e+07,
3.15168e+07,
375246,
375454,
375692,
375956,
376194,
376552,
376917,
377352,
377628,
377926,
378210,
378508,
378843,
379064,
379313,
379647,
379982,
380277,
380637,
381016,
381432,
381740,
382074,
382418,
382753,
383040,
383352,
383730,
384048,
384388,
384677,
384950,
385326,
385647,
386028,
386401,
386727,
387030,
387425,
387822,
388218,
388547,
388866,
389235,
389642,
389986,
390332,
390724,
391083,
391481,
391824,
392195,
392613,
393055,
393549,
394124,
394630,
395179,
395735,
396216,
396797,
397329,
397834,
398316,
398800,
399336,
399826,
400312,
400815,
401288,
401811,
402341,
402893,
403515,
404103,
404834,
405665,
406383,
407211,
408050,
408788,
409612,
410384,
411197,
411964,
412841,
413569,
414401,
415244,
416054,
416933,
417660,
418422,
419303,
420147,
420944,
421803,
422675,
423568,
424499,
425356,
426092,
426914,
427822,
428668,
429537,
430427,
431308,
432166,
433041,
433970,
434855,
435792,
436735,
437577,
438546,
439415,
440298,
441223,
442277,
443275,
444211,
445214,
446196,
447162,
448229,
449266,
450195,
451171,
452183,
453100,
454107,
455165,
456349,
457314,
458464,
459477,
460491,
461479,
462478,
463424,
464496,
465662,
466827,
467876,
469010,
470048,
471227,
472365,
473446,
474570,
475604,
476746,
477860,
479018,
480124,
481299,
482418,
483627,
484766,
485948,
487043,
488186,
489378,
490619,
491818,
493023,
494313,
495528,
496791,
497990,
499156,
500489,
501775,
503087,
504430,
505707,
506916,
508101,
509395,
510718,
511931,
513187,
514535,
515909,
517274,
518651,
520006,
521275,
523113,
525787,
528474,
531025,
533761,
536654,
539392,
542115,
545018,
547957,
550747,
553457,
556286,
559180,
562125,
565231,
568092,
571022,
573933,
576890,
579950,
583054,
586145,
589138,
592304,
595484,
598787,
602240,
605646,
609114,
612600,
616158,
619658,
623295,
627065,
630600,
634103,
637646,
641129,
644521,
648110,
651672,
655339,
659089,
662860,
666556,
670388,
673929,
677508,
681225,
685013,
688766,
692981,
697065,
701136,
705336,
709491,
713639,
717682,
721748,
725794,
729835,
734131,
738474,
742811,
746998,
751321,
755631,
759886,
764120,
768252,
772298,
776265,
780662,
785061,
789659,
794137,
798707,
803291,
807976,
812678,
817372,
822134,
826721,
831445,
836470,
841304,
845983,
850862,
855678,
860593,
865488,
870424,
875229,
880276,
885300,
890345,
895300,
900483,
905536,
910830,
915873,
921024,
926197,
931435,
936509,
942119,
947534,
953124,
958680,
964196,
969966,
975575,
981194,
986705,
992237,
998006,
1.00367e+06,
1.00955e+06,
1.01535e+06,
1.02115e+06,
1.02709e+06,
1.03282e+06,
1.0386e+06,
1.04451e+06,
1.05036e+06,
1.05621e+06,
1.06211e+06,
1.068e+06,
1.07388e+06,
1.0797e+06,
1.08561e+06,
1.09151e+06,
1.09755e+06,
1.10368e+06,
1.11017e+06,
1.11673e+06,
1.12328e+06,
1.12997e+06,
1.13644e+06,
1.14285e+06,
1.1493e+06,
1.15596e+06,
1.16262e+06,
1.16918e+06,
1.17587e+06,
1.18247e+06,
1.18908e+06,
1.19577e+06,
1.20249e+06,
1.20933e+06,
1.21616e+06,
1.2229e+06,
1.22966e+06,
1.23659e+06,
1.24359e+06,
1.2505e+06,
1.25731e+06,
1.2644e+06,
1.27152e+06,
1.27845e+06,
1.28555e+06,
1.29279e+06,
1.30039e+06,
1.30768e+06,
1.31517e+06,
1.32276e+06,
1.3303e+06,
1.3379e+06,
1.34535e+06,
1.35293e+06,
1.36046e+06,
1.36805e+06,
1.37564e+06,
1.38309e+06,
1.39083e+06,
1.3989e+06,
1.40683e+06,
1.41475e+06,
1.42282e+06,
1.43088e+06,
1.43867e+06,
1.44666e+06,
1.45468e+06,
1.4628e+06,
1.47077e+06,
1.47865e+06,
1.4868e+06,
1.49465e+06,
1.50304e+06,
1.5115e+06,
1.52e+06,
1.52831e+06,
1.53685e+06,
1.54564e+06,
1.55435e+06,
1.56296e+06,
1.57152e+06,
1.58037e+06,
1.58898e+06,
1.59784e+06,
1.60669e+06,
1.61566e+06,
1.62488e+06,
1.63419e+06,
1.64347e+06,
1.65266e+06,
1.66162e+06,
1.67067e+06,
1.67998e+06,
1.6893e+06,
1.69853e+06,
1.7078e+06,
1.71715e+06,
1.72665e+06,
1.73629e+06,
1.74619e+06,
1.75585e+06,
1.76577e+06,
1.77573e+06,
1.78566e+06,
1.79574e+06,
1.80583e+06,
1.81597e+06,
1.82614e+06,
1.83629e+06,
1.84669e+06,
1.85704e+06,
1.86775e+06,
1.87815e+06,
1.88873e+06,
1.8993e+06,
1.90995e+06,
1.92056e+06,
1.93144e+06,
1.94215e+06,
1.95291e+06,
1.96393e+06,
1.97501e+06,
1.98584e+06,
1.99707e+06,
2.00827e+06,
2.01945e+06,
2.03056e+06,
2.0418e+06,
2.05322e+06,
2.06458e+06,
2.07614e+06,
2.08785e+06,
2.09976e+06,
2.1116e+06,
2.12362e+06,
2.13556e+06,
2.14785e+06,
2.1604e+06,
2.17262e+06,
2.18506e+06,
2.19756e+06,
2.21025e+06,
2.22276e+06,
2.23547e+06,
2.24792e+06,
2.26082e+06,
2.27365e+06,
2.28682e+06,
2.29991e+06,
2.31323e+06,
2.3266e+06,
2.33987e+06,
2.3534e+06,
2.36687e+06,
2.38028e+06,
2.39381e+06,
2.40735e+06,
2.42114e+06,
2.43563e+06,
2.44996e+06,
2.46419e+06,
2.4788e+06,
2.49332e+06,
2.50793e+06,
2.52271e+06,
2.53732e+06,
2.55206e+06,
2.56692e+06,
2.58201e+06,
2.5978e+06,
2.61333e+06,
2.62895e+06,
2.64435e+06,
2.66009e+06,
2.67595e+06,
2.69172e+06,
2.70786e+06,
2.72386e+06,
2.74017e+06,
2.75677e+06,
2.77336e+06,
2.79015e+06,
2.80689e+06,
2.82369e+06,
2.84078e+06,
2.8576e+06,
2.87478e+06,
2.892e+06,
2.90931e+06,
2.92725e+06,
2.94564e+06,
2.96371e+06,
2.98196e+06,
3.00041e+06,
3.01885e+06,
3.0377e+06,
3.05619e+06,
3.07488e+06,
3.09371e+06,
3.11307e+06,
3.13285e+06,
3.15251e+06,
3.17184e+06,
3.1919e+06,
3.21202e+06,
3.23178e+06,
3.25172e+06,
3.27202e+06,
3.29319e+06,
3.31427e+06,
3.33589e+06,
3.35711e+06,
3.37831e+06,
3.3999e+06,
3.42152e+06,
3.4435e+06,
3.46575e+06,
3.48898e+06,
3.5122e+06,
3.53553e+06,
3.55874e+06,
3.58227e+06,
3.60596e+06,
3.63022e+06,
3.65431e+06,
3.67962e+06,
3.70477e+06,
3.7298e+06,
3.75516e+06,
3.78061e+06,
3.80637e+06,
3.83253e+06,
3.85928e+06,
3.88664e+06,
3.91373e+06,
3.9409e+06,
3.96826e+06,
3.99588e+06,
4.02397e+06,
4.0527e+06,
4.08259e+06,
4.11235e+06,
4.14248e+06,
4.17234e+06,
4.20243e+06,
4.23345e+06,
4.26491e+06,
4.29778e+06,
4.33045e+06,
4.36338e+06,
4.39681e+06,
4.43099e+06,
4.4656e+06,
4.50088e+06,
4.53675e+06,
4.5728e+06,
4.60914e+06,
4.64644e+06,
4.68411e+06,
4.72285e+06,
4.76312e+06,
4.80349e+06,
4.84362e+06,
4.88402e+06,
4.92523e+06,
4.96781e+06,
5.01218e+06,
5.05641e+06,
5.10127e+06,
5.14667e+06,
5.19238e+06,
5.2408e+06,
5.2902e+06,
5.34032e+06,
5.39083e+06,
5.44246e+06,
5.49646e+06,
5.55169e+06,
5.60807e+06,
5.6656e+06,
5.7246e+06,
5.78754e+06,
5.85118e+06,
5.91609e+06,
5.98362e+06,
6.05425e+06,
6.13006e+06,
6.208e+06,
6.28928e+06,
6.37522e+06,
6.4707e+06,
6.57012e+06,
6.67923e+06,
6.806e+06,
7.01231e+06,
7.25251e+06,
7.39883e+06,
7.52697e+06,
7.64571e+06,
7.75843e+06,
7.86857e+06,
7.97574e+06,
8.08226e+06,
8.19119e+06,
8.31431e+06,
8.44246e+06,
8.55128e+06,
8.65725e+06,
8.76025e+06,
8.86351e+06,
8.96621e+06,
9.06969e+06,
9.17578e+06,
9.28403e+06,
9.41022e+06,
9.5441e+06,
9.6664e+06,
9.79494e+06,
9.92526e+06,
1.00593e+07,
1.02019e+07,
1.03648e+07,
1.05476e+07,
1.06754e+07,
1.08057e+07,
1.09392e+07,
1.10564e+07,
1.11704e+07,
1.12845e+07,
1.14037e+07,
1.15219e+07,
1.16336e+07,
1.17429e+07,
1.18555e+07,
1.19856e+07,
1.21255e+07,
1.22466e+07,
1.23703e+07,
1.24889e+07,
1.25993e+07,
1.27062e+07,
1.28151e+07,
1.29254e+07,
1.30403e+07,
1.31756e+07,
1.33236e+07,
1.34465e+07,
1.35615e+07,
1.3671e+07,
1.37803e+07,
1.38913e+07,
1.40058e+07,
1.41235e+07,
1.42513e+07,
1.43899e+07,
1.45329e+07,
1.46483e+07,
1.47609e+07,
1.48745e+07,
1.49889e+07,
1.51049e+07,
1.52289e+07,
1.53507e+07,
1.54718e+07,
1.56052e+07,
1.57455e+07,
1.58651e+07,
1.59817e+07,
1.60984e+07,
1.62185e+07,
1.63379e+07,
1.64548e+07,
1.65752e+07,
1.66948e+07,
1.68306e+07,
1.69756e+07,
1.70988e+07,
1.72208e+07,
1.73441e+07,
1.74622e+07,
1.75815e+07,
1.7699e+07,
1.78147e+07,
1.79352e+07,
1.80728e+07,
1.82201e+07,
1.83502e+07,
1.84725e+07,
1.85917e+07,
1.87089e+07,
1.88236e+07,
1.8936e+07,
1.90522e+07,
1.91735e+07,
1.93117e+07,
1.94604e+07,
1.95845e+07,
1.97044e+07,
1.98217e+07,
1.99354e+07,
2.00468e+07,
2.01615e+07,
2.02807e+07,
2.04113e+07,
2.05577e+07,
2.07086e+07,
2.0834e+07,
2.09545e+07,
2.10705e+07,
2.11848e+07,
2.12992e+07,
2.14168e+07,
2.15438e+07,
2.16767e+07,
2.18229e+07,
2.19709e+07,
2.20949e+07,
2.22133e+07,
2.23275e+07,
2.2442e+07,
2.25593e+07,
2.26833e+07,
2.28047e+07,
2.29317e+07,
2.3084e+07,
2.32326e+07,
2.33571e+07,
2.34747e+07,
2.35917e+07,
2.37102e+07,
2.38347e+07,
2.39541e+07,
2.40738e+07,
2.41978e+07,
2.4349e+07,
2.44944e+07,
2.46164e+07,
2.47363e+07,
2.48578e+07,
2.49847e+07,
2.51082e+07,
2.5232e+07,
2.53598e+07,
2.54971e+07,
2.56771e+07,
2.58571e+07,
2.59978e+07,
2.61365e+07,
2.62806e+07,
2.64197e+07,
2.65508e+07,
2.66812e+07,
2.68128e+07,
2.69484e+07,
2.71275e+07,
2.73199e+07,
2.74725e+07,
2.76147e+07,
2.77584e+07,
2.78902e+07,
2.80196e+07,
2.81487e+07,
2.82786e+07,
2.84137e+07,
2.85866e+07,
2.87762e+07,
2.89314e+07,
2.90842e+07,
2.92189e+07,
2.9349e+07,
2.94754e+07,
2.96018e+07,
2.97287e+07,
2.98592e+07,
3.00135e+07,
3.0186e+07,
3.0335e+07,
3.04796e+07,
3.06144e+07,
3.07447e+07,
3.08749e+07,
3.10058e+07,
3.11397e+07,
3.12805e+07,
3.1456e+07,
3.16592e+07,
3.18291e+07,
3.198e+07,
3.2122e+07,
3.22582e+07,
3.23892e+07,
3.25196e+07,
3.26507e+07,
3.27854e+07,
375246,
375434,
375683,
375934,
376192,
376528,
376906,
377324,
377629,
377876,
378156,
378479,
378765,
379012,
379260,
379554,
379909,
380217,
380563,
380907,
381252,
381596,
381918,
382259,
382594,
382873,
383178,
383542,
383855,
384240,
384597,
384868,
385215,
385523,
385799,
386145,
386521,
386909,
387240,
387615,
387893,
388304,
388673,
389032,
389387,
389691,
390032,
390432,
390854,
391205,
391558,
391856,
392249,
392724,
393222,
393748,
394319,
394791,
395315,
395864,
396404,
396891,
397404,
397892,
398331,
398832,
399355,
399816,
400311,
400860,
401333,
401805,
402310,
402919,
403661,
404430,
405204,
406074,
406855,
407606,
408456,
409240,
409987,
410738,
411549,
412388,
413157,
413890,
414637,
415449,
416248,
417102,
417781,
418572,
419371,
420209,
421105,
422028,
422861,
423702,
424510,
425398,
426206,
427058,
427945,
428825,
429755,
430571,
431491,
432291,
433125,
433965,
434884,
435750,
436614,
437511,
438396,
439370,
440266,
441185,
442150,
443103,
444069,
445016,
446020,
447089,
448014,
449047,
450059,
451073,
452031,
452982,
454010,
454984,
456035,
456929,
457952,
459039,
459996,
460990,
462054,
463093,
464196,
465279,
466376,
467459,
468571,
469632,
470689,
471753,
472858,
473889,
475030,
476165,
477320,
478528,
479675,
480839,
481926,
483094,
484176,
485274,
486396,
487464,
488694,
489936,
491129,
492313,
493494,
494682,
495886,
497165,
498343,
499517,
500857,
502059,
503321,
504562,
505846,
507063,
508303,
509478,
510733,
512032,
513363,
514749,
516213,
518813,
521642,
524213,
526880,
529728,
532452,
535023,
537846,
540780,
543555,
546291,
549039,
551969,
554795,
557681,
560597,
563423,
566181,
569057,
572212,
575407,
578436,
581644,
584742,
587756,
591230,
594756,
598210,
601541,
605040,
608564,
611927,
615482,
619082,
622672,
626254,
629671,
633169,
636902,
640556,
644088,
647642,
651059,
654776,
658495,
662144,
665754,
669414,
673146,
676777,
680666,
684663,
688824,
692881,
696844,
701041,
705106,
709170,
713329,
717239,
721352,
725558,
729833,
734277,
738691,
742822,
747183,
751507,
755709,
759963,
764152,
768409,
772768,
777119,
781695,
786266,
790672,
795392,
799928,
804579,
809235,
813719,
818377,
823035,
827725,
832731,
837780,
842685,
847654,
852602,
857465,
862451,
867240,
872187,
877181,
882015,
886931,
891914,
897006,
902090,
907325,
912418,
917546,
922776,
928187,
933636,
939205,
944677,
950036,
955786,
961251,
966946,
972615,
978193,
983864,
989480,
995089,
1.00079e+06,
1.00649e+06,
1.0122e+06,
1.01784e+06,
1.02361e+06,
1.0294e+06,
1.03541e+06,
1.0412e+06,
1.04693e+06,
1.05289e+06,
1.05884e+06,
1.06469e+06,
1.07058e+06,
1.0764e+06,
1.08236e+06,
1.08863e+06,
1.09493e+06,
1.1012e+06,
1.1076e+06,
1.11414e+06,
1.12065e+06,
1.12706e+06,
1.1335e+06,
1.14016e+06,
1.14668e+06,
1.15324e+06,
1.15959e+06,
1.16601e+06,
1.17273e+06,
1.17924e+06,
1.18588e+06,
1.19224e+06,
1.19885e+06,
1.20574e+06,
1.21263e+06,
1.21947e+06,
1.22608e+06,
1.23266e+06,
1.23943e+06,
1.24653e+06,
1.25353e+06,
1.26057e+06,
1.26776e+06,
1.2748e+06,
1.28225e+06,
1.28956e+06,
1.29682e+06,
1.30419e+06,
1.31159e+06,
1.3189e+06,
1.32643e+06,
1.33396e+06,
1.34132e+06,
1.34874e+06,
1.3564e+06,
1.364e+06,
1.3717e+06,
1.37918e+06,
1.38661e+06,
1.39463e+06,
1.40273e+06,
1.4106e+06,
1.41863e+06,
1.42657e+06,
1.43439e+06,
1.44241e+06,
1.45053e+06,
1.45858e+06,
1.46667e+06,
1.47466e+06,
1.48279e+06,
1.49092e+06,
1.49908e+06,
1.50761e+06,
1.51642e+06,
1.52533e+06,
1.53384e+06,
1.54232e+06,
1.55076e+06,
1.55929e+06,
1.56809e+06,
1.57664e+06,
1.58533e+06,
1.59437e+06,
1.60324e+06,
1.61215e+06,
1.6213e+06,
1.63032e+06,
1.63934e+06,
1.64849e+06,
1.65777e+06,
1.66707e+06,
1.67627e+06,
1.6855e+06,
1.69479e+06,
1.70398e+06,
1.71347e+06,
1.72296e+06,
1.73237e+06,
1.74213e+06,
1.75202e+06,
1.76182e+06,
1.77166e+06,
1.78174e+06,
1.79163e+06,
1.80173e+06,
1.81189e+06,
1.82218e+06,
1.83237e+06,
1.84264e+06,
1.85292e+06,
1.8635e+06,
1.87428e+06,
1.88508e+06,
1.89582e+06,
1.90632e+06,
1.9168e+06,
1.92749e+06,
1.93822e+06,
1.9489e+06,
1.95983e+06,
1.97056e+06,
1.98152e+06,
1.99246e+06,
2.00375e+06,
2.01506e+06,
2.02631e+06,
2.03751e+06,
2.04886e+06,
2.06038e+06,
2.07207e+06,
2.08386e+06,
2.09572e+06,
2.10757e+06,
2.11951e+06,
2.13134e+06,
2.14376e+06,
2.15603e+06,
2.16828e+06,
2.18084e+06,
2.19311e+06,
2.20572e+06,
2.21813e+06,
2.23086e+06,
2.2435e+06,
2.25602e+06,
2.26889e+06,
2.28175e+06,
2.29502e+06,
2.30847e+06,
2.32169e+06,
2.33505e+06,
2.34844e+06,
2.36195e+06,
2.37568e+06,
2.38921e+06,
2.40266e+06,
2.4162e+06,
2.42998e+06,
2.44431e+06,
2.45879e+06,
2.47364e+06,
2.48815e+06,
2.50286e+06,
2.51785e+06,
2.53264e+06,
2.54736e+06,
2.56206e+06,
2.57694e+06,
2.59195e+06,
2.60735e+06,
2.6231e+06,
2.6388e+06,
2.65458e+06,
2.67058e+06,
2.68656e+06,
2.70274e+06,
2.71848e+06,
2.73448e+06,
2.75045e+06,
2.76685e+06,
2.78365e+06,
2.80048e+06,
2.81762e+06,
2.83464e+06,
2.85174e+06,
2.86915e+06,
2.88674e+06,
2.90428e+06,
2.92191e+06,
2.93959e+06,
2.95766e+06,
2.97597e+06,
2.99434e+06,
3.01282e+06,
3.0314e+06,
3.05012e+06,
3.06879e+06,
3.08759e+06,
3.10644e+06,
3.12579e+06,
3.14571e+06,
3.16554e+06,
3.1856e+06,
3.20556e+06,
3.22537e+06,
3.24522e+06,
3.26569e+06,
3.28609e+06,
3.30698e+06,
3.32795e+06,
3.34909e+06,
3.37056e+06,
3.39225e+06,
3.41407e+06,
3.43638e+06,
3.45872e+06,
3.48112e+06,
3.50438e+06,
3.52752e+06,
3.55073e+06,
3.57411e+06,
3.59778e+06,
3.62177e+06,
3.64583e+06,
3.67015e+06,
3.69494e+06,
3.71979e+06,
3.74513e+06,
3.77043e+06,
3.79597e+06,
3.82189e+06,
3.8484e+06,
3.87505e+06,
3.90218e+06,
3.92973e+06,
3.95701e+06,
3.98466e+06,
4.0127e+06,
4.04072e+06,
4.06936e+06,
4.09834e+06,
4.12868e+06,
4.15904e+06,
4.18939e+06,
4.22031e+06,
4.25117e+06,
4.28226e+06,
4.3143e+06,
4.34728e+06,
4.38066e+06,
4.41477e+06,
4.44944e+06,
4.48382e+06,
4.51871e+06,
4.55462e+06,
4.59183e+06,
4.62864e+06,
4.66589e+06,
4.70338e+06,
4.74199e+06,
4.78147e+06,
4.82261e+06,
4.86337e+06,
4.90434e+06,
4.94574e+06,
4.98765e+06,
5.03057e+06,
5.07591e+06,
5.12065e+06,
5.16614e+06,
5.21225e+06,
5.25895e+06,
5.30803e+06,
5.35862e+06,
5.4093e+06,
5.46063e+06,
5.51301e+06,
5.56814e+06,
5.62498e+06,
5.68317e+06,
5.7425e+06,
5.80295e+06,
5.86727e+06,
5.93239e+06,
6.00001e+06,
6.06971e+06,
6.1427e+06,
6.22201e+06,
6.30344e+06,
6.38828e+06,
6.47895e+06,
6.58007e+06,
6.68638e+06,
6.80515e+06,
6.94401e+06,
7.17277e+06,
7.43541e+06,
7.57884e+06,
7.70576e+06,
7.82291e+06,
7.93495e+06,
8.04432e+06,
8.15283e+06,
8.25968e+06,
8.36992e+06,
8.49751e+06,
8.63016e+06,
8.73906e+06,
8.84446e+06,
8.94727e+06,
9.05104e+06,
9.15419e+06,
9.25951e+06,
9.36609e+06,
9.47709e+06,
9.60723e+06,
9.74744e+06,
9.87491e+06,
1.00008e+07,
1.01286e+07,
1.0259e+07,
1.03943e+07,
1.05382e+07,
1.07021e+07,
1.08851e+07,
1.10571e+07,
1.12149e+07,
1.13317e+07,
1.14453e+07,
1.15579e+07,
1.16739e+07,
1.17947e+07,
1.19155e+07,
1.20342e+07,
1.21548e+07,
1.22908e+07,
1.24358e+07,
1.25555e+07,
1.2673e+07,
1.27946e+07,
1.29107e+07,
1.3025e+07,
1.31397e+07,
1.3254e+07,
1.33736e+07,
1.35146e+07,
1.36656e+07,
1.37908e+07,
1.39084e+07,
1.40225e+07,
1.41375e+07,
1.42505e+07,
1.43649e+07,
1.4483e+07,
1.46094e+07,
1.47588e+07,
1.49094e+07,
1.50325e+07,
1.51519e+07,
1.52684e+07,
1.53815e+07,
1.54966e+07,
1.56158e+07,
1.57426e+07,
1.58699e+07,
1.6019e+07,
1.61725e+07,
1.62961e+07,
1.64135e+07,
1.65283e+07,
1.66449e+07,
1.67665e+07,
1.68861e+07,
1.70087e+07,
1.7136e+07,
1.72883e+07,
1.74477e+07,
1.75694e+07,
1.7689e+07,
1.78121e+07,
1.79318e+07,
1.80502e+07,
1.81687e+07,
1.82896e+07,
1.84171e+07,
1.85711e+07,
1.87311e+07,
1.88585e+07,
1.89842e+07,
1.91031e+07,
1.92202e+07,
1.93365e+07,
1.94539e+07,
1.95738e+07,
1.96981e+07,
1.98455e+07,
2.00159e+07,
2.01411e+07,
2.02609e+07,
2.03778e+07,
2.0494e+07,
2.06107e+07,
2.07294e+07,
2.085e+07,
2.09762e+07,
2.11296e+07,
2.13117e+07,
2.1437e+07,
2.15582e+07,
2.16764e+07,
2.17951e+07,
2.19143e+07,
2.20351e+07,
2.21594e+07,
2.22898e+07,
2.24357e+07,
2.26137e+07,
2.27479e+07,
2.28691e+07,
2.29888e+07,
2.31084e+07,
2.32288e+07,
2.33522e+07,
2.3475e+07,
2.35999e+07,
2.37429e+07,
2.39209e+07,
2.406e+07,
2.41889e+07,
2.43117e+07,
2.44347e+07,
2.45592e+07,
2.46812e+07,
2.48029e+07,
2.49268e+07,
2.50655e+07,
2.5234e+07,
2.53724e+07,
2.55067e+07,
2.56374e+07,
2.57668e+07,
2.58932e+07,
2.60206e+07,
2.61504e+07,
2.62868e+07,
2.64545e+07,
2.66712e+07,
2.68269e+07,
2.69784e+07,
2.71307e+07,
2.72787e+07,
2.74136e+07,
2.75473e+07,
2.7682e+07,
2.7823e+07,
2.79921e+07,
2.82111e+07,
2.83778e+07,
2.85383e+07,
2.8698e+07,
2.88449e+07,
2.89846e+07,
2.91199e+07,
2.92586e+07,
2.94021e+07,
2.95723e+07,
2.97922e+07,
2.99674e+07,
3.01427e+07,
3.03071e+07,
3.04644e+07,
3.06121e+07,
3.0754e+07,
3.08899e+07,
3.10285e+07,
3.11833e+07,
3.13741e+07,
3.15337e+07,
3.16875e+07,
3.18273e+07,
3.19623e+07,
3.20957e+07,
3.22303e+07,
3.23656e+07,
3.25004e+07,
3.26548e+07,
3.28542e+07,
3.30193e+07,
3.31677e+07,
3.33066e+07,
3.34416e+07,
3.35743e+07,
3.37062e+07,
3.38389e+07,
3.39771e+07,
375246,
375426,
375680,
375911,
376189,
376502,
376866,
377268,
377604,
377821,
378136,
378445,
378730,
378936,
379195,
379503,
379805,
380130,
380445,
380744,
381121,
381455,
381766,
382083,
382397,
382730,
383042,
383413,
383747,
384076,
384377,
384716,
385042,
385352,
385661,
386046,
386359,
386672,
387036,
387385,
387707,
388019,
388379,
388768,
389118,
389453,
389796,
390155,
390584,
390946,
391301,
391692,
392075,
392503,
392931,
393457,
394016,
394514,
394969,
395489,
395996,
396486,
396962,
397433,
397900,
398396,
398899,
399341,
399843,
400226,
400803,
401348,
401842,
402557,
403411,
404148,
404953,
405688,
406371,
407152,
407902,
408661,
409411,
410208,
410951,
411748,
412551,
413233,
413980,
414752,
415465,
416233,
417041,
417870,
418679,
419581,
420479,
421278,
422107,
422840,
423614,
424427,
425341,
426219,
427032,
427999,
428887,
429722,
430531,
431409,
432233,
433092,
433859,
434696,
435568,
436586,
437558,
438519,
439457,
440337,
441203,
442107,
442986,
443975,
444944,
445921,
446907,
447862,
448770,
449796,
450694,
451649,
452655,
453632,
454628,
455630,
456667,
457718,
458679,
459716,
460682,
461656,
462720,
463695,
464794,
465904,
467000,
467982,
468993,
470064,
471124,
472206,
473344,
474510,
475523,
476595,
477757,
478821,
479953,
481077,
482124,
483331,
484477,
485622,
486666,
487858,
489029,
490133,
491359,
492567,
493695,
494896,
496034,
497207,
498417,
499602,
500865,
502170,
503475,
504733,
505899,
507229,
508402,
509675,
511695,
514345,
517134,
519650,
522366,
525093,
527810,
530389,
533369,
536180,
538855,
541657,
544356,
547149,
550195,
552977,
555824,
558714,
561581,
564371,
567497,
570454,
573582,
576581,
579660,
583024,
586387,
589877,
593487,
596894,
600335,
603781,
607173,
610600,
614107,
617822,
621331,
624877,
628554,
632106,
635644,
639244,
642829,
646324,
649898,
653719,
657353,
660969,
664650,
668404,
672126,
676171,
680091,
684120,
688087,
692087,
696305,
700316,
704659,
708851,
712943,
716966,
720967,
725060,
729409,
733724,
737979,
742425,
746586,
750750,
755018,
759367,
763716,
768006,
772499,
776874,
781161,
785776,
790475,
795093,
799883,
804702,
809414,
814194,
819202,
823730,
828709,
833616,
838528,
843428,
848466,
853297,
858238,
863174,
868146,
872964,
878003,
882816,
887780,
892894,
898018,
903149,
908270,
913243,
918690,
924089,
929700,
935109,
940675,
946340,
951894,
957420,
963026,
968691,
974320,
979917,
985593,
991159,
996797,
1.00259e+06,
1.00817e+06,
1.01396e+06,
1.01955e+06,
1.02515e+06,
1.03104e+06,
1.03717e+06,
1.04314e+06,
1.04893e+06,
1.05465e+06,
1.06042e+06,
1.06626e+06,
1.0723e+06,
1.07851e+06,
1.08463e+06,
1.09102e+06,
1.09733e+06,
1.10357e+06,
1.10995e+06,
1.11658e+06,
1.12295e+06,
1.1294e+06,
1.13589e+06,
1.14221e+06,
1.14848e+06,
1.155e+06,
1.16165e+06,
1.16809e+06,
1.17465e+06,
1.1815e+06,
1.18793e+06,
1.19455e+06,
1.20134e+06,
1.20828e+06,
1.21518e+06,
1.22197e+06,
1.22875e+06,
1.23539e+06,
1.24218e+06,
1.24901e+06,
1.25606e+06,
1.2633e+06,
1.27032e+06,
1.27757e+06,
1.28488e+06,
1.29213e+06,
1.29947e+06,
1.30693e+06,
1.31422e+06,
1.3217e+06,
1.32899e+06,
1.33647e+06,
1.34381e+06,
1.3513e+06,
1.35891e+06,
1.36644e+06,
1.37401e+06,
1.38166e+06,
1.38905e+06,
1.39681e+06,
1.40489e+06,
1.41286e+06,
1.42052e+06,
1.42843e+06,
1.43618e+06,
1.44413e+06,
1.45203e+06,
1.46022e+06,
1.46849e+06,
1.47689e+06,
1.48526e+06,
1.49376e+06,
1.5023e+06,
1.51091e+06,
1.51938e+06,
1.52812e+06,
1.53681e+06,
1.54529e+06,
1.55378e+06,
1.56223e+06,
1.57102e+06,
1.57966e+06,
1.58843e+06,
1.59722e+06,
1.60622e+06,
1.61533e+06,
1.62462e+06,
1.63393e+06,
1.6431e+06,
1.65223e+06,
1.66147e+06,
1.67068e+06,
1.67978e+06,
1.68894e+06,
1.69831e+06,
1.70761e+06,
1.71704e+06,
1.72658e+06,
1.73627e+06,
1.74623e+06,
1.75642e+06,
1.76653e+06,
1.77654e+06,
1.7867e+06,
1.79676e+06,
1.80673e+06,
1.81679e+06,
1.82705e+06,
1.8372e+06,
1.8473e+06,
1.85755e+06,
1.86785e+06,
1.8784e+06,
1.88905e+06,
1.89956e+06,
1.91035e+06,
1.92098e+06,
1.93163e+06,
1.94213e+06,
1.95288e+06,
1.96374e+06,
1.9745e+06,
1.98547e+06,
1.99647e+06,
2.00787e+06,
2.01949e+06,
2.03108e+06,
2.04284e+06,
2.05445e+06,
2.06603e+06,
2.07786e+06,
2.08942e+06,
2.10129e+06,
2.11294e+06,
2.12462e+06,
2.13668e+06,
2.14881e+06,
2.16134e+06,
2.17384e+06,
2.18609e+06,
2.19864e+06,
2.21126e+06,
2.22363e+06,
2.23641e+06,
2.24904e+06,
2.26173e+06,
2.27436e+06,
2.28696e+06,
2.29997e+06,
2.31308e+06,
2.32642e+06,
2.33955e+06,
2.35303e+06,
2.36623e+06,
2.38025e+06,
2.39428e+06,
2.40807e+06,
2.42197e+06,
2.4359e+06,
2.4501e+06,
2.46473e+06,
2.47936e+06,
2.49388e+06,
2.5085e+06,
2.52339e+06,
2.53835e+06,
2.55314e+06,
2.56827e+06,
2.58336e+06,
2.59836e+06,
2.61347e+06,
2.62894e+06,
2.64453e+06,
2.66027e+06,
2.67613e+06,
2.69218e+06,
2.70832e+06,
2.72455e+06,
2.741e+06,
2.75734e+06,
2.77364e+06,
2.79025e+06,
2.80722e+06,
2.82477e+06,
2.84185e+06,
2.85914e+06,
2.8766e+06,
2.89396e+06,
2.91149e+06,
2.9292e+06,
2.94688e+06,
2.96521e+06,
2.98339e+06,
3.00202e+06,
3.02058e+06,
3.0392e+06,
3.05786e+06,
3.07691e+06,
3.09568e+06,
3.115e+06,
3.13399e+06,
3.15341e+06,
3.17312e+06,
3.19289e+06,
3.21258e+06,
3.23258e+06,
3.25306e+06,
3.27353e+06,
3.29372e+06,
3.31443e+06,
3.33539e+06,
3.35746e+06,
3.37911e+06,
3.40079e+06,
3.42288e+06,
3.44529e+06,
3.46737e+06,
3.48996e+06,
3.51249e+06,
3.53573e+06,
3.55934e+06,
3.58305e+06,
3.60675e+06,
3.63072e+06,
3.65496e+06,
3.67942e+06,
3.70408e+06,
3.72906e+06,
3.75464e+06,
3.78038e+06,
3.80578e+06,
3.83132e+06,
3.85742e+06,
3.88385e+06,
3.91074e+06,
3.9377e+06,
3.96595e+06,
3.9937e+06,
4.02161e+06,
4.04982e+06,
4.07847e+06,
4.10762e+06,
4.1376e+06,
4.16809e+06,
4.19944e+06,
4.22998e+06,
4.26083e+06,
4.2922e+06,
4.32406e+06,
4.3561e+06,
4.38971e+06,
4.42391e+06,
4.45841e+06,
4.4933e+06,
4.52851e+06,
4.56413e+06,
4.60032e+06,
4.63793e+06,
4.6752e+06,
4.71302e+06,
4.75155e+06,
4.79076e+06,
4.83041e+06,
4.87126e+06,
4.91251e+06,
4.95369e+06,
4.99536e+06,
5.0378e+06,
5.08116e+06,
5.12701e+06,
5.17317e+06,
5.21908e+06,
5.26592e+06,
5.31358e+06,
5.36216e+06,
5.41412e+06,
5.46622e+06,
5.51813e+06,
5.57159e+06,
5.62583e+06,
5.68382e+06,
5.74191e+06,
5.80267e+06,
5.86437e+06,
5.92795e+06,
5.99574e+06,
6.06438e+06,
6.13575e+06,
6.20967e+06,
6.28929e+06,
6.37264e+06,
6.46068e+06,
6.55233e+06,
6.65357e+06,
6.76401e+06,
6.88545e+06,
7.02631e+06,
7.22759e+06,
7.56773e+06,
7.71924e+06,
7.84819e+06,
7.96628e+06,
8.07879e+06,
8.18843e+06,
8.2967e+06,
8.40469e+06,
8.51574e+06,
8.63698e+06,
8.78624e+06,
8.8972e+06,
9.00341e+06,
9.10744e+06,
9.20991e+06,
9.31281e+06,
9.41858e+06,
9.52583e+06,
9.63682e+06,
9.76178e+06,
9.92778e+06,
1.00557e+07,
1.01819e+07,
1.03085e+07,
1.04364e+07,
1.05671e+07,
1.07043e+07,
1.08517e+07,
1.10189e+07,
1.12037e+07,
1.13963e+07,
1.15452e+07,
1.16865e+07,
1.18149e+07,
1.19295e+07,
1.2045e+07,
1.21668e+07,
1.22879e+07,
1.24103e+07,
1.25453e+07,
1.27213e+07,
1.28454e+07,
1.29621e+07,
1.30789e+07,
1.31991e+07,
1.3315e+07,
1.34307e+07,
1.35509e+07,
1.36752e+07,
1.38119e+07,
1.39891e+07,
1.41164e+07,
1.42364e+07,
1.43528e+07,
1.44692e+07,
1.45847e+07,
1.47023e+07,
1.48226e+07,
1.49458e+07,
1.50848e+07,
1.52623e+07,
1.53959e+07,
1.55166e+07,
1.56351e+07,
1.57527e+07,
1.58714e+07,
1.5992e+07,
1.61175e+07,
1.62445e+07,
1.63813e+07,
1.65578e+07,
1.67e+07,
1.68217e+07,
1.69417e+07,
1.70621e+07,
1.7186e+07,
1.73067e+07,
1.74276e+07,
1.75525e+07,
1.76885e+07,
1.78662e+07,
1.80208e+07,
1.81457e+07,
1.82718e+07,
1.83959e+07,
1.85148e+07,
1.86338e+07,
1.87539e+07,
1.88784e+07,
1.90147e+07,
1.91914e+07,
1.93494e+07,
1.94913e+07,
1.9613e+07,
1.97313e+07,
1.9849e+07,
1.9967e+07,
2.00876e+07,
2.02131e+07,
2.0349e+07,
2.05232e+07,
2.06791e+07,
2.0814e+07,
2.09377e+07,
2.10553e+07,
2.11742e+07,
2.12946e+07,
2.14171e+07,
2.15456e+07,
2.16911e+07,
2.18692e+07,
2.20215e+07,
2.21566e+07,
2.22877e+07,
2.24127e+07,
2.25351e+07,
2.26576e+07,
2.27856e+07,
2.29203e+07,
2.30617e+07,
2.32312e+07,
2.33819e+07,
2.35193e+07,
2.36525e+07,
2.37835e+07,
2.39112e+07,
2.4038e+07,
2.41683e+07,
2.42974e+07,
2.44365e+07,
2.46062e+07,
2.47586e+07,
2.48987e+07,
2.50344e+07,
2.51693e+07,
2.53062e+07,
2.54408e+07,
2.55688e+07,
2.56983e+07,
2.58361e+07,
2.60002e+07,
2.61511e+07,
2.62933e+07,
2.64337e+07,
2.65759e+07,
2.67188e+07,
2.68588e+07,
2.7e+07,
2.71432e+07,
2.73057e+07,
2.75172e+07,
2.77001e+07,
2.78711e+07,
2.80363e+07,
2.82024e+07,
2.83573e+07,
2.8511e+07,
2.86696e+07,
2.88368e+07,
2.90175e+07,
2.92364e+07,
2.94302e+07,
2.96074e+07,
2.97801e+07,
2.99385e+07,
3.00905e+07,
3.02396e+07,
3.03878e+07,
3.05384e+07,
3.07054e+07,
3.09118e+07,
3.10961e+07,
3.12701e+07,
3.14289e+07,
3.15781e+07,
3.17215e+07,
3.18632e+07,
3.20012e+07,
3.21417e+07,
3.22942e+07,
3.24767e+07,
3.26456e+07,
3.28016e+07,
3.29467e+07,
3.30876e+07,
3.32256e+07,
3.33611e+07,
3.34938e+07,
3.36291e+07,
3.37797e+07,
3.39678e+07,
3.41446e+07,
3.42995e+07,
3.44427e+07,
3.45804e+07,
3.47164e+07,
3.48524e+07,
3.4987e+07,
3.51247e+07,
375246,
375422,
375682,
375900,
376180,
376464,
376860,
377265,
377573,
377808,
378097,
378373,
378654,
378883,
379148,
379423,
379716,
380033,
380324,
380642,
381016,
381349,
381621,
381879,
382249,
382550,
382834,
383170,
383561,
383896,
384165,
384506,
384836,
385191,
385519,
385893,
386140,
386443,
386704,
387048,
387452,
387745,
388053,
388433,
388777,
389132,
389486,
389882,
390272,
390659,
391000,
391408,
391762,
392174,
392649,
393113,
393604,
394092,
394570,
395014,
395544,
395984,
396510,
396929,
397402,
397881,
398395,
398885,
399401,
399906,
400413,
400899,
401573,
402266,
402989,
403748,
404453,
405170,
405896,
406612,
407335,
408049,
408902,
409667,
410355,
410972,
411731,
412549,
413389,
414080,
414818,
415608,
416481,
417283,
418117,
418900,
419658,
420548,
421350,
422146,
422820,
423573,
424422,
425299,
426223,
427089,
427938,
428712,
429525,
430334,
431153,
431914,
432802,
433653,
434614,
435582,
436541,
437386,
438372,
439280,
440146,
440960,
441882,
442777,
443667,
444629,
445640,
446585,
447557,
448483,
449450,
450348,
451265,
452186,
453087,
454025,
455155,
456177,
457207,
458187,
459129,
460128,
461119,
462182,
463216,
464179,
465269,
466328,
467419,
468469,
469494,
470525,
471594,
472677,
473699,
474773,
475911,
477006,
478083,
479188,
480237,
481273,
482433,
483563,
484666,
485838,
486945,
488177,
489384,
490452,
491507,
492670,
493823,
494992,
496159,
497308,
498531,
499793,
500976,
502255,
503484,
504698,
506948,
509517,
512278,
514858,
517530,
520294,
522960,
525678,
528496,
531265,
533868,
536465,
539228,
542123,
545068,
547915,
550712,
553523,
556341,
559352,
562430,
565450,
568419,
571332,
574193,
577644,
581235,
584775,
588274,
591741,
595080,
598420,
601938,
605369,
608788,
612469,
616079,
619655,
623259,
626869,
630197,
633708,
637174,
640699,
644525,
648410,
652196,
655921,
659553,
663130,
667068,
671016,
674930,
679045,
683211,
687322,
691322,
695574,
699693,
703858,
708037,
712202,
716195,
720303,
724594,
728969,
733033,
737237,
741617,
745863,
750208,
754418,
758611,
762803,
767140,
771773,
776464,
781046,
785646,
790224,
794859,
799545,
804191,
808971,
813903,
818582,
823421,
828354,
833150,
837901,
842834,
847902,
852583,
857624,
862484,
867437,
872427,
877535,
882603,
887727,
892776,
898040,
903294,
908577,
914049,
919449,
924826,
930108,
935593,
941071,
946480,
952134,
957903,
963625,
969109,
974845,
980444,
986144,
991727,
997290,
1.00292e+06,
1.00844e+06,
1.01413e+06,
1.01986e+06,
1.0255e+06,
1.03121e+06,
1.03737e+06,
1.04334e+06,
1.04919e+06,
1.05508e+06,
1.0613e+06,
1.06748e+06,
1.07361e+06,
1.0798e+06,
1.08593e+06,
1.09205e+06,
1.09837e+06,
1.10455e+06,
1.11093e+06,
1.11718e+06,
1.12358e+06,
1.13018e+06,
1.13669e+06,
1.14321e+06,
1.14974e+06,
1.15618e+06,
1.16263e+06,
1.1692e+06,
1.17592e+06,
1.1825e+06,
1.18911e+06,
1.19581e+06,
1.20231e+06,
1.20901e+06,
1.21584e+06,
1.22258e+06,
1.2293e+06,
1.23605e+06,
1.24291e+06,
1.24986e+06,
1.2571e+06,
1.26431e+06,
1.27161e+06,
1.27869e+06,
1.28582e+06,
1.2931e+06,
1.30066e+06,
1.30813e+06,
1.31549e+06,
1.32293e+06,
1.33028e+06,
1.33774e+06,
1.34511e+06,
1.35255e+06,
1.36006e+06,
1.36765e+06,
1.37514e+06,
1.38255e+06,
1.39013e+06,
1.39779e+06,
1.40577e+06,
1.41371e+06,
1.42165e+06,
1.42947e+06,
1.43752e+06,
1.44553e+06,
1.45375e+06,
1.46205e+06,
1.47048e+06,
1.47861e+06,
1.48681e+06,
1.49514e+06,
1.50345e+06,
1.51208e+06,
1.52098e+06,
1.52956e+06,
1.53816e+06,
1.5468e+06,
1.55534e+06,
1.56382e+06,
1.57252e+06,
1.5813e+06,
1.59013e+06,
1.59887e+06,
1.60781e+06,
1.61681e+06,
1.62571e+06,
1.63478e+06,
1.64404e+06,
1.65296e+06,
1.66207e+06,
1.67127e+06,
1.68048e+06,
1.6896e+06,
1.69922e+06,
1.70891e+06,
1.71861e+06,
1.72831e+06,
1.73821e+06,
1.74802e+06,
1.75797e+06,
1.76798e+06,
1.77782e+06,
1.78775e+06,
1.79777e+06,
1.80778e+06,
1.81801e+06,
1.82805e+06,
1.8382e+06,
1.84845e+06,
1.8587e+06,
1.86915e+06,
1.87963e+06,
1.89043e+06,
1.90135e+06,
1.91214e+06,
1.92325e+06,
1.93383e+06,
1.94448e+06,
1.95533e+06,
1.96616e+06,
1.97716e+06,
1.98815e+06,
1.99932e+06,
2.0104e+06,
2.0221e+06,
2.03386e+06,
2.04515e+06,
2.05684e+06,
2.06842e+06,
2.08019e+06,
2.09188e+06,
2.10363e+06,
2.11555e+06,
2.12729e+06,
2.13915e+06,
2.15125e+06,
2.16342e+06,
2.17582e+06,
2.18818e+06,
2.20079e+06,
2.21322e+06,
2.22576e+06,
2.23841e+06,
2.25104e+06,
2.26374e+06,
2.2762e+06,
2.28911e+06,
2.30189e+06,
2.31502e+06,
2.32857e+06,
2.34213e+06,
2.3558e+06,
2.36949e+06,
2.3832e+06,
2.39695e+06,
2.41078e+06,
2.42472e+06,
2.43852e+06,
2.45242e+06,
2.46672e+06,
2.48129e+06,
2.49611e+06,
2.51105e+06,
2.52588e+06,
2.54059e+06,
2.55523e+06,
2.57041e+06,
2.5855e+06,
2.60051e+06,
2.61572e+06,
2.63109e+06,
2.64683e+06,
2.66311e+06,
2.67898e+06,
2.69482e+06,
2.71065e+06,
2.72659e+06,
2.74282e+06,
2.75939e+06,
2.77626e+06,
2.79312e+06,
2.81005e+06,
2.82742e+06,
2.84515e+06,
2.86271e+06,
2.88009e+06,
2.89782e+06,
2.91526e+06,
2.93279e+06,
2.95023e+06,
2.96817e+06,
2.98619e+06,
3.0049e+06,
3.02349e+06,
3.04218e+06,
3.06075e+06,
3.07966e+06,
3.0987e+06,
3.11763e+06,
3.13665e+06,
3.15615e+06,
3.1756e+06,
3.19586e+06,
3.21592e+06,
3.23617e+06,
3.25637e+06,
3.27679e+06,
3.29746e+06,
3.31799e+06,
3.33894e+06,
3.36023e+06,
3.38204e+06,
3.40422e+06,
3.42621e+06,
3.44837e+06,
3.47069e+06,
3.49306e+06,
3.51612e+06,
3.53935e+06,
3.5621e+06,
3.58575e+06,
3.60979e+06,
3.63391e+06,
3.65806e+06,
3.68229e+06,
3.70676e+06,
3.73147e+06,
3.75637e+06,
3.78176e+06,
3.8078e+06,
3.83381e+06,
3.86008e+06,
3.88657e+06,
3.91299e+06,
3.93998e+06,
3.96721e+06,
3.99521e+06,
4.02339e+06,
4.05178e+06,
4.08031e+06,
4.10946e+06,
4.13897e+06,
4.16866e+06,
4.19881e+06,
4.22997e+06,
4.2615e+06,
4.29322e+06,
4.32471e+06,
4.35683e+06,
4.38954e+06,
4.42304e+06,
4.4583e+06,
4.49389e+06,
4.52962e+06,
4.56518e+06,
4.60096e+06,
4.63762e+06,
4.67453e+06,
4.71331e+06,
4.75198e+06,
4.79078e+06,
4.8297e+06,
4.86952e+06,
4.91021e+06,
4.95219e+06,
4.9942e+06,
5.03648e+06,
5.07927e+06,
5.12288e+06,
5.16769e+06,
5.2149e+06,
5.26155e+06,
5.30919e+06,
5.35751e+06,
5.40635e+06,
5.45664e+06,
5.5105e+06,
5.56394e+06,
5.61718e+06,
5.67237e+06,
5.72898e+06,
5.78882e+06,
5.84943e+06,
5.91177e+06,
5.97579e+06,
6.04165e+06,
6.11206e+06,
6.1836e+06,
6.25787e+06,
6.33588e+06,
6.41937e+06,
6.507e+06,
6.59885e+06,
6.69624e+06,
6.80302e+06,
6.92256e+06,
7.05716e+06,
7.22867e+06,
7.47185e+06,
7.78999e+06,
7.95381e+06,
8.07733e+06,
8.19311e+06,
8.30298e+06,
8.41158e+06,
8.52042e+06,
8.63036e+06,
8.74624e+06,
8.8753e+06,
9.01814e+06,
9.1346e+06,
9.24077e+06,
9.34389e+06,
9.44817e+06,
9.55321e+06,
9.66061e+06,
9.77071e+06,
9.8907e+06,
1.00356e+07,
1.01977e+07,
1.0338e+07,
1.04642e+07,
1.0591e+07,
1.07192e+07,
1.08529e+07,
1.09926e+07,
1.11423e+07,
1.1317e+07,
1.14973e+07,
1.16773e+07,
1.18401e+07,
1.19826e+07,
1.2121e+07,
1.22592e+07,
1.23983e+07,
1.25223e+07,
1.26441e+07,
1.27733e+07,
1.29158e+07,
1.30737e+07,
1.32248e+07,
1.3347e+07,
1.34702e+07,
1.35909e+07,
1.37088e+07,
1.38261e+07,
1.39487e+07,
1.40787e+07,
1.42219e+07,
1.4381e+07,
1.4541e+07,
1.46706e+07,
1.47876e+07,
1.49033e+07,
1.50207e+07,
1.51396e+07,
1.52617e+07,
1.53948e+07,
1.55445e+07,
1.57005e+07,
1.58511e+07,
1.59861e+07,
1.61055e+07,
1.62239e+07,
1.63456e+07,
1.64709e+07,
1.6604e+07,
1.67404e+07,
1.68866e+07,
1.7039e+07,
1.71913e+07,
1.73299e+07,
1.74617e+07,
1.75858e+07,
1.77146e+07,
1.78397e+07,
1.7967e+07,
1.81003e+07,
1.82446e+07,
1.83993e+07,
1.85562e+07,
1.87e+07,
1.88427e+07,
1.89736e+07,
1.90972e+07,
1.9222e+07,
1.93468e+07,
1.94797e+07,
1.96261e+07,
1.97818e+07,
1.99447e+07,
2.00898e+07,
2.02274e+07,
2.03613e+07,
2.04904e+07,
2.06134e+07,
2.07384e+07,
2.08703e+07,
2.1018e+07,
2.11754e+07,
2.13301e+07,
2.14701e+07,
2.16062e+07,
2.17404e+07,
2.18715e+07,
2.20009e+07,
2.21299e+07,
2.22712e+07,
2.24257e+07,
2.25823e+07,
2.27401e+07,
2.28836e+07,
2.30238e+07,
2.3159e+07,
2.32945e+07,
2.34304e+07,
2.35742e+07,
2.37138e+07,
2.38651e+07,
2.40204e+07,
2.41783e+07,
2.43226e+07,
2.44634e+07,
2.46008e+07,
2.47397e+07,
2.4882e+07,
2.50231e+07,
2.51705e+07,
2.53276e+07,
2.54866e+07,
2.5648e+07,
2.57985e+07,
2.59432e+07,
2.6089e+07,
2.62364e+07,
2.63804e+07,
2.65265e+07,
2.66801e+07,
2.68461e+07,
2.70128e+07,
2.71833e+07,
2.73478e+07,
2.75164e+07,
2.76824e+07,
2.7837e+07,
2.79913e+07,
2.81488e+07,
2.83188e+07,
2.85094e+07,
2.87071e+07,
2.88991e+07,
2.90758e+07,
2.92506e+07,
2.94129e+07,
2.95681e+07,
2.97226e+07,
2.98779e+07,
3.0044e+07,
3.02297e+07,
3.04175e+07,
3.06106e+07,
3.07913e+07,
3.09557e+07,
3.11117e+07,
3.12628e+07,
3.14117e+07,
3.15652e+07,
3.17297e+07,
3.1913e+07,
3.20966e+07,
3.22875e+07,
3.24558e+07,
3.26124e+07,
3.27639e+07,
3.29085e+07,
3.30527e+07,
3.31962e+07,
3.33492e+07,
3.35159e+07,
3.36866e+07,
3.3858e+07,
3.40109e+07,
3.41562e+07,
3.42979e+07,
3.44377e+07,
3.4578e+07,
3.47185e+07,
3.48692e+07,
3.50381e+07,
3.52136e+07,
3.53816e+07,
3.55344e+07,
3.56807e+07,
3.58225e+07,
3.59619e+07,
3.61016e+07,
3.62451e+07,
375246,
375425,
375683,
375888,
376165,
376460,
376831,
377221,
377540,
377799,
378076,
378355,
378592,
378831,
379096,
379343,
379613,
379894,
380190,
380526,
380865,
381169,
381475,
381753,
382067,
382404,
382666,
383004,
383351,
383637,
383993,
384300,
384683,
385046,
385316,
385638,
385892,
386201,
386475,
386802,
387146,
387469,
387829,
388170,
388515,
388861,
389261,
389589,
389954,
390330,
390719,
391072,
391461,
391821,
392262,
392689,
393160,
393666,
394149,
394603,
395023,
395546,
396063,
396502,
396925,
397451,
397922,
398403,
398879,
399405,
399885,
400422,
401207,
401898,
402624,
403309,
404084,
404812,
405490,
406184,
406836,
407597,
408303,
409036,
409757,
410453,
411238,
411941,
412711,
413490,
414182,
414921,
415691,
416488,
417326,
418112,
418878,
419618,
420464,
421253,
421988,
422758,
423609,
424391,
425327,
426124,
426957,
427780,
428571,
429371,
430134,
430916,
431754,
432677,
433555,
434430,
435331,
436318,
437286,
438082,
438971,
439832,
440701,
441631,
442570,
443445,
444358,
445210,
446182,
447127,
448098,
448893,
449793,
450756,
451828,
452809,
453751,
454748,
455724,
456714,
457660,
458578,
459588,
460600,
461642,
462630,
463607,
464627,
465633,
466747,
467761,
468811,
469833,
470813,
471853,
472927,
473939,
474961,
476051,
477197,
478238,
479294,
480396,
481490,
482607,
483701,
484860,
485981,
487181,
488370,
489470,
490597,
491695,
492868,
493996,
495133,
496327,
497539,
498731,
499971,
502069,
504535,
507234,
509854,
512445,
515137,
517785,
520597,
523293,
526056,
528786,
531433,
534295,
537066,
539886,
542669,
545430,
548182,
550876,
553925,
556847,
559854,
562798,
565673,
568808,
572086,
575651,
579143,
582564,
585974,
589465,
592905,
596163,
599704,
603207,
606694,
610425,
614060,
617480,
621048,
624553,
628030,
631570,
635075,
638835,
642604,
646417,
650042,
653782,
657622,
661599,
665625,
669491,
673440,
677632,
681716,
685677,
689809,
694138,
698402,
702530,
706587,
710696,
714789,
718912,
723102,
727354,
731762,
736188,
740542,
744987,
749258,
753431,
757629,
761785,
766170,
770750,
775642,
780373,
785022,
789610,
794369,
799066,
803687,
808502,
813139,
817920,
822647,
827321,
832118,
836940,
841687,
846523,
851463,
856410,
861450,
866342,
871344,
876429,
881353,
886454,
891683,
897281,
902416,
907725,
912919,
918359,
923747,
929173,
934525,
940026,
945818,
951386,
956841,
962503,
968153,
973883,
979446,
985034,
990629,
996203,
1.00178e+06,
1.00757e+06,
1.01326e+06,
1.01895e+06,
1.02478e+06,
1.03051e+06,
1.03649e+06,
1.04249e+06,
1.04852e+06,
1.05489e+06,
1.06102e+06,
1.06708e+06,
1.07327e+06,
1.07942e+06,
1.08573e+06,
1.092e+06,
1.09826e+06,
1.10447e+06,
1.11067e+06,
1.11722e+06,
1.12352e+06,
1.13007e+06,
1.13639e+06,
1.14306e+06,
1.14962e+06,
1.15616e+06,
1.16267e+06,
1.16917e+06,
1.17577e+06,
1.1822e+06,
1.18884e+06,
1.19528e+06,
1.2019e+06,
1.20851e+06,
1.21521e+06,
1.22208e+06,
1.22906e+06,
1.23621e+06,
1.24333e+06,
1.25022e+06,
1.25732e+06,
1.26447e+06,
1.27156e+06,
1.27876e+06,
1.28594e+06,
1.2932e+06,
1.30044e+06,
1.3078e+06,
1.3153e+06,
1.32267e+06,
1.33021e+06,
1.33757e+06,
1.34508e+06,
1.35252e+06,
1.35989e+06,
1.36747e+06,
1.37499e+06,
1.38266e+06,
1.39024e+06,
1.39781e+06,
1.40542e+06,
1.41329e+06,
1.42122e+06,
1.42937e+06,
1.43753e+06,
1.4456e+06,
1.45374e+06,
1.46195e+06,
1.47027e+06,
1.47868e+06,
1.48714e+06,
1.49563e+06,
1.50406e+06,
1.51246e+06,
1.52115e+06,
1.52977e+06,
1.53844e+06,
1.54718e+06,
1.55576e+06,
1.56442e+06,
1.57317e+06,
1.58187e+06,
1.59048e+06,
1.59942e+06,
1.60816e+06,
1.61683e+06,
1.62564e+06,
1.63463e+06,
1.64388e+06,
1.65305e+06,
1.662e+06,
1.67121e+06,
1.68058e+06,
1.68999e+06,
1.6995e+06,
1.7092e+06,
1.71871e+06,
1.72853e+06,
1.73801e+06,
1.7477e+06,
1.75732e+06,
1.76724e+06,
1.77753e+06,
1.78754e+06,
1.79756e+06,
1.80752e+06,
1.81784e+06,
1.82804e+06,
1.83817e+06,
1.84833e+06,
1.85857e+06,
1.86893e+06,
1.87924e+06,
1.88956e+06,
1.9004e+06,
1.91114e+06,
1.9218e+06,
1.93252e+06,
1.94315e+06,
1.95376e+06,
1.96477e+06,
1.97578e+06,
1.98687e+06,
1.99795e+06,
2.00929e+06,
2.02062e+06,
2.03208e+06,
2.04394e+06,
2.05572e+06,
2.06714e+06,
2.07897e+06,
2.09094e+06,
2.10278e+06,
2.11469e+06,
2.12637e+06,
2.13842e+06,
2.15022e+06,
2.16218e+06,
2.17431e+06,
2.18677e+06,
2.19937e+06,
2.21207e+06,
2.22481e+06,
2.23727e+06,
2.25009e+06,
2.26316e+06,
2.27589e+06,
2.28852e+06,
2.30162e+06,
2.31459e+06,
2.32776e+06,
2.34134e+06,
2.35511e+06,
2.36866e+06,
2.38225e+06,
2.39603e+06,
2.40994e+06,
2.42404e+06,
2.43824e+06,
2.45211e+06,
2.46634e+06,
2.48057e+06,
2.49518e+06,
2.51001e+06,
2.525e+06,
2.53997e+06,
2.55474e+06,
2.56973e+06,
2.58479e+06,
2.5997e+06,
2.61478e+06,
2.62987e+06,
2.64526e+06,
2.66073e+06,
2.67667e+06,
2.69285e+06,
2.70914e+06,
2.72552e+06,
2.74203e+06,
2.75888e+06,
2.77546e+06,
2.79209e+06,
2.80888e+06,
2.82593e+06,
2.84346e+06,
2.86122e+06,
2.87892e+06,
2.89638e+06,
2.91416e+06,
2.93178e+06,
2.94981e+06,
2.96784e+06,
2.98583e+06,
3.004e+06,
3.0225e+06,
3.04146e+06,
3.06044e+06,
3.07956e+06,
3.0982e+06,
3.11717e+06,
3.13622e+06,
3.15534e+06,
3.17442e+06,
3.19393e+06,
3.21365e+06,
3.23441e+06,
3.25502e+06,
3.27554e+06,
3.29636e+06,
3.31725e+06,
3.33821e+06,
3.35938e+06,
3.38067e+06,
3.40195e+06,
3.42406e+06,
3.44662e+06,
3.46909e+06,
3.49193e+06,
3.51482e+06,
3.53743e+06,
3.56029e+06,
3.58346e+06,
3.60705e+06,
3.63118e+06,
3.65554e+06,
3.67983e+06,
3.70435e+06,
3.72902e+06,
3.75398e+06,
3.77884e+06,
3.80365e+06,
3.82948e+06,
3.85584e+06,
3.88262e+06,
3.90942e+06,
3.93658e+06,
3.96406e+06,
3.99162e+06,
4.01919e+06,
4.0472e+06,
4.07636e+06,
4.10497e+06,
4.13412e+06,
4.16393e+06,
4.19399e+06,
4.22411e+06,
4.25456e+06,
4.28631e+06,
4.31853e+06,
4.35045e+06,
4.3829e+06,
4.41611e+06,
4.45015e+06,
4.48493e+06,
4.52098e+06,
4.55754e+06,
4.59396e+06,
4.63045e+06,
4.66762e+06,
4.7043e+06,
4.74251e+06,
4.78151e+06,
4.82105e+06,
4.86054e+06,
4.90084e+06,
4.94155e+06,
4.98284e+06,
5.02495e+06,
5.06853e+06,
5.11163e+06,
5.15604e+06,
5.20068e+06,
5.24645e+06,
5.29413e+06,
5.34314e+06,
5.39156e+06,
5.44089e+06,
5.49115e+06,
5.54237e+06,
5.59677e+06,
5.65141e+06,
5.70692e+06,
5.76338e+06,
5.82133e+06,
5.88201e+06,
5.94449e+06,
6.00864e+06,
6.07465e+06,
6.14225e+06,
6.21429e+06,
6.28883e+06,
6.36612e+06,
6.44697e+06,
6.53142e+06,
6.62293e+06,
6.71762e+06,
6.81946e+06,
6.92936e+06,
7.05607e+06,
7.21034e+06,
7.40372e+06,
7.59362e+06,
7.82187e+06,
8.11553e+06,
8.27173e+06,
8.3881e+06,
8.50007e+06,
8.60842e+06,
8.7184e+06,
8.832e+06,
8.95193e+06,
9.07146e+06,
9.19738e+06,
9.33703e+06,
9.45701e+06,
9.56338e+06,
9.66924e+06,
9.77593e+06,
9.88443e+06,
1.00054e+07,
1.01404e+07,
1.02751e+07,
1.04185e+07,
1.05769e+07,
1.07251e+07,
1.08535e+07,
1.09847e+07,
1.11203e+07,
1.12624e+07,
1.14165e+07,
1.15969e+07,
1.17633e+07,
1.1926e+07,
1.20963e+07,
1.22547e+07,
1.24011e+07,
1.2541e+07,
1.26821e+07,
1.28261e+07,
1.29727e+07,
1.31264e+07,
1.32625e+07,
1.34012e+07,
1.35547e+07,
1.36985e+07,
1.38418e+07,
1.39673e+07,
1.40898e+07,
1.42135e+07,
1.43406e+07,
1.44766e+07,
1.46115e+07,
1.4754e+07,
1.4912e+07,
1.50571e+07,
1.51941e+07,
1.5327e+07,
1.54501e+07,
1.5573e+07,
1.57016e+07,
1.5843e+07,
1.59816e+07,
1.61224e+07,
1.62738e+07,
1.64162e+07,
1.65553e+07,
1.66907e+07,
1.68244e+07,
1.69569e+07,
1.70918e+07,
1.72332e+07,
1.73717e+07,
1.75143e+07,
1.76696e+07,
1.78174e+07,
1.79579e+07,
1.80978e+07,
1.82358e+07,
1.83735e+07,
1.85073e+07,
1.86504e+07,
1.87917e+07,
1.89365e+07,
1.90952e+07,
1.92469e+07,
1.93908e+07,
1.95293e+07,
1.96671e+07,
1.98059e+07,
1.99497e+07,
2.0095e+07,
2.02391e+07,
2.03878e+07,
2.05472e+07,
2.06974e+07,
2.08394e+07,
2.09793e+07,
2.11171e+07,
2.12554e+07,
2.13981e+07,
2.155e+07,
2.1703e+07,
2.18482e+07,
2.20003e+07,
2.21494e+07,
2.22913e+07,
2.24312e+07,
2.25709e+07,
2.27127e+07,
2.28637e+07,
2.30254e+07,
2.31789e+07,
2.33331e+07,
2.34911e+07,
2.36463e+07,
2.37948e+07,
2.39415e+07,
2.40898e+07,
2.42436e+07,
2.4399e+07,
2.4558e+07,
2.47129e+07,
2.48699e+07,
2.50338e+07,
2.51963e+07,
2.53525e+07,
2.55089e+07,
2.56695e+07,
2.58293e+07,
2.59942e+07,
2.61735e+07,
2.63497e+07,
2.65205e+07,
2.66934e+07,
2.68661e+07,
2.703e+07,
2.71914e+07,
2.73463e+07,
2.75002e+07,
2.76553e+07,
2.78139e+07,
2.79723e+07,
2.81337e+07,
2.8299e+07,
2.8467e+07,
2.86303e+07,
2.87874e+07,
2.89428e+07,
2.90984e+07,
2.92614e+07,
2.94383e+07,
2.96132e+07,
2.97944e+07,
2.99803e+07,
3.01709e+07,
3.03462e+07,
3.05145e+07,
3.06784e+07,
3.08408e+07,
3.10086e+07,
3.11835e+07,
3.13556e+07,
3.15318e+07,
3.17177e+07,
3.18982e+07,
3.20649e+07,
3.2227e+07,
3.23885e+07,
3.2549e+07,
3.27147e+07,
3.28897e+07,
3.30593e+07,
3.32353e+07,
3.34093e+07,
3.35819e+07,
3.37422e+07,
3.38978e+07,
3.40517e+07,
3.42048e+07,
3.43645e+07,
3.45331e+07,
3.4698e+07,
3.48646e+07,
3.50226e+07,
3.51803e+07,
3.53311e+07,
3.54788e+07,
3.56257e+07,
3.57724e+07,
3.59262e+07,
3.60935e+07,
3.62644e+07,
3.64296e+07,
3.65896e+07,
3.67483e+07,
3.68977e+07,
3.70439e+07,
3.71902e+07,
3.73361e+07,
375246,
375426,
375661,
375873,
376142,
376429,
376794,
377176,
377497,
377728,
377986,
378266,
378491,
378769,
379039,
379281,
379532,
379756,
380084,
380425,
380701,
381009,
381350,
381625,
381923,
382240,
382498,
382790,
383156,
383448,
383760,
384107,
384485,
384840,
385077,
385341,
385677,
385944,
386194,
386560,
386880,
387225,
387611,
387930,
388268,
388588,
388974,
389319,
389641,
390000,
390332,
390675,
391080,
391476,
391862,
392312,
392791,
393214,
393778,
394198,
394632,
395059,
395597,
396062,
396487,
396915,
397373,
397890,
398421,
398863,
399400,
400082,
400733,
401481,
402162,
402834,
403578,
404288,
404954,
405649,
406379,
407096,
407810,
408422,
409162,
409862,
410579,
411332,
412047,
412780,
413516,
414213,
415009,
415747,
416521,
417300,
418112,
418862,
419692,
420454,
421267,
422006,
422813,
423561,
424322,
425108,
425941,
426754,
427611,
428397,
429199,
430035,
430899,
431739,
432599,
433467,
434194,
435110,
436097,
436940,
437789,
438613,
439526,
440404,
441219,
442085,
442965,
443812,
444776,
445701,
446614,
447536,
448375,
449350,
450284,
451303,
452182,
453043,
454069,
455024,
455994,
456962,
457992,
458968,
459945,
460958,
461931,
462917,
463916,
464962,
465855,
466836,
467839,
468797,
469811,
470807,
471932,
473023,
474154,
475238,
476326,
477347,
478399,
479460,
480645,
481674,
482757,
483943,
485073,
486146,
487278,
488399,
489420,
490411,
491653,
492779,
493910,
495099,
496834,
499500,
501990,
504678,
507204,
509837,
512427,
515103,
517777,
520515,
523191,
526029,
528806,
531505,
534344,
537146,
539851,
542658,
545437,
548309,
551191,
554285,
557037,
559859,
563102,
566396,
569680,
572910,
576420,
579759,
583187,
586692,
590235,
593748,
597164,
600686,
604244,
607723,
611261,
614857,
618351,
621925,
625549,
629138,
632711,
636393,
640181,
643797,
647475,
651306,
655191,
659248,
663151,
667134,
671315,
675618,
679634,
683991,
688055,
691981,
696201,
700308,
704512,
708706,
712784,
716937,
721320,
725600,
729932,
734256,
738593,
742790,
746985,
751212,
755425,
760128,
764541,
769299,
773938,
778756,
783312,
787919,
792644,
797236,
801966,
806576,
811315,
815865,
820470,
825248,
830142,
835136,
840066,
845067,
849992,
854848,
859876,
864668,
869544,
874494,
879482,
884765,
890063,
895450,
900816,
906156,
911407,
916500,
921800,
927241,
932622,
937990,
943632,
949124,
954771,
960451,
966097,
971735,
977292,
982955,
988516,
994187,
999698,
1.00536e+06,
1.01112e+06,
1.0168e+06,
1.02246e+06,
1.02851e+06,
1.03463e+06,
1.04079e+06,
1.04698e+06,
1.05298e+06,
1.05906e+06,
1.06522e+06,
1.07131e+06,
1.07759e+06,
1.08394e+06,
1.09032e+06,
1.09671e+06,
1.10295e+06,
1.10922e+06,
1.11564e+06,
1.12205e+06,
1.12861e+06,
1.13493e+06,
1.14149e+06,
1.14792e+06,
1.15428e+06,
1.16068e+06,
1.16711e+06,
1.17369e+06,
1.18041e+06,
1.18689e+06,
1.19344e+06,
1.19992e+06,
1.2068e+06,
1.21409e+06,
1.221e+06,
1.22818e+06,
1.23521e+06,
1.24239e+06,
1.24931e+06,
1.25634e+06,
1.26346e+06,
1.27046e+06,
1.27752e+06,
1.28461e+06,
1.292e+06,
1.29903e+06,
1.30632e+06,
1.31375e+06,
1.32139e+06,
1.3289e+06,
1.33628e+06,
1.34379e+06,
1.3514e+06,
1.35877e+06,
1.36649e+06,
1.37392e+06,
1.38158e+06,
1.38899e+06,
1.39653e+06,
1.40403e+06,
1.41201e+06,
1.42007e+06,
1.42829e+06,
1.43658e+06,
1.44485e+06,
1.45316e+06,
1.46147e+06,
1.46956e+06,
1.47786e+06,
1.48627e+06,
1.49486e+06,
1.50337e+06,
1.51177e+06,
1.52024e+06,
1.52867e+06,
1.53743e+06,
1.54603e+06,
1.55439e+06,
1.56293e+06,
1.57142e+06,
1.57972e+06,
1.58859e+06,
1.59736e+06,
1.60627e+06,
1.61514e+06,
1.62417e+06,
1.63313e+06,
1.64203e+06,
1.65147e+06,
1.66071e+06,
1.67006e+06,
1.67931e+06,
1.68866e+06,
1.69814e+06,
1.70769e+06,
1.71721e+06,
1.7268e+06,
1.7364e+06,
1.74611e+06,
1.75591e+06,
1.76552e+06,
1.77573e+06,
1.78582e+06,
1.79601e+06,
1.80609e+06,
1.81594e+06,
1.82602e+06,
1.83621e+06,
1.84629e+06,
1.85645e+06,
1.86657e+06,
1.87664e+06,
1.887e+06,
1.89727e+06,
1.90813e+06,
1.9189e+06,
1.92981e+06,
1.94072e+06,
1.95175e+06,
1.96297e+06,
1.97417e+06,
1.98511e+06,
1.99629e+06,
2.0074e+06,
2.01853e+06,
2.02992e+06,
2.04152e+06,
2.05317e+06,
2.06481e+06,
2.07619e+06,
2.08748e+06,
2.09944e+06,
2.11158e+06,
2.12343e+06,
2.13533e+06,
2.14728e+06,
2.15928e+06,
2.17123e+06,
2.18299e+06,
2.1952e+06,
2.20787e+06,
2.22046e+06,
2.23289e+06,
2.24561e+06,
2.25819e+06,
2.27096e+06,
2.28401e+06,
2.29738e+06,
2.31053e+06,
2.32338e+06,
2.33698e+06,
2.35057e+06,
2.36458e+06,
2.37828e+06,
2.39217e+06,
2.40608e+06,
2.42006e+06,
2.43405e+06,
2.44807e+06,
2.462e+06,
2.47625e+06,
2.49033e+06,
2.50497e+06,
2.51963e+06,
2.53492e+06,
2.54977e+06,
2.56485e+06,
2.57986e+06,
2.59506e+06,
2.61003e+06,
2.62537e+06,
2.64062e+06,
2.65603e+06,
2.67185e+06,
2.68808e+06,
2.70483e+06,
2.72106e+06,
2.73743e+06,
2.75405e+06,
2.77059e+06,
2.78775e+06,
2.80446e+06,
2.82125e+06,
2.83835e+06,
2.85565e+06,
2.87329e+06,
2.8909e+06,
2.90899e+06,
2.92699e+06,
2.94463e+06,
2.96268e+06,
2.98055e+06,
2.99879e+06,
3.01683e+06,
3.03529e+06,
3.05371e+06,
3.07263e+06,
3.09198e+06,
3.11121e+06,
3.13032e+06,
3.14964e+06,
3.16894e+06,
3.18855e+06,
3.20846e+06,
3.22858e+06,
3.24874e+06,
3.26935e+06,
3.29012e+06,
3.3114e+06,
3.33221e+06,
3.35331e+06,
3.37478e+06,
3.39612e+06,
3.4179e+06,
3.43985e+06,
3.46229e+06,
3.48518e+06,
3.50825e+06,
3.53088e+06,
3.55364e+06,
3.57656e+06,
3.60003e+06,
3.62357e+06,
3.64714e+06,
3.67154e+06,
3.69623e+06,
3.72095e+06,
3.74602e+06,
3.77103e+06,
3.79602e+06,
3.82179e+06,
3.84737e+06,
3.87363e+06,
3.90103e+06,
3.92771e+06,
3.9549e+06,
3.98198e+06,
4.00955e+06,
4.03731e+06,
4.06563e+06,
4.09407e+06,
4.12337e+06,
4.15287e+06,
4.18259e+06,
4.21273e+06,
4.24298e+06,
4.27369e+06,
4.30476e+06,
4.33641e+06,
4.36935e+06,
4.40257e+06,
4.43576e+06,
4.46991e+06,
4.5047e+06,
4.54047e+06,
4.5776e+06,
4.61513e+06,
4.65279e+06,
4.68997e+06,
4.72716e+06,
4.76544e+06,
4.8038e+06,
4.84288e+06,
4.88343e+06,
4.92388e+06,
4.9648e+06,
5.00641e+06,
5.04883e+06,
5.0918e+06,
5.13592e+06,
5.18088e+06,
5.22624e+06,
5.2722e+06,
5.31927e+06,
5.36691e+06,
5.41681e+06,
5.46698e+06,
5.51713e+06,
5.56815e+06,
5.62009e+06,
5.67402e+06,
5.7306e+06,
5.78855e+06,
5.84654e+06,
5.90586e+06,
5.9673e+06,
6.03142e+06,
6.09791e+06,
6.16576e+06,
6.23483e+06,
6.30692e+06,
6.38321e+06,
6.46237e+06,
6.54444e+06,
6.63103e+06,
6.72182e+06,
6.82173e+06,
6.9262e+06,
7.04133e+06,
7.17979e+06,
7.35165e+06,
7.51147e+06,
7.67444e+06,
7.84872e+06,
8.05502e+06,
8.31509e+06,
8.527e+06,
8.67094e+06,
8.78313e+06,
8.89683e+06,
9.01595e+06,
9.13175e+06,
9.24708e+06,
9.36561e+06,
9.48925e+06,
9.62271e+06,
9.74889e+06,
9.87108e+06,
9.97987e+06,
1.01026e+07,
1.02338e+07,
1.0363e+07,
1.04933e+07,
1.06269e+07,
1.07685e+07,
1.09243e+07,
1.10756e+07,
1.12249e+07,
1.13724e+07,
1.15196e+07,
1.16796e+07,
1.18569e+07,
1.20167e+07,
1.21709e+07,
1.23256e+07,
1.2487e+07,
1.26424e+07,
1.27954e+07,
1.29522e+07,
1.31049e+07,
1.3256e+07,
1.34031e+07,
1.355e+07,
1.36985e+07,
1.38529e+07,
1.40183e+07,
1.41666e+07,
1.43052e+07,
1.4442e+07,
1.45818e+07,
1.47218e+07,
1.48561e+07,
1.49927e+07,
1.5133e+07,
1.52728e+07,
1.54209e+07,
1.55657e+07,
1.57056e+07,
1.58451e+07,
1.59878e+07,
1.61367e+07,
1.62834e+07,
1.64206e+07,
1.65564e+07,
1.66944e+07,
1.68408e+07,
1.6988e+07,
1.71309e+07,
1.72749e+07,
1.7425e+07,
1.75757e+07,
1.77219e+07,
1.78657e+07,
1.80045e+07,
1.8146e+07,
1.82957e+07,
1.84505e+07,
1.86008e+07,
1.87468e+07,
1.88959e+07,
1.90482e+07,
1.91942e+07,
1.93405e+07,
1.94898e+07,
1.96391e+07,
1.97956e+07,
1.99543e+07,
2.01036e+07,
2.02511e+07,
2.0399e+07,
2.05526e+07,
2.07022e+07,
2.08543e+07,
2.10124e+07,
2.11676e+07,
2.13244e+07,
2.14817e+07,
2.16322e+07,
2.17794e+07,
2.19267e+07,
2.20813e+07,
2.22389e+07,
2.23943e+07,
2.25488e+07,
2.27036e+07,
2.28628e+07,
2.3029e+07,
2.31839e+07,
2.33351e+07,
2.34932e+07,
2.36628e+07,
2.38243e+07,
2.3986e+07,
2.41497e+07,
2.43178e+07,
2.44919e+07,
2.46719e+07,
2.48523e+07,
2.50406e+07,
2.52189e+07,
2.53932e+07,
2.556e+07,
2.57227e+07,
2.58852e+07,
2.60487e+07,
2.62149e+07,
2.63873e+07,
2.65571e+07,
2.67213e+07,
2.68878e+07,
2.70579e+07,
2.72187e+07,
2.73781e+07,
2.75367e+07,
2.76975e+07,
2.78614e+07,
2.80356e+07,
2.81987e+07,
2.83573e+07,
2.85165e+07,
2.86803e+07,
2.8843e+07,
2.90039e+07,
2.91626e+07,
2.93229e+07,
2.94865e+07,
2.9651e+07,
2.98126e+07,
2.99732e+07,
3.01414e+07,
3.03184e+07,
3.04921e+07,
3.06654e+07,
3.08458e+07,
3.10393e+07,
3.12156e+07,
3.13895e+07,
3.1559e+07,
3.17273e+07,
3.19001e+07,
3.20812e+07,
3.22582e+07,
3.24345e+07,
3.26189e+07,
3.27947e+07,
3.29673e+07,
3.31411e+07,
3.33129e+07,
3.34785e+07,
3.36477e+07,
3.3825e+07,
3.39981e+07,
3.41744e+07,
3.43479e+07,
3.45148e+07,
3.46796e+07,
3.48459e+07,
3.50146e+07,
3.51769e+07,
3.53403e+07,
3.55086e+07,
3.56725e+07,
3.5839e+07,
3.59985e+07,
3.61561e+07,
3.63114e+07,
3.64612e+07,
3.66122e+07,
3.67618e+07,
3.6917e+07,
3.70793e+07,
3.72419e+07,
3.7397e+07,
3.7546e+07,
3.76945e+07,
3.78404e+07,
3.79873e+07,
3.81387e+07,
3.82871e+07,
375246,
375407,
375646,
375857,
376101,
376371,
376767,
377132,
377446,
377697,
377945,
378206,
378418,
378703,
378958,
379177,
379429,
379698,
379991,
380269,
380565,
380890,
381205,
381489,
381750,
382068,
382317,
382610,
382957,
383244,
383596,
383958,
384279,
384523,
384788,
385058,
385364,
385631,
385956,
386310,
386660,
386953,
387319,
387643,
387963,
388291,
388665,
388997,
389296,
389603,
389954,
390289,
390712,
391077,
391444,
391843,
392328,
392760,
393267,
393705,
394135,
394605,
394986,
395513,
395998,
396408,
396840,
397333,
397838,
398254,
398966,
399643,
400298,
400897,
401633,
402344,
403053,
403732,
404456,
405125,
405757,
406467,
407156,
407769,
408391,
409143,
409908,
410612,
411329,
412009,
412723,
413441,
414221,
415006,
415748,
416465,
417206,
418014,
418747,
419526,
420266,
421035,
421821,
422607,
423420,
424167,
424917,
425697,
426543,
427358,
428139,
428979,
429866,
430711,
431568,
432408,
433274,
434112,
434948,
435749,
436573,
437431,
438252,
439081,
439897,
440746,
441678,
442571,
443386,
444237,
445078,
445948,
446896,
447854,
448799,
449751,
450750,
451676,
452627,
453529,
454375,
455349,
456308,
457215,
458160,
459198,
460174,
461089,
462100,
462977,
463877,
464827,
465891,
466809,
467814,
468861,
469941,
471072,
472202,
473352,
474377,
475350,
476474,
477461,
478507,
479596,
480651,
481711,
482829,
483916,
484947,
486028,
487069,
488192,
489339,
490498,
491720,
494058,
496555,
499215,
501865,
504308,
506940,
509610,
512294,
514691,
517485,
520217,
523005,
525698,
528358,
531240,
533856,
536774,
539615,
542361,
545104,
547877,
550747,
553731,
556645,
559916,
563254,
566466,
569937,
573392,
576812,
580102,
583524,
587186,
590623,
594057,
597479,
600941,
604617,
608195,
611658,
614988,
618695,
622210,
625824,
629395,
633213,
636771,
640453,
644265,
648318,
652332,
656354,
660471,
664528,
668603,
672770,
677141,
681244,
685232,
689329,
693524,
697636,
701794,
705992,
710104,
714379,
718578,
722910,
727248,
731469,
735772,
739975,
744156,
748368,
752878,
757425,
762161,
766861,
771551,
776096,
780668,
785368,
789826,
794433,
799078,
803752,
808470,
813258,
817988,
822797,
827691,
832561,
837477,
842325,
847109,
852058,
856779,
861595,
866296,
871136,
876479,
881862,
887192,
892647,
898039,
903398,
908660,
913899,
919268,
924576,
929827,
935113,
940695,
946292,
951662,
957376,
963044,
968590,
974314,
980064,
985759,
991446,
997116,
1.00267e+06,
1.00839e+06,
1.01406e+06,
1.01967e+06,
1.02549e+06,
1.03164e+06,
1.03762e+06,
1.04394e+06,
1.05008e+06,
1.05615e+06,
1.06232e+06,
1.06858e+06,
1.07482e+06,
1.08123e+06,
1.08753e+06,
1.0938e+06,
1.1002e+06,
1.10637e+06,
1.11246e+06,
1.11881e+06,
1.12516e+06,
1.13158e+06,
1.13795e+06,
1.14432e+06,
1.15083e+06,
1.15735e+06,
1.1638e+06,
1.17032e+06,
1.17696e+06,
1.18357e+06,
1.19021e+06,
1.19705e+06,
1.20408e+06,
1.21105e+06,
1.21809e+06,
1.22519e+06,
1.23217e+06,
1.23923e+06,
1.24642e+06,
1.25366e+06,
1.26079e+06,
1.26772e+06,
1.27481e+06,
1.28217e+06,
1.28935e+06,
1.29653e+06,
1.30389e+06,
1.31124e+06,
1.31866e+06,
1.32626e+06,
1.33364e+06,
1.34113e+06,
1.34868e+06,
1.35614e+06,
1.3635e+06,
1.37114e+06,
1.37847e+06,
1.38622e+06,
1.39385e+06,
1.40161e+06,
1.40944e+06,
1.41757e+06,
1.42605e+06,
1.43431e+06,
1.44261e+06,
1.4508e+06,
1.45891e+06,
1.46693e+06,
1.47498e+06,
1.48332e+06,
1.49178e+06,
1.50011e+06,
1.50842e+06,
1.51693e+06,
1.52531e+06,
1.53382e+06,
1.54269e+06,
1.55127e+06,
1.55997e+06,
1.5684e+06,
1.57694e+06,
1.58565e+06,
1.59421e+06,
1.60305e+06,
1.61178e+06,
1.62044e+06,
1.62936e+06,
1.63873e+06,
1.64796e+06,
1.65734e+06,
1.6668e+06,
1.67628e+06,
1.68567e+06,
1.69496e+06,
1.7045e+06,
1.71418e+06,
1.72368e+06,
1.73337e+06,
1.74306e+06,
1.75259e+06,
1.76236e+06,
1.77185e+06,
1.78174e+06,
1.79183e+06,
1.80192e+06,
1.8121e+06,
1.82223e+06,
1.83233e+06,
1.84245e+06,
1.8527e+06,
1.86293e+06,
1.87309e+06,
1.88313e+06,
1.89349e+06,
1.90417e+06,
1.915e+06,
1.92599e+06,
1.93707e+06,
1.94791e+06,
1.95895e+06,
1.96987e+06,
1.98102e+06,
1.99242e+06,
2.00341e+06,
2.01453e+06,
2.02562e+06,
2.03672e+06,
2.04801e+06,
2.05938e+06,
2.07125e+06,
2.08297e+06,
2.09469e+06,
2.10643e+06,
2.11836e+06,
2.13024e+06,
2.14206e+06,
2.15412e+06,
2.16605e+06,
2.17808e+06,
2.19032e+06,
2.20225e+06,
2.21464e+06,
2.22736e+06,
2.24e+06,
2.25284e+06,
2.26589e+06,
2.27879e+06,
2.29199e+06,
2.30552e+06,
2.31857e+06,
2.33161e+06,
2.34486e+06,
2.35831e+06,
2.37194e+06,
2.38589e+06,
2.39967e+06,
2.41358e+06,
2.42746e+06,
2.4416e+06,
2.45564e+06,
2.46967e+06,
2.48392e+06,
2.49822e+06,
2.51297e+06,
2.52769e+06,
2.54241e+06,
2.55765e+06,
2.57278e+06,
2.5878e+06,
2.60302e+06,
2.61817e+06,
2.63314e+06,
2.64878e+06,
2.66465e+06,
2.68048e+06,
2.69654e+06,
2.71271e+06,
2.72947e+06,
2.74607e+06,
2.76277e+06,
2.77956e+06,
2.79626e+06,
2.813e+06,
2.82989e+06,
2.84666e+06,
2.86389e+06,
2.88129e+06,
2.89865e+06,
2.91662e+06,
2.93497e+06,
2.95315e+06,
2.97102e+06,
2.98904e+06,
3.00751e+06,
3.02586e+06,
3.04413e+06,
3.06272e+06,
3.08129e+06,
3.10023e+06,
3.11968e+06,
3.13915e+06,
3.15853e+06,
3.17833e+06,
3.19842e+06,
3.21833e+06,
3.23867e+06,
3.25873e+06,
3.2792e+06,
3.30009e+06,
3.32148e+06,
3.34273e+06,
3.36406e+06,
3.3855e+06,
3.40703e+06,
3.42899e+06,
3.45082e+06,
3.47306e+06,
3.49543e+06,
3.51847e+06,
3.54154e+06,
3.56464e+06,
3.58825e+06,
3.61172e+06,
3.63508e+06,
3.65915e+06,
3.68308e+06,
3.70705e+06,
3.73166e+06,
3.7571e+06,
3.7825e+06,
3.8077e+06,
3.83329e+06,
3.85936e+06,
3.88573e+06,
3.91213e+06,
3.93882e+06,
3.96657e+06,
3.99439e+06,
4.02254e+06,
4.05072e+06,
4.07881e+06,
4.10729e+06,
4.1358e+06,
4.16504e+06,
4.19523e+06,
4.22524e+06,
4.25578e+06,
4.28649e+06,
4.31764e+06,
4.34928e+06,
4.3813e+06,
4.41486e+06,
4.44929e+06,
4.48365e+06,
4.5185e+06,
4.55417e+06,
4.59007e+06,
4.62669e+06,
4.66459e+06,
4.70438e+06,
4.74279e+06,
4.78157e+06,
4.82047e+06,
4.85968e+06,
4.89982e+06,
4.9401e+06,
4.98202e+06,
5.02417e+06,
5.06667e+06,
5.1097e+06,
5.15298e+06,
5.19757e+06,
5.24372e+06,
5.29082e+06,
5.3377e+06,
5.38515e+06,
5.43391e+06,
5.48341e+06,
5.5345e+06,
5.58701e+06,
5.6394e+06,
5.69278e+06,
5.74737e+06,
5.80379e+06,
5.86346e+06,
5.9237e+06,
5.98473e+06,
6.04682e+06,
6.11079e+06,
6.17765e+06,
6.24745e+06,
6.31912e+06,
6.3925e+06,
6.46841e+06,
6.54856e+06,
6.63307e+06,
6.72075e+06,
6.81378e+06,
6.91301e+06,
7.02312e+06,
7.1539e+06,
7.30572e+06,
7.4471e+06,
7.5895e+06,
7.7361e+06,
7.88654e+06,
8.04508e+06,
8.22134e+06,
8.43467e+06,
8.65909e+06,
8.85093e+06,
9.03567e+06,
9.17639e+06,
9.29078e+06,
9.40602e+06,
9.52127e+06,
9.63743e+06,
9.75689e+06,
9.88473e+06,
1.00175e+07,
1.01565e+07,
1.02993e+07,
1.04378e+07,
1.05682e+07,
1.06974e+07,
1.08296e+07,
1.09665e+07,
1.11081e+07,
1.12586e+07,
1.14189e+07,
1.15787e+07,
1.17459e+07,
1.19217e+07,
1.21045e+07,
1.22627e+07,
1.24139e+07,
1.25631e+07,
1.27117e+07,
1.28664e+07,
1.30285e+07,
1.3191e+07,
1.33523e+07,
1.35083e+07,
1.36613e+07,
1.38141e+07,
1.39665e+07,
1.41169e+07,
1.42734e+07,
1.44309e+07,
1.45962e+07,
1.47573e+07,
1.49212e+07,
1.50686e+07,
1.52123e+07,
1.53566e+07,
1.55032e+07,
1.5646e+07,
1.57854e+07,
1.59294e+07,
1.60836e+07,
1.6236e+07,
1.63886e+07,
1.65408e+07,
1.66892e+07,
1.68355e+07,
1.69817e+07,
1.7129e+07,
1.72776e+07,
1.74241e+07,
1.75784e+07,
1.77383e+07,
1.7895e+07,
1.80456e+07,
1.81947e+07,
1.83424e+07,
1.84902e+07,
1.86403e+07,
1.87931e+07,
1.89509e+07,
1.91124e+07,
1.92729e+07,
1.94319e+07,
1.95869e+07,
1.97397e+07,
1.98918e+07,
2.00464e+07,
2.02079e+07,
2.03646e+07,
2.05215e+07,
2.06854e+07,
2.08562e+07,
2.10229e+07,
2.11823e+07,
2.13417e+07,
2.15064e+07,
2.16674e+07,
2.18256e+07,
2.19847e+07,
2.21448e+07,
2.23125e+07,
2.24872e+07,
2.26621e+07,
2.28388e+07,
2.30129e+07,
2.31825e+07,
2.33507e+07,
2.35263e+07,
2.37093e+07,
2.38873e+07,
2.40647e+07,
2.42506e+07,
2.44386e+07,
2.46152e+07,
2.47888e+07,
2.49568e+07,
2.512e+07,
2.5283e+07,
2.54479e+07,
2.56201e+07,
2.57969e+07,
2.59822e+07,
2.61602e+07,
2.63296e+07,
2.64953e+07,
2.66575e+07,
2.68191e+07,
2.69823e+07,
2.71448e+07,
2.73122e+07,
2.74804e+07,
2.76575e+07,
2.78342e+07,
2.80016e+07,
2.81635e+07,
2.83243e+07,
2.84846e+07,
2.86478e+07,
2.88158e+07,
2.89808e+07,
2.91425e+07,
2.93128e+07,
2.94844e+07,
2.96517e+07,
2.98136e+07,
2.99743e+07,
3.01364e+07,
3.0301e+07,
3.0464e+07,
3.06268e+07,
3.07943e+07,
3.09708e+07,
3.11545e+07,
3.13296e+07,
3.1503e+07,
3.16806e+07,
3.18645e+07,
3.20421e+07,
3.22213e+07,
3.23964e+07,
3.25711e+07,
3.27524e+07,
3.29439e+07,
3.31252e+07,
3.33015e+07,
3.34835e+07,
3.3661e+07,
3.38352e+07,
3.40074e+07,
3.41717e+07,
3.43361e+07,
3.45058e+07,
3.46876e+07,
3.48579e+07,
3.50286e+07,
3.51979e+07,
3.53584e+07,
3.55168e+07,
3.56758e+07,
3.58352e+07,
3.59938e+07,
3.61552e+07,
3.63275e+07,
3.64908e+07,
3.66529e+07,
3.68071e+07,
3.69584e+07,
3.71086e+07,
3.72571e+07,
3.74065e+07,
3.75578e+07,
3.77164e+07,
3.78853e+07,
3.80514e+07,
3.82083e+07,
3.83598e+07,
3.85088e+07,
3.86579e+07,
3.8807e+07,
3.89548e+07,
3.91002e+07,
375246,
375413,
375631,
375859,
376067,
376303,
376723,
377091,
377414,
377632,
377904,
378168,
378368,
378630,
378871,
379108,
379309,
379582,
379868,
380139,
380462,
380753,
381064,
381324,
381592,
381911,
382124,
382440,
382727,
383142,
383477,
383783,
384068,
384321,
384544,
384852,
385078,
385390,
385732,
386019,
386300,
386676,
387032,
387363,
387710,
388030,
388294,
388634,
388950,
389245,
389589,
389922,
390249,
390632,
391008,
391367,
391801,
392221,
392660,
393143,
393595,
394043,
394531,
394903,
395410,
395829,
396279,
396719,
397208,
397856,
398538,
399194,
399806,
400471,
401142,
401772,
402515,
403166,
403830,
404513,
405141,
405848,
406463,
407088,
407714,
408447,
409116,
409790,
410497,
411272,
412025,
412802,
413564,
414247,
414982,
415672,
416371,
417107,
417852,
418550,
419279,
420105,
420865,
421555,
422388,
423151,
423849,
424666,
425347,
426136,
426957,
427766,
428651,
429455,
430305,
431158,
431969,
432835,
433732,
434496,
435242,
436024,
436843,
437642,
438474,
439376,
440167,
441056,
441986,
442825,
443637,
444559,
445494,
446374,
447344,
448250,
449157,
450017,
450975,
451901,
452789,
453719,
454711,
455586,
456480,
457358,
458254,
459172,
460152,
461160,
462076,
462998,
463965,
465002,
466035,
467045,
468045,
469079,
470137,
471149,
472197,
473233,
474326,
475312,
476319,
477434,
478444,
479531,
480625,
481677,
482746,
483767,
484796,
485875,
486957,
488253,
490900,
493362,
496055,
498748,
501247,
504002,
506522,
509045,
511585,
514296,
517105,
519776,
522483,
525070,
527784,
530537,
533328,
536141,
538824,
541602,
544325,
547258,
550247,
553353,
556426,
559682,
562975,
566331,
569756,
573200,
576663,
580177,
583471,
587115,
590634,
594049,
597422,
600839,
604562,
608191,
611826,
615338,
618827,
622417,
625857,
629453,
633367,
636857,
640731,
644932,
649038,
653237,
657413,
661299,
665379,
669540,
673630,
677846,
682019,
686188,
690225,
694499,
698665,
702716,
706887,
711158,
715385,
719742,
723879,
728183,
732308,
736547,
740813,
745256,
749796,
754468,
758813,
763356,
768133,
772811,
777466,
782064,
786676,
791078,
795627,
800300,
805055,
809808,
814532,
819214,
823938,
828921,
833643,
838569,
843226,
847927,
852736,
857470,
862239,
867274,
872550,
878048,
883318,
888846,
894282,
899542,
905054,
910365,
915598,
920933,
926278,
931407,
936807,
942322,
947805,
953417,
959023,
964770,
970451,
976185,
981635,
987088,
992795,
998457,
1.00407e+06,
1.00976e+06,
1.01578e+06,
1.02195e+06,
1.02789e+06,
1.03397e+06,
1.04016e+06,
1.04627e+06,
1.05243e+06,
1.0587e+06,
1.06481e+06,
1.07093e+06,
1.07698e+06,
1.08326e+06,
1.08972e+06,
1.09601e+06,
1.10236e+06,
1.10858e+06,
1.1149e+06,
1.12106e+06,
1.1273e+06,
1.13374e+06,
1.14015e+06,
1.14682e+06,
1.15337e+06,
1.15985e+06,
1.16644e+06,
1.17302e+06,
1.17961e+06,
1.18638e+06,
1.19334e+06,
1.20016e+06,
1.20694e+06,
1.21383e+06,
1.22091e+06,
1.22797e+06,
1.23525e+06,
1.24246e+06,
1.2496e+06,
1.25659e+06,
1.2637e+06,
1.27079e+06,
1.2781e+06,
1.2853e+06,
1.29238e+06,
1.29953e+06,
1.30672e+06,
1.31418e+06,
1.32168e+06,
1.32902e+06,
1.33634e+06,
1.34368e+06,
1.35127e+06,
1.35879e+06,
1.36629e+06,
1.37389e+06,
1.38176e+06,
1.38954e+06,
1.39747e+06,
1.40539e+06,
1.41316e+06,
1.42115e+06,
1.42929e+06,
1.4376e+06,
1.44578e+06,
1.45404e+06,
1.46239e+06,
1.47065e+06,
1.4789e+06,
1.4872e+06,
1.49566e+06,
1.50404e+06,
1.51245e+06,
1.52065e+06,
1.52898e+06,
1.53756e+06,
1.54626e+06,
1.55509e+06,
1.56376e+06,
1.57242e+06,
1.58113e+06,
1.5895e+06,
1.59809e+06,
1.60675e+06,
1.61544e+06,
1.6246e+06,
1.63378e+06,
1.64277e+06,
1.65184e+06,
1.66093e+06,
1.67054e+06,
1.68024e+06,
1.68975e+06,
1.6995e+06,
1.70898e+06,
1.71871e+06,
1.72822e+06,
1.73777e+06,
1.74729e+06,
1.75688e+06,
1.76643e+06,
1.77606e+06,
1.78593e+06,
1.79578e+06,
1.80607e+06,
1.81623e+06,
1.82639e+06,
1.83646e+06,
1.847e+06,
1.85742e+06,
1.86767e+06,
1.87771e+06,
1.88781e+06,
1.89845e+06,
1.90924e+06,
1.91975e+06,
1.93033e+06,
1.94142e+06,
1.95238e+06,
1.96352e+06,
1.9744e+06,
1.98554e+06,
1.9965e+06,
2.0078e+06,
2.01926e+06,
2.03044e+06,
2.04179e+06,
2.05309e+06,
2.06446e+06,
2.07594e+06,
2.08774e+06,
2.09962e+06,
2.11152e+06,
2.12321e+06,
2.135e+06,
2.14696e+06,
2.1588e+06,
2.17083e+06,
2.18308e+06,
2.19529e+06,
2.20737e+06,
2.22003e+06,
2.23266e+06,
2.24561e+06,
2.25848e+06,
2.27158e+06,
2.28461e+06,
2.29785e+06,
2.31064e+06,
2.32373e+06,
2.33672e+06,
2.35004e+06,
2.36351e+06,
2.37737e+06,
2.39115e+06,
2.40516e+06,
2.41942e+06,
2.43358e+06,
2.44761e+06,
2.46158e+06,
2.47563e+06,
2.48979e+06,
2.50412e+06,
2.51866e+06,
2.53307e+06,
2.54745e+06,
2.5623e+06,
2.57745e+06,
2.5926e+06,
2.60798e+06,
2.62356e+06,
2.63918e+06,
2.65492e+06,
2.67088e+06,
2.68685e+06,
2.70275e+06,
2.71888e+06,
2.735e+06,
2.75163e+06,
2.76836e+06,
2.78506e+06,
2.80183e+06,
2.8188e+06,
2.8357e+06,
2.85254e+06,
2.86966e+06,
2.88717e+06,
2.90478e+06,
2.92242e+06,
2.93994e+06,
2.958e+06,
2.97649e+06,
2.99481e+06,
3.01337e+06,
3.03173e+06,
3.05017e+06,
3.06854e+06,
3.0876e+06,
3.10688e+06,
3.12636e+06,
3.14579e+06,
3.16562e+06,
3.18563e+06,
3.20598e+06,
3.2262e+06,
3.24647e+06,
3.26677e+06,
3.28724e+06,
3.30824e+06,
3.32866e+06,
3.3497e+06,
3.37139e+06,
3.39294e+06,
3.41447e+06,
3.43643e+06,
3.45839e+06,
3.4806e+06,
3.50291e+06,
3.52549e+06,
3.54825e+06,
3.57129e+06,
3.59467e+06,
3.61813e+06,
3.64176e+06,
3.66549e+06,
3.6897e+06,
3.71453e+06,
3.73898e+06,
3.76399e+06,
3.78969e+06,
3.81558e+06,
3.8412e+06,
3.8675e+06,
3.89323e+06,
3.91987e+06,
3.94659e+06,
3.97374e+06,
4.00119e+06,
4.02946e+06,
4.05757e+06,
4.08584e+06,
4.11454e+06,
4.1431e+06,
4.17229e+06,
4.20171e+06,
4.2318e+06,
4.26245e+06,
4.2939e+06,
4.32504e+06,
4.35653e+06,
4.38827e+06,
4.42199e+06,
4.45625e+06,
4.49115e+06,
4.52702e+06,
4.5628e+06,
4.5991e+06,
4.6356e+06,
4.6727e+06,
4.70969e+06,
4.7484e+06,
4.78896e+06,
4.83066e+06,
4.87064e+06,
4.91103e+06,
4.95164e+06,
4.99298e+06,
5.03474e+06,
5.07775e+06,
5.12155e+06,
5.16517e+06,
5.21003e+06,
5.25572e+06,
5.30139e+06,
5.34833e+06,
5.39725e+06,
5.44608e+06,
5.49534e+06,
5.54591e+06,
5.59704e+06,
5.64894e+06,
5.70396e+06,
5.76001e+06,
5.81618e+06,
5.87377e+06,
5.93233e+06,
5.99267e+06,
6.05605e+06,
6.12043e+06,
6.18573e+06,
6.25233e+06,
6.32137e+06,
6.39516e+06,
6.47113e+06,
6.54912e+06,
6.62941e+06,
6.71389e+06,
6.80321e+06,
6.89855e+06,
7.0022e+06,
7.12322e+06,
7.26457e+06,
7.39618e+06,
7.52563e+06,
7.6549e+06,
7.78588e+06,
7.9224e+06,
8.06424e+06,
8.21109e+06,
8.367e+06,
8.5388e+06,
8.74331e+06,
8.95906e+06,
9.14371e+06,
9.31582e+06,
9.48219e+06,
9.64427e+06,
9.77758e+06,
9.89589e+06,
1.00192e+07,
1.01543e+07,
1.02998e+07,
1.04476e+07,
1.05893e+07,
1.07293e+07,
1.08702e+07,
1.10123e+07,
1.11578e+07,
1.13028e+07,
1.14473e+07,
1.16003e+07,
1.17652e+07,
1.19429e+07,
1.21333e+07,
1.2307e+07,
1.24706e+07,
1.26289e+07,
1.27862e+07,
1.29436e+07,
1.3101e+07,
1.32594e+07,
1.34232e+07,
1.3587e+07,
1.37444e+07,
1.39005e+07,
1.40557e+07,
1.42109e+07,
1.43684e+07,
1.45296e+07,
1.46886e+07,
1.48518e+07,
1.5019e+07,
1.51886e+07,
1.5355e+07,
1.5517e+07,
1.56812e+07,
1.58418e+07,
1.60004e+07,
1.61483e+07,
1.62979e+07,
1.64516e+07,
1.66127e+07,
1.67797e+07,
1.69441e+07,
1.71002e+07,
1.72533e+07,
1.74056e+07,
1.75547e+07,
1.77045e+07,
1.78585e+07,
1.80222e+07,
1.81906e+07,
1.83578e+07,
1.85274e+07,
1.86879e+07,
1.88416e+07,
1.89947e+07,
1.915e+07,
1.93105e+07,
1.9471e+07,
1.96346e+07,
1.98034e+07,
1.9973e+07,
2.01469e+07,
2.03159e+07,
2.04839e+07,
2.06542e+07,
2.08198e+07,
2.09849e+07,
2.11515e+07,
2.13241e+07,
2.15043e+07,
2.16868e+07,
2.18766e+07,
2.20671e+07,
2.22626e+07,
2.24576e+07,
2.26419e+07,
2.28182e+07,
2.29898e+07,
2.31633e+07,
2.33443e+07,
2.35239e+07,
2.371e+07,
2.38879e+07,
2.40604e+07,
2.42313e+07,
2.44033e+07,
2.45759e+07,
2.47473e+07,
2.49211e+07,
2.5103e+07,
2.52763e+07,
2.54515e+07,
2.56251e+07,
2.57939e+07,
2.5961e+07,
2.61296e+07,
2.63015e+07,
2.64779e+07,
2.66598e+07,
2.68396e+07,
2.70114e+07,
2.71816e+07,
2.73528e+07,
2.75182e+07,
2.76851e+07,
2.7852e+07,
2.80222e+07,
2.81926e+07,
2.83647e+07,
2.85402e+07,
2.87108e+07,
2.88812e+07,
2.90541e+07,
2.9221e+07,
2.93875e+07,
2.9558e+07,
2.97247e+07,
2.98897e+07,
3.00563e+07,
3.02275e+07,
3.0398e+07,
3.05685e+07,
3.07424e+07,
3.09139e+07,
3.10867e+07,
3.12532e+07,
3.14173e+07,
3.15837e+07,
3.17476e+07,
3.19181e+07,
3.20859e+07,
3.22569e+07,
3.24335e+07,
3.26152e+07,
3.27876e+07,
3.29562e+07,
3.31238e+07,
3.32924e+07,
3.34689e+07,
3.36472e+07,
3.38197e+07,
3.39924e+07,
3.41741e+07,
3.43522e+07,
3.45226e+07,
3.46888e+07,
3.48538e+07,
3.50188e+07,
3.51885e+07,
3.53626e+07,
3.5532e+07,
3.57048e+07,
3.58813e+07,
3.60522e+07,
3.62164e+07,
3.63797e+07,
3.65404e+07,
3.67e+07,
3.68619e+07,
3.70264e+07,
3.71879e+07,
3.73485e+07,
3.75009e+07,
3.7656e+07,
3.78065e+07,
3.79537e+07,
3.81004e+07,
3.82501e+07,
3.84046e+07,
3.85649e+07,
3.87239e+07,
3.88786e+07,
3.90277e+07,
3.91778e+07,
3.93249e+07,
3.94692e+07,
3.96122e+07,
3.97581e+07,
375246,
375404,
375620,
375816,
376059,
376293,
376661,
377049,
377357,
377584,
377822,
378073,
378263,
378520,
378792,
379007,
379222,
379459,
379772,
380048,
380361,
380657,
380928,
381212,
381492,
381727,
382005,
382254,
382568,
382925,
383303,
383606,
383863,
384080,
384352,
384623,
384913,
385167,
385491,
385750,
386033,
386323,
386672,
386988,
387287,
387635,
387891,
388211,
388559,
388882,
389242,
389574,
389906,
390214,
390578,
390973,
391324,
391696,
392146,
392597,
393130,
393513,
393925,
394364,
394707,
395161,
395680,
396162,
396665,
397317,
398031,
398664,
399294,
399981,
400630,
401249,
401902,
402568,
403156,
403831,
404506,
405165,
405831,
406462,
407130,
407758,
408373,
409058,
409697,
410453,
411232,
412037,
412791,
413474,
414168,
414862,
415553,
416259,
416940,
417605,
418359,
419089,
419845,
420627,
421397,
422141,
422907,
423635,
424313,
425051,
425762,
426552,
427372,
428226,
429045,
429850,
430732,
431537,
432271,
433079,
433843,
434697,
435479,
436270,
437112,
437920,
438729,
439645,
440503,
441343,
442116,
442997,
443880,
444708,
445613,
446437,
447371,
448289,
449173,
450086,
451041,
451913,
452860,
453755,
454730,
455645,
456547,
457479,
458411,
459312,
460261,
461188,
462176,
463207,
464197,
465191,
466178,
467154,
468256,
469211,
470132,
471140,
472153,
473268,
474220,
475283,
476348,
477345,
478355,
479380,
480366,
481424,
482465,
483479,
484886,
487573,
489940,
492653,
495282,
497829,
500517,
503037,
505516,
508065,
510870,
513652,
516305,
518953,
521644,
524132,
526978,
529832,
532512,
535277,
538019,
540810,
543774,
546651,
549806,
553059,
556082,
559276,
562396,
565713,
569308,
572838,
576194,
579568,
583093,
586564,
589927,
593392,
596829,
600408,
604101,
607772,
611432,
614806,
618292,
621923,
625416,
629308,
633089,
637353,
641393,
645447,
649519,
653439,
657539,
661610,
665575,
669602,
673822,
677982,
682080,
686335,
690507,
694552,
698790,
703066,
707131,
711050,
715282,
719514,
723739,
727974,
732364,
736773,
741078,
745825,
750421,
754903,
759389,
763819,
768396,
773076,
777611,
782150,
786815,
791419,
795925,
800433,
805127,
809848,
814576,
819178,
824082,
828739,
833574,
838282,
843015,
847764,
852659,
857653,
862918,
868041,
873449,
878559,
883835,
889272,
894689,
899957,
905347,
910715,
916051,
921517,
926735,
932168,
937560,
942894,
948432,
953859,
959412,
964936,
970632,
976292,
981875,
987518,
993180,
998834,
1.00478e+06,
1.01083e+06,
1.01711e+06,
1.02311e+06,
1.02918e+06,
1.03521e+06,
1.04144e+06,
1.04765e+06,
1.05378e+06,
1.05994e+06,
1.06594e+06,
1.07193e+06,
1.07813e+06,
1.08428e+06,
1.09061e+06,
1.09684e+06,
1.10312e+06,
1.10954e+06,
1.11578e+06,
1.12219e+06,
1.12869e+06,
1.13528e+06,
1.14169e+06,
1.14814e+06,
1.15456e+06,
1.16136e+06,
1.16791e+06,
1.17455e+06,
1.18139e+06,
1.18824e+06,
1.19496e+06,
1.20175e+06,
1.20863e+06,
1.21552e+06,
1.22261e+06,
1.22982e+06,
1.2371e+06,
1.24426e+06,
1.25137e+06,
1.25849e+06,
1.26553e+06,
1.27259e+06,
1.27978e+06,
1.28685e+06,
1.29399e+06,
1.30122e+06,
1.30849e+06,
1.31576e+06,
1.32303e+06,
1.3305e+06,
1.33786e+06,
1.34525e+06,
1.35277e+06,
1.36046e+06,
1.3679e+06,
1.37563e+06,
1.38346e+06,
1.39137e+06,
1.39924e+06,
1.40727e+06,
1.41533e+06,
1.42328e+06,
1.43127e+06,
1.43952e+06,
1.44756e+06,
1.45571e+06,
1.46386e+06,
1.47219e+06,
1.48029e+06,
1.48876e+06,
1.49701e+06,
1.50548e+06,
1.51367e+06,
1.52218e+06,
1.53054e+06,
1.53885e+06,
1.54729e+06,
1.5558e+06,
1.56446e+06,
1.57339e+06,
1.58208e+06,
1.59056e+06,
1.59916e+06,
1.60818e+06,
1.61729e+06,
1.62653e+06,
1.6358e+06,
1.64494e+06,
1.6543e+06,
1.66364e+06,
1.67296e+06,
1.68221e+06,
1.69176e+06,
1.70112e+06,
1.71087e+06,
1.72051e+06,
1.73004e+06,
1.73968e+06,
1.74954e+06,
1.75927e+06,
1.76914e+06,
1.77873e+06,
1.78845e+06,
1.79825e+06,
1.80806e+06,
1.81824e+06,
1.82825e+06,
1.8385e+06,
1.84857e+06,
1.85891e+06,
1.8691e+06,
1.87961e+06,
1.8901e+06,
1.90077e+06,
1.91141e+06,
1.92206e+06,
1.93292e+06,
1.94383e+06,
1.95482e+06,
1.96596e+06,
1.97716e+06,
1.98835e+06,
1.99939e+06,
2.01054e+06,
2.02198e+06,
2.03328e+06,
2.04441e+06,
2.05559e+06,
2.06704e+06,
2.07854e+06,
2.09002e+06,
2.10167e+06,
2.11351e+06,
2.12555e+06,
2.13761e+06,
2.14961e+06,
2.16172e+06,
2.17386e+06,
2.18595e+06,
2.19814e+06,
2.21065e+06,
2.22292e+06,
2.23578e+06,
2.24844e+06,
2.26127e+06,
2.27434e+06,
2.28752e+06,
2.30086e+06,
2.31399e+06,
2.32738e+06,
2.341e+06,
2.35409e+06,
2.36789e+06,
2.38134e+06,
2.39473e+06,
2.40834e+06,
2.42224e+06,
2.43618e+06,
2.45041e+06,
2.46458e+06,
2.47854e+06,
2.49256e+06,
2.50697e+06,
2.52167e+06,
2.53628e+06,
2.55124e+06,
2.56609e+06,
2.58099e+06,
2.59598e+06,
2.61165e+06,
2.62711e+06,
2.64282e+06,
2.65868e+06,
2.67445e+06,
2.69042e+06,
2.70622e+06,
2.7224e+06,
2.73886e+06,
2.75512e+06,
2.77138e+06,
2.78819e+06,
2.80504e+06,
2.82235e+06,
2.8393e+06,
2.85636e+06,
2.87341e+06,
2.89067e+06,
2.90824e+06,
2.92544e+06,
2.94313e+06,
2.96107e+06,
2.97896e+06,
2.99749e+06,
3.01638e+06,
3.03499e+06,
3.05375e+06,
3.07267e+06,
3.09187e+06,
3.1114e+06,
3.13101e+06,
3.15053e+06,
3.17002e+06,
3.18998e+06,
3.21049e+06,
3.23081e+06,
3.25111e+06,
3.27172e+06,
3.29242e+06,
3.31324e+06,
3.334e+06,
3.35526e+06,
3.37581e+06,
3.39731e+06,
3.41931e+06,
3.44115e+06,
3.46323e+06,
3.48524e+06,
3.50749e+06,
3.53015e+06,
3.55313e+06,
3.57612e+06,
3.59899e+06,
3.62241e+06,
3.64656e+06,
3.67072e+06,
3.69485e+06,
3.71925e+06,
3.74383e+06,
3.76866e+06,
3.79369e+06,
3.81876e+06,
3.84465e+06,
3.87121e+06,
3.89775e+06,
3.92433e+06,
3.9512e+06,
3.97826e+06,
4.00532e+06,
4.033e+06,
4.06075e+06,
4.08874e+06,
4.11792e+06,
4.14725e+06,
4.17627e+06,
4.2055e+06,
4.23544e+06,
4.26623e+06,
4.29651e+06,
4.32739e+06,
4.35918e+06,
4.39168e+06,
4.42551e+06,
4.45991e+06,
4.4944e+06,
4.52943e+06,
4.5651e+06,
4.60111e+06,
4.63838e+06,
4.67566e+06,
4.71313e+06,
4.75092e+06,
4.79037e+06,
4.83009e+06,
4.87048e+06,
4.9118e+06,
4.95449e+06,
4.99774e+06,
5.04033e+06,
5.08338e+06,
5.12631e+06,
5.16965e+06,
5.21474e+06,
5.26123e+06,
5.30714e+06,
5.35423e+06,
5.40137e+06,
5.44984e+06,
5.49902e+06,
5.55063e+06,
5.60247e+06,
5.65516e+06,
5.70849e+06,
5.76326e+06,
5.81869e+06,
5.87693e+06,
5.93609e+06,
5.99643e+06,
6.05746e+06,
6.12086e+06,
6.18532e+06,
6.25274e+06,
6.32209e+06,
6.39294e+06,
6.46536e+06,
6.54046e+06,
6.61982e+06,
6.70379e+06,
6.79027e+06,
6.88155e+06,
6.97913e+06,
7.09434e+06,
7.22821e+06,
7.35081e+06,
7.47102e+06,
7.59101e+06,
7.71207e+06,
7.83563e+06,
7.96129e+06,
8.08933e+06,
8.22219e+06,
8.36406e+06,
8.51313e+06,
8.66431e+06,
8.82216e+06,
8.99908e+06,
9.20555e+06,
9.39531e+06,
9.57031e+06,
9.73768e+06,
9.90713e+06,
1.00813e+07,
1.02576e+07,
1.04315e+07,
1.05759e+07,
1.0717e+07,
1.08638e+07,
1.10144e+07,
1.11625e+07,
1.13109e+07,
1.14616e+07,
1.16161e+07,
1.1781e+07,
1.19501e+07,
1.21296e+07,
1.23195e+07,
1.24931e+07,
1.26642e+07,
1.28282e+07,
1.29891e+07,
1.31495e+07,
1.33135e+07,
1.34831e+07,
1.36466e+07,
1.38074e+07,
1.39696e+07,
1.41343e+07,
1.42989e+07,
1.44597e+07,
1.46242e+07,
1.47849e+07,
1.4948e+07,
1.51151e+07,
1.52802e+07,
1.5445e+07,
1.5611e+07,
1.57837e+07,
1.59614e+07,
1.61348e+07,
1.63019e+07,
1.64679e+07,
1.66356e+07,
1.68075e+07,
1.69803e+07,
1.71576e+07,
1.73261e+07,
1.74902e+07,
1.76585e+07,
1.78268e+07,
1.79925e+07,
1.8159e+07,
1.8327e+07,
1.85017e+07,
1.867e+07,
1.88364e+07,
1.90034e+07,
1.91711e+07,
1.9345e+07,
1.95226e+07,
1.97001e+07,
1.98798e+07,
2.00609e+07,
2.02458e+07,
2.04249e+07,
2.06047e+07,
2.07918e+07,
2.09923e+07,
2.11942e+07,
2.13932e+07,
2.15799e+07,
2.17616e+07,
2.19452e+07,
2.21293e+07,
2.23105e+07,
2.24906e+07,
2.26701e+07,
2.28527e+07,
2.3035e+07,
2.32208e+07,
2.34003e+07,
2.3576e+07,
2.37509e+07,
2.39296e+07,
2.41074e+07,
2.42871e+07,
2.44632e+07,
2.46387e+07,
2.48124e+07,
2.4991e+07,
2.51723e+07,
2.53487e+07,
2.55247e+07,
2.5707e+07,
2.58836e+07,
2.60569e+07,
2.62286e+07,
2.64007e+07,
2.65737e+07,
2.67514e+07,
2.69319e+07,
2.71079e+07,
2.72894e+07,
2.74687e+07,
2.76414e+07,
2.78114e+07,
2.79826e+07,
2.81543e+07,
2.8327e+07,
2.85015e+07,
2.86831e+07,
2.88618e+07,
2.90398e+07,
2.92177e+07,
2.93893e+07,
2.95554e+07,
2.97161e+07,
2.98768e+07,
3.0039e+07,
3.02058e+07,
3.03745e+07,
3.05396e+07,
3.07034e+07,
3.08687e+07,
3.10334e+07,
3.11967e+07,
3.13571e+07,
3.15182e+07,
3.16845e+07,
3.18478e+07,
3.20113e+07,
3.21764e+07,
3.23433e+07,
3.25171e+07,
3.26871e+07,
3.2857e+07,
3.30293e+07,
3.32081e+07,
3.33778e+07,
3.35464e+07,
3.3713e+07,
3.38821e+07,
3.40544e+07,
3.4233e+07,
3.44087e+07,
3.45884e+07,
3.47681e+07,
3.49437e+07,
3.51149e+07,
3.52827e+07,
3.54462e+07,
3.56075e+07,
3.57722e+07,
3.59415e+07,
3.61062e+07,
3.62746e+07,
3.64441e+07,
3.6607e+07,
3.67685e+07,
3.69317e+07,
3.70918e+07,
3.7253e+07,
3.74175e+07,
3.75781e+07,
3.77355e+07,
3.78954e+07,
3.80502e+07,
3.82015e+07,
3.83523e+07,
3.85029e+07,
3.86558e+07,
3.88101e+07,
3.89689e+07,
3.91297e+07,
3.92898e+07,
3.94434e+07,
3.95914e+07,
3.97367e+07,
3.98808e+07,
4.00248e+07,
4.01697e+07,
4.03169e+07,
375246,
375407,
375614,
375790,
375999,
376256,
376615,
376988,
377311,
377556,
377781,
377991,
378218,
378439,
378697,
378872,
379128,
379345,
379612,
379920,
380222,
380481,
380778,
381073,
381334,
381583,
381885,
382126,
382443,
382703,
382965,
383332,
383601,
383873,
384074,
384341,
384634,
384894,
385226,
385526,
385794,
386111,
386409,
386725,
386968,
387250,
387533,
387836,
388145,
388439,
388812,
389189,
389424,
389829,
390150,
390520,
390864,
391191,
391587,
392030,
392422,
392942,
393356,
393794,
394192,
394594,
395073,
395506,
396054,
396742,
397413,
398083,
398739,
399334,
399967,
400596,
401211,
401890,
402474,
403171,
403759,
404366,
405072,
405770,
406405,
407054,
407667,
408231,
408932,
409647,
410342,
411052,
411774,
412437,
413221,
413965,
414656,
415377,
416043,
416686,
417359,
418018,
418767,
419521,
420180,
420993,
421699,
422461,
423151,
423854,
424594,
425387,
426142,
426928,
427717,
428514,
429333,
430210,
430972,
431735,
432471,
433238,
434014,
434802,
435653,
436368,
437283,
438120,
438907,
439707,
440547,
441354,
442230,
443017,
443924,
444807,
445712,
446665,
447544,
448399,
449222,
450088,
450980,
451918,
452897,
453886,
454708,
455690,
456628,
457501,
458374,
459276,
460213,
461105,
462089,
463016,
464076,
465130,
466135,
467076,
468043,
469006,
470005,
471012,
472077,
473076,
474075,
475150,
476195,
477223,
478100,
479109,
480152,
481373,
483926,
486328,
488937,
491569,
494073,
496731,
499211,
501652,
504257,
506907,
509786,
512447,
515034,
517524,
520243,
523078,
525773,
528618,
531307,
534051,
536777,
539742,
542621,
545547,
548766,
551918,
555050,
558204,
561459,
565002,
568359,
571852,
575295,
578616,
582162,
585437,
588790,
592235,
595952,
599536,
603110,
606707,
610354,
613932,
617495,
621200,
624880,
628856,
632988,
636947,
640975,
644879,
648936,
653100,
657036,
660920,
664741,
668981,
673258,
677691,
681705,
685876,
690024,
693925,
698050,
702111,
706060,
710198,
714324,
718743,
722968,
727283,
731748,
736350,
740624,
745043,
749500,
753958,
758509,
762941,
767397,
771978,
776589,
781369,
785982,
790599,
795175,
799703,
804294,
808851,
813387,
817960,
822725,
827617,
832408,
837319,
842331,
847234,
852097,
857300,
862374,
867593,
872653,
877893,
883351,
888536,
894018,
899536,
904841,
909989,
915307,
920805,
926076,
931295,
936662,
941992,
947547,
953085,
958658,
964280,
969983,
975668,
981274,
986909,
992601,
998654,
1.00467e+06,
1.01074e+06,
1.01666e+06,
1.02277e+06,
1.0288e+06,
1.0349e+06,
1.04097e+06,
1.047e+06,
1.05324e+06,
1.05943e+06,
1.06557e+06,
1.07175e+06,
1.0779e+06,
1.08425e+06,
1.09053e+06,
1.09669e+06,
1.10304e+06,
1.10948e+06,
1.11584e+06,
1.12219e+06,
1.12851e+06,
1.13498e+06,
1.14158e+06,
1.1481e+06,
1.15448e+06,
1.16088e+06,
1.16775e+06,
1.17461e+06,
1.18143e+06,
1.18828e+06,
1.19503e+06,
1.20196e+06,
1.20891e+06,
1.21586e+06,
1.22277e+06,
1.22994e+06,
1.23691e+06,
1.24405e+06,
1.25127e+06,
1.25829e+06,
1.26538e+06,
1.27232e+06,
1.27944e+06,
1.28659e+06,
1.29373e+06,
1.30097e+06,
1.30811e+06,
1.31554e+06,
1.32277e+06,
1.33015e+06,
1.33766e+06,
1.34501e+06,
1.35262e+06,
1.36032e+06,
1.36832e+06,
1.37605e+06,
1.38374e+06,
1.39158e+06,
1.39938e+06,
1.40724e+06,
1.41516e+06,
1.42313e+06,
1.43111e+06,
1.4392e+06,
1.44732e+06,
1.45541e+06,
1.46382e+06,
1.47211e+06,
1.48029e+06,
1.48851e+06,
1.49707e+06,
1.50531e+06,
1.51359e+06,
1.52201e+06,
1.5303e+06,
1.53846e+06,
1.54691e+06,
1.55547e+06,
1.56407e+06,
1.57303e+06,
1.58165e+06,
1.59045e+06,
1.59965e+06,
1.60875e+06,
1.61791e+06,
1.62711e+06,
1.63616e+06,
1.64519e+06,
1.65425e+06,
1.66341e+06,
1.67259e+06,
1.68194e+06,
1.69122e+06,
1.70082e+06,
1.7104e+06,
1.71996e+06,
1.72984e+06,
1.73967e+06,
1.74921e+06,
1.75893e+06,
1.7685e+06,
1.77837e+06,
1.78806e+06,
1.79787e+06,
1.80762e+06,
1.81753e+06,
1.82761e+06,
1.83777e+06,
1.84821e+06,
1.85856e+06,
1.86924e+06,
1.87961e+06,
1.89035e+06,
1.9012e+06,
1.91198e+06,
1.92282e+06,
1.93356e+06,
1.94408e+06,
1.95488e+06,
1.96581e+06,
1.97695e+06,
1.98811e+06,
1.99903e+06,
2.01047e+06,
2.02167e+06,
2.03301e+06,
2.04444e+06,
2.05588e+06,
2.06724e+06,
2.07872e+06,
2.0904e+06,
2.10201e+06,
2.11384e+06,
2.12552e+06,
2.13774e+06,
2.15002e+06,
2.1621e+06,
2.17426e+06,
2.18661e+06,
2.19909e+06,
2.21162e+06,
2.2243e+06,
2.23695e+06,
2.24977e+06,
2.26258e+06,
2.27566e+06,
2.28869e+06,
2.30177e+06,
2.31507e+06,
2.32858e+06,
2.34153e+06,
2.35493e+06,
2.36822e+06,
2.38185e+06,
2.39543e+06,
2.4095e+06,
2.42341e+06,
2.43736e+06,
2.45134e+06,
2.46566e+06,
2.47987e+06,
2.49433e+06,
2.5087e+06,
2.52318e+06,
2.53753e+06,
2.55199e+06,
2.56697e+06,
2.58224e+06,
2.59747e+06,
2.61269e+06,
2.6281e+06,
2.64372e+06,
2.65977e+06,
2.67597e+06,
2.69209e+06,
2.70789e+06,
2.72429e+06,
2.74041e+06,
2.75667e+06,
2.77287e+06,
2.78934e+06,
2.80587e+06,
2.82284e+06,
2.83969e+06,
2.85714e+06,
2.8744e+06,
2.89167e+06,
2.9093e+06,
2.92721e+06,
2.94502e+06,
2.96264e+06,
2.98026e+06,
2.99859e+06,
3.01649e+06,
3.03514e+06,
3.05401e+06,
3.07317e+06,
3.09232e+06,
3.11159e+06,
3.13104e+06,
3.15066e+06,
3.1706e+06,
3.19056e+06,
3.21056e+06,
3.23091e+06,
3.251e+06,
3.27178e+06,
3.29273e+06,
3.31353e+06,
3.33435e+06,
3.35547e+06,
3.37665e+06,
3.39813e+06,
3.41997e+06,
3.44169e+06,
3.46387e+06,
3.48607e+06,
3.50867e+06,
3.53107e+06,
3.55386e+06,
3.57649e+06,
3.59977e+06,
3.62317e+06,
3.64684e+06,
3.67095e+06,
3.69531e+06,
3.72007e+06,
3.74506e+06,
3.77014e+06,
3.79527e+06,
3.8205e+06,
3.84585e+06,
3.87171e+06,
3.89777e+06,
3.9239e+06,
3.95106e+06,
3.97824e+06,
4.0058e+06,
4.03324e+06,
4.061e+06,
4.0891e+06,
4.11753e+06,
4.14629e+06,
4.17577e+06,
4.20572e+06,
4.23582e+06,
4.26608e+06,
4.2963e+06,
4.32708e+06,
4.35809e+06,
4.38977e+06,
4.4239e+06,
4.45897e+06,
4.49413e+06,
4.52954e+06,
4.56545e+06,
4.60136e+06,
4.63786e+06,
4.67471e+06,
4.71202e+06,
4.75015e+06,
4.78915e+06,
4.82849e+06,
4.8689e+06,
4.90939e+06,
4.95029e+06,
4.99211e+06,
5.03464e+06,
5.079e+06,
5.12348e+06,
5.16874e+06,
5.21455e+06,
5.26064e+06,
5.30726e+06,
5.35414e+06,
5.40284e+06,
5.45127e+06,
5.50031e+06,
5.55062e+06,
5.60218e+06,
5.65434e+06,
5.70857e+06,
5.76403e+06,
5.81996e+06,
5.87726e+06,
5.93509e+06,
5.99386e+06,
6.05458e+06,
6.11771e+06,
6.18213e+06,
6.24793e+06,
6.31582e+06,
6.3859e+06,
6.45797e+06,
6.53343e+06,
6.61025e+06,
6.69065e+06,
6.77489e+06,
6.86356e+06,
6.95963e+06,
7.07216e+06,
7.1968e+06,
7.31309e+06,
7.42548e+06,
7.53932e+06,
7.6549e+06,
7.77073e+06,
7.88612e+06,
8.00439e+06,
8.12638e+06,
8.25323e+06,
8.38536e+06,
8.51834e+06,
8.65318e+06,
8.7941e+06,
8.93993e+06,
9.08936e+06,
9.24651e+06,
9.41947e+06,
9.62263e+06,
9.82907e+06,
1.00202e+07,
1.02019e+07,
1.03799e+07,
1.05556e+07,
1.07322e+07,
1.09095e+07,
1.10874e+07,
1.12679e+07,
1.14485e+07,
1.16136e+07,
1.17816e+07,
1.19506e+07,
1.21251e+07,
1.23181e+07,
1.24963e+07,
1.26664e+07,
1.28355e+07,
1.30034e+07,
1.31765e+07,
1.33554e+07,
1.3535e+07,
1.37036e+07,
1.38679e+07,
1.40308e+07,
1.41941e+07,
1.43572e+07,
1.45222e+07,
1.46919e+07,
1.48635e+07,
1.50403e+07,
1.52181e+07,
1.53911e+07,
1.55615e+07,
1.57273e+07,
1.5896e+07,
1.60687e+07,
1.62404e+07,
1.64122e+07,
1.65875e+07,
1.67699e+07,
1.69579e+07,
1.71429e+07,
1.73306e+07,
1.75142e+07,
1.76971e+07,
1.78773e+07,
1.80592e+07,
1.82428e+07,
1.84297e+07,
1.86282e+07,
1.88357e+07,
1.90276e+07,
1.92182e+07,
1.941e+07,
1.96136e+07,
1.98177e+07,
2.00132e+07,
2.02021e+07,
2.03918e+07,
2.05818e+07,
2.07754e+07,
2.09629e+07,
2.11469e+07,
2.13294e+07,
2.15125e+07,
2.16984e+07,
2.18886e+07,
2.20736e+07,
2.22555e+07,
2.2436e+07,
2.26227e+07,
2.28091e+07,
2.29901e+07,
2.31702e+07,
2.33555e+07,
2.35344e+07,
2.37135e+07,
2.38946e+07,
2.40735e+07,
2.42529e+07,
2.44395e+07,
2.46276e+07,
2.48117e+07,
2.49897e+07,
2.51658e+07,
2.53415e+07,
2.55169e+07,
2.56911e+07,
2.58691e+07,
2.60513e+07,
2.62411e+07,
2.64293e+07,
2.66123e+07,
2.67917e+07,
2.69657e+07,
2.71388e+07,
2.73118e+07,
2.74782e+07,
2.76459e+07,
2.78235e+07,
2.80001e+07,
2.81745e+07,
2.83472e+07,
2.85157e+07,
2.86832e+07,
2.885e+07,
2.90159e+07,
2.91831e+07,
2.93528e+07,
2.9522e+07,
2.96948e+07,
2.98666e+07,
3.00379e+07,
3.0205e+07,
3.03705e+07,
3.05351e+07,
3.07013e+07,
3.08658e+07,
3.10287e+07,
3.11927e+07,
3.13581e+07,
3.15232e+07,
3.16934e+07,
3.18626e+07,
3.20283e+07,
3.21957e+07,
3.23579e+07,
3.25188e+07,
3.268e+07,
3.28476e+07,
3.30218e+07,
3.31932e+07,
3.3365e+07,
3.35416e+07,
3.37164e+07,
3.38832e+07,
3.40438e+07,
3.42045e+07,
3.43641e+07,
3.45298e+07,
3.47014e+07,
3.48696e+07,
3.50388e+07,
3.52166e+07,
3.53906e+07,
3.55625e+07,
3.57274e+07,
3.58878e+07,
3.60481e+07,
3.62116e+07,
3.63795e+07,
3.65461e+07,
3.6715e+07,
3.68881e+07,
3.70552e+07,
3.72184e+07,
3.73793e+07,
3.75352e+07,
3.76898e+07,
3.7847e+07,
3.80071e+07,
3.81664e+07,
3.83288e+07,
3.84879e+07,
3.86482e+07,
3.88063e+07,
3.89591e+07,
3.91098e+07,
3.92624e+07,
3.94179e+07,
3.95754e+07,
3.97335e+07,
3.98887e+07,
4.00401e+07,
4.01923e+07,
4.03433e+07,
4.04915e+07,
4.0638e+07,
4.07842e+07,
375246,
375400,
375607,
375775,
375982,
376226,
376552,
376908,
377262,
377517,
377699,
377918,
378137,
378328,
378587,
378787,
378991,
379224,
379456,
379789,
380120,
380355,
380629,
380915,
381178,
381420,
381687,
381950,
382237,
382439,
382764,
383075,
383364,
383569,
383800,
384124,
384384,
384685,
384982,
385262,
385601,
385818,
386120,
386377,
386669,
386962,
387221,
387516,
387868,
388198,
388470,
388824,
389132,
389447,
389806,
390096,
390418,
390713,
391033,
391413,
391856,
392284,
392799,
393227,
393643,
394023,
394462,
394888,
395469,
396103,
396828,
397481,
398074,
398683,
399283,
399956,
400579,
401148,
401749,
402347,
402935,
403650,
404291,
404924,
405557,
406175,
406795,
407461,
408125,
408697,
409397,
410090,
410791,
411455,
412221,
412986,
413609,
414296,
414964,
415641,
416340,
416955,
417552,
418273,
419052,
419784,
420456,
421131,
421844,
422543,
423244,
424025,
424807,
425598,
426369,
427124,
427826,
428632,
429439,
430183,
430969,
431776,
432495,
433286,
434080,
434929,
435705,
436534,
437300,
438104,
438944,
439710,
440522,
441323,
442161,
443139,
443981,
444834,
445701,
446553,
447440,
448257,
449205,
450108,
450938,
451824,
452750,
453604,
454492,
455316,
456172,
457104,
458050,
459034,
459933,
460965,
461904,
462917,
463869,
464867,
465775,
466715,
467851,
468821,
469860,
470803,
471861,
472799,
473799,
474807,
475741,
476718,
477750,
479904,
482430,
484993,
487487,
489958,
492515,
495069,
497652,
500079,
502743,
505410,
508124,
510745,
513337,
516016,
518767,
521531,
524211,
526954,
529649,
532467,
535342,
538277,
541155,
544330,
547304,
550461,
553653,
556884,
560180,
563644,
567026,
570334,
573838,
577248,
580569,
583849,
587373,
590757,
594526,
598242,
601803,
605362,
608842,
612495,
616153,
619693,
623325,
627379,
631497,
635582,
639509,
643486,
647494,
651497,
655511,
659533,
663526,
667559,
671728,
675889,
680096,
684216,
688280,
692400,
696349,
700409,
704441,
708537,
712706,
717132,
721215,
725567,
730121,
734532,
739012,
743542,
747960,
752467,
757108,
761410,
765730,
770392,
774893,
779416,
783970,
788578,
793192,
797675,
802258,
806892,
811401,
815853,
820678,
825514,
830492,
835436,
840388,
845331,
850465,
855666,
860850,
866074,
871190,
876204,
881553,
886759,
891844,
897257,
902840,
908097,
913337,
918756,
924116,
929461,
934760,
940210,
945496,
950978,
956702,
962446,
968267,
974021,
979598,
985236,
991044,
997014,
1.0031e+06,
1.00915e+06,
1.01521e+06,
1.02125e+06,
1.0272e+06,
1.03321e+06,
1.0392e+06,
1.0453e+06,
1.0515e+06,
1.0576e+06,
1.06391e+06,
1.07025e+06,
1.07656e+06,
1.08295e+06,
1.08917e+06,
1.0954e+06,
1.10153e+06,
1.10767e+06,
1.11421e+06,
1.12057e+06,
1.12683e+06,
1.13308e+06,
1.13948e+06,
1.14595e+06,
1.15254e+06,
1.15924e+06,
1.16616e+06,
1.17318e+06,
1.18005e+06,
1.18696e+06,
1.1938e+06,
1.20062e+06,
1.20748e+06,
1.21434e+06,
1.22114e+06,
1.22812e+06,
1.23504e+06,
1.24215e+06,
1.24927e+06,
1.25648e+06,
1.26354e+06,
1.27071e+06,
1.27786e+06,
1.28499e+06,
1.29232e+06,
1.29964e+06,
1.3068e+06,
1.31404e+06,
1.32096e+06,
1.32834e+06,
1.33562e+06,
1.34332e+06,
1.35092e+06,
1.35881e+06,
1.36656e+06,
1.37431e+06,
1.3821e+06,
1.38976e+06,
1.39752e+06,
1.4054e+06,
1.41329e+06,
1.42125e+06,
1.42933e+06,
1.43743e+06,
1.4457e+06,
1.45359e+06,
1.46178e+06,
1.47031e+06,
1.47868e+06,
1.48692e+06,
1.49504e+06,
1.50346e+06,
1.5117e+06,
1.52021e+06,
1.52858e+06,
1.53713e+06,
1.54542e+06,
1.55401e+06,
1.56259e+06,
1.57113e+06,
1.57987e+06,
1.58894e+06,
1.59806e+06,
1.60703e+06,
1.61611e+06,
1.6254e+06,
1.63436e+06,
1.64353e+06,
1.65259e+06,
1.66184e+06,
1.67114e+06,
1.68056e+06,
1.68991e+06,
1.69929e+06,
1.70875e+06,
1.71836e+06,
1.72807e+06,
1.73781e+06,
1.74723e+06,
1.7568e+06,
1.76668e+06,
1.77646e+06,
1.78633e+06,
1.79637e+06,
1.80619e+06,
1.81625e+06,
1.82612e+06,
1.83625e+06,
1.84637e+06,
1.85709e+06,
1.86781e+06,
1.8783e+06,
1.88881e+06,
1.89945e+06,
1.91002e+06,
1.92072e+06,
1.93172e+06,
1.94261e+06,
1.95335e+06,
1.96403e+06,
1.97492e+06,
1.986e+06,
1.99726e+06,
2.00889e+06,
2.0203e+06,
2.03169e+06,
2.04301e+06,
2.05431e+06,
2.06598e+06,
2.07739e+06,
2.08912e+06,
2.10055e+06,
2.1122e+06,
2.12391e+06,
2.13591e+06,
2.14803e+06,
2.16017e+06,
2.17251e+06,
2.18494e+06,
2.19758e+06,
2.20995e+06,
2.22261e+06,
2.23542e+06,
2.24806e+06,
2.26075e+06,
2.27391e+06,
2.28679e+06,
2.29987e+06,
2.31316e+06,
2.32658e+06,
2.34041e+06,
2.35391e+06,
2.36723e+06,
2.38078e+06,
2.39436e+06,
2.40805e+06,
2.42205e+06,
2.43576e+06,
2.44949e+06,
2.4633e+06,
2.47723e+06,
2.49145e+06,
2.50609e+06,
2.52072e+06,
2.53557e+06,
2.55054e+06,
2.56559e+06,
2.58085e+06,
2.59621e+06,
2.61161e+06,
2.62709e+06,
2.64246e+06,
2.6581e+06,
2.67378e+06,
2.68951e+06,
2.70567e+06,
2.7221e+06,
2.73839e+06,
2.75477e+06,
2.77139e+06,
2.788e+06,
2.80456e+06,
2.82155e+06,
2.8381e+06,
2.85483e+06,
2.87162e+06,
2.889e+06,
2.90666e+06,
2.92414e+06,
2.94196e+06,
2.95964e+06,
2.97746e+06,
2.99542e+06,
3.01405e+06,
3.03268e+06,
3.0514e+06,
3.07033e+06,
3.08972e+06,
3.10895e+06,
3.12862e+06,
3.14779e+06,
3.16737e+06,
3.18733e+06,
3.20746e+06,
3.22763e+06,
3.24777e+06,
3.26825e+06,
3.28863e+06,
3.30973e+06,
3.33138e+06,
3.35231e+06,
3.37357e+06,
3.39505e+06,
3.41646e+06,
3.43859e+06,
3.46062e+06,
3.48234e+06,
3.50444e+06,
3.52719e+06,
3.55022e+06,
3.5732e+06,
3.59685e+06,
3.62059e+06,
3.64417e+06,
3.66828e+06,
3.69243e+06,
3.71687e+06,
3.74106e+06,
3.7658e+06,
3.79146e+06,
3.81682e+06,
3.84281e+06,
3.86869e+06,
3.89484e+06,
3.92174e+06,
3.94827e+06,
3.97499e+06,
4.00188e+06,
4.02935e+06,
4.05747e+06,
4.08564e+06,
4.11402e+06,
4.14268e+06,
4.17226e+06,
4.2019e+06,
4.23144e+06,
4.26135e+06,
4.29209e+06,
4.3233e+06,
4.35527e+06,
4.3866e+06,
4.42034e+06,
4.45433e+06,
4.489e+06,
4.52448e+06,
4.55994e+06,
4.59702e+06,
4.63376e+06,
4.67073e+06,
4.70821e+06,
4.74588e+06,
4.78404e+06,
4.82292e+06,
4.86263e+06,
4.90373e+06,
4.94511e+06,
4.98697e+06,
5.02935e+06,
5.07218e+06,
5.11527e+06,
5.15912e+06,
5.20443e+06,
5.25088e+06,
5.29852e+06,
5.34738e+06,
5.3963e+06,
5.44601e+06,
5.49629e+06,
5.54703e+06,
5.59887e+06,
5.65094e+06,
5.7046e+06,
5.75904e+06,
5.81427e+06,
5.87135e+06,
5.92977e+06,
5.98994e+06,
6.0504e+06,
6.11228e+06,
6.17479e+06,
6.23914e+06,
6.30638e+06,
6.37702e+06,
6.44843e+06,
6.52185e+06,
6.59796e+06,
6.67695e+06,
6.75935e+06,
6.84741e+06,
6.94111e+06,
7.04842e+06,
7.16968e+06,
7.28092e+06,
7.39106e+06,
7.50067e+06,
7.60915e+06,
7.71872e+06,
7.82956e+06,
7.94123e+06,
8.05896e+06,
8.17874e+06,
8.30185e+06,
8.42372e+06,
8.54718e+06,
8.67587e+06,
8.80549e+06,
8.93853e+06,
9.07415e+06,
9.21531e+06,
9.37e+06,
9.53256e+06,
9.70362e+06,
9.87916e+06,
1.00733e+07,
1.02888e+07,
1.04875e+07,
1.06777e+07,
1.0864e+07,
1.10491e+07,
1.12348e+07,
1.14243e+07,
1.16202e+07,
1.18168e+07,
1.20211e+07,
1.22444e+07,
1.24624e+07,
1.26647e+07,
1.28483e+07,
1.30195e+07,
1.31892e+07,
1.33618e+07,
1.354e+07,
1.37165e+07,
1.38899e+07,
1.40678e+07,
1.42465e+07,
1.44229e+07,
1.45962e+07,
1.47726e+07,
1.49502e+07,
1.51266e+07,
1.53057e+07,
1.54824e+07,
1.56583e+07,
1.58377e+07,
1.6021e+07,
1.62076e+07,
1.6393e+07,
1.65762e+07,
1.67616e+07,
1.69504e+07,
1.71443e+07,
1.73364e+07,
1.75358e+07,
1.77398e+07,
1.79493e+07,
1.81722e+07,
1.83897e+07,
1.85963e+07,
1.87984e+07,
1.90026e+07,
1.92122e+07,
1.94153e+07,
1.96158e+07,
1.98108e+07,
2.00082e+07,
2.02092e+07,
2.04105e+07,
2.06112e+07,
2.0805e+07,
2.09926e+07,
2.11812e+07,
2.1367e+07,
2.15515e+07,
2.17368e+07,
2.19241e+07,
2.21162e+07,
2.23088e+07,
2.2495e+07,
2.26793e+07,
2.28638e+07,
2.30495e+07,
2.32333e+07,
2.3417e+07,
2.36011e+07,
2.3789e+07,
2.39769e+07,
2.4164e+07,
2.43457e+07,
2.45267e+07,
2.47083e+07,
2.48907e+07,
2.50713e+07,
2.52555e+07,
2.54264e+07,
2.55957e+07,
2.57655e+07,
2.59392e+07,
2.61122e+07,
2.62846e+07,
2.64607e+07,
2.6645e+07,
2.68215e+07,
2.69928e+07,
2.7163e+07,
2.73331e+07,
2.7502e+07,
2.76728e+07,
2.78475e+07,
2.80193e+07,
2.81979e+07,
2.83758e+07,
2.85509e+07,
2.87225e+07,
2.88922e+07,
2.90601e+07,
2.92261e+07,
2.93939e+07,
2.95673e+07,
2.9742e+07,
2.99148e+07,
3.0088e+07,
3.0259e+07,
3.04289e+07,
3.05971e+07,
3.07641e+07,
3.09304e+07,
3.10983e+07,
3.12666e+07,
3.1433e+07,
3.15989e+07,
3.17661e+07,
3.19271e+07,
3.20868e+07,
3.22483e+07,
3.24101e+07,
3.25732e+07,
3.27323e+07,
3.28925e+07,
3.3056e+07,
3.32225e+07,
3.33917e+07,
3.3556e+07,
3.37202e+07,
3.38856e+07,
3.40571e+07,
3.42259e+07,
3.43891e+07,
3.45514e+07,
3.47166e+07,
3.48876e+07,
3.506e+07,
3.52276e+07,
3.53927e+07,
3.55623e+07,
3.57292e+07,
3.5893e+07,
3.60568e+07,
3.62196e+07,
3.6383e+07,
3.65562e+07,
3.67308e+07,
3.68996e+07,
3.70689e+07,
3.72377e+07,
3.74005e+07,
3.75572e+07,
3.77119e+07,
3.78676e+07,
3.80241e+07,
3.81844e+07,
3.83485e+07,
3.85085e+07,
3.86705e+07,
3.88273e+07,
3.89812e+07,
3.91336e+07,
3.9285e+07,
3.94377e+07,
3.95926e+07,
3.97524e+07,
3.99183e+07,
4.00826e+07,
4.02416e+07,
4.03948e+07,
4.05444e+07,
4.0693e+07,
4.08412e+07,
4.09894e+07,
4.11402e+07,
375246,
375393,
375596,
375759,
375971,
376186,
376487,
376883,
377170,
377414,
377600,
377827,
378001,
378238,
378453,
378701,
378905,
379132,
379373,
379650,
379956,
380226,
380473,
380729,
380969,
381231,
381513,
381751,
382048,
382327,
382553,
382769,
383009,
383290,
383591,
383896,
384166,
384422,
384756,
385006,
385303,
385567,
385843,
386086,
386322,
386610,
386904,
387185,
387487,
387811,
388166,
388464,
388773,
389038,
389379,
389696,
389964,
390268,
390593,
390935,
391284,
391684,
392086,
392555,
393030,
393392,
393828,
394268,
394899,
395519,
396175,
396834,
397451,
398100,
398720,
399242,
399820,
400442,
401028,
401570,
402130,
402805,
403441,
404034,
404680,
405300,
405836,
406546,
407188,
407912,
408575,
409246,
409883,
410572,
411283,
411894,
412559,
413196,
413874,
414499,
415127,
415717,
416378,
417108,
417796,
418442,
419185,
419898,
420590,
421300,
421978,
422688,
423469,
424242,
425007,
425738,
426497,
427237,
428056,
428792,
429564,
430240,
431029,
431858,
432635,
433400,
434166,
434882,
435771,
436513,
437396,
438231,
439035,
439782,
440604,
441472,
442282,
443119,
444017,
444874,
445706,
446514,
447345,
448289,
449198,
450021,
450887,
451711,
452525,
453341,
454196,
455114,
456061,
457043,
457979,
458913,
459836,
460751,
461788,
462681,
463546,
464526,
465456,
466467,
467497,
468484,
469448,
470417,
471398,
472305,
473230,
474261,
475646,
478081,
480749,
483308,
485716,
488309,
490875,
493439,
495909,
498576,
501148,
503726,
506329,
508875,
511793,
514338,
516974,
519788,
522345,
525122,
527938,
530701,
533394,
536409,
539478,
542632,
545555,
548804,
551981,
555282,
558602,
561824,
565196,
568564,
571999,
575385,
578917,
582291,
585845,
589303,
592837,
596483,
600051,
603604,
607113,
610698,
614294,
617986,
621737,
625718,
629574,
633536,
637489,
641526,
645369,
649340,
653259,
657341,
661448,
665616,
669755,
673928,
678096,
682164,
686219,
690263,
694349,
698234,
702389,
706412,
710481,
714706,
718863,
723178,
727504,
732012,
736507,
740960,
745304,
749892,
754251,
758856,
763444,
767910,
772570,
777257,
781847,
786440,
790751,
795257,
799683,
804421,
808957,
813469,
818147,
823153,
827804,
832762,
837670,
842885,
847947,
853085,
858078,
863250,
868395,
873421,
878817,
884031,
889194,
894559,
899887,
905177,
910554,
916045,
921333,
926816,
932081,
937538,
942946,
948486,
953997,
959559,
965232,
970967,
976772,
982707,
988766,
994725,
1.00064e+06,
1.00668e+06,
1.01264e+06,
1.01844e+06,
1.0245e+06,
1.03056e+06,
1.03664e+06,
1.04279e+06,
1.04895e+06,
1.05526e+06,
1.06145e+06,
1.06793e+06,
1.074e+06,
1.08037e+06,
1.08648e+06,
1.09271e+06,
1.0989e+06,
1.10504e+06,
1.1113e+06,
1.11764e+06,
1.12387e+06,
1.13011e+06,
1.13651e+06,
1.14295e+06,
1.14955e+06,
1.1566e+06,
1.16339e+06,
1.17051e+06,
1.17747e+06,
1.18427e+06,
1.19108e+06,
1.19781e+06,
1.20461e+06,
1.21143e+06,
1.21836e+06,
1.22529e+06,
1.23215e+06,
1.23908e+06,
1.24594e+06,
1.25317e+06,
1.26027e+06,
1.26761e+06,
1.27474e+06,
1.28205e+06,
1.28938e+06,
1.29643e+06,
1.30365e+06,
1.31084e+06,
1.318e+06,
1.32515e+06,
1.33218e+06,
1.3395e+06,
1.34725e+06,
1.355e+06,
1.36282e+06,
1.37073e+06,
1.37885e+06,
1.38692e+06,
1.39463e+06,
1.40242e+06,
1.41016e+06,
1.41817e+06,
1.42615e+06,
1.43402e+06,
1.44214e+06,
1.45021e+06,
1.45825e+06,
1.46633e+06,
1.47474e+06,
1.48324e+06,
1.49168e+06,
1.5002e+06,
1.50833e+06,
1.51687e+06,
1.52531e+06,
1.53365e+06,
1.54202e+06,
1.55049e+06,
1.55895e+06,
1.56779e+06,
1.57642e+06,
1.58522e+06,
1.59422e+06,
1.60317e+06,
1.61215e+06,
1.62147e+06,
1.63083e+06,
1.64021e+06,
1.64946e+06,
1.65876e+06,
1.66782e+06,
1.67702e+06,
1.6866e+06,
1.69582e+06,
1.70508e+06,
1.71468e+06,
1.72399e+06,
1.73356e+06,
1.7434e+06,
1.75351e+06,
1.76332e+06,
1.77305e+06,
1.78272e+06,
1.79267e+06,
1.80258e+06,
1.81243e+06,
1.82232e+06,
1.83262e+06,
1.84313e+06,
1.85349e+06,
1.86373e+06,
1.87426e+06,
1.885e+06,
1.896e+06,
1.90671e+06,
1.91735e+06,
1.92813e+06,
1.93922e+06,
1.95004e+06,
1.96089e+06,
1.9719e+06,
1.98311e+06,
1.99406e+06,
2.00513e+06,
2.01647e+06,
2.02801e+06,
2.03955e+06,
2.05104e+06,
2.06233e+06,
2.07367e+06,
2.08545e+06,
2.09704e+06,
2.10859e+06,
2.12037e+06,
2.13229e+06,
2.14426e+06,
2.15668e+06,
2.16903e+06,
2.1813e+06,
2.19398e+06,
2.20675e+06,
2.21948e+06,
2.23227e+06,
2.24502e+06,
2.25791e+06,
2.27079e+06,
2.28378e+06,
2.29677e+06,
2.31004e+06,
2.32337e+06,
2.33631e+06,
2.34985e+06,
2.36305e+06,
2.37667e+06,
2.39044e+06,
2.4041e+06,
2.41787e+06,
2.43184e+06,
2.44559e+06,
2.45955e+06,
2.47366e+06,
2.48775e+06,
2.50202e+06,
2.51648e+06,
2.53129e+06,
2.54653e+06,
2.56161e+06,
2.57687e+06,
2.59212e+06,
2.60736e+06,
2.62275e+06,
2.63826e+06,
2.65359e+06,
2.66957e+06,
2.68528e+06,
2.70115e+06,
2.71701e+06,
2.73311e+06,
2.74956e+06,
2.76605e+06,
2.78253e+06,
2.79945e+06,
2.81624e+06,
2.8329e+06,
2.84986e+06,
2.86703e+06,
2.88406e+06,
2.90127e+06,
2.91857e+06,
2.93627e+06,
2.95423e+06,
2.97214e+06,
2.99054e+06,
3.00865e+06,
3.02699e+06,
3.04582e+06,
3.06467e+06,
3.08361e+06,
3.10266e+06,
3.12174e+06,
3.14089e+06,
3.16084e+06,
3.18077e+06,
3.20109e+06,
3.22124e+06,
3.24139e+06,
3.26194e+06,
3.28264e+06,
3.30319e+06,
3.32371e+06,
3.34483e+06,
3.36614e+06,
3.38748e+06,
3.40938e+06,
3.4314e+06,
3.45361e+06,
3.47591e+06,
3.49807e+06,
3.52054e+06,
3.54311e+06,
3.56596e+06,
3.58881e+06,
3.6123e+06,
3.63637e+06,
3.66089e+06,
3.68548e+06,
3.71024e+06,
3.73507e+06,
3.76022e+06,
3.7849e+06,
3.80993e+06,
3.83529e+06,
3.86095e+06,
3.88749e+06,
3.91401e+06,
3.94087e+06,
3.96796e+06,
3.99512e+06,
4.02236e+06,
4.05023e+06,
4.07803e+06,
4.10653e+06,
4.13526e+06,
4.16442e+06,
4.19411e+06,
4.22403e+06,
4.25374e+06,
4.28417e+06,
4.3156e+06,
4.34689e+06,
4.37834e+06,
4.41204e+06,
4.44632e+06,
4.48139e+06,
4.51634e+06,
4.55225e+06,
4.5879e+06,
4.6243e+06,
4.66117e+06,
4.69872e+06,
4.73704e+06,
4.77595e+06,
4.81472e+06,
4.85424e+06,
4.89444e+06,
4.93532e+06,
4.97691e+06,
5.01832e+06,
5.06166e+06,
5.10539e+06,
5.14974e+06,
5.19423e+06,
5.23981e+06,
5.2863e+06,
5.33318e+06,
5.38186e+06,
5.43169e+06,
5.4823e+06,
5.53356e+06,
5.58608e+06,
5.63944e+06,
5.69331e+06,
5.74801e+06,
5.80457e+06,
5.86225e+06,
5.92039e+06,
5.97983e+06,
6.04044e+06,
6.10174e+06,
6.16482e+06,
6.22997e+06,
6.29702e+06,
6.36547e+06,
6.43637e+06,
6.50902e+06,
6.58388e+06,
6.66279e+06,
6.744e+06,
6.83013e+06,
6.92107e+06,
7.0262e+06,
7.14543e+06,
7.25443e+06,
7.3628e+06,
7.46841e+06,
7.57338e+06,
7.67956e+06,
7.78663e+06,
7.89721e+06,
8.00858e+06,
8.12382e+06,
8.2424e+06,
8.36038e+06,
8.47962e+06,
8.59993e+06,
8.72223e+06,
8.84544e+06,
8.97098e+06,
9.09966e+06,
9.24204e+06,
9.39081e+06,
9.54457e+06,
9.69846e+06,
9.85688e+06,
1.00208e+07,
1.01894e+07,
1.03646e+07,
1.05465e+07,
1.07449e+07,
1.09615e+07,
1.11796e+07,
1.13914e+07,
1.15987e+07,
1.18085e+07,
1.2025e+07,
1.22516e+07,
1.24606e+07,
1.26652e+07,
1.28677e+07,
1.30726e+07,
1.32814e+07,
1.34905e+07,
1.3696e+07,
1.38978e+07,
1.40971e+07,
1.42924e+07,
1.4472e+07,
1.46513e+07,
1.48364e+07,
1.50295e+07,
1.52256e+07,
1.54228e+07,
1.5616e+07,
1.5808e+07,
1.60036e+07,
1.62025e+07,
1.64093e+07,
1.66213e+07,
1.68448e+07,
1.70553e+07,
1.72628e+07,
1.74706e+07,
1.76737e+07,
1.78756e+07,
1.80776e+07,
1.82736e+07,
1.84696e+07,
1.8665e+07,
1.88632e+07,
1.90654e+07,
1.92706e+07,
1.94819e+07,
1.96853e+07,
1.98825e+07,
2.00766e+07,
2.02686e+07,
2.04622e+07,
2.06583e+07,
2.08564e+07,
2.10601e+07,
2.12661e+07,
2.14744e+07,
2.1679e+07,
2.18759e+07,
2.20712e+07,
2.22653e+07,
2.24591e+07,
2.26546e+07,
2.28401e+07,
2.30242e+07,
2.32087e+07,
2.33928e+07,
2.35749e+07,
2.37537e+07,
2.39311e+07,
2.4111e+07,
2.42842e+07,
2.4453e+07,
2.46221e+07,
2.47923e+07,
2.49657e+07,
2.51455e+07,
2.53298e+07,
2.55166e+07,
2.56948e+07,
2.58687e+07,
2.60395e+07,
2.62093e+07,
2.63794e+07,
2.65492e+07,
2.67217e+07,
2.69018e+07,
2.7085e+07,
2.72672e+07,
2.7445e+07,
2.76185e+07,
2.77902e+07,
2.79605e+07,
2.81304e+07,
2.83009e+07,
2.84802e+07,
2.86579e+07,
2.88303e+07,
2.9005e+07,
2.91829e+07,
2.93543e+07,
2.9523e+07,
2.96923e+07,
2.98613e+07,
3.00338e+07,
3.01998e+07,
3.03674e+07,
3.05323e+07,
3.06963e+07,
3.08645e+07,
3.10329e+07,
3.11955e+07,
3.13592e+07,
3.1522e+07,
3.16817e+07,
3.18406e+07,
3.2003e+07,
3.21638e+07,
3.23244e+07,
3.24874e+07,
3.26534e+07,
3.28226e+07,
3.29855e+07,
3.31445e+07,
3.33023e+07,
3.34649e+07,
3.36314e+07,
3.37953e+07,
3.39595e+07,
3.41256e+07,
3.42993e+07,
3.4471e+07,
3.46394e+07,
3.48045e+07,
3.49688e+07,
3.51368e+07,
3.53056e+07,
3.54697e+07,
3.56335e+07,
3.58023e+07,
3.59705e+07,
3.61355e+07,
3.62992e+07,
3.64621e+07,
3.66248e+07,
3.679e+07,
3.69595e+07,
3.71264e+07,
3.72952e+07,
3.74675e+07,
3.76326e+07,
3.77923e+07,
3.79504e+07,
3.81073e+07,
3.82642e+07,
3.84243e+07,
3.85861e+07,
3.87451e+07,
3.89059e+07,
3.90631e+07,
3.92185e+07,
3.93723e+07,
3.95264e+07,
3.96802e+07,
3.98326e+07,
3.99896e+07,
4.01519e+07,
4.03142e+07,
4.04733e+07,
4.06291e+07,
4.07848e+07,
4.09413e+07,
4.10961e+07,
4.12526e+07,
4.14074e+07,
375246,
375385,
375576,
375748,
375956,
376157,
376439,
376799,
377110,
377361,
377545,
377773,
377913,
378143,
378343,
378570,
378800,
378984,
379269,
379516,
379771,
380076,
380301,
380587,
380854,
381128,
381305,
381565,
381816,
382097,
382263,
382495,
382741,
382951,
383221,
383564,
383862,
384101,
384431,
384726,
384955,
385186,
385451,
385722,
385950,
386156,
386467,
386775,
387114,
387444,
387797,
388073,
388380,
388681,
388983,
389232,
389521,
389812,
390086,
390403,
390777,
391123,
391480,
391922,
392315,
392786,
393223,
393610,
394233,
394904,
395517,
396153,
396824,
397455,
398028,
398612,
399174,
399712,
400300,
400928,
401466,
402070,
402653,
403292,
403860,
404460,
405064,
405722,
406374,
407068,
407657,
408337,
408950,
409590,
410281,
410891,
411494,
412055,
412679,
413360,
414017,
414644,
415285,
415980,
416671,
417340,
418099,
418708,
419366,
420064,
420712,
421489,
422236,
422946,
423776,
424514,
425195,
425980,
426695,
427322,
428088,
428793,
429599,
430379,
431159,
431829,
432572,
433393,
434148,
434989,
435743,
436460,
437307,
438103,
438964,
439816,
440638,
441448,
442213,
442984,
443744,
444576,
445368,
446190,
447027,
447942,
448796,
449653,
450490,
451259,
452106,
452988,
453946,
454924,
455839,
456737,
457670,
458610,
459529,
460419,
461317,
462203,
463181,
464186,
465164,
466132,
467205,
468176,
469140,
470021,
470940,
471911,
473810,
476198,
478875,
481303,
483772,
486371,
488898,
491444,
493999,
496591,
499087,
501651,
504363,
507100,
509775,
512385,
515098,
517795,
520608,
523342,
526016,
528776,
531598,
534465,
537688,
540858,
543991,
547144,
550341,
553558,
556676,
560159,
563505,
566722,
570167,
573624,
577147,
580574,
583897,
587411,
590869,
594501,
597923,
601456,
605017,
608562,
612171,
615706,
619502,
623462,
627238,
631289,
635267,
639113,
643190,
647296,
651462,
655396,
659201,
663128,
666980,
671003,
675200,
679340,
683492,
687532,
691528,
695469,
699567,
703574,
707482,
711558,
715866,
720171,
724711,
729035,
733385,
737852,
742420,
746929,
751488,
756006,
760348,
764874,
769416,
773837,
778344,
782984,
787399,
792085,
796554,
801184,
805839,
810518,
815068,
819745,
824531,
829435,
834503,
839530,
844622,
849799,
854720,
859897,
865159,
870339,
875589,
880774,
886140,
891326,
896587,
901973,
907361,
912755,
918179,
923457,
928866,
934163,
939546,
944962,
950324,
956017,
961498,
966977,
972686,
978556,
984722,
990907,
996885,
1.00296e+06,
1.009e+06,
1.01496e+06,
1.02099e+06,
1.02716e+06,
1.03317e+06,
1.03929e+06,
1.04534e+06,
1.05148e+06,
1.05767e+06,
1.06373e+06,
1.07004e+06,
1.07623e+06,
1.08232e+06,
1.08857e+06,
1.09481e+06,
1.10105e+06,
1.10725e+06,
1.11348e+06,
1.11996e+06,
1.12619e+06,
1.13255e+06,
1.13919e+06,
1.14588e+06,
1.15257e+06,
1.1593e+06,
1.16629e+06,
1.17323e+06,
1.17995e+06,
1.18676e+06,
1.19364e+06,
1.20049e+06,
1.20743e+06,
1.21425e+06,
1.22103e+06,
1.22789e+06,
1.23488e+06,
1.24173e+06,
1.24865e+06,
1.25561e+06,
1.26289e+06,
1.27006e+06,
1.2772e+06,
1.28443e+06,
1.29173e+06,
1.2989e+06,
1.30613e+06,
1.31331e+06,
1.32039e+06,
1.32773e+06,
1.33535e+06,
1.34315e+06,
1.35085e+06,
1.35865e+06,
1.36646e+06,
1.37441e+06,
1.38235e+06,
1.39022e+06,
1.39798e+06,
1.40561e+06,
1.41341e+06,
1.42135e+06,
1.42928e+06,
1.4373e+06,
1.44542e+06,
1.4535e+06,
1.46145e+06,
1.46974e+06,
1.47804e+06,
1.48659e+06,
1.49526e+06,
1.50351e+06,
1.51192e+06,
1.52019e+06,
1.52854e+06,
1.53711e+06,
1.54563e+06,
1.55432e+06,
1.56299e+06,
1.57177e+06,
1.58073e+06,
1.58955e+06,
1.59852e+06,
1.60748e+06,
1.61654e+06,
1.62585e+06,
1.63494e+06,
1.64435e+06,
1.65362e+06,
1.66273e+06,
1.67199e+06,
1.68144e+06,
1.69101e+06,
1.70033e+06,
1.70957e+06,
1.71912e+06,
1.72867e+06,
1.73824e+06,
1.74822e+06,
1.75817e+06,
1.76803e+06,
1.77788e+06,
1.78769e+06,
1.79779e+06,
1.80758e+06,
1.81775e+06,
1.82797e+06,
1.83832e+06,
1.84846e+06,
1.85883e+06,
1.8693e+06,
1.87987e+06,
1.89038e+06,
1.90127e+06,
1.91231e+06,
1.92319e+06,
1.93405e+06,
1.94502e+06,
1.95598e+06,
1.96682e+06,
1.97786e+06,
1.98898e+06,
2e+06,
2.01108e+06,
2.02226e+06,
2.03355e+06,
2.04496e+06,
2.05639e+06,
2.06796e+06,
2.07968e+06,
2.09133e+06,
2.103e+06,
2.11493e+06,
2.12684e+06,
2.13889e+06,
2.15107e+06,
2.1635e+06,
2.17584e+06,
2.18815e+06,
2.20061e+06,
2.21333e+06,
2.22596e+06,
2.23888e+06,
2.25196e+06,
2.26489e+06,
2.27814e+06,
2.29121e+06,
2.30409e+06,
2.3173e+06,
2.3306e+06,
2.34365e+06,
2.35708e+06,
2.37037e+06,
2.38394e+06,
2.39748e+06,
2.41136e+06,
2.42537e+06,
2.43952e+06,
2.45341e+06,
2.46757e+06,
2.48154e+06,
2.49578e+06,
2.51035e+06,
2.52502e+06,
2.53954e+06,
2.55437e+06,
2.56933e+06,
2.58443e+06,
2.59969e+06,
2.61519e+06,
2.63075e+06,
2.64667e+06,
2.66245e+06,
2.6782e+06,
2.69418e+06,
2.71031e+06,
2.72636e+06,
2.74238e+06,
2.7586e+06,
2.77461e+06,
2.79123e+06,
2.80804e+06,
2.82516e+06,
2.84206e+06,
2.85935e+06,
2.87654e+06,
2.89369e+06,
2.91106e+06,
2.92843e+06,
2.94589e+06,
2.96342e+06,
2.98156e+06,
3.00008e+06,
3.01896e+06,
3.03792e+06,
3.05678e+06,
3.07564e+06,
3.09479e+06,
3.11399e+06,
3.13316e+06,
3.15265e+06,
3.17192e+06,
3.19165e+06,
3.21162e+06,
3.23209e+06,
3.25276e+06,
3.27303e+06,
3.29379e+06,
3.31468e+06,
3.33575e+06,
3.35706e+06,
3.37858e+06,
3.39971e+06,
3.42146e+06,
3.44334e+06,
3.4656e+06,
3.48838e+06,
3.51111e+06,
3.53387e+06,
3.55669e+06,
3.57985e+06,
3.60338e+06,
3.62715e+06,
3.6509e+06,
3.67489e+06,
3.69965e+06,
3.72482e+06,
3.74958e+06,
3.77488e+06,
3.79999e+06,
3.82552e+06,
3.85138e+06,
3.87749e+06,
3.9037e+06,
3.92999e+06,
3.95648e+06,
3.98469e+06,
4.01232e+06,
4.04016e+06,
4.06822e+06,
4.09637e+06,
4.12482e+06,
4.15409e+06,
4.18317e+06,
4.21274e+06,
4.24299e+06,
4.2738e+06,
4.3047e+06,
4.33599e+06,
4.36784e+06,
4.40132e+06,
4.43564e+06,
4.47016e+06,
4.50501e+06,
4.54016e+06,
4.57646e+06,
4.61346e+06,
4.65017e+06,
4.68693e+06,
4.72465e+06,
4.76363e+06,
4.80263e+06,
4.84232e+06,
4.88271e+06,
4.9236e+06,
4.96533e+06,
5.00702e+06,
5.04932e+06,
5.09235e+06,
5.13574e+06,
5.18021e+06,
5.22603e+06,
5.27312e+06,
5.31994e+06,
5.36804e+06,
5.41642e+06,
5.46578e+06,
5.51614e+06,
5.56743e+06,
5.62041e+06,
5.67445e+06,
5.72932e+06,
5.78577e+06,
5.84274e+06,
5.90175e+06,
5.96268e+06,
6.02403e+06,
6.08749e+06,
6.1505e+06,
6.21537e+06,
6.28216e+06,
6.35032e+06,
6.4204e+06,
6.49294e+06,
6.56842e+06,
6.64639e+06,
6.72777e+06,
6.81263e+06,
6.90304e+06,
7.0082e+06,
7.12671e+06,
7.23486e+06,
7.34029e+06,
7.44469e+06,
7.54785e+06,
7.65329e+06,
7.75813e+06,
7.86514e+06,
7.97332e+06,
8.08359e+06,
8.19807e+06,
8.31167e+06,
8.42656e+06,
8.54347e+06,
8.66213e+06,
8.78099e+06,
8.90246e+06,
9.02684e+06,
9.16354e+06,
9.30468e+06,
9.44965e+06,
9.59563e+06,
9.74345e+06,
9.897e+06,
1.00537e+07,
1.02146e+07,
1.03784e+07,
1.05464e+07,
1.07241e+07,
1.09109e+07,
1.1107e+07,
1.13077e+07,
1.15172e+07,
1.17525e+07,
1.20163e+07,
1.22534e+07,
1.24767e+07,
1.26938e+07,
1.29061e+07,
1.312e+07,
1.33379e+07,
1.35562e+07,
1.37713e+07,
1.3986e+07,
1.42038e+07,
1.44268e+07,
1.46481e+07,
1.48732e+07,
1.51091e+07,
1.53601e+07,
1.56039e+07,
1.58326e+07,
1.60546e+07,
1.62739e+07,
1.64796e+07,
1.66862e+07,
1.68889e+07,
1.70868e+07,
1.72844e+07,
1.74844e+07,
1.76896e+07,
1.78905e+07,
1.80907e+07,
1.82927e+07,
1.8491e+07,
1.86884e+07,
1.88875e+07,
1.90812e+07,
1.92762e+07,
1.94752e+07,
1.96823e+07,
1.98879e+07,
2.00869e+07,
2.0283e+07,
2.04774e+07,
2.06752e+07,
2.08742e+07,
2.10672e+07,
2.12567e+07,
2.14461e+07,
2.16337e+07,
2.18182e+07,
2.20055e+07,
2.21894e+07,
2.23735e+07,
2.25588e+07,
2.27509e+07,
2.29413e+07,
2.31279e+07,
2.3317e+07,
2.35078e+07,
2.3694e+07,
2.38811e+07,
2.40693e+07,
2.42581e+07,
2.44411e+07,
2.46153e+07,
2.47919e+07,
2.49684e+07,
2.51446e+07,
2.53241e+07,
2.55027e+07,
2.56848e+07,
2.58678e+07,
2.60474e+07,
2.62211e+07,
2.63917e+07,
2.65636e+07,
2.67388e+07,
2.69157e+07,
2.70962e+07,
2.72756e+07,
2.74506e+07,
2.76251e+07,
2.78016e+07,
2.79759e+07,
2.81486e+07,
2.83204e+07,
2.84904e+07,
2.86653e+07,
2.88372e+07,
2.90027e+07,
2.91675e+07,
2.93315e+07,
2.94962e+07,
2.96629e+07,
2.98298e+07,
2.99964e+07,
3.0166e+07,
3.03374e+07,
3.05093e+07,
3.06759e+07,
3.08378e+07,
3.09989e+07,
3.11586e+07,
3.13198e+07,
3.14868e+07,
3.16524e+07,
3.18132e+07,
3.19767e+07,
3.21441e+07,
3.23092e+07,
3.24709e+07,
3.26326e+07,
3.2794e+07,
3.29569e+07,
3.31178e+07,
3.3279e+07,
3.34391e+07,
3.3603e+07,
3.37748e+07,
3.39433e+07,
3.41102e+07,
3.4276e+07,
3.44471e+07,
3.46138e+07,
3.4777e+07,
3.49408e+07,
3.51064e+07,
3.5273e+07,
3.54408e+07,
3.56082e+07,
3.57761e+07,
3.59453e+07,
3.61116e+07,
3.62723e+07,
3.64317e+07,
3.65915e+07,
3.67524e+07,
3.69188e+07,
3.70892e+07,
3.72572e+07,
3.74269e+07,
3.7598e+07,
3.77589e+07,
3.79168e+07,
3.80738e+07,
3.82303e+07,
3.83906e+07,
3.85527e+07,
3.87187e+07,
3.88814e+07,
3.90465e+07,
3.92074e+07,
3.93656e+07,
3.95203e+07,
3.96734e+07,
3.98251e+07,
3.99778e+07,
4.01374e+07,
4.02995e+07,
4.04634e+07,
4.06238e+07,
4.07802e+07,
4.09345e+07,
4.10861e+07,
4.12364e+07,
4.13859e+07,
4.1537e+07,
